1.86068
2.98003
2.58286
2.17019
2.40412
2.54978
2.84213
2.94196
1.79814
2.97614
2.64249
3.22176
2.41869
2.69455
3.01991
2.98101
2.96552
3.28965
2.91845
2.79127
2.90783
2.87553
3.02187
2.62845
3.4947
3.64396
2.74945
3.03114
2.76812
2.75144
3.01093
3.87172
3.33842
3.60354
3.051
2.66466
2.85478
3.02271
2.55127
3.06461
3.38662
2.42597
3.68702
3.31707
2.89804
2.66037
2.57274
2.48049
2.49311
2.7796
2.49947
2.48907
2.06814
2.75572
3.10728
3.43111
3.48471
2.36503
3.41634
3.12873
3.28456
3.59693
3.98467
3.26208
3.01339
3.42295
3.15658
2.9799
3.57964
3.78898
3.46178
3.1958
3.24247
3.5358
3.19043
3.33061
3.4726
3.30681
3.19565
3.08121
2.96345
2.99558
2.94235
3.08952
3.04851
3.05385
3.22415
3.47817
2.96158
3.40624
3.66077
2.86627
3.09229
3.36661
2.98924
3.08961
3.31021
3.30702
3.12986
3.86409
3.48751
3.498
2.71162
2.64965
2.98328
4.22024
3.18277
3.49462
3.95746
2.60693
3.27175
4.2784
3.4634
3.1703
3.10298
2.92505
2.86929
2.88803
2.01563
2.98959
2.75382
3.51374
3.50046
2.95602
3.24523
3.13364
2.61254
3.12559
3.01722
3.52034
3.81155
3.61941
3.21828
3.46196
3.14313
3.29667
3.26373
3.03068
3.0481
3.11003
3.04859
2.98907
3.1389
2.95093
3.04287
3.13472
2.70258
3.13393
3.07207
3.03251
2.91619
2.72388
2.92107
2.71223
2.71349
2.64994
2.65731
2.89609
2.99808
3.05375
2.94403
2.79113
3.52602
3.50424
3.90105
3.27457
3.22719
3.32231
3.10548
2.92076
2.8178
3.42773
2.68573
2.71906
3.21198
3.21787
3.32804
2.59214
3.33897
3.40634
1.86018
2.84661
2.41118
2.06511
2.47337
2.56451
2.94003
2.99498
1.83283
3.00665
2.79815
3.10592
2.60608
2.57277
2.62001
2.66437
2.92937
3.2219
2.51697
3.12343
2.71155
2.97161
2.74041
2.92949
2.80614
3.63101
2.74519
3.2809
3.09188
3.0272
3.2917
3.34176
3.18432
3.73694
3.10283
2.37985
2.8186
2.99893
2.44393
3.10848
3.20957
2.69978
3.81131
2.91364
2.90424
2.86317
2.5901
2.81946
2.7216
2.75861
2.54241
2.41252
2.04636
3.21711
3.09178
3.76907
3.59167
2.20155
3.57316
2.90655
3.40085
3.73743
3.73384
3.33042
3.09539
3.43261
3.48627
3.04197
3.68802
3.71548
3.07669
3.29773
3.11007
3.06873
3.15949
3.32441
3.5593
3.31569
3.06492
3.28102
2.87001
2.89779
2.86464
3.18555
3.21395
3.15144
3.24642
3.72044
3.05772
3.51005
3.83846
3.28826
2.90221
3.29293
2.94893
3.15751
3.14788
3.3839
3.17261
3.38536
3.39803
3.41213
3.25885
2.45357
3.16648
3.82814
2.92883
3.4414
4.17058
3.74705
3.72354
4.20679
3.48962
3.10808
3.28265
2.93178
2.7877
2.46829
2.15086
2.73672
2.73985
3.32113
4.01943
2.92741
3.06013
2.73475
3.25232
3.19722
3.10992
3.11743
3.77576
3.66492
3.63923
3.51658
3.57787
3.15443
3.23685
2.80592
3.03143
3.34184
2.98029
2.90704
3.03637
2.86382
2.68463
2.76195
2.93722
3.02826
3.02578
3.07932
3.26937
2.71128
2.46974
2.74239
2.52133
2.85775
3.0983
2.71856
3.16428
3.10199
2.80536
3.40508
3.39646
3.36236
2.43727
3.11588
3.49146
3.78387
2.83014
3.18903
2.80516
3.93017
2.75108
2.5032
2.89621
3.37895
3.5553
2.94877
3.3916
3.52615
