2.05695
2.67547
2.50942
2.54573
2.65208
2.63416
2.99826
2.99407
1.75751
2.99776
3.01271
3.69453
2.25899
2.5139
3.08521
2.41205
2.51479
3.56728
2.64358
3.21027
2.90737
2.3664
2.77028
2.88939
3.32897
3.84784
3.34143
2.7993
2.78605
2.91298
3.26617
4.16631
3.64533
3.74676
3.27678
2.50158
2.80784
3.30216
2.56715
3.48123
3.45634
2.78264
3.83313
3.48129
2.96933
2.77527
2.77396
2.97053
3.02311
2.78271
2.57288
2.45508
2.24761
3.45665
2.97996
3.55468
3.35654
2.9321
3.61928
3.33354
3.02551
3.59714
3.71543
3.02109
2.93977
3.17361
3.17596
3.03916
3.86548
4.04378
3.22839
3.49123
3.14457
3.12061
3.15541
3.3381
3.3011
3.19366
2.95419
3.00437
3.03237
3.04566
3.13419
3.30293
2.99067
3.00174
3.32373
3.06164
3.34258
3.68238
3.15709
3.49337
2.99808
3.78885
3.43602
3.19797
3.41378
3.86537
3.1172
3.57245
3.63694
3.91722
2.831
2.82672
2.97848
4.12347
3.44035
3.48164
3.75901
3.37788
3.56785
4.13223
3.49349
3.28523
3.37911
3.25866
2.81016
2.43296
2.3545
3.12923
2.79486
3.93509
4.10519
3.07664
3.83471
3.31531
2.83726
3.5855
3.22937
2.87169
4.05732
3.87901
3.38746
3.25244
3.38715
3.08151
3.25065
3.05085
2.99807
3.10048
2.71374
2.88462
2.97477
2.81091
2.875
2.62497
3.28108
3.16574
3.24394
2.92876
3.1447
2.43007
2.33471
2.68823
2.67237
2.84667
3.02485
2.72206
2.95335
3.20482
2.69382
3.99745
3.18784
3.75175
3.30187
3.20068
3.5849
3.46656
3.0404
2.95521
3.02008
3.45488
3.02915
2.80456
3.41506
3.07122
3.8696
3.24971
3.33325
3.59895
1.88708
2.85534
2.7255
2.334
2.38868
2.38361
3.17131
3.08045
1.76063
2.97461
2.93267
3.30627
2.49784
2.28403
2.85421
2.46316
2.69522
3.51724
2.8046
2.56212
3.07263
2.98316
2.74363
2.83441
2.67262
4.1116
3.41602
3.25845
3.20489
3.22219
3.36684
3.54368
3.51612
4.16922
3.15507
2.52452
2.49923
3.04058
2.55035
3.30025
3.06473
2.71339
3.62627
3.56917
2.83122
2.69855
2.80898
2.81584
2.9721
2.57539
2.64361
2.63059
2.16849
3.42199
3.33012
3.72105
3.40314
3.03791
3.45744
3.56483
3.66687
3.28703
4.08428
3.25668
3.46469
2.88656
3.10052
3.12949
3.68711
3.90678
3.13202
3.35172
3.25149
2.99832
3.03907
3.56354
3.41406
3.20271
2.86209
3.12407
3.07743
3.15853
3.39872
3.1257
2.96068
2.90394
3.2163
3.25487
3.25578
3.5704
3.63756
3.49575
2.83357
3.72999
2.49441
3.14285
3.51273
3.31077
3.0765
3.12164
3.28052
3.14566
2.45137
2.78275
2.75993
4.19209
3.36256
3.5706
4.02398
3.6203
3.63641
4.42931
3.35502
3.05773
3.40878
2.95073
2.75687
3.15153
2.02705
3.2411
2.90912
3.92531
3.99248
2.637
3.23234
3.32704
3.20182
3.56071
2.9638
3.20204
4.01832
3.57798
3.28917
3.32033
3.1939
3.17001
3.0054
2.92189
3.29363
3.35575
2.83266
2.71703
3.19189
2.90813
2.67789
2.62084
3.20508
3.24005
3.19086
3.15424
3.13482
2.66089
2.59521
2.51633
2.87755
2.73902
2.76037
2.87544
2.93685
2.85013
2.62239
3.52298
3.48103
3.88724
2.77216
2.91166
3.62083
3.40459
3.33053
2.94648
3.14308
3.38771
2.89042
2.57656
3.36042
3.03725
3.33638
3.12685
3.65294
3.93847
