1.64611
2.51445
2.57385
2.05678
2.37021
2.58906
2.96766
2.63994
1.67123
2.98259
3.07075
3.31664
2.34383
2.27546
2.68091
2.56537
2.32241
3.25349
2.50874
2.49669
3.08055
2.95921
2.76886
2.82799
3.39806
3.27462
2.77223
2.88537
2.70712
3.19041
3.50745
3.87591
3.46508
3.19678
3.07997
2.03907
2.53843
3.24423
2.48228
2.91317
2.97553
2.38371
3.3028
3.38021
2.38403
2.25964
2.44578
2.41018
2.25553
2.30885
2.42615
2.50346
2.1029
3.09499
2.83857
3.37839
3.32752
2.4442
3.22382
2.96421
3.10323
3.27653
3.4548
3.1106
3.27153
3.3938
3.09531
3.11926
3.35083
3.65226
3.30708
3.18193
2.92921
3.02294
3.24015
3.31937
3.24886
3.06034
3.19942
2.93356
3.28765
3.13385
2.71448
3.02692
3.01783
2.89736
3.18551
3.31904
3.07672
3.44124
3.44224
2.90815
2.65118
3.68865
2.40759
3.0296
2.88301
3.17474
3.55046
3.47352
3.2725
3.42731
2.74378
2.93148
3.25645
4.14907
3.7222
3.09498
3.99262
2.37086
3.68195
4.21816
3.49415
2.9549
3.0247
2.90732
2.61292
3.42794
2.42982
3.54017
2.58486
3.56726
4.1904
2.92784
3.32272
4.0252
3.23363
3.15646
3.16407
3.23158
3.61313
3.75195
3.57324
3.53772
3.25959
3.21976
3.51162
3.04227
2.91863
2.85826
3.02854
2.62624
3.05506
2.6691
2.78087
2.79393
3.16928
3.42917
2.95268
3.14322
2.98056
2.2429
3.40205
2.92285
3.33946
2.88268
2.31178
2.75549
2.84522
2.84876
2.65389
3.02774
3.44363
3.10355
3.32294
2.77284
3.63491
3.60306
3.10377
3.0237
2.96415
3.90577
2.81544
2.75283
3.2905
2.98303
3.3024
3.18946
3.00419
3.29524
1.69505
2.45583
2.35826
2.21066
2.46549
2.63735
2.94189
2.80779
1.74842
2.97248
2.55832
3.25316
2.2834
2.41931
2.87184
2.49249
2.27837
3.34764
2.32453
2.72358
2.47098
3.23507
2.52578
2.79359
3.1131
3.4446
2.84445
3.05419
2.45287
2.60729
3.68206
3.37489
3.63583
4.02679
2.91988
2.3825
2.78278
3.06728
2.36915
3.29073
3.39012
2.25145
3.10414
2.77435
2.45561
2.43214
2.35402
2.58741
2.233
2.46226
2.44823
2.43555
2.2324
2.80741
2.93651
3.40724
3.34082
2.67452
2.75722
3.2692
3.3495
3.67924
3.46866
2.87525
3.36648
3.28315
3.09737
3.08011
3.49484
3.17255
3.42531
3.40594
3.00698
3.23486
3.21441
3.77992
3.45109
3.03171
2.98563
3.103
2.98837
2.70336
2.79287
2.97943
3.03469
3.06028
3.00047
3.40821
3.31287
3.58556
3.65115
2.98829
2.45366
3.24361
3.01134
3.08436
2.85888
3.4753
3.30801
3.62337
3.05138
2.98596
2.82025
2.88763
2.96183
3.76837
3.57543
3.46275
3.76636
3.06697
3.57324
3.75072
3.32702
3.13214
3.25618
2.79212
2.48664
3.60817
2.57947
3.1204
2.99225
3.43612
3.98971
2.6055
3.63143
3.45693
2.9692
3.26216
3.08066
3.18407
3.78601
3.47279
3.52957
3.30084
3.71611
2.94426
3.06355
2.92837
2.88312
2.87384
3.02695
2.58842
3.10283
2.7892
3.12474
2.64191
3.249
2.97739
3.05284
3.03882
3.09186
2.49352
3.37261
2.78533
2.87729
2.71847
2.94214
2.79614
3.08416
2.87357
2.71375
2.9885
3.41213
2.8997
2.69558
3.17816
3.1795
3.17463
3.10695
3.00669
3.15087
3.43498
2.65957
2.61769
3.2721
3.09914
3.67221
3.30356
3.64667
3.7864
