2.05396
3.01553
2.49525
2.32371
2.27467
2.41725
2.50699
2.81371
1.71072
2.81981
3.03426
3.20617
2.52199
2.98302
2.75413
2.76085
2.74532
2.56209
3.05331
3.11354
2.80428
2.49489
3.03929
2.58439
3.10378
3.54447
2.96348
3.26464
2.79476
3.49306
3.12316
3.97928
3.55101
3.28704
3.12373
2.37989
2.77893
3.2188
2.29628
3.41395
3.1669
2.45409
3.39005
3.44296
2.7297
2.7078
2.45225
2.50252
2.51258
2.62476
2.35286
2.38584
2.12965
2.9284
3.01436
3.03837
3.44694
2.124
3.12969
3.40013
2.83297
3.3742
3.89742
3.23775
2.5926
3.09893
2.95238
3.02901
3.40404
3.38504
3.19931
3.19672
3.00543
2.98757
3.04465
3.12609
2.99028
3.02586
2.96466
3.197
2.94683
2.68461
2.848
3.02264
2.63173
3.03356
2.82537
3.38132
3.00884
2.92974
3.25671
3.00036
2.67996
3.74871
2.52908
2.83238
3.31697
3.29301
3.11302
3.15127
3.20633
2.75864
3.34809
3.00439
3.27539
4.16612
3.35402
3.05674
3.445
2.49722
3.55469
4.37649
3.40302
3.03567
2.97763
2.95517
2.53664
3.40675
2.57565
3.13411
2.79892
3.58012
3.69027
2.94951
3.52787
3.23563
3.13788
3.14092
3.2642
3.60288
3.45584
3.17184
3.31705
2.95628
3.09626
3.16127
2.92763
2.89113
3.00655
3.23897
2.70149
2.7257
3.11561
2.79057
2.62328
3.02516
3.07228
3.26805
2.91553
3.02019
2.96776
2.46016
2.87308
2.92154
2.3284
3.17993
2.85798
2.81269
2.8767
2.69466
2.83762
2.9928
2.81866
3.50083
3.58631
3.06749
3.79973
3.13029
2.98254
2.80667
2.97413
3.63183
2.99457
3.1857
3.23211
3.44565
3.29743
2.9628
3.38155
3.41336
1.83652
2.7553
2.4894
2.25752
2.45223
2.51542
3.21379
2.83523
1.79568
3.02119
2.66088
2.92118
2.19615
2.62508
2.84371
2.5763
2.72756
2.9979
2.58914
2.93399
3.28655
2.40964
2.77631
2.37222
2.86227
3.3156
2.84402
3.27122
2.70661
3.12787
3.1113
3.2434
3.74192
3.81592
3.0144
2.32643
2.75889
3.0191
2.35098
3.14403
3.49309
2.35036
3.10511
3.30254
2.77683
2.79402
2.60067
3.00253
2.62058
2.61619
2.54929
2.49578
2.16856
2.99446
3.01102
3.1818
3.40156
2.18981
3.51611
3.17666
3.10564
3.65363
3.74574
3.14542
2.98528
2.91573
3.1638
2.99529
3.47941
3.64567
3.19953
3.19691
3.20773
2.86862
3.10584
3.15471
3.26221
2.93819
2.99307
3.40057
3.00329
2.90994
2.9775
3.06514
3.18115
3.03389
2.91404
3.43945
3.00271
2.78906
3.21066
3.11475
2.68749
3.32007
2.76486
3.15889
3.23325
3.53752
3.0601
3.05225
2.97909
3.00278
2.70196
2.66634
2.84054
3.23361
3.24915
3.33367
3.96898
3.23571
3.20712
3.83499
3.2481
3.1306
3.04424
2.87322
2.62916
3.6956
2.72053
3.16202
2.62182
3.70295
3.90299
2.56175
3.45438
3.44058
2.78612
2.93556
2.91579
3.05577
3.44967
3.60643
3.23962
3.15904
2.88535
3.02571
3.02944
2.88132
2.9539
3.00279
2.83332
2.6003
2.88278
2.8643
3.02052
2.97343
3.14743
3.3324
3.16453
3.18579
3.04146
2.62117
3.35172
2.77931
2.53848
3.35839
2.99993
2.7939
2.74422
2.51625
2.8098
3.12723
3.01913
3.21469
2.61347
3.3256
3.48951
3.23939
2.9114
2.89389
3.17458
3.40835
2.55765
2.30021
2.97149
2.74593
3.23147
3.11625
3.38833
3.47679
