2.14341
2.55419
2.42817
2.23663
2.33533
2.82782
3.10609
3.19272
1.91651
3.26565
3.05881
3.39691
2.71227
3.1413
3.12486
2.47355
2.74944
3.5485
2.50183
3.36918
3.22791
2.6154
2.66797
3.07203
3.16246
3.66532
3.3008
3.00105
3.48525
3.28289
3.69794
3.59422
3.50907
4.11591
3.32166
2.80256
2.8977
3.33606
2.74236
3.5497
3.1631
2.95217
3.62668
3.48924
3.07958
2.95862
3.10038
2.76032
2.8628
2.71195
2.89586
2.63721
2.15115
3.41275
3.25293
3.66115
3.42809
2.8194
3.17567
3.13543
4.06145
3.69088
3.99719
2.78159
2.75575
3.14752
3.51941
3.13835
3.73106
3.81227
3.21895
3.64434
3.49819
3.12298
3.06471
3.11876
3.00274
3.32408
3.19656
3.08941
2.92393
2.93843
3.6096
3.09208
2.81252
3.14974
3.36887
3.37423
2.85949
3.89816
3.61168
3.85783
2.68907
3.22818
2.80721
3.07679
3.23399
3.77586
3.76065
3.65537
3.68318
3.11251
3.13068
2.68634
3.11804
4.58642
3.13365
3.50595
4.00701
3.31887
3.62962
4.37436
3.59915
2.95803
3.42042
2.82821
2.74833
3.64673
2.12107
3.11204
2.98717
3.82432
4.36038
2.72934
3.34249
3.06255
2.61694
3.50212
3.16514
3.46604
3.96899
4.15035
3.49634
3.20247
3.32349
3.05113
3.27699
3.11327
3.13063
3.34169
2.92839
3.01437
3.55833
2.79935
2.86551
3.05272
2.94197
3.11807
3.2345
3.0586
3.28325
2.76324
3.01353
3.05591
2.35043
2.67587
2.53877
2.72883
3.27842
2.71919
3.08683
3.58035
3.49028
3.33463
3.35985
3.43128
4.20323
3.40734
3.1465
2.79941
3.19662
3.84076
3.07309
2.6716
3.70771
3.55652
3.54255
2.88463
3.56481
4.15487
1.9597
2.70011
2.24442
2.08339
2.30696
2.61254
2.88798
3.1126
1.9502
3.23223
2.90032
3.07103
2.48795
2.71964
3.0411
2.53235
2.57367
3.06409
2.52448
2.65988
2.86905
2.95603
3.00945
3.0304
3.2201
3.97854
3.13918
3.29062
2.85743
3.29583
3.20066
3.64874
3.46419
4.14027
2.95512
3.09893
3.00627
3.19545
2.85689
3.38129
3.33323
2.75612
3.79885
3.38225
3.52751
3.26382
2.86471
2.58012
3.16593
2.52868
2.98024
2.72386
2.25296
3.52113
3.1246
3.50361
3.74951
2.67493
3.21707
3.3171
3.4218
3.69164
4.2148
3.2366
3.35357
3.17496
3.25712
3.13384
3.93046
4.32847
3.46132
3.80347
3.2031
3.05061
3.07434
2.92223
3.41786
3.05453
3.06582
3.18904
3.04242
3.14436
2.94112
3.36716
3.03331
2.97396
3.36259
3.14619
3.06214
3.15554
3.48519
3.94742
2.74294
3.28259
2.93103
3.20237
3.73529
3.394
4.02522
3.63034
3.3495
3.78008
2.91951
2.89046
2.8204
4.03196
3.75666
3.408
3.83096
3.54167
3.36021
4.27524
3.53659
2.89049
3.2416
2.96469
2.86051
3.50528
2.40473
2.94131
3.13145
3.30502
4.34606
2.84529
3.75856
3.46113
3.05749
3.50082
3.16804
3.37958
3.8747
3.77101
3.69165
3.54118
3.66109
3.12538
2.85275
3.04544
3.22727
2.95
3.01486
2.72011
3.41144
2.96744
2.72561
2.71445
3.06908
3.17724
3.06754
2.98946
2.93295
2.75206
2.70479
2.52729
2.78153
2.87829
2.79075
2.6406
3.06294
2.97853
3.08338
3.41024
3.53749
3.53246
2.85028
2.91709
3.84508
3.60119
3.0795
2.83574
2.99793
3.88428
3.30528
2.89361
3.5582
3.42366
3.52071
3.19869
3.20301
4.0915
