1.86691
2.63436
2.34837
2.09437
2.40701
2.50156
3.24655
3.08824
1.6612
3.17058
2.77638
3.40662
2.19244
2.84107
2.73519
2.67452
2.23937
3.42915
2.79136
2.88659
2.70248
3.48952
2.45426
2.88342
3.02472
3.82842
3.1039
3.22365
3.03601
3.34175
3.38541
3.98471
3.43826
3.83212
2.9531
2.4101
2.72696
3.08041
2.31111
3.30157
3.04605
2.72229
3.61236
3.47535
2.71086
2.91619
2.57714
2.8879
2.81908
2.43957
2.71423
2.52497
2.06111
3.3943
3.30438
3.31426
3.49301
2.34267
3.576
3.31859
3.42692
3.47747
3.41796
3.15229
2.82443
2.9809
3.1893
3.17564
3.15677
3.16117
2.92117
2.96841
2.79238
3.13372
3.13677
2.96861
3.15976
3.33735
2.97325
3.38303
2.85578
2.78302
2.92688
2.84134
2.72859
2.75014
2.97512
3.37592
2.78818
3.0298
3.15504
3.72585
2.46498
2.83226
2.85926
3.14228
3.21691
3.62571
3.03992
3.39724
3.65203
3.32041
2.49768
3.03794
3.12922
4.02752
3.10215
3.31233
3.70451
2.63795
3.66475
4.22952
3.27515
3.02997
2.9317
2.93039
3.04723
3.58484
2.66179
3.32805
2.35715
3.25789
3.32638
2.76864
3.59642
2.9823
2.7835
2.95478
3.44577
3.17631
3.47499
3.48094
3.51506
3.18866
3.11628
3.09781
3.2956
2.7916
3.02354
2.8001
2.79059
2.62482
2.88397
2.92648
2.86699
2.94659
3.246
3.12404
2.98826
2.86839
3.07537
2.13285
3.02772
2.88249
2.28431
3.26877
3.05415
2.70848
2.6022
3.02854
2.88955
2.98467
3.21174
3.40673
2.94657
3.25088
3.41372
3.51935
2.89921
2.79955
3.15677
3.73561
3.07166
3.14927
3.30009
2.91077
3.34845
2.83422
3.36172
3.65962
1.79804
2.95836
2.27555
2.13842
2.50839
2.50355
3.11292
3.10319
1.70043
3.12768
2.92333
3.37967
2.06973
2.5451
2.99506
2.6343
2.68019
3.29602
2.97113
3.25703
2.96104
3.54394
2.51657
3.13105
3.29391
3.78033
2.85221
3.292
3.07024
3.23719
3.46901
3.4615
3.91361
3.67232
3.01884
2.37229
2.70742
2.95142
2.28077
3.26901
3.25962
2.55558
3.32085
3.23681
2.66131
2.98936
2.78451
2.33529
2.80149
2.97832
2.48506
2.44373
2.08432
3.08432
3.17429
3.58213
3.93114
3.17199
3.51083
3.05832
3.17673
3.50914
3.80353
3.27998
2.94548
2.95439
3.39225
3.15486
3.43916
3.67162
3.11891
3.27016
2.91426
3.28759
3.02869
2.97689
3.08381
2.99977
3.01891
2.97501
2.96808
2.97837
2.92785
3.13368
2.96532
2.85197
3.00098
2.84517
2.82317
3.2739
3.57344
2.99475
2.4192
3.25261
2.90593
3.11974
3.55271
3.01294
3.9636
3.1427
3.80703
3.40078
2.4962
3.17301
3.3522
3.97985
3.30243
3.39124
3.58514
3.54122
3.7781
4.23121
3.80563
2.873
3.26344
2.8031
2.71643
2.72885
2.42658
3.1175
2.69126
3.23444
3.87427
2.95102
3.18219
3.03169
3.0501
3.67056
3.20531
3.40111
3.17924
3.19966
3.40401
3.12709
3.14572
3.51596
3.34606
3.02559
2.81757
2.62701
2.37257
2.71844
2.89476
2.84965
2.7291
2.62587
3.16065
3.11429
2.84299
2.97485
3.41681
2.66001
2.34288
2.77998
2.51246
2.84831
3.24271
2.93575
2.937
2.85181
2.94972
2.93642
3.17611
3.40528
3.2441
3.43672
3.45003
3.60011
3.06306
3.06603
2.74748
3.38617
2.90839
2.75476
3.35825
3.37079
3.39711
2.78628
3.08563
3.66917
