1.85152
3.0006
2.51872
2.16722
2.32644
2.54398
2.87302
2.85152
1.72707
3.00453
3.08697
3.3495
2.41983
2.59888
2.56942
2.29906
2.53223
3.50619
2.2508
2.55527
2.72125
3.02381
2.77297
3.45207
3.03535
3.89361
3.36659
3.2924
3.13052
3.02712
3.23485
3.35987
3.14472
3.66491
2.88205
2.7407
2.6989
3.08531
2.56935
2.90962
2.95249
2.63014
3.14051
3.18506
2.61003
2.73895
2.83628
2.22013
2.83006
2.41247
2.74034
2.45088
2.05165
3.05828
3.11971
3.21616
3.23404
2.53336
3.19653
3.01638
3.25121
3.45125
3.63542
3.26191
2.69234
3.23491
3.27545
2.94279
3.52044
3.8048
3.35612
3.32426
3.08439
2.74288
2.92384
3.29031
2.89462
3.13478
2.64597
3.0443
2.92018
2.81283
3.2003
2.90772
2.82205
2.70882
3.01694
3.10543
2.82662
3.37282
3.81405
3.39155
2.63263
3.11243
2.57384
3.02184
2.98791
3.47079
2.89742
3.27394
3.63123
2.97437
2.89414
2.97079
2.88268
3.92168
2.92647
3.12558
4.2346
2.24824
3.17648
3.84838
3.26922
2.91024
3.11877
2.68547
2.75764
2.99561
2.42354
2.94616
3.26335
3.1244
2.76988
3.12154
3.29988
3.10623
2.83075
2.86254
3.1122
3.5073
3.36205
3.59576
3.47176
2.94582
3.22844
2.81328
3.22696
2.87967
3.25682
2.82549
2.68744
2.67555
3.11555
2.87079
2.81556
2.74991
3.19591
2.85653
3.00966
3.24027
3.41074
2.04192
2.74916
3.01906
2.80029
2.74999
3.04696
2.44595
3.04217
2.82374
2.71744
3.6585
3.25911
2.88776
3.03606
2.70077
3.73387
3.16313
2.89751
2.90371
3.00861
3.46633
2.77901
3.55219
3.30275
3.01492
3.79453
2.48505
3.20925
3.08595
1.77045
2.58548
2.34364
2.17025
2.2762
2.52881
3.01616
2.87625
1.92381
3.15654
3.00176
3.04144
2.47442
2.66464
2.48532
2.74028
2.38433
3.1811
2.3249
2.55956
2.52683
2.80685
2.60544
3.10363
2.98516
3.57042
2.68626
3.46164
2.87003
3.05497
3.12711
3.4451
3.51023
3.65287
3.07086
2.42869
2.71021
2.91067
2.28682
3.0459
3.2452
2.50857
3.20853
3.23713
2.82627
2.58381
2.57069
2.55379
2.40732
2.60237
2.93496
2.44348
2.04263
2.89499
3.31626
3.31185
3.50421
2.57993
3.18628
2.99444
3.33327
3.42867
3.56493
3.42819
2.87904
3.15411
3.0979
3.03625
3.55082
3.45822
3.26622
3.3287
2.92465
2.92036
2.95748
3.39259
3.22797
2.86743
3.14799
3.29823
2.8717
2.85059
3.16436
2.74157
2.89685
2.84227
3.11025
3.22009
2.66583
3.42749
3.1594
3.0063
2.5908
2.80592
2.77291
2.9398
3.23795
3.2871
2.81175
3.11009
2.90982
2.799
2.72481
2.80526
2.77619
3.71794
2.83248
3.24397
3.97527
3.21069
3.5633
3.53736
3.04059
2.85178
3.0719
3.16633
2.71018
3.02391
2.25405
3.32892
2.89361
3.32912
3.44391
2.98282
3.34553
2.88357
2.91086
3.08799
3.06507
3.16907
3.20065
3.28753
3.26664
2.98029
3.56874
3.4807
3.49847
2.79059
3.00087
2.95637
2.67045
2.62766
2.91087
2.7035
2.96996
2.61489
3.1964
3.28423
3.24883
2.97025
2.99436
2.21652
2.38149
2.88485
2.80971
2.8662
2.82684
2.37967
2.5453
2.96687
2.96443
3.5124
3.17181
2.39758
2.8357
2.83474
3.068
2.91584
2.88381
2.96026
2.97713
3.3126
2.8774
2.43524
3.37787
2.80758
3.46081
2.33107
3.13633
3.40339
