1.91206
3.0281
2.27675
2.22998
2.44731
2.61191
2.93895
2.92329
1.85693
2.85637
2.90649
2.98506
2.50948
2.19853
2.80621
2.51497
2.58691
3.10348
2.59221
2.90099
3.29694
2.75586
2.69806
2.94411
2.86554
3.61263
3.02876
3.005
3.01386
3.05119
3.48502
3.35052
3.31407
3.82287
3.17119
2.6613
2.83219
2.97988
2.48018
3.0488
3.10249
2.36448
3.35421
3.26146
2.69071
2.47397
2.41171
2.32987
2.90634
2.61527
2.47736
2.6922
2.17194
2.59356
3.03461
2.92389
3.64258
1.81376
3.67252
3.02064
3.32455
3.45505
3.78352
2.95703
3.30194
3.13009
3.24239
3.20964
3.26569
3.23066
2.79527
3.31213
3.10847
3.34582
3.20333
3.33496
3.06566
2.87207
2.7843
2.98474
2.74515
2.73618
3.00146
2.94231
3.19826
3.02504
2.93351
3.13516
2.82919
3.21392
3.42126
3.13517
2.93759
3.5464
2.94949
2.96865
3.33029
3.24154
3.06463
3.14662
3.68393
3.56433
2.73001
2.58186
2.90962
4.28436
3.20635
3.31201
3.96119
2.70639
3.29639
4.17835
3.60287
3.3526
3.33911
2.77518
2.87381
3.44914
1.97328
3.07935
2.22336
3.66567
3.65041
3.35724
3.34274
2.86425
2.69494
3.15115
3.23607
3.50229
3.42487
3.5205
3.28291
3.38185
3.00082
3.2468
3.19149
2.69703
3.05241
2.91536
2.77429
2.48
3.08626
2.89976
2.8399
2.68079
2.93551
3.01395
2.86699
3.00968
2.79908
2.32698
3.03996
3.06756
2.3968
3.35036
3.30153
2.83686
2.73429
2.58106
2.71599
3.02513
3.57457
3.54517
3.4568
2.94228
3.46206
3.58575
2.96594
2.8946
2.93466
3.26024
2.97574
2.97616
3.37393
3.3307
3.38168
2.795
3.29904
3.33885
1.95319
2.61569
2.53322
2.18919
2.44736
2.7079
3.48869
2.84852
1.70972
2.95421
2.8558
2.82318
2.40754
2.85225
2.89171
2.65941
2.69201
3.05625
2.83636
2.64942
3.11385
3.22268
3.09369
3.01802
2.89403
3.57438
2.7815
3.59575
2.92149
2.99718
3.30815
3.62319
3.44576
3.61617
2.78342
2.23209
2.63375
2.68418
2.78009
2.99385
2.91644
2.59321
3.6213
3.0209
2.87247
2.85964
2.1914
2.13642
2.77404
2.68522
2.37118
2.55803
2.35677
2.92088
3.0779
3.3099
3.71526
2.13087
3.37768
3.10164
3.35178
3.52071
3.5981
3.05699
2.60936
3.01805
3.14038
3.08562
3.37234
3.5519
3.04277
2.79295
2.91859
2.88808
3.06176
3.62436
3.2064
3.23322
2.90353
3.02951
2.82011
2.82562
2.88405
2.89054
2.81463
2.91071
3.05021
3.11397
2.91406
3.17457
3.34136
2.90534
2.47859
3.15727
2.33898
3.0517
3.0715
3.2874
3.17081
3.44307
3.59334
3.64362
2.61315
2.77466
2.82854
3.92312
3.28692
3.20764
3.365
3.19569
3.63037
4.13072
3.47201
2.97738
3.34436
2.77882
2.84284
3.14966
2.73299
3.10867
3.18942
3.63149
3.3958
2.77885
3.58974
3.50143
3.43226
3.54555
3.10038
3.20454
3.59502
3.87506
3.46036
3.20209
3.03496
3.37252
3.25498
3.0016
3.04607
2.93015
3.04487
2.5874
3.11792
2.81057
2.9796
2.83005
3.02965
2.79593
2.91587
3.14065
2.93995
2.54656
2.42415
3.0584
3.26062
2.78681
2.97329
3.15761
3.0459
2.88868
3.00408
3.20858
3.31707
3.28197
2.38355
2.9407
3.24224
3.42893
3.08849
2.81218
2.87137
3.29891
2.60687
2.70598
3.47939
3.28523
3.80139
3.13438
3.12027
3.40231
