1.92042
2.91809
2.42558
2.10596
2.38359
2.62359
3.32749
2.96785
1.61721
3.30341
2.87533
3.47707
2.51549
2.49307
2.90757
2.72985
2.74638
3.21608
2.7232
3.14364
3.05452
2.94792
3.00708
3.14452
2.94739
3.93139
2.42372
2.9079
3.13795
3.33602
3.57659
3.7733
3.80782
3.91969
3.24717
2.49467
2.85838
2.95476
2.91236
2.92075
3.15805
2.78321
3.16187
3.55779
2.59082
2.67587
2.73536
2.61705
2.62438
2.78427
2.30873
2.46174
1.93356
3.03907
3.13372
2.75729
3.42027
2.56008
3.12898
3.07651
3.34463
3.61063
3.44561
3.14417
2.70954
2.81473
2.96692
3.11178
3.10378
3.35406
3.00438
2.81638
2.89553
3.30475
3.25921
3.12896
3.07985
2.94071
2.8825
2.85772
2.91088
3.03103
2.92223
3.13334
2.99781
2.78411
3.00738
3.76608
3.06904
3.23504
3.44097
3.04361
2.68559
3.52599
2.34198
3.05621
3.28029
3.63606
2.79618
3.37993
3.51927
3.29799
2.56136
2.75539
2.97916
3.87129
3.42073
3.08958
3.70596
3.06876
3.70719
4.00606
3.51052
2.94907
3.52563
2.92701
2.54832
3.88657
2.36415
3.02024
2.67954
4.07461
4.00899
3.33323
3.38116
3.29688
2.88625
2.95293
3.05685
3.32395
3.69763
3.9315
3.37766
3.59054
3.25007
2.62825
3.3206
2.88042
3.18708
3.05671
3.19094
2.71892
3.43953
2.88763
2.75338
2.82393
3.2019
3.10572
3.02541
3.04864
2.9337
2.61307
3.18024
3.13139
2.64032
2.91157
2.88107
2.82572
3.16634
2.50148
2.90403
2.58027
3.3344
2.90677
2.37507
2.97736
3.64112
3.30689
3.30472
2.68942
3.28784
3.85001
3.14378
2.93273
3.59704
3.01071
3.85569
2.68564
3.33151
3.49184
1.82849
2.83174
2.45059
2.17341
2.5177
2.79803
3.17382
2.85863
1.73263
2.7559
2.76174
2.95699
2.62925
2.75982
3.0584
2.51456
2.53776
3.45061
2.70291
2.48994
2.8003
3.15944
3.13774
2.93764
2.85508
3.5566
2.86163
3.65032
2.5961
3.22763
3.08743
3.94255
3.44642
3.83553
2.82585
2.08838
2.63055
3.03255
2.7406
3.17417
3.11601
2.63594
3.46927
3.22156
2.5546
2.87334
2.70453
2.47811
2.94145
2.53781
2.57258
2.48151
2.03114
3.23653
3.17136
3.41521
3.3551
2.65637
3.49825
3.15033
3.22278
3.44628
3.87336
3.04141
2.85527
3.05532
2.952
3.41184
3.45707
3.29494
3.09867
2.74717
3.0593
3.05594
3.12751
3.21731
2.95906
2.97973
3.15978
3.09634
2.97922
2.89312
2.89655
3.02182
2.60054
3.22049
2.81187
2.99567
2.54042
3.20706
3.34877
3.14315
2.94126
3.34427
2.5613
3.00502
2.94903
3.69474
2.91509
3.40493
3.25988
3.01365
2.59125
3.07565
2.98022
4.24027
2.94095
3.24642
3.74865
3.25755
3.71708
4.24759
3.22755
3.2479
3.12405
2.84112
2.60659
3.81503
2.45404
3.06921
2.61602
3.80415
3.81678
2.78575
3.13781
3.35816
2.93228
2.96173
3.15643
3.30517
3.46409
3.5175
3.66023
3.5981
2.89196
2.997
3.43007
2.76103
3.33083
3.38122
2.93266
2.89823
3.55066
2.72222
2.64989
2.92003
2.88342
2.95816
3.04459
2.93536
3.1632
2.5784
2.61497
2.82986
2.95278
3.19586
2.84893
3.01152
2.59583
2.48129
2.76143
2.97438
3.5587
3.66261
3.03599
2.90685
3.79163
3.29486
3.20984
2.6375
3.09894
3.92923
2.97279
2.77376
3.30813
3.1056
3.14831
3.01229
3.2876
3.67588
