1.85926
3.13582
2.35634
1.98135
2.15141
2.67057
2.99615
2.86627
1.69034
3.1416
2.96562
2.99541
2.34649
3.04871
2.88097
2.41632
2.66785
3.50881
2.78453
2.52058
2.94418
3.24196
3.36113
3.00947
3.91641
3.77283
3.09556
3.06771
2.82327
3.13853
3.46431
3.89764
3.62149
4.18554
3.01078
2.70716
2.8888
3.24682
2.6914
3.36757
3.2364
2.83666
3.81042
3.49251
3.37312
3.48765
2.70481
2.68435
2.96854
2.52437
2.37729
2.50423
2.18664
2.99923
3.35619
3.62838
3.86118
2.15549
3.46767
3.31249
3.13049
3.82111
4.0403
3.18926
3.19702
3.02849
3.51971
3.11631
3.52602
3.67637
3.07839
3.3199
3.21483
3.18763
3.49524
3.34781
3.11444
3.28374
3.02944
3.35211
3.13167
2.96006
3.30091
3.17241
3.02464
2.86034
3.34441
3.17834
3.00181
3.48989
3.83393
3.13718
2.42284
3.14771
2.95705
3.20521
3.11554
3.67833
3.20472
3.30339
3.27862
3.45639
2.53416
3.22456
3.31468
3.59065
2.92955
3.35722
3.97222
2.87254
3.48632
3.12773
2.77038
2.94419
3.11016
2.56286
2.86785
3.01136
2.59689
2.89009
2.48707
3.14716
3.17845
2.73545
3.45885
3.14077
2.92294
3.22192
3.23448
3.48575
3.51515
3.90617
3.40443
3.37858
3.26008
2.96957
3.34757
2.99538
3.17715
3.04548
3.00673
2.82672
3.2732
3.06746
3.02109
2.73293
3.00772
3.36216
2.99517
3.42508
3.38508
2.37246
3.11084
3.17536
2.52963
3.24258
2.78912
2.8402
2.86533
2.54065
2.80705
3.14783
3.85707
2.64102
2.57577
3.12419
3.25645
2.93969
3.35589
2.84392
3.01064
3.78762
2.97976
2.7409
3.3417
3.41815
3.39958
2.42481
3.30204
3.43418
1.85565
2.58254
2.50916
2.04316
2.4748
2.72869
3.23294
3.00469
1.701
2.81321
2.90614
3.29189
2.33075
3.09351
2.60182
2.88708
2.51813
3.49706
2.99344
2.71457
2.85731
2.78754
3.04157
3.2796
3.1815
3.51185
2.99545
3.24855
2.69098
2.72101
3.41277
3.60481
3.35002
3.73203
2.97539
2.47186
3.01621
3.0776
2.42715
2.98755
3.26427
2.87377
3.42715
3.28765
2.88089
2.87138
2.83065
2.72712
3.10149
2.52922
2.4451
2.44341
2.18247
3.07006
3.19352
3.36149
3.46533
2.21251
3.28571
3.42079
3.36561
4.19983
4.06533
3.03529
2.89009
3.05669
3.55267
3.10199
3.6427
3.66602
3.59617
3.2275
3.07177
3.46707
3.39911
3.49858
3.19463
3.1616
3.26922
2.99927
3.15906
2.9212
3.06621
3.05205
3.00797
2.92763
3.11933
3.31169
2.88912
3.23239
3.14765
3.2071
2.79248
3.42474
2.92398
3.02955
3.14304
3.66216
3.11762
3.14334
3.38935
3.25927
2.44877
3.38672
3.08174
3.13585
2.67113
3.22872
3.51648
2.92635
3.31306
3.18829
3.39526
2.92206
2.93408
2.7894
2.98551
2.74074
2.72738
3.40223
3.20068
3.19124
3.84124
2.74805
3.1315
3.4729
2.79818
2.92781
3.26571
3.30667
3.63969
3.80129
3.24074
3.17752
3.4445
3.37665
3.32141
3.05803
3.48805
3.18006
2.89662
2.65673
3.07458
3.06157
2.94077
2.72991
3.23409
3.32684
3.22861
3.33182
3.24092
2.53723
2.93642
2.903
2.54316
2.99947
2.67063
3.15317
2.87292
2.89914
3.04334
2.78314
3.56339
3.19765
2.72936
3.17242
3.4705
3.15141
3.17845
2.84923
3.35951
3.5551
2.97812
2.66788
3.09684
3.10355
3.36882
3.20739
3.3181
3.25355
