2.03278
2.97994
2.24615
2.30609
2.56389
2.71686
3.12085
3.02216
1.74866
2.79038
2.48078
3.1516
2.81741
2.51366
2.67858
2.8821
2.7939
3.39683
2.67125
2.77119
2.77746
2.48485
2.84739
2.79772
2.86712
3.6548
2.88013
2.88849
3.1566
3.16672
3.42768
3.73956
3.65533
4.11659
3.13865
2.76147
2.87276
2.94409
2.25384
3.29059
3.1149
2.48765
3.14703
3.51743
3.19991
2.42383
2.90472
2.30738
2.80559
2.43014
2.58411
2.50942
2.14518
3.21421
3.08482
3.20008
3.44831
2.52778
3.17019
2.97531
3.10686
3.50096
3.7964
3.12665
2.77631
3.12537
3.31082
3.308
3.34273
3.62655
3.08625
3.18136
3.00617
3.40711
3.33156
3.62262
2.99818
3.27441
3.08379
2.81306
3.04879
2.956
3.05242
3.03486
2.80201
2.90602
2.9902
2.75344
2.92294
3.18155
3.17049
3.28268
3.07146
3.23082
2.62367
3.07754
3.25526
3.20066
3.01321
3.07032
2.72219
3.29472
2.76199
2.75097
2.88516
4.43477
2.8281
3.25356
4.51659
3.38009
3.31186
4.21816
3.59347
2.96524
3.1139
2.88312
2.80956
2.84854
2.25852
2.90316
2.56657
3.82393
3.52671
2.67614
3.28228
2.7592
2.57195
2.95119
3.04382
3.26379
3.71573
3.49557
3.2351
3.44169
3.43495
2.98764
3.10078
2.88246
3.00399
2.88486
2.76467
2.55871
3.13608
2.88225
2.74998
2.71479
3.19839
2.8226
3.03529
3.07093
3.28995
2.88568
2.95034
2.90522
2.51821
2.65345
2.76728
2.8105
3.02521
2.68676
2.55715
3.17683
3.09415
3.82041
3.10504
3.41415
4.00611
3.27127
2.94776
2.89586
2.82075
3.529
2.74915
2.82539
3.22175
3.1249
3.50208
2.72718
3.27895
2.40949
2.1291
3.33171
2.24408
2.33411
2.42629
2.69306
3.55326
2.92633
1.72819
3.07769
2.68297
3.29796
2.65349
2.62321
2.83889
2.76698
2.6718
3.29525
2.81164
2.51054
2.93514
2.88558
3.06327
2.86516
2.59146
3.47882
2.96402
3.08723
2.52498
2.58919
3.20594
3.33075
3.72578
3.91824
2.93326
2.53642
2.62914
2.97978
2.48824
3.1147
3.41003
2.74059
3.42825
3.5486
2.83451
2.63411
2.87166
2.34384
2.90934
2.55367
2.57828
2.51771
2.15522
3.20546
3.08204
3.67504
3.16555
2.55474
2.45379
3.62284
3.26647
3.66768
3.69129
3.17069
2.96957
3.71282
3.41853
3.24008
3.54913
3.60787
3.13367
3.44217
3.04344
3.32526
3.21083
3.19981
3.19045
3.30211
2.90423
3.17592
2.73102
2.96973
3.09453
3.07003
2.93334
2.94295
3.05114
3.29119
2.70188
3.03348
3.63814
3.7292
2.73065
3.57244
3.05675
3.0609
3.0349
3.42731
3.61451
3.49171
3.48469
3.48503
3.10467
2.98826
2.87527
4.30459
3.07669
3.44034
4.10148
3.44186
3.79928
4.24451
3.32697
2.97592
3.31441
2.99288
2.67661
2.87398
2.54984
3.0689
2.83214
3.48789
3.65961
2.37978
3.22404
3.45652
3.00284
3.42366
3.20555
3.1135
3.6454
3.59494
3.29936
3.25544
3.44194
3.06379
2.85307
3.1326
3.01832
2.9151
2.8791
2.68458
3.1512
2.93693
2.80162
2.73229
3.15376
2.89586
3.42263
3.10128
3.31497
2.84828
3.08342
2.52334
3.08729
2.53919
2.9226
2.74988
2.64194
2.92361
2.87734
3.73152
3.63205
3.22335
2.74411
3.40027
4.16234
3.91722
3.07214
3.03007
2.87869
3.39684
3.00139
2.49984
2.91287
3.2346
3.37507
3.25117
3.56111
2.5843
