1.83743
2.76587
2.66501
2.12969
2.2031
2.55292
2.75223
2.82851
1.73006
2.78962
2.85297
3.54518
2.41689
2.45397
2.90292
2.92036
2.44503
3.0104
2.62166
2.78818
3.27743
3.35681
2.87412
3.63414
3.28265
3.69532
2.9465
2.6091
3.06372
3.01312
3.35553
3.40403
3.67011
3.82186
3.45678
2.47837
2.67647
3.15328
2.1546
3.12664
3.27077
2.63962
3.26455
3.09489
2.62837
2.57424
2.66356
2.5389
2.69092
2.62002
2.53434
2.60864
1.97937
2.97521
2.76651
3.41008
4.06037
2.52998
4.07734
3.30362
3.33068
3.30953
3.6484
3.25569
3.80059
2.88775
3.12491
3.15427
3.63654
3.70374
3.0882
2.87155
3.17366
3.25658
3.51477
3.33393
3.23872
2.9149
3.01366
3.45072
2.72828
2.922
3.01033
2.94639
2.9163
3.04767
3.26085
3.47437
2.86338
3.10301
3.6178
3.1551
2.49649
3.15902
2.62142
2.97607
3.18607
3.50694
3.56407
3.47037
3.67762
3.15082
2.80577
3.04112
3.14601
3.69891
3.41962
3.62361
3.70533
3.2293
3.36856
4.04972
3.83096
2.82388
3.39293
2.81435
2.81967
3.34251
2.70273
3.21305
3.32642
3.81504
4.41097
3.66234
3.69646
3.8246
3.17478
2.91738
3.40646
3.65778
3.24754
3.69093
3.37607
3.01918
3.19667
2.6703
3.44495
2.79017
3.4044
2.95543
3.03551
2.80113
3.38481
3.06554
2.5602
2.74491
3.42544
3.14841
2.89921
3.21626
3.46758
3.04506
2.47001
2.47325
2.96771
3.218
2.78747
2.96982
2.59025
2.62003
3.02224
3.2893
3.47846
3.25483
3.87803
3.10932
3.59889
3.29625
3.30432
2.80834
2.93416
3.53244
3.33531
3.01034
3.74433
2.86256
3.29619
2.91724
3.27597
3.25241
1.68941
3.08622
2.55391
2.12211
2.38888
2.43512
2.85955
2.81275
1.81854
2.99857
3.08778
3.0103
2.40243
2.63119
2.71425
2.5185
2.36742
3.2375
2.85355
2.4932
2.88756
3.26589
3.36634
3.26283
3.23943
3.40509
3.37715
2.92677
2.73633
3.17247
3.52719
3.42896
3.58081
3.61658
3.0605
2.58454
2.61829
2.98331
2.34518
3.22404
3.35301
2.72989
3.5655
3.06412
2.55303
2.70834
2.64015
2.7451
2.5407
2.67079
2.51165
2.55333
2.03206
2.87055
3.237
3.33537
3.75621
3.315
2.70783
3.26374
3.73574
4.45633
3.79905
3.4219
2.63973
2.78469
3.16124
3.05197
3.61036
3.31143
2.96689
3.0389
3.34178
3.0087
3.53558
2.99174
3.14839
3.09287
2.92034
3.60567
3.01178
2.70481
3.1854
3.12257
3.07087
2.98009
3.22365
3.24416
3.2181
3.16759
3.50358
2.75617
2.55637
2.99598
2.97678
2.95435
3.21248
2.93204
3.08955
3.25257
3.6981
3.27602
2.56137
2.85591
3.10056
4.07867
3.51668
3.4085
4.00549
3.01114
3.13031
3.53308
4.07191
2.94323
3.48817
2.69375
2.72738
3.40133
2.47258
2.85974
2.52551
3.63724
3.9797
3.44631
3.40183
3.46668
3.35878
2.93872
2.95695
3.25777
3.48778
3.47152
3.13294
3.1453
3.04978
3.14762
3.03703
2.76973
2.66306
3.20292
3.34452
2.61781
3.19077
2.87094
2.47091
2.67886
2.94178
3.30908
2.82285
3.19697
3.10394
2.67003
3.03456
2.97972
2.53752
2.76472
2.85356
2.57159
2.99627
2.54444
2.93327
2.98257
3.36068
3.73352
2.9849
2.92441
3.2231
3.50842
3.24753
2.84616
2.90252
3.52703
3.44579
2.88574
3.75873
2.90677
3.39979
2.73855
3.50291
2.79872
