2.00618
2.92027
2.56123
2.20414
2.59692
2.9366
3.0441
3.01256
1.97505
3.31546
2.91989
2.95482
2.6381
2.74684
2.89383
2.8308
2.85204
3.0381
2.61405
2.87493
3.03087
3.33257
3.15355
3.06544
3.24347
3.6214
3.13203
3.15128
3.244
3.2716
3.49162
3.93169
3.68566
3.71904
2.85366
2.86571
2.97845
3.2308
2.88351
3.1862
3.27271
2.67734
3.92268
3.3769
2.89319
2.71422
2.67236
2.90446
2.7453
2.7239
2.79233
2.68307
2.12965
3.21083
3.14358
3.22703
3.61315
2.23605
3.79268
3.4551
3.34717
3.49347
4.0346
3.06191
2.89171
3.24184
3.38169
3.10368
3.30968
3.66068
3.0414
2.83764
3.28105
2.9131
3.08602
3.43792
3.40707
3.13367
2.8615
3.08246
2.95608
3.1136
2.98318
3.1003
2.91286
2.95634
2.93916
3.44506
3.00282
3.06923
3.21578
2.92126
2.41904
3.11975
2.79751
2.98301
3.26167
3.35951
3.49571
3.62034
3.29012
3.30736
2.69484
2.871
3.31915
4.14158
3.02239
3.49804
4.27888
3.26383
3.84695
4.40503
3.18088
3.40298
3.1897
3.04379
2.91826
2.82223
2.28195
2.58063
2.44287
3.11698
4.45254
3.02109
3.63481
3.28154
2.78432
3.74366
3.32312
3.36022
4.03581
3.72083
3.60387
3.0071
3.42492
3.55217
3.0801
3.1585
3.26762
3.27402
3.31827
2.71081
3.19502
3.00674
2.83963
2.89985
3.45747
3.2062
3.10902
3.20807
3.26335
2.59948
2.62576
3.51385
2.39044
3.13856
3.29755
2.94387
2.91731
3.11205
2.77561
3.55454
3.35077
3.16241
2.42546
3.3828
3.47182
3.48467
3.19351
2.87955
2.82562
3.87227
3.00014
2.6426
3.55124
3.31973
3.25385
3.00005
3.52868
3.44923
1.99458
2.58091
2.40936
2.35396
2.59336
2.73552
3.00362
3.07707
1.881
3.25478
3.08813
3.46547
2.56024
2.52387
2.92581
3.04684
2.70909
2.8933
3.06757
2.90015
2.47111
2.51207
2.76017
3.13337
3.24325
3.67314
3.0743
3.43071
3.25816
3.09572
3.49629
3.46465
3.71597
3.51542
2.86256
2.67482
2.91363
3.08912
2.58977
3.54692
3.1687
2.59489
3.86013
3.38849
2.74078
2.89318
2.76336
2.6405
2.68362
2.56685
2.61564
2.8356
2.12328
3.05836
3.08883
3.34759
3.58934
2.35359
2.84478
3.40005
3.44349
3.41253
3.72868
3.0423
3.14275
3.09476
3.31749
3.10821
3.53139
3.35266
3.28097
3.25261
3.00774
3.16831
3.18052
3.16045
3.18697
2.89006
3.35113
2.9483
2.93909
2.98897
3.03952
3.1329
3.0493
2.94388
3.08752
3.49719
2.96219
2.97859
3.41717
3.31719
2.72649
3.41351
2.53981
3.19433
3.17032
3.61178
3.35959
3.05835
3.26625
3.36784
2.6163
2.73055
3.10409
3.74936
2.77986
3.48279
3.92868
3.45343
3.50507
4.39786
3.28549
3.14634
3.28575
2.98075
2.93721
2.73034
2.40927
2.67831
3.44422
3.10979
3.613
2.82935
3.08719
3.26312
3.01981
2.82097
3.0515
3.03171
3.76913
3.22907
3.28625
2.96008
3.12631
3.12195
3.11059
3.11746
2.85148
2.98313
3.0788
2.8303
3.39897
2.91724
3.09983
2.99638
3.03442
2.82993
3.09687
3.22619
3.10822
2.7969
2.58314
3.56446
2.33501
3.18002
2.83249
3.166
2.81825
2.53429
2.86145
3.53118
3.27486
3.30972
2.59917
3.50621
3.49916
3.09772
3.29821
3.104
2.87127
3.12083
2.86993
2.76351
3.19621
3.32902
3.07341
2.95355
3.51076
3.86926
