1.93095
2.52577
2.44454
2.25713
2.31997
2.66747
2.91855
2.84353
1.70605
3.23541
2.51763
3.33209
2.36247
3.05361
2.65115
2.84172
2.57771
2.96521
2.55716
2.34967
2.80005
2.81832
2.57836
3.04705
2.94433
3.45374
3.29563
2.88222
2.69101
3.29458
3.10243
3.42044
3.33973
4.22129
3.19226
2.65119
2.68898
3.11114
2.50145
3.06479
3.12344
2.68981
3.53775
3.31311
2.89344
2.70232
2.6879
2.38203
2.49082
2.7042
2.3791
2.7278
2.10573
3.05336
3.2
3.35053
3.65048
2.83587
3.49543
3.56246
3.48765
3.55096
3.64179
3.0158
3.05359
3.02362
3.28139
3.3284
3.31204
3.46269
3.05586
3.21162
3.25144
3.29666
3.12523
2.91553
3.39066
3.07091
3.02561
3.49304
3.02873
2.95407
2.97211
3.18713
3.12191
2.94784
3.00804
3.48848
2.60737
2.99303
3.45211
3.70033
2.38905
3.30063
2.54652
3.12815
3.3535
3.18023
3.4939
3.17033
3.26175
3.53299
3.13144
2.92488
2.99074
4.01147
3.28971
3.54551
3.61954
2.90274
3.26639
3.79695
3.49041
2.86733
3.74098
3.27638
2.87217
3.24851
2.51541
2.88921
2.41386
3.78199
3.85049
2.78675
3.56418
3.09502
2.92361
3.13993
3.38276
3.56275
3.60486
3.82015
3.42411
3.31272
3.10716
3.08388
3.28295
2.75198
3.11317
2.72768
2.62111
2.56129
3.13367
3.11603
3.01808
2.74285
2.85857
3.19401
3.08283
2.89043
3.23314
2.44559
2.37174
2.89143
2.44718
2.87585
2.9421
2.78584
2.77331
2.62191
2.66168
3.47382
3.14708
3.64871
3.51679
3.3241
4.00738
3.52151
3.30933
2.97597
3.18728
3.71527
3.24871
2.83858
3.38077
3.10758
3.17573
3.1182
3.28982
3.50485
1.87194
2.60538
2.12569
2.20415
2.38002
2.63024
2.58998
2.98802
1.94243
3.07426
2.8653
3.17645
2.21033
2.7774
2.69167
2.5656
2.5617
3.2564
2.44513
2.84328
2.83952
2.82915
2.59965
2.87353
3.05059
3.57045
3.12311
2.89985
2.59336
3.1426
3.21466
3.44663
3.94894
3.95788
3.20451
2.62446
2.7333
2.92392
2.31209
3.23603
3.01087
2.56701
3.39474
3.44654
2.77987
2.78341
2.8698
2.6387
2.84473
2.84457
2.73835
2.72946
2.30978
2.94016
3.25495
3.31497
3.20556
2.54909
3.24436
3.40554
3.45895
3.55695
3.70106
3.03395
3.44473
2.74503
3.36358
3.01911
3.39243
3.46946
3.04162
3.00806
3.12541
3.45965
3.15012
3.19423
2.94812
3.01169
3.23299
2.96509
2.84047
2.61777
2.80343
2.90742
2.82129
2.79371
2.91491
3.18568
2.63544
3.08285
3.22743
3.6566
2.16118
3.39079
2.9851
3.16114
3.22493
3.23993
2.98009
3.15279
3.62435
3.04457
2.82352
3.06846
3.14572
4.00354
2.77954
3.28983
3.41292
3.82582
3.70341
4.17849
3.90141
3.18254
3.42014
3.06584
3.03437
3.20303
2.34986
2.96839
2.63738
3.61208
3.59272
2.88595
3.16429
3.53777
3.2642
3.23599
2.52188
3.22592
3.33136
3.06243
3.44116
3.27771
3.12027
3.37286
3.28316
2.94527
2.93094
2.88866
2.73252
2.47438
3.10192
3.05688
2.90649
2.83015
3.14134
3.39322
3.2479
3.15345
3.22774
2.37293
2.30587
2.79848
3.03588
2.59966
2.82718
2.3998
3.03321
3.25993
3.26463
3.97676
3.33826
3.97997
3.01166
3.44159
3.5363
3.53899
3.23733
2.82841
3.05332
3.5463
3.03983
2.84581
3.12876
2.96523
3.39358
2.87914
3.50383
3.3656
