1.77695
2.71562
2.84219
2.13344
2.40977
2.54871
3.53432
2.69699
1.59316
2.84454
3.09194
2.73685
2.45431
2.34725
2.82785
2.55582
2.4419
3.28878
2.71043
2.50778
3.07496
3.11558
2.66769
2.80588
3.07034
3.82043
2.69468
2.76238
3.1048
2.95726
3.77996
3.76321
3.64488
3.68792
2.95439
2.28008
2.65591
3.22209
2.59132
3.02264
3.04297
2.56747
3.89114
3.27715
2.69743
2.79392
2.59668
2.23534
2.37396
2.62974
2.21619
2.30124
1.91246
2.72778
2.82443
3.59855
3.29989
2.40782
3.61364
3.14516
3.42103
3.45586
3.767
2.87055
3.23718
3.09799
3.17957
3.0387
3.53756
3.44125
3.44148
3.26412
3.06716
3.56716
3.46967
3.46001
3.23745
3.02137
2.90107
2.80622
2.91668
2.88563
2.95025
3.00435
3.12574
2.95128
3.27712
3.26461
2.68326
2.94422
3.20479
3.24433
3.08218
3.32829
2.47074
2.96867
3.26092
3.42733
3.29362
3.35477
3.27169
3.19582
2.73085
2.8253
2.64269
3.95809
3.38118
3.33086
4.30955
2.8725
3.71761
3.77551
3.3542
3.37424
3.49208
3.06966
2.37503
3.09272
2.19042
3.18715
2.58549
3.7645
3.82804
2.72237
3.36543
3.29802
2.71138
3.06889
2.86037
3.30435
3.84342
3.66097
3.28448
3.45091
3.28412
3.08896
3.47199
3.07791
2.92733
2.96058
2.94164
2.79095
3.2712
2.58308
2.7868
2.64832
2.89366
2.89911
2.85975
3.16068
2.91632
2.82369
2.91764
3.14038
2.54474
3.15795
3.16797
2.42033
3.4024
3.11919
2.86831
3.22493
3.41358
3.81068
2.72717
3.46502
3.86885
3.47492
3.15649
2.77075
2.8016
3.35299
2.847
2.74262
3.39282
2.92787
3.93538
2.88835
3.47495
3.34807
1.80591
2.76957
2.30603
2.08812
2.34711
2.41209
3.23433
2.66476
1.61222
2.65884
2.90042
2.91238
2.30632
2.67936
2.87111
2.28162
2.36503
3.48459
2.54313
2.63047
2.91955
2.4741
2.71088
3.03993
2.52623
3.78214
2.78989
3.19631
2.85265
3.22194
3.48895
3.48443
3.55455
4.01412
3.08165
2.40721
2.48536
2.95899
2.42963
3.18618
3.24538
2.68861
3.61144
3.10856
2.66455
2.93304
2.41105
2.45063
2.49313
2.48704
2.29773
2.22449
1.88364
2.8746
2.97494
3.14309
3.81986
2.65199
3.12645
3.38532
3.91569
3.87427
3.98919
3.53208
3.29175
3.33901
3.28606
3.127
3.82772
3.56782
3.21721
3.15752
2.93826
3.24244
3.26216
3.17459
3.34466
2.91862
3.11172
3.10478
2.89409
2.7226
3.05876
3.14245
3.20439
2.92674
3.16924
3.59566
3.07621
3.10014
3.77946
3.52683
2.5532
2.92428
2.40852
2.7971
3.36353
3.00517
3.23851
3.2466
3.11128
3.22216
2.71996
2.59122
2.75324
3.79536
3.21334
3.49984
4.23282
3.80847
3.78432
4.46048
3.50743
2.99319
3.52302
2.68163
2.50178
3.28631
2.1823
3.06501
2.52086
3.93626
3.68836
2.78707
3.277
3.80062
2.86194
2.99493
3.07683
3.30741
3.69383
3.70502
3.40081
3.23944
3.51896
3.46554
3.0604
2.80092
3.0153
3.50283
2.84625
2.54291
3.47401
2.4569
2.61625
2.68776
2.88325
2.62512
2.97345
3.08195
2.94587
2.78433
3.27834
2.75391
2.91551
2.86062
3.0921
2.76014
3.0778
3.14479
2.93275
3.90267
3.46835
3.23545
2.98466
3.24833
3.30122
3.70603
3.20352
2.71204
2.87303
3.77337
3.49326
2.68141
3.35603
3.01132
3.24108
2.82975
3.5323
3.3463
