1.87771
2.86104
2.44619
2.27967
2.43037
2.45742
2.77235
3.03625
1.60395
3.04459
2.72936
3.18476
2.26203
2.36516
2.59123
2.88893
2.93491
3.09573
2.43841
2.37745
3.3198
2.67897
2.96784
3.45909
3.50771
3.67212
3.02685
3.09613
3.22927
3.26154
3.52693
3.87497
3.28349
4.14058
3.01827
2.66983
2.85041
3.24543
2.79883
3.04223
3.36204
2.77475
3.59949
2.96194
2.71782
2.88981
2.70984
2.34014
2.34238
2.6269
2.50612
2.51968
2.04158
2.98215
2.84541
3.08594
3.39552
2.23855
3.52157
3.34551
3.5404
3.70117
3.95935
2.78718
2.444
2.80713
3.43155
3.09462
3.48349
3.51761
3.32632
3.31172
2.99019
3.01427
3.1268
2.9793
3.03315
2.92685
2.96739
3.36759
2.95806
2.84533
2.99523
2.94986
2.90401
3.04648
3.24829
3.23489
2.38893
2.95209
3.28191
3.02797
2.33095
3.17462
2.66862
3.03297
2.68747
3.35178
3.33671
3.35032
3.79081
3.38579
2.73458
2.77767
2.91092
4.03443
3.46346
3.52287
3.9798
2.53618
3.41259
4.10553
3.1181
3.27326
3.27334
2.69306
2.75228
2.48996
2.21249
3.01299
2.87465
3.10743
4.71091
3.41814
3.28055
3.35848
2.86574
3.48947
3.41176
3.70745
3.91175
4.16141
3.49338
3.15938
3.28854
3.07182
3.14563
3.0305
3.04045
2.94998
3.21583
2.69448
2.97346
2.75553
2.8606
2.75183
3.32871
3.06412
2.90639
3.13462
3.12556
2.9038
2.53104
2.71966
2.67391
3.0749
2.87488
2.64498
3.05071
2.80209
2.75075
3.40123
2.99578
3.57059
2.58455
2.60412
3.93467
3.85123
3.102
2.73184
2.7859
3.52445
3.20613
3.27225
3.36255
3.30203
3.37004
3.1056
3.21907
3.25955
2.01654
2.79817
2.43553
2.35188
2.58533
2.68092
2.862
2.92992
1.81105
3.10792
2.91933
2.86841
2.32788
3.0766
2.97841
2.87284
2.97846
3.2108
2.68972
2.55587
2.76848
3.03035
3.19963
3.02982
3.20373
3.61332
2.83567
3.44576
2.87568
3.16201
3.23988
3.97554
3.28305
3.50448
3.23285
3.15667
3.05534
2.95396
2.69592
3.18898
3.23326
2.97082
3.58281
3.3792
2.75853
3.206
2.76215
2.42077
2.89556
2.71803
2.66613
2.55888
1.8827
3.12098
2.80885
3.65008
3.39893
2.307
3.63844
3.40781
3.68
4.01595
4.01647
3.42749
2.77033
3.00673
3.18996
2.99418
3.40729
3.79167
2.99807
2.97873
2.91097
3.14587
2.93675
2.90642
2.94849
3.08899
2.82301
3.19408
2.68805
2.68638
3.33165
2.76897
3.19394
2.96791
2.91467
2.90907
2.79475
2.98345
3.11866
3.08784
2.48138
3.28961
2.73656
2.90252
2.83188
3.68244
3.27307
3.28336
3.34984
3.16876
2.68888
3.14094
3.28949
3.3237
2.88533
3.34972
3.68242
3.16245
3.62887
3.97405
3.31252
2.96803
2.96245
2.78332
2.74044
2.8147
2.05296
2.7665
3.04423
3.18787
3.52162
2.79703
3.52243
3.42446
3.15897
3.13654
3.24155
3.02798
3.31076
3.91504
3.02956
2.79638
2.97645
3.06333
3.06292
3.14591
3.24763
2.8006
2.95524
2.90568
3.14663
2.68953
2.95108
2.8768
3.13637
3.1679
3.04531
3.01339
3.23037
2.92673
2.98716
2.47717
3.29471
3.15251
2.46067
3.15847
2.60941
2.56606
3.08692
3.00787
3.51707
3.79278
2.8886
2.73619
3.27933
3.2294
3.20103
2.83971
3.01032
2.82595
2.92485
3.01889
3.32803
3.10268
3.25484
2.90705
3.60062
3.85677
