2.06764
2.67281
2.28271
2.50206
2.55493
2.72284
3.08399
2.7431
1.63874
2.73602
2.60125
3.01514
2.55587
2.87889
2.54354
2.51885
2.49644
3.08311
2.5692
2.75805
2.84887
3.27811
2.73399
3.35456
2.86341
3.31431
2.91565
2.71827
2.50329
2.92317
3.29333
3.33827
3.11645
3.32078
2.89837
2.4801
2.52917
3.03346
2.31643
3.19674
3.13629
2.29078
2.94558
3.27951
2.64706
2.17196
2.22967
2.41802
2.3172
2.33985
2.35648
2.40227
2.08205
2.68965
2.83712
3.05618
2.90881
3.07999
3.95924
3.1042
3.22856
3.36791
3.56695
3.15734
2.7121
2.80032
2.8678
3.09805
3.42951
3.44274
3.02934
3.35836
2.86387
2.97305
3.25497
3.36318
3.2084
2.81411
2.9876
3.28101
2.87506
2.78882
2.79002
2.74846
2.89217
2.83494
2.73124
3.24461
2.76647
3.17386
3.5345
2.96716
2.44219
3.68153
2.61995
2.87818
3.08151
3.17946
3.35213
3.14554
3.75943
2.86397
2.85629
2.83212
3.14436
3.8436
3.1248
3.43182
3.92464
2.40005
3.46028
4.11353
3.2373
3.28714
3.22266
2.65338
2.53143
3.35089
1.99668
3.30339
2.70317
3.81616
3.53294
2.99656
3.46588
3.21915
2.92428
3.21992
3.27481
3.30358
3.26619
3.18672
3.29219
3.09113
3.08081
2.69823
3.095
3.26409
2.81835
3.17839
2.6579
2.67067
2.81336
2.47797
2.52591
2.7628
2.78545
2.72994
2.92475
2.6755
3.01899
2.40233
3.04909
3.32369
2.89955
2.70746
2.684
2.65245
3.0313
2.73526
2.66257
2.85901
3.78654
3.68424
2.9684
3.36808
3.2357
3.01018
2.99217
2.86106
2.86781
3.75984
3.02562
3.06219
3.3118
3.05117
3.25462
2.81062
3.27375
3.43778
2.03488
2.60097
2.61601
2.28004
2.47159
2.56359
2.94203
2.6228
1.7845
2.60343
2.7712
2.92545
2.3712
2.72589
2.40415
2.44721
2.48069
3.32086
2.60601
2.62246
2.94542
2.54482
2.72065
2.5819
2.59479
3.4317
2.71605
2.96403
2.61367
2.9971
3.05106
3.85133
3.55479
4.04015
2.94478
2.37943
2.57609
2.8966
2.42078
3.28378
3.17789
2.63611
3.25216
3.17991
2.45298
2.8663
2.59148
2.27856
2.36703
2.33453
2.36735
2.44244
1.95626
2.63061
2.86481
2.89147
3.60202
2.73071
3.09817
3.24128
3.51371
3.36225
3.43533
2.84427
3.00554
2.83992
2.78426
2.96241
3.29618
3.40454
2.88238
3.25996
2.90662
2.77603
3.11156
3.2729
2.9672
3.04878
2.77425
2.79001
2.56318
2.87784
2.7407
2.80818
2.70397
2.8373
2.68888
2.98797
2.63408
3.41768
3.40978
3.05515
2.80648
3.31128
2.5922
2.95721
3.29454
3.16139
2.76223
2.98144
2.60929
2.72965
2.63821
2.65176
2.47928
4.0535
3.04829
3.16251
3.47507
3.41307
3.51167
4.26258
3.62444
3.06932
3.56321
2.71513
2.54336
2.84835
2.34343
2.99372
3.07275
3.71863
3.37075
2.63433
3.0852
3.69161
3.2215
3.22841
2.83151
3.16132
3.40505
3.68754
3.30417
2.87927
2.95751
3.50548
2.89681
3.18897
2.79922
2.86498
2.90506
2.85323
2.87847
2.4715
2.56368
3.00123
2.61881
2.81185
2.92525
2.73442
2.86442
2.53673
3.33233
3.33599
2.69122
2.99889
2.79607
2.57458
2.68419
3.00054
2.64111
3.05925
3.28579
3.57039
2.78153
3.07953
3.58592
3.09362
3.15802
2.57875
3.00692
3.79956
2.96056
2.4228
2.90673
3.09102
3.13667
2.88751
3.30164
3.88153
