1.94712
3.32109
2.49684
2.05029
2.25225
2.54179
2.93361
2.98265
1.83711
3.09236
3.00915
3.34005
2.33013
3.16407
3.13272
2.81101
2.7438
3.00019
2.71225
2.44506
2.80318
3.05261
2.96154
3.08431
3.44638
3.83882
3.4358
3.09105
3.12721
3.07995
3.26641
3.37362
3.76015
3.70356
3.52344
2.69221
3.23469
3.27216
2.51197
3.62865
3.11572
2.80216
3.23536
3.36798
3.1772
3.04297
2.66507
2.65828
2.78127
3.03222
2.74906
2.70992
2.1859
3.12147
3.13904
3.27816
2.97799
2.00705
3.35916
3.32352
3.36785
3.50155
3.49134
3.58117
3.31793
2.95972
3.40569
3.19417
3.43721
3.56043
3.37964
2.99513
3.00417
2.94088
3.50989
3.40767
3.23807
3.06677
3.10098
3.19671
2.82609
2.96537
3.13619
3.08877
3.43413
3.07169
3.13866
3.37456
2.98522
3.40763
3.52626
2.95077
2.6853
3.67232
2.68
3.04427
3.16334
3.21689
3.52983
3.33998
3.25831
3.25395
2.65539
3.12283
3.1088
3.22389
3.33449
3.39934
3.91956
2.33106
3.32543
3.75864
3.18403
3.14478
3.49061
3.08556
2.81358
2.69757
2.08195
2.88208
2.73472
3.26466
4.11473
3.19455
3.50585
3.26801
3.0074
3.13745
3.32047
3.90659
3.51632
3.40989
3.59717
2.92593
3.15064
2.97648
3.37143
3.05886
3.04026
3.09203
3.08738
2.81886
3.37851
2.74972
3.36775
3.27103
3.77671
3.22506
3.13448
3.01405
3.34528
2.40586
2.61438
3.29817
2.72517
3.01803
2.955
2.8105
2.67467
3.16361
2.89287
3.45283
3.14899
2.9177
2.94348
3.05564
3.27874
3.42326
3.22979
3.07797
3.49857
3.64679
2.74807
2.98081
3.29672
2.94954
3.50381
2.71248
3.22626
3.45378
1.91585
2.74332
2.3586
1.94131
2.16887
2.47449
2.62112
3.07472
2.02331
2.97534
3.40738
3.4121
2.35934
2.73391
2.57409
2.85976
2.54209
2.89622
2.95733
2.44074
2.98003
2.61262
2.76021
2.92073
2.68043
3.81634
3.40259
2.58698
2.79231
2.62811
3.45181
3.25491
3.23819
4.1438
3.37163
2.78066
2.95236
3.01242
2.58535
3.47803
2.9967
2.71577
3.60058
3.46832
3.17098
2.5939
2.77065
2.56247
2.71398
2.59778
2.9451
3.03789
2.24681
3.37433
3.12342
3.21988
3.27478
2.85856
3.48758
3.11509
3.2806
3.27787
3.85922
3.19375
3.46546
3.23945
3.36531
3.08071
3.36002
3.53141
3.24109
3.06134
3.13307
3.26889
3.27017
3.65036
3.26173
2.94082
3.26788
3.15906
2.96532
2.80522
2.98779
3.17919
3.16926
2.94702
3.04822
3.48064
3.15575
3.22887
3.16868
3.17996
2.83259
3.81274
2.7092
3.11085
3.1642
3.15627
3.26769
3.53928
3.81401
3.43305
2.80331
2.89142
3.03648
3.73252
3.91198
3.51241
4.01695
2.86458
3.58427
3.71433
3.80592
3.4429
3.54215
3.4251
3.4288
3.03835
2.02798
2.97584
2.88415
4.10649
3.92175
2.71588
3.07018
3.13247
3.21182
3.02629
2.71976
3.30587
3.28071
3.42138
3.29969
3.14925
3.39241
3.02579
3.11943
2.66895
3.69736
3.01776
3.47454
2.72875
3.25587
2.97235
2.57828
2.66134
3.50062
3.40868
3.13833
3.15138
3.16112
2.68052
2.89778
2.89491
3.15816
2.55846
2.94056
2.88962
3.06792
2.83005
3.09042
3.2258
3.39264
3.68003
3.05597
3.19601
3.17801
3.24507
3.45608
3.13248
3.20777
3.61042
3.25817
2.85499
3.34739
3.10714
3.18962
2.71257
3.1648
4.10128
