1.86822
2.6092
2.40907
2.24899
2.50651
2.92949
3.22032
3.05411
1.75917
3.0864
2.46957
3.11179
2.71165
3.39035
2.85149
2.68359
2.74262
3.20587
2.46844
2.74853
3.5755
3.10707
2.93997
2.83974
3.22228
4.12042
2.82826
3.22971
3.14927
3.26977
3.25508
4.04138
3.16613
3.40925
3.06899
2.43973
2.81349
3.34303
2.69073
3.3436
3.14298
2.72834
3.36307
3.14885
3.24147
2.47102
2.81069
2.96975
2.67298
2.79304
2.68733
2.46287
2.00896
3.2479
2.95059
3.39857
3.65892
2.56189
3.12274
3.13712
3.35595
3.54153
3.51672
2.93354
3.05624
2.83411
3.37321
3.28724
3.41959
3.91863
3.51067
3.35807
3.10354
2.97177
3.41265
3.10247
3.11497
3.01923
2.92439
3.23591
3.10855
3.13213
3.04178
3.0361
3.22258
2.88761
3.4515
3.36172
3.20877
3.73019
3.7269
3.20652
2.70428
3.60566
2.68462
3.10401
3.21242
3.28593
3.85171
3.70185
3.70654
3.52721
2.3399
2.62868
3.26829
4.42252
3.55112
3.47035
4.28469
3.2622
3.76805
4.5142
3.61488
3.2349
3.39857
3.11997
2.76746
3.37303
2.43504
2.89684
2.69113
3.43555
4.1225
3.05153
3.43896
3.40169
2.87535
2.99572
3.30977
3.45638
3.85988
3.68457
3.45447
3.2483
3.3718
2.99814
3.21
3.26853
3.19508
3.08916
3.4152
2.61539
3.13609
2.87756
2.96785
2.92601
3.05188
3.08
3.31466
3.15015
3.11375
2.51181
2.84706
3.41059
2.52806
3.46773
3.07814
3.11196
3.14906
2.98651
2.89305
3.18892
3.50992
3.44638
3.38599
2.85978
3.73355
3.52595
2.62859
2.9793
3.03865
3.764
2.99105
2.75413
3.32887
2.96998
3.40274
2.83768
3.21614
3.51868
1.80628
2.73418
2.50615
2.27853
2.5206
2.82363
3.2052
2.88517
1.78245
2.64035
2.82637
3.13951
2.51012
3.30211
2.75255
2.82638
2.75903
3.15208
2.82172
2.39836
3.02601
3.15401
2.64744
2.73473
3.05528
3.86868
3.27282
2.93127
3.3834
3.47348
3.54308
3.73423
3.49474
3.55928
2.82714
2.56366
2.4657
3.14222
2.65932
3.1991
3.30233
2.8476
3.82152
3.49212
3.22783
2.74117
2.94644
2.55318
2.85359
2.5771
2.66324
2.53652
1.99638
3.41926
3.548
3.3226
3.84246
2.56305
3.4367
2.8597
3.71961
3.46387
3.928
3.18586
3.51199
3.1363
3.71511
3.11117
3.48333
3.87234
3.51589
3.51958
3.2101
3.38299
3.36673
3.06294
3.33124
3.14511
2.84133
2.77885
2.8109
3.18249
3.2012
3.14503
3.1595
3.06279
3.419
3.28504
2.79862
3.32746
3.3457
3.58376
2.64485
3.35221
2.91727
3.01524
3.02125
3.51864
2.65189
3.31222
2.84365
3.5309
2.72916
2.72406
2.96709
4.34077
3.48778
3.60323
3.90395
3.8671
3.20728
4.242
2.97745
3.10063
3.22011
2.87586
2.80922
3.37387
2.40618
2.9985
3.09204
3.76823
3.82632
2.89384
3.29956
3.26313
2.90857
3.03825
2.92509
3.10956
3.63025
3.61824
3.12739
3.2042
3.1727
3.24183
3.29165
2.85635
2.99908
3.02022
2.97895
2.55228
3.03778
2.68245
3.08976
3.03463
3.09916
3.05112
3.29586
3.13464
3.01266
2.61147
2.80312
3.12409
2.53868
2.76521
2.73753
3.32488
2.73733
2.61215
3.19254
3.3822
3.4291
3.38771
3.08263
3.41011
3.29451
3.6504
3.14943
2.95267
3.1726
3.5816
2.99127
2.7951
3.2478
2.8516
3.64033
3.21757
3.07783
3.684
