1.99966
3.03119
2.4316
2.2838
2.57458
2.80521
3.38062
2.89808
1.72021
2.87254
2.95391
3.32702
2.4894
2.52307
2.84842
2.45066
2.74306
3.34818
2.70844
3.08219
3.30899
2.92349
2.96514
3.45356
3.29449
3.57871
3.25051
3.25989
3.70762
3.19984
3.5451
3.45394
3.17572
3.74988
3.33589
3.10935
2.76646
3.17082
2.64993
2.8501
3.48193
2.43267
2.99952
2.9383
3.10851
2.7546
2.44441
2.45766
2.6114
2.97808
2.56704
2.59858
1.98994
2.92935
3.15341
3.18095
3.91885
2.57064
4.01819
3.16457
3.38454
3.2277
3.78069
2.69175
2.79642
3.82774
2.84091
2.9601
3.20779
3.10527
2.95577
3.02608
3.02235
2.94745
3.48628
2.94358
3.08879
3.07259
2.89892
2.87038
2.79188
2.7268
2.95158
2.95593
2.84715
2.93468
2.73405
3.50154
2.49403
3.47617
3.62335
3.75042
2.7665
3.26506
2.91474
3.05067
3.25904
3.09508
3.30012
3.62058
3.46521
3.76823
2.78353
2.85685
3.0018
3.50512
3.78352
3.39541
4.20626
2.03275
3.16007
3.8519
3.15727
3.14135
3.13995
2.97447
2.71647
2.7853
2.13208
2.70973
2.75341
3.45361
4.29151
3.40096
3.30974
3.46547
2.78863
3.18007
3.18922
3.63146
3.95948
3.83854
3.74235
3.72908
3.51621
3.07202
3.71179
2.99616
3.36096
3.18014
3.02579
2.77636
3.37122
2.75501
2.93652
2.80282
2.96683
3.12479
3.10189
3.25725
3.42714
2.62133
3.14478
3.17264
2.70867
3.1026
3.32028
2.81685
3.01518
2.82372
2.75465
3.50924
3.49933
3.84337
2.81418
2.90181
3.52863
3.68114
3.32469
2.90099
2.78318
3.78793
3.25271
2.94608
3.86397
2.98656
3.62479
3.13921
3.17403
3.54599
2.12192
2.88153
2.57985
2.29632
2.53684
2.8929
3.15265
2.92081
1.91779
2.84814
2.57584
3.14858
2.34401
2.69372
2.80064
2.31599
2.61023
3.46972
2.53672
3.51412
3.48614
3.22734
2.73802
3.09376
3.04546
3.71001
3.01562
3.20286
2.74456
3.01642
3.45833
3.52498
3.21009
3.79787
3.10441
2.73589
2.73598
2.97992
2.52152
3.3885
3.13713
2.5547
3.50244
3.25065
3.11947
2.65216
2.60074
2.45403
2.61596
2.59386
2.69968
2.6436
2.05806
3.25613
3.00539
3.33044
3.7042
2.64852
3.36695
3.36254
2.99102
3.33219
3.76357
2.90157
2.6026
2.93003
3.23903
3.21565
3.50548
3.73567
3.01238
3.08222
3.07745
3.16557
3.09582
3.20991
3.15348
3.12305
3.10972
3.10073
2.72767
2.96899
3.10955
3.25793
3.01396
2.83824
2.94514
3.27745
2.8405
2.87496
3.36996
3.32941
2.65314
3.62454
2.58157
2.90955
3.28288
2.74672
3.64331
3.53124
3.42549
3.49864
2.9822
3.11851
2.81326
3.80814
3.13414
3.3319
3.40121
3.02796
3.54602
3.75954
3.2686
2.95635
3.58451
2.92343
3.22519
2.72462
1.95973
2.77047
3.2473
3.19484
3.70069
3.09677
3.9423
2.76366
3.23377
3.59803
3.50311
3.63658
3.96286
3.74477
3.33084
3.4256
3.53885
3.32598
3.43321
3.33072
3.15353
2.90732
3.01613
2.66785
3.15367
3.1806
2.8882
2.92034
3.29059
2.91298
3.13301
2.97777
3.16713
2.51214
3.4733
3.13039
2.82089
2.9226
3.29487
3.239
2.8235
3.35034
2.87985
3.43185
3.23221
2.68708
2.32107
3.1286
3.4034
3.3977
3.117
2.83864
2.755
4.00178
3.39681
3.32528
3.6392
2.98012
3.68131
3.09359
3.46784
3.33642
