2.21657
2.9661
2.6865
2.54814
2.60628
2.73063
3.18173
2.89648
1.6773
2.84271
3.20293
3.15661
2.83773
3.10592
2.9218
2.78304
2.78494
3.15104
2.59948
3.083
3.87124
2.89554
2.86337
3.51612
3.47157
4.00431
2.77488
2.88778
3.60647
3.40779
3.62157
3.852
3.26651
3.6348
3.26346
2.5577
2.81507
3.19629
2.36777
3.45644
3.08754
2.66228
3.94451
3.49462
3.09704
2.91404
2.89741
2.75375
2.44706
2.75282
2.59931
2.57436
2.08127
2.75761
2.99912
3.62773
3.59904
1.59528
3.40336
3.77566
3.10634
4.00476
4.26587
3.51838
2.98014
3.16077
3.33234
3.11081
3.95326
4.08029
3.29544
3.26521
3.07867
3.57657
3.58637
3.21609
3.14426
3.19812
3.36839
3.30982
3.00052
3.11038
3.2564
3.10733
2.91009
3.2531
3.14509
3.51802
2.77607
3.22536
3.21262
3.17513
2.56429
3.42318
2.81217
3.21003
3.28976
3.63879
3.54807
3.5885
3.44751
3.07409
3.0579
3.20241
3.39394
3.89216
3.38377
3.76111
4.16154
3.24953
3.48286
3.80413
3.50303
3.16381
3.10746
3.11951
2.8436
3.33589
2.94574
3.07259
3.04184
3.43509
3.70636
3.10515
3.75997
3.22906
2.99291
3.02577
3.15488
3.0804
3.7048
4.08451
3.24728
3.39547
3.57717
3.2699
3.40102
3.19537
3.08478
3.32468
3.24353
3.19118
3.01805
2.7911
3.06972
3.0283
3.4141
3.33914
3.19747
3.32222
3.40549
2.99971
3.11137
3.2881
2.57663
3.41173
3.28654
2.56081
2.88571
2.92446
2.68569
3.24035
3.75306
2.85048
2.76367
2.6209
3.71779
3.35409
3.37105
2.92744
2.6919
3.78071
3.21036
3.53629
3.42223
3.5143
3.62752
3.01978
3.46629
3.07233
1.99646
2.95724
2.44655
2.21091
2.51646
2.81772
3.0404
2.81559
1.87227
3.06041
3.1458
3.55762
2.62548
3.11995
2.92356
2.97969
2.7421
3.49045
2.69281
2.99385
2.91981
3.04796
3.2142
3.51444
3.29504
3.74695
2.97911
3.45017
2.60826
2.77526
3.79655
4.16512
3.78934
3.52893
3.07252
2.42763
2.7488
3.14422
2.6229
3.13437
3.28888
2.70026
3.7391
3.19192
2.83562
3.41229
2.79941
2.91132
2.6768
2.83195
2.57683
2.67294
1.98378
3.21737
2.86975
3.57943
3.39504
1.90056
3.60889
3.55213
3.51498
3.646
4.27176
3.74192
3.2971
3.11287
3.1529
3.13032
3.87732
4.31135
3.29542
3.31097
3.39474
3.29357
3.1037
3.55472
3.38915
3.2604
3.47163
3.36966
3.04741
3.08145
3.16592
3.33437
2.9359
3.19205
3.27162
3.12427
2.9534
2.95392
3.543
3.38662
2.32787
3.86287
2.91919
3.06852
3.82938
3.46226
3.48045
3.89542
3.79172
3.75873
3.15677
3.12702
3.09867
4.24946
3.6442
3.44856
4.21751
3.42789
3.77265
4.14046
3.63949
3.31769
3.55061
2.94084
3.01581
3.14619
2.66341
3.09072
3.07793
3.61114
3.95894
2.94272
3.5031
3.08485
2.94106
3.32894
3.06167
3.23451
3.95427
4.05903
3.49135
3.48952
3.46127
3.34516
3.06479
2.93348
2.75571
3.17807
2.95834
2.84108
2.94176
3.27837
2.71423
2.96705
3.17034
3.39795
3.03203
3.22755
3.19064
2.46818
3.5206
3.31769
2.59673
3.25316
3.35366
2.97398
3.14155
2.89296
2.92143
3.15159
3.60327
2.22394
2.81974
2.66677
3.95012
3.72091
3.41133
2.84404
2.8588
3.95216
3.36575
3.31503
3.20399
3.1727
3.5421
3.20708
3.20615
3.55768
