1.80056
2.66326
2.24097
2.20009
2.57259
2.77296
2.80118
2.8623
1.84954
3.17165
2.72715
3.05895
2.36827
2.75037
2.689
2.75737
2.52347
3.35384
2.75224
2.54975
3.28732
2.71606
2.49739
2.94063
2.61045
3.31671
3.00437
3.03875
3.00553
3.27406
3.50785
3.96507
3.74253
3.69287
3.14459
2.66447
2.63381
2.98895
2.91405
2.96918
3.10764
2.93252
3.53022
3.24447
2.85202
2.68219
2.49159
2.33347
2.70765
2.64209
2.5172
2.46239
1.96883
3.1032
2.93739
3.39551
3.55888
2.35056
3.53264
3.11557
3.27348
3.51197
3.68696
2.57091
2.72438
3.00372
2.94309
2.903
3.16438
3.07039
2.7641
3.0058
3.05207
2.88768
2.86954
3.10549
2.9585
2.99753
2.59294
3.15702
2.59368
2.69675
3.03895
2.9709
2.92514
2.83313
2.97148
3.6673
3.05159
2.92773
3.29236
3.23067
2.66255
3.42989
2.63148
2.96969
3.10342
2.99768
3.0938
3.41625
3.61592
3.50657
2.52412
2.85936
2.88645
4.34391
3.25183
3.19276
3.75557
2.81616
3.36114
4.01825
3.31341
3.32174
3.54815
3.0629
2.67604
3.34248
2.16107
3.27975
3.0635
3.5903
3.59437
2.82733
3.23289
3.39145
3.04657
3.42587
3.1985
3.45371
3.71012
3.44719
3.15903
3.52466
3.26549
2.9703
3.0006
2.91332
3.07976
2.84757
2.46121
2.36674
3.22938
2.68726
2.7159
2.53886
3.06508
2.75823
2.87927
2.89635
3.06678
2.6252
2.87099
2.92443
2.95779
3.02501
3.12309
2.85006
2.46504
2.94265
2.95603
3.16513
3.24953
3.9981
2.97707
3.02218
3.88657
3.42455
2.77144
3.13226
2.92783
3.9986
2.91062
2.68007
3.26739
2.91109
3.16056
3.26907
3.40552
3.85537
1.86245
2.70401
2.00885
2.23563
2.39267
2.63175
2.88383
2.9142
1.85605
2.78298
2.5606
2.91349
2.48322
2.9344
3.11465
2.43617
2.61926
2.98238
2.62885
2.42022
3.11828
3.24495
2.61901
2.95868
2.95019
3.59706
2.79252
3.01141
2.32034
2.58955
3.60084
3.71132
3.76127
3.54933
2.95085
2.57025
2.87596
3.04853
2.68192
3.45772
3.14609
2.54908
3.34088
3.11079
2.9206
2.79449
2.53217
2.39836
2.4025
2.48248
2.72988
2.51582
2.04104
3.49518
2.87616
3.18757
3.26558
2.72812
2.98291
3.45011
3.35864
2.96864
3.48495
2.93486
2.86331
2.55613
3.20425
2.90021
3.38507
3.52742
3.19365
3.16402
2.81217
2.91756
3.07719
3.22303
3.13879
2.88058
2.72471
3.14838
2.723
2.8438
2.87834
2.93982
2.6824
2.92621
2.84397
3.14302
3.02352
2.89372
3.52443
3.16766
2.6856
3.13222
2.70195
2.98449
3.08661
2.85894
3.53615
3.4592
2.99635
3.15127
3.1068
3.08802
2.8578
3.94599
3.66401
3.39822
3.63763
3.69909
3.64827
4.50994
3.35603
3.30663
3.45145
2.94115
2.54352
3.24961
2.35071
3.24894
2.4125
3.71237
4.03824
2.71943
3.33763
3.70916
3.04516
3.27754
2.93499
3.16657
3.77589
3.36662
3.13593
3.08951
3.32465
2.98606
3.25526
3.19494
3.08081
3.00548
2.57482
2.61416
3.37531
2.78674
2.78777
2.68109
3.39946
2.916
2.86033
2.83127
3.10014
2.63764
2.91667
2.6943
2.93648
2.98966
2.76557
2.75163
2.6955
2.43805
2.89943
2.94815
3.18967
4.16998
2.9395
3.22105
3.68601
3.41781
2.95309
2.84268
2.8297
3.61041
3.20325
3.02889
3.16304
3.06236
3.29972
3.33067
3.38917
3.81509
