1.87288
2.73427
2.10896
2.25667
2.41213
2.72394
3.25357
2.80143
1.51986
3.04001
2.79873
3.37702
2.3086
2.90291
2.57418
2.36719
2.52297
2.98422
2.61808
2.42049
2.37771
2.63582
2.90125
2.83291
3.41831
3.72348
2.74005
3.42749
2.87957
3.5123
3.58905
3.37819
3.64514
4.1527
3.16676
2.5374
3.05225
3.18353
2.51689
3.09494
2.81277
2.47967
3.60859
3.6386
2.94828
3.18592
2.08973
2.29294
2.52096
2.62114
2.38346
2.42037
2.06747
3.16093
3.38045
3.3675
3.49837
2.71625
3.52775
3.21165
3.51323
3.37764
4.17268
3.30072
2.58536
3.30784
3.31949
3.02644
3.54307
3.95106
3.28363
3.09628
3.04306
3.38955
3.10481
3.53226
3.29316
3.3368
3.0858
3.16937
2.92259
3.05568
2.74499
3.0733
3.45686
2.95601
3.27289
2.94306
3.10143
3.35652
3.54672
3.41267
2.85555
3.31708
2.39905
3.01197
3.22595
3.58012
3.26446
3.71838
4.33072
2.90557
2.59531
2.8301
3.30885
4.24227
3.45553
3.35294
3.83828
3.97645
3.35827
4.25633
3.60138
3.25839
3.45384
2.91207
2.83756
3.35944
2.40314
2.92712
2.75009
3.78879
4.14408
3.06221
3.4358
3.55854
2.6737
2.99014
3.45917
3.76455
3.82533
3.93251
3.3312
3.40195
3.45268
2.8855
3.18671
3.09481
3.26986
3.32407
2.72078
2.43728
3.512
2.59742
2.88608
2.72736
3.05926
3.05083
3.04909
3.17449
3.31254
2.65646
2.9975
3.31158
2.45688
2.81404
3.4116
2.86231
2.78912
2.50111
2.44832
2.9211
3.84695
3.92363
4.08956
3.80134
3.48495
3.25064
3.11869
2.9384
3.04924
3.55586
3.02899
2.93449
3.62911
3.21692
2.99055
2.96972
3.53169
3.69006
1.91253
2.66035
2.36785
2.21769
2.4614
2.64119
3.53265
2.9377
1.51157
2.94243
2.44769
3.20919
2.65934
2.96016
2.88066
2.65945
2.42052
3.54204
2.66283
2.62003
2.65775
2.82286
2.96053
2.67731
3.19853
3.56545
2.90607
3.12318
3.66194
3.90734
3.58536
3.83045
3.56012
4.0682
3.43318
2.4612
2.66876
3.09184
2.0602
3.6933
3.50285
2.37257
3.86068
3.53888
2.66436
3.01503
2.42521
2.4751
2.6085
2.83738
2.32355
2.29132
1.94278
3.21125
3.69406
3.45846
3.82954
2.46783
3.60545
3.64076
3.4656
3.89246
4.19302
2.85335
2.8787
3.12989
3.41533
3.18631
3.4832
3.82127
3.16643
3.47099
3.10009
3.28916
3.27797
3.38209
3.26293
3.4387
3.46165
3.31365
3.25432
2.95052
3.1603
3.05175
3.28434
3.12143
3.24063
3.64113
3.01828
3.34014
3.6742
3.27756
2.87273
3.49442
2.1684
3.19315
3.3204
3.37701
3.08383
3.20707
3.07952
2.92075
2.60702
2.76671
3.20591
4.45567
3.76728
3.53738
3.63876
3.83497
3.63512
4.2199
3.65974
3.13686
3.56185
3.12065
2.93714
3.2069
2.74016
3.0534
2.77102
3.61208
4.20695
2.85654
3.33943
3.35975
2.82752
3.21131
3.17954
3.29127
3.87449
3.73438
3.26557
3.27236
3.29579
3.22279
3.17769
2.95607
3.19294
3.11002
3.49415
2.86284
3.65586
3.06011
2.6944
2.88287
3.22252
2.7835
3.21816
3.11785
3.18238
2.55571
2.67729
2.8444
2.33176
3.06705
3.12201
3.18415
2.83448
2.71534
2.99782
3.10593
3.69129
3.81178
3.43079
3.41058
4.31697
3.57697
3.42656
3.03992
3.05615
3.91948
3.24355
2.75876
3.29555
3.11608
3.26463
3.37425
3.6411
3.65339
