2.10706
2.77462
2.24486
2.43721
2.608
2.71733
3.29751
2.87109
1.78899
2.94755
2.84159
3.00136
2.90595
2.17882
2.60685
2.84225
2.43867
3.24025
2.68535
2.90706
3.15428
2.51396
2.70093
3.39087
3.21749
3.39167
2.6995
3.19139
3.14733
3.19267
3.26851
3.6408
3.10708
3.56361
2.88108
2.81617
2.84098
3.0085
2.71239
3.28391
3.23808
2.14602
3.00102
3.2839
2.70703
2.58046
2.31951
2.5703
2.53418
2.59925
2.54341
2.52119
2.18665
2.67951
2.81814
2.95936
3.37093
1.88622
3.13784
3.0754
3.41621
3.45565
3.33083
2.95621
2.80983
3.20886
2.92453
2.9605
3.14494
3.21856
2.85215
3.11387
2.80876
2.75048
2.94493
3.13319
3.1628
2.95554
2.83245
2.82504
2.75548
2.83466
2.95675
2.97467
2.98761
2.84885
3.1274
2.84646
2.88866
3.46372
3.29191
3.3176
2.28338
3.70372
2.5343
2.94739
3.42886
3.07618
3.13508
3.2114
3.05246
3.50981
2.76261
2.7646
3.07361
3.08607
3.18175
3.28515
3.96214
2.25122
3.70997
3.19933
3.54451
3.29921
3.73555
2.94942
2.77509
3.3789
2.04401
3.07498
2.72264
3.5097
3.99939
3.29909
3.58106
3.43662
2.81567
3.21772
3.34306
3.18996
3.83423
3.6959
3.35286
3.15881
3.17643
2.96739
3.40293
3.05611
3.14368
3.31098
2.98044
2.58198
3.17102
2.60983
2.8439
2.77244
3.67716
3.1252
3.09411
3.23749
3.11114
2.85177
2.62857
2.6692
2.77603
2.85038
2.91473
3.10866
3.03494
2.72868
2.91215
2.93483
3.11301
2.71465
1.73056
3.0012
3.08788
3.35933
2.90132
2.75511
2.84285
3.57733
2.94538
3.11425
3.73408
3.37992
3.02872
2.7834
3.3818
3.46027
2.00607
2.59099
2.31559
2.2873
2.65088
2.59917
2.94755
2.91147
1.84651
2.74793
2.70136
3.05375
2.41677
2.76905
2.84492
2.87176
2.47634
3.2999
2.87334
2.62593
2.8345
2.58718
2.50332
3.07458
3.17549
3.55524
2.88544
3.44591
2.88468
3.01811
3.29644
3.78432
3.37776
3.87182
3.14323
2.48808
2.82802
3.21567
2.71501
3.08919
3.24363
2.46518
3.2885
3.12173
2.82062
2.75969
2.67759
2.65416
2.54874
2.53291
2.69668
2.74105
2.21992
2.88593
2.97217
3.21796
3.53207
2.56834
2.85642
3.31255
3.48225
3.42504
3.3365
2.81029
2.69289
3.17
3.09509
3.10141
3.59016
3.52957
3.28186
3.05953
2.92128
2.98383
3.36497
3.17177
3.41458
3.06408
3.27008
3.09327
3.10897
2.86691
2.93576
3.00293
3.04643
2.95106
3.12774
2.97379
3.13877
2.98511
3.42109
3.61829
2.32216
3.18478
2.47041
3.01882
3.2031
3.39305
2.83352
3.54655
3.17679
3.41941
2.57428
2.80728
2.87302
3.61718
3.3754
3.30738
3.38828
2.01601
3.15874
3.53317
2.2535
2.96061
3.43985
2.88938
2.85288
2.79563
2.23946
2.95326
2.81517
3.8583
4.28487
2.98628
3.46641
3.36851
3.24793
3.03437
2.87903
3.18812
3.45214
3.14418
3.19098
3.30108
3.23908
3.24731
3.16429
2.99389
3.19604
3.22041
3.34724
2.6748
2.92248
2.77624
2.5488
2.76287
3.64953
2.98788
3.0168
3.03532
3.16699
2.5861
2.77051
2.91843
2.67455
3.08286
3.04298
3.03642
3.16127
3.27879
2.98352
2.94017
3.69022
2.23088
2.25752
2.79235
3.30346
3.68462
3.43094
2.90473
2.84282
3.45269
2.96146
2.78481
3.39471
2.9657
3.52181
3.04056
3.38405
3.21281
