1.87581
2.80745
2.42263
2.08107
2.3127
2.6552
2.70073
2.86981
1.55405
2.82208
2.77598
3.17945
2.56284
2.67689
2.90918
2.7625
2.47649
3.07321
2.83903
2.62103
2.91775
2.93676
3.0019
2.86544
3.74614
3.27954
2.6756
2.86806
3.15329
3.21262
3.3859
3.59784
3.38327
4.07111
3.28631
2.41246
2.93666
3.24656
2.52099
3.0528
3.18366
2.60852
3.30621
3.27589
2.47581
2.57443
2.64759
2.53487
3.05408
2.62744
2.49326
2.5599
1.73291
3.0445
3.14081
3.39591
3.80907
2.32261
3.48996
3.37227
3.34733
3.37346
3.54211
2.68702
2.77022
3.06313
3.11992
2.93222
3.48265
3.4678
2.96511
3.44255
3.02357
2.91268
3.03556
3.10866
2.84116
3.08075
3.04602
3.13501
2.89609
2.84037
2.68927
2.91206
2.65439
2.68208
2.82044
3.02379
2.96818
2.90011
3.12106
2.99159
2.55261
3.29897
2.56484
2.87579
3.11633
3.08819
2.97965
3.06023
3.49775
3.32097
2.421
2.90106
3.07205
4.16048
3.10059
3.51126
3.9324
3.19234
3.39433
4.29081
3.40022
3.02423
3.04257
2.81473
2.65855
3.2213
2.52829
3.46245
3.04708
3.44046
3.18051
2.77183
3.16988
3.09591
3.10751
2.95661
3.08384
3.7139
3.52629
4.0557
3.47018
3.43857
3.30312
2.69581
3.12583
3.27301
3.02621
2.978
2.86877
3.00771
3.22111
2.76807
2.68495
2.67036
3.01245
3.13798
2.84817
3.50847
3.04177
2.76063
2.85739
3.04641
2.82699
3.09042
3.29557
2.77528
2.58009
2.87032
2.86117
3.22754
3.54216
3.43888
3.25169
2.83322
2.99795
3.49433
3.21515
2.85972
2.54433
3.61003
2.71123
2.66251
3.45074
3.17233
3.79274
2.61918
3.13176
3.21333
1.89519
2.97723
2.41731
2.21883
2.40878
2.80842
2.81866
2.70041
1.47619
2.8962
2.84898
3.43375
2.47901
2.54177
2.8561
2.77924
2.44866
3.02224
2.33193
3.05388
2.82898
2.88306
3.27787
2.95529
3.38466
3.28369
2.85109
3.71434
2.76773
2.95163
3.39415
3.7237
3.18708
3.79737
3.16634
2.42743
2.53221
2.92431
2.51848
3.31934
3.16263
2.72656
3.2466
3.22017
2.77359
2.8899
2.7301
2.85692
2.83952
2.82626
2.44551
2.46488
1.74992
2.17743
2.91669
3.27511
3.58001
2.22037
3.40058
3.25654
3.78468
3.77637
3.62328
3.02296
2.8667
3.03245
3.27791
3.05643
3.42741
3.59605
3.31251
3.01889
3.22223
2.9163
2.88095
3.08001
3.00024
2.83186
3.56778
3.06282
3.17605
3.00003
3.00236
2.92138
2.81465
2.89766
2.94155
3.27106
2.89831
3.18309
2.94261
3.11892
2.85963
3.53723
2.88054
3.2479
2.97004
2.90488
3.1425
3.42746
3.24081
3.34261
2.4448
2.86707
3.20505
4.22862
3.00297
3.34077
4.32998
3.64303
3.39541
4.15903
3.22089
2.87936
3.184
2.74945
2.89595
3.30614
2.75007
3.19127
2.5652
3.17653
3.46915
2.84032
3.40258
3.26819
3.01204
2.96177
3.12023
3.40544
3.69107
3.80351
3.17856
3.14277
3.49553
3.2459
3.30615
2.73458
3.08749
2.78728
3.03609
2.68463
3.26733
3.26995
2.81502
2.63463
2.88291
3.29504
3.0688
2.94558
2.67663
2.76321
3.12334
3.49932
2.38133
2.5884
2.9056
2.98822
2.77228
2.91806
2.66156
3.64796
3.57859
3.80239
2.68059
3.44093
3.0773
3.59858
2.99381
2.76027
2.83312
3.60301
2.54008
3.06859
3.47825
2.93468
3.47303
2.47922
3.35331
3.90301
