1.83113
2.72057
2.31398
2.06865
2.27817
2.74222
2.85674
2.97687
1.96134
2.82941
3.04993
2.93125
2.56813
3.19601
2.96598
2.29671
2.72331
3.05939
2.75332
2.53177
3.43625
3.05723
3.05833
3.25951
3.0058
3.7541
2.96928
3.14281
3.15834
3.32411
3.65975
3.85875
3.48181
3.64488
3.15799
2.72558
2.74912
3.10387
2.6757
3.01082
3.20795
2.49793
3.77718
3.08844
2.72828
2.2567
3.01375
2.41496
2.96885
2.64048
2.64846
2.55356
2.11013
3.08233
3.60963
3.71127
3.42546
2.47807
3.67466
3.53663
3.21011
3.61648
3.74621
2.73253
3.14694
2.93658
3.34824
3.0583
3.31537
3.88115
3.52467
3.23664
3.21021
3.2451
3.13086
3.29976
3.17715
3.17678
3.10792
3.12915
2.90952
2.99153
3.15496
3.03271
2.78176
2.91736
2.96617
2.92112
2.96082
3.40018
3.53117
3.12444
2.63239
3.64094
2.63943
3.15507
3.16566
3.69254
3.5256
3.03932
3.29906
3.1647
3.25931
3.04278
2.97883
4.14441
3.16984
3.32646
3.7664
2.30322
3.63207
4.05151
3.17914
3.19856
3.12788
3.08826
3.01952
3.57359
1.92319
2.91383
2.4756
3.87036
4.05308
2.85189
3.49819
3.18107
2.86269
3.21561
3.17269
3.32008
3.71814
3.46624
3.4577
3.4337
3.02421
3.10894
3.13907
3.38145
2.89855
3.29913
3.00311
2.70473
3.02296
2.69004
2.93569
2.89002
3.17377
2.99503
3.01054
3.0447
3.26241
2.30797
3.25875
3.30558
2.57421
3.46644
2.94663
2.65705
2.50309
2.70317
2.50403
3.26975
3.54155
3.41455
3.06691
3.2644
3.71407
3.54079
2.94088
2.90642
2.93788
3.61903
3.06707
3.18378
3.51655
3.20114
3.43106
2.77153
3.45076
3.64155
1.84282
2.69708
2.43406
2.23896
2.34866
2.66712
2.85947
3.0546
1.97702
3.07595
2.88551
2.67051
2.31249
3.02729
2.845
2.6655
2.69753
2.86343
2.95147
2.50761
2.73811
2.52246
2.82016
2.93471
3.25135
3.97927
2.90387
2.78589
2.89939
3.09078
3.55802
3.2529
3.76122
3.94132
2.88229
2.89019
2.77074
3.01165
2.74474
3.27751
3.06177
2.69638
3.47764
3.37629
2.642
2.44215
2.81367
2.59053
2.94647
2.41397
2.78771
2.51235
2.09964
3.01855
3.13265
3.51304
3.38057
2.62094
3.32371
3.17741
4.03838
3.64436
3.7636
3.3904
2.71516
2.98516
3.3121
3.02252
3.5283
4.02017
3.21449
3.09242
3.14023
2.99142
3.01551
3.18218
3.18896
3.23488
2.56734
3.03719
2.929
2.99071
2.74495
2.9122
2.90518
3.00344
3.23371
3.50846
2.74398
2.98732
3.5547
3.27438
2.52133
3.80136
2.98599
3.0387
2.97166
3.93835
3.28839
3.01778
3.01928
2.93931
2.74646
2.82471
2.87039
4.3634
3.29162
3.23415
4.08326
3.07407
3.398
4.25926
3.39042
3.17696
3.2517
3.01406
2.70403
3.25616
2.10805
3.20454
3.2855
3.88086
3.64327
2.55818
3.53077
3.55332
3.06557
3.28303
3.01297
2.78127
3.66755
3.31837
3.56507
3.29918
3.0848
3.05466
2.93419
3.0458
3.03858
3.01595
2.63709
2.84999
2.74974
2.78354
3.00099
2.98222
2.91691
2.98509
2.8078
3.14323
3.36284
2.60578
2.55915
3.18402
2.66146
2.74425
2.8547
2.54888
2.48952
2.70296
2.45987
3.41084
3.07936
3.9118
2.68935
3.21854
3.53278
3.30338
3.0325
3.04745
2.53446
4.27243
2.75858
2.6392
3.16565
2.92381
3.49899
2.66837
3.48237
3.239
