1.97692
2.57026
2.45282
2.26527
2.3496
2.56367
2.42142
2.75913
1.8269
2.83587
2.92041
2.83359
2.46431
2.7408
2.52425
2.04516
2.39008
3.04753
2.42196
2.69839
3.14868
3.11536
2.92362
2.9047
2.96412
3.42986
2.84535
3.40977
2.97474
2.7939
3.06107
3.48649
3.34309
3.46755
2.89497
2.85145
2.77109
2.88184
3.08415
3.06771
2.98793
2.63112
3.38225
3.13579
2.71962
3.28892
2.807
2.45398
2.75718
2.82767
2.68367
2.40004
2.06586
2.79997
2.80631
2.83135
3.32671
2.96145
3.34878
3.01897
3.16826
2.84392
3.38335
3.14462
2.75863
2.78959
2.90992
2.82202
3.22959
3.17677
2.84608
2.89999
2.69807
2.92828
2.96955
3.06019
2.81536
3.00993
2.67559
2.63114
2.54665
2.66295
2.81547
2.65069
2.46472
2.67216
2.75679
2.99681
2.34911
2.82942
3.16607
2.84087
2.63066
3.7489
2.33148
2.64178
2.77682
3.08608
3.08771
2.77134
3.01928
2.97265
2.57945
2.7564
2.63539
3.97675
2.9387
3.21693
3.85271
3.76068
3.1992
4.26464
3.01283
2.88018
3.10275
2.67035
2.41086
3.99273
2.19263
3.19883
2.2725
3.9954
3.23292
2.98117
3.12745
3.43952
2.88473
2.79164
2.84627
2.78937
3.37746
3.2116
3.28236
2.92949
2.90486
2.74085
3.20328
2.96064
3.37584
2.8967
2.77138
2.72828
2.66474
2.5664
2.66978
2.52907
2.93852
2.96244
2.78116
3.01367
2.97733
2.31369
3.18462
2.62121
2.56552
3.12259
2.47775
2.5503
2.78881
2.77038
2.76802
3.17878
3.58193
3.508
3.11877
3.20738
3.48745
3.0905
2.76672
2.60275
2.85284
3.42925
2.59485
2.43565
3.15381
2.978
3.6497
2.54742
2.93582
3.22812
1.87684
2.30559
2.51255
2.39333
2.49463
2.5367
2.16344
2.79004
1.86135
2.78075
2.17262
2.73909
2.37878
2.79263
2.72614
2.3624
2.2924
2.88262
2.64532
2.25038
2.96313
2.73096
2.68045
2.89214
3.07134
3.00537
2.76002
2.96861
2.85937
3.08334
3.47464
3.58903
3.37153
3.65357
2.85269
2.64768
2.80975
2.9812
2.61572
2.9656
3.31635
2.43959
3.36361
3.21101
2.5441
3.1655
2.76667
2.49658
3.02231
2.59499
2.74205
2.42018
1.96594
2.57801
2.84366
2.97914
3.27627
2.83466
2.9161
3.14438
3.31092
3.77298
3.38996
3.17366
2.74537
2.819
2.77156
2.87329
3.38802
3.61425
2.85472
3.06289
2.54557
2.52701
2.8546
2.83309
2.83862
2.91416
2.53988
2.77605
2.48084
2.57079
2.93928
2.92226
2.85518
2.55344
2.97496
3.49836
2.62026
3.13192
3.03129
3.02546
2.82244
3.36801
2.60196
2.64792
2.67972
2.98989
2.7511
2.97156
3.26473
3.37335
2.32115
2.65579
2.93907
3.91859
3.02031
2.92394
3.69865
3.57457
3.3256
4.26591
2.7597
2.81004
2.66086
2.81086
2.51927
3.58538
2.27791
3.05294
2.75776
3.64105
3.27941
2.74712
3.18487
4.07272
2.95663
2.99171
2.86696
2.95596
3.59338
3.64014
3.05293
3.08581
2.95557
2.90249
3.0689
2.49996
2.75659
2.59128
2.86375
2.50465
2.94345
2.71259
2.46158
2.50707
2.73379
2.66137
2.96934
2.67281
3.07877
2.68485
3.11092
2.94127
3.05189
2.31179
2.48909
2.64423
2.35579
2.59919
2.82018
2.95562
3.16757
3.96365
2.85055
3.15662
2.85307
2.65299
2.56734
2.82917
2.43576
3.4807
2.74372
2.65239
2.97467
2.90518
3.24276
2.70017
3.37965
2.9525
