2.00231
2.90472
2.53219
2.53718
2.73296
2.67514
3.17681
2.9346
1.73966
3.02392
3.31285
3.17491
2.80139
2.66615
2.83403
3.15805
2.50838
3.10342
2.64195
2.95506
3.47412
2.72977
3.30027
3.03091
3.33211
3.89022
2.89718
3.04517
2.87016
3.4834
3.70791
3.71939
3.46426
3.88056
3.37336
2.30647
2.70733
3.48042
2.52905
3.22125
3.41983
2.50184
3.3716
3.41935
2.8755
2.71295
2.86055
2.59905
2.75448
2.55878
2.71776
2.78989
2.13512
3.02227
2.99962
3.33663
3.60964
1.99204
3.78981
3.45944
3.55602
3.558
3.79499
2.95508
2.93201
3.35354
3.29344
3.3149
3.40948
3.54127
2.97448
3.13993
3.01435
3.14489
3.26571
3.52192
3.27752
3.13467
3.15672
3.41364
2.84554
2.99777
2.9358
2.96884
3.23686
2.98131
2.9412
3.35539
2.93029
2.9816
3.42231
3.36051
2.75213
3.45311
2.68973
3.04893
3.18823
3.35634
3.46494
3.47368
3.7019
3.04136
2.89767
3.11271
3.21101
3.83733
3.21101
3.73738
3.97609
1.73224
3.68503
3.23151
3.50916
3.242
3.31434
3.33657
2.96247
3.66382
2.25265
3.48394
3.1707
3.69231
3.71885
3.27099
3.49699
3.97307
3.05916
3.08402
3.12708
3.25304
3.46923
3.71462
3.37696
3.34401
3.22319
3.11503
3.31367
3.0229
3.21383
3.11267
3.0542
2.68337
3.08328
2.97962
2.69439
2.79846
3.39865
3.11196
3.16603
3.31017
3.13865
2.65573
3.14658
3.65858
2.87866
3.23689
2.85717
2.71641
3.13728
2.6746
3.14966
3.61321
4.01262
3.67397
3.44114
3.04083
3.82919
3.42603
3.34575
2.95305
2.74615
3.68274
3.06944
3.27263
3.35812
3.18206
3.35353
2.88376
3.30163
3.79067
2.14907
2.55929
2.47632
2.39801
2.71212
2.69098
2.91814
3.07346
1.75977
3.33604
3.13993
3.13039
2.65577
2.86995
2.84912
2.90195
2.77287
3.40491
2.74423
2.39492
3.48552
3.27979
2.50178
2.78434
3.41433
3.49551
2.92036
3.37725
3.11377
3.13899
3.49006
3.60314
3.81183
3.71279
2.91895
2.58923
3.20924
3.08143
2.50766
3.27989
3.39847
2.94029
3.72428
3.24142
2.92111
2.59823
2.64256
2.47407
2.83206
2.74881
2.47429
2.55366
2.20805
3.24634
3.16009
3.32263
3.89747
2.53662
3.61533
3.78925
3.38498
3.34629
3.81919
3.15509
3.45066
3.48856
3.03636
3.16788
3.65658
3.16956
3.06675
3.23843
2.96565
2.80682
3.02548
3.47388
3.14117
3.08367
3.31529
3.17386
2.94027
2.84294
2.79745
3.02104
2.88041
2.94507
2.89277
3.55906
2.8565
3.14573
3.21073
3.75585
2.72484
3.55084
2.81122
2.90357
2.87422
3.4329
3.26277
3.39711
2.77694
3.04663
2.97034
2.91398
3.16418
3.77075
3.22779
3.36317
3.92844
2.98805
3.53201
4.10717
3.44429
3.07739
3.28421
3.14488
2.74607
3.40445
2.19285
3.20296
3.03191
3.97007
3.71357
2.72939
3.63242
3.9118
3.21982
2.98964
2.87212
3.00472
3.66941
3.48818
3.24801
3.1689
3.16849
2.91363
3.24115
2.98001
3.2606
3.07005
3.14875
2.768
3.14094
3.08315
2.82707
2.69936
3.43781
3.32735
3.13443
3.15665
3.27918
3.11497
3.28349
2.70485
2.85616
3.25199
2.84746
3.10014
3.06094
2.66553
2.79484
3.32352
3.58655
3.59551
2.88898
2.90282
4.14746
3.26811
3.10128
2.80675
2.85452
3.52599
2.9971
2.57006
3.26302
3.03451
3.26835
3.42896
3.57941
3.77712
