2.0179
3.08259
2.35202
2.1236
2.30471
2.65462
3.27476
3.16313
1.80648
3.18906
3.24427
3.36733
2.22641
2.8526
2.84905
2.20013
2.69943
3.25948
2.47587
2.60002
3.4176
3.07228
2.78876
3.44709
3.09315
4.3327
2.90859
2.80259
2.51671
3.29588
3.57862
3.67943
3.20484
3.49996
2.80715
2.69353
2.96178
3.21514
2.93984
3.29896
3.15136
2.69108
3.64637
3.95598
3.00226
3.20317
2.63095
2.57806
2.62983
2.68623
2.46542
2.52985
2.35383
3.17973
3.58341
3.55049
3.33811
2.36063
3.41639
3.31776
3.00947
3.20031
4.25529
2.93465
2.99688
2.82413
3.3012
3.14292
3.50124
3.80866
3.03949
3.19518
3.10607
3.00575
3.45206
3.35139
3.17642
3.14392
2.72144
2.80437
3.03717
2.83106
3.18742
3.14078
2.6715
2.89154
3.11907
3.46173
2.8803
3.35781
3.55288
3.04588
2.49434
3.30597
3.0432
3.12434
3.34371
3.88393
3.61208
3.0663
3.76101
3.00098
2.4993
2.78134
3.08713
2.72572
2.7495
3.01029
3.23517
2.85954
3.04747
2.90889
3.01996
2.64098
2.82462
2.66421
3.03768
3.12392
2.45044
2.96045
2.74577
3.35065
3.87437
2.88092
3.12175
3.25277
2.98206
3.10841
3.2038
3.59769
3.66699
3.85627
3.15609
3.19431
3.31609
3.14185
3.30665
2.89564
3.19157
2.86109
3.16508
2.61485
3.03918
2.98918
3.0847
2.70694
3.36516
3.12207
3.13086
3.19532
2.79366
2.40748
3.30544
3.04044
2.45787
3.07601
3.0617
2.76271
2.93959
2.90392
2.97223
3.05511
3.33997
3.06921
2.72
2.75967
3.09571
3.29649
3.12325
3.05886
3.36532
3.57272
3.02565
3.31038
3.08094
3.19969
3.12803
2.67458
3.3375
3.29176
1.82922
2.86555
2.43039
2.07723
2.50351
2.59151
3.08735
3.42255
1.82082
3.52484
3.07771
3.16213
2.5001
2.69292
2.94498
2.51942
2.5342
2.98144
2.50168
2.41882
3.44128
2.93539
2.88569
3.26396
3.40426
3.87497
3.26544
3.33086
3.19668
3.21636
3.0492
3.23835
3.20011
3.3935
2.98352
2.99344
2.74244
2.84871
2.72753
3.53609
3.00627
2.78816
3.48288
3.53387
2.80714
2.92835
2.8967
2.73191
2.85845
2.88957
2.61461
2.69251
2.31625
3.58218
3.25735
3.56488
2.75638
2.26844
3.45504
3.40776
2.82929
3.15538
4.0509
2.73228
2.98235
2.84272
3.22518
3.24938
3.483
3.63939
3.19812
3.23825
3.13423
2.89646
3.39084
3.00558
3.29733
3.21755
3.1713
2.98562
3.21195
2.87635
3.38927
3.13738
2.96951
2.96999
2.87309
3.16691
2.58738
2.93745
3.1305
2.95076
2.7889
3.11095
2.67756
3.21963
3.27903
3.16946
3.60235
3.23793
2.92708
3.09583
2.39643
2.73682
2.77551
3.40866
3.52737
2.87922
2.83398
3.31504
3.09657
3.12722
3.36385
2.87698
3.16685
2.95551
3.0097
3.03437
2.70599
2.97397
2.41831
3.3076
4.22165
3.10571
3.2121
2.94422
2.8192
3.42386
3.05132
3.26681
3.76488
3.74688
3.38785
3.27971
3.32229
2.97606
3.35577
3.13675
2.92051
2.97565
2.9294
2.84715
2.85389
2.85102
2.75272
2.59236
3.0348
3.18015
2.8801
3.1226
3.05725
2.63142
2.43699
2.75884
2.45835
3.24157
2.70943
2.68701
2.97612
2.76107
2.99362
2.80423
3.37261
2.78263
2.40612
2.79814
2.94922
3.19604
2.94648
2.69516
2.97079
3.41207
2.8602
2.87455
3.20862
3.08439
3.53218
2.59285
3.19213
3.42205
