1.95942
2.90764
2.41047
2.25885
2.6162
2.8605
2.96936
3.00469
1.73513
3.0009
3.00774
3.4196
2.45546
3.01007
3.21131
2.86422
2.47377
3.29387
2.56621
2.7158
3.69849
3.09245
3.0074
3.10622
3.3673
4.16962
3.31406
3.22051
3.00161
3.36933
3.42591
3.50976
3.45221
3.64439
3.08156
2.9246
2.65079
3.10661
2.84967
3.47437
3.03972
2.60884
3.16775
3.83554
2.86406
2.66436
3.09465
2.71123
3.00943
2.61225
2.8048
2.74313
2.14752
3.24886
3.07324
3.29623
2.96816
2.52275
3.47914
3.41065
3.4602
3.65049
4.06391
2.46974
2.61326
3.11525
3.13578
3.40386
3.57778
4.27609
3.09502
2.91524
3.12028
3.07349
3.58114
3.40659
3.36705
3.16614
3.20822
3.35662
2.7916
3.36706
2.99051
3.42047
2.82525
3.25607
3.38619
3.15515
2.94493
3.08848
3.30933
3.58875
2.51804
3.73349
2.97271
3.25701
3.33579
3.5299
3.37362
3.54898
4.06184
3.40548
2.93558
2.87175
3.1604
3.6085
3.40495
3.52084
4.00734
2.38981
3.47128
3.86663
3.25646
3.35897
3.52764
3.02887
2.80436
2.93891
2.04872
2.83942
2.93217
3.94041
3.69208
2.77755
3.46538
3.30162
2.6863
3.551
3.31253
3.51895
3.80115
3.81458
3.5213
2.99593
2.99106
3.59399
3.29358
3.23401
3.23485
2.89792
3.28007
3.14666
3.41606
3.11219
2.99719
2.80315
3.36156
3.37678
3.08407
3.16136
3.47256
2.81286
3.175
3.15444
2.48499
3.40403
3.2538
3.02509
2.72461
2.69208
3.10443
3.13332
3.47026
3.5172
3.37427
3.21299
3.17661
3.39153
3.22493
2.82351
3.43863
3.8979
2.76629
2.66304
3.11791
3.23961
3.36485
2.68673
3.56184
3.73706
1.98949
2.90637
2.63925
2.48237
2.49237
2.82104
3.46094
2.93119
1.89693
3.07197
3.15197
3.45389
2.40718
2.5364
3.02896
2.90038
2.84589
3.59677
2.95459
2.52961
2.92012
2.9601
2.85343
2.96832
2.83606
4.02704
3.3798
2.98099
3.43511
3.26633
3.27176
3.58092
3.25096
3.78753
3.38957
2.8417
2.84557
3.50048
2.94709
3.44044
3.70376
2.99458
3.67884
3.7252
2.73731
2.96864
2.83109
2.4261
3.15402
2.89932
2.72112
2.72251
2.01443
3.23112
3.21226
3.39054
3.74302
2.53915
3.63351
3.44559
4.09749
3.59963
4.03685
3.27672
3.44455
3.37976
3.24269
3.08334
3.64736
3.86912
3.5057
3.41675
3.03222
3.1729
3.0746
2.91201
3.51683
3.12433
3.45881
3.19809
3.05061
3.09449
3.10099
3.23154
3.01997
3.07679
3.45776
3.4204
3.16483
2.94245
3.48614
3.39038
2.73409
3.65075
3.09763
3.17231
3.18813
3.28239
3.43417
3.34841
3.57094
3.49355
2.8438
3.1562
3.1985
3.85888
2.91423
3.39296
3.62401
3.44644
3.463
4.22978
3.01805
3.05225
3.3721
3.38964
2.67631
2.65575
2.16335
2.65149
3.24145
3.72616
4.10944
2.8345
3.62327
3.41656
3.03466
3.51272
2.95465
3.12094
3.92544
3.8051
3.34311
3.04836
3.41339
3.76443
3.38603
3.29858
2.68995
3.28471
3.08617
2.92469
3.40583
2.8939
2.96505
3.1125
3.21146
3.15247
3.16337
3.28338
3.30033
2.50245
3.11
3.00916
2.86682
2.43462
2.81656
2.75858
2.63378
2.96671
2.86471
4.13276
3.42211
3.67119
2.99555
3.26829
3.49456
3.29058
3.31867
3.34362
3.56919
3.99287
2.68762
3.01821
3.38481
3.33459
3.32479
2.60922
3.63474
4.09044
