1.79268
2.46564
2.41068
2.05928
2.32991
2.75747
2.92695
2.91945
1.76014
3.23683
2.91046
3.57782
2.24931
2.99738
2.55078
2.6566
2.59658
3.00718
2.58469
3.08459
3.30882
2.8255
3.01696
3.25004
3.51304
3.49515
2.94628
2.88529
2.59682
2.92598
3.59905
3.96456
3.58807
3.67125
3.17753
2.46553
2.60272
2.89507
2.31135
3.14536
3.23115
2.47181
2.93773
3.25413
2.67185
2.64773
2.5577
2.4326
2.66466
2.66452
2.55522
2.62715
2.09379
3.32416
3.04461
3.3802
3.59881
2.77824
3.78407
3.48126
3.41124
3.72312
3.56442
2.74352
3.00819
2.88541
3.19757
3.13852
3.44701
3.42823
3.13881
3.06948
3.01759
3.15286
3.02991
2.77273
2.9221
3.01129
3.02633
2.93313
2.99122
3.00974
2.75489
2.89914
2.64861
2.90841
3.14326
3.47701
2.56276
3.32192
3.37104
2.9007
2.35903
2.63696
2.80918
3.09505
2.80739
3.33674
2.97695
3.51553
2.92444
3.30931
2.62755
2.73434
3.06857
3.73432
3.37263
3.46688
3.85289
3.15687
3.5101
4.59284
3.49232
3.06365
3.26645
2.9339
2.98831
3.42806
2.08689
3.02871
2.3959
3.39992
3.41071
3.13953
3.54878
3.83153
3.09333
3.0195
3.26152
3.04311
2.48754
3.6916
3.01742
3.16552
3.18989
2.80688
3.22365
3.06525
2.95118
2.93417
2.98763
2.82449
3.13076
2.87152
2.77363
2.66187
3.1892
3.11734
3.14695
2.9976
2.95239
2.39705
3.31891
2.84311
3.03306
3.13846
3.00177
3.02371
2.83256
2.63297
2.96836
3.09462
3.65824
4.20121
2.9053
3.07606
3.40079
3.29978
3.1499
2.89926
2.66236
2.99594
3.14927
3.31381
3.49505
2.96687
3.41166
3.05523
3.52466
3.68305
1.86617
2.54896
2.24508
2.12769
2.31475
2.64971
3.49097
3.01466
1.80064
3.15947
2.92521
3.34453
2.38426
2.8298
2.75442
2.8762
2.62162
3.21452
2.60768
2.92384
2.91328
3.39227
2.7284
3.09316
3.35539
3.29159
2.80355
3.69134
2.8778
3.06796
3.50406
3.39683
3.36498
3.97203
3.0839
2.4768
2.55504
3.03238
2.31124
3.44129
3.22407
2.6344
3.46921
3.2882
2.83115
2.65473
2.5843
2.61369
2.63426
2.74755
2.66496
2.71228
2.04222
3.11834
3.1716
3.64954
3.34603
2.62322
3.36952
3.37566
3.53222
3.69868
3.76012
3.39986
3.00148
3.27834
3.20475
3.08607
3.42261
3.66369
3.13918
3.3084
3.25983
3.11215
2.92801
3.11284
3.14406
3.1991
3.07039
3.06079
3.10191
3.10719
2.77316
3.05004
2.77073
2.92438
3.21977
3.36096
2.96461
3.61674
3.53136
3.44826
2.46382
3.59901
2.79747
3.04826
2.98579
2.96054
3.12089
3.36759
3.39407
3.0225
2.77536
2.84483
3.22176
4.37576
3.38272
3.29927
3.65611
3.77727
3.27521
3.98444
3.52891
3.0609
3.59873
3.0327
2.85161
3.25368
2.24769
2.82053
2.49921
2.73451
3.61921
2.94483
3.3262
3.53078
3.22279
3.05557
3.11262
3.20756
2.65015
3.65698
3.53097
2.95611
3.29452
3.15377
3.03304
2.91718
3.12655
3.07502
2.84786
2.96466
3.29484
2.60658
2.73117
2.86292
3.46063
2.98596
3.14599
3.30664
2.88322
2.40441
3.20221
3.02708
2.85444
3.04548
2.88288
2.88732
3.11902
2.74872
2.66624
3.35661
3.58607
3.87676
3.39052
3.59812
3.76916
3.59316
3.14705
2.79955
2.96162
1.89884
3.55703
2.87022
3.57353
3.20692
3.55786
3.44795
3.6623
3.56254
