1.9951
3.01725
2.34797
2.33677
2.72055
2.72822
2.89507
2.94037
1.70795
2.89348
2.9511
3.27516
2.62199
2.56171
2.96925
2.80962
2.90321
3.29364
2.74746
2.48349
2.90809
2.53274
2.98553
3.13019
3.50269
3.62763
2.92029
3.09318
3.31709
3.48565
3.34526
3.7063
3.69948
4.46915
3.40033
2.58679
2.79023
3.15832
2.48672
3.25747
3.15868
2.80428
3.58035
3.68168
3.05189
2.49025
3.02804
2.4038
2.88062
3.04853
2.31337
2.38152
2.2115
3.12596
3.6696
3.60806
3.75309
2.972
3.4463
3.42688
4.21003
3.70238
4.17332
2.97381
3.23562
2.83857
3.48233
3.29965
3.91705
3.71488
3.11129
3.49316
3.1994
3.01776
3.282
3.83569
3.31254
3.17158
2.88637
3.06154
3.16849
2.8324
3.17583
3.16363
2.82414
2.96689
2.88281
3.99404
2.9648
3.43438
3.99815
3.62409
3.02971
4.12211
2.51531
3.26444
3.40584
3.21744
3.29442
3.06716
3.30583
3.17105
2.61212
2.7624
3.13365
3.93671
3.29487
3.46653
3.63324
3.14591
3.88287
4.47235
3.45533
3.09694
3.19905
2.85454
2.86502
2.57535
2.35984
2.7623
2.359
3.5608
4.40751
2.90421
3.34544
3.08722
2.84183
3.12088
3.3248
3.71367
3.71058
4.30697
3.43239
3.36067
3.37815
2.9392
3.7116
3.08633
3.32644
3.50646
2.97495
2.82167
3.38635
3.01094
2.90674
3.05107
3.22229
3.21055
3.13415
3.27445
3.36448
2.79889
2.45451
2.79856
2.54737
3.1447
2.86941
3.02845
3.119
2.70145
2.94338
3.7028
2.84211
4.15067
3.37833
3.32936
3.3645
3.33185
3.22665
3.52633
3.10685
3.85929
2.75211
2.87805
3.60357
3.35606
3.40332
3.34867
3.56013
2.90854
2.02263
2.90143
2.46967
2.27138
2.37332
2.74273
3.25663
2.98859
1.83701
3.07824
3.3383
3.16993
2.66925
2.5363
2.6819
2.88901
2.93915
3.40726
2.60352
3.01099
2.6932
3.55081
2.75251
3.10057
3.30432
3.59898
3.12099
3.0481
3.41981
3.20579
3.44011
3.32322
3.82617
4.28751
3.17611
2.61574
3.08051
3.17088
2.29294
3.51291
3.4642
2.78778
3.3415
3.60517
2.99962
3.17716
2.98343
2.76765
3.31204
2.6128
2.4698
2.603
2.41091
3.4077
3.30589
3.65814
3.75152
2.40606
3.66953
3.67236
4.1343
3.7064
4.14806
3.20615
2.53723
2.77297
2.98417
3.01076
3.56125
3.58356
3.74407
3.43297
3.30794
3.06228
3.07153
3.489
3.43094
3.2284
3.26132
3.2415
3.31489
3.0342
2.90392
3.18622
3.0497
3.09008
3.19234
3.37324
2.88451
3.17707
3.77936
3.54378
2.95101
3.36407
2.6309
2.87763
3.6504
2.9283
3.1479
3.24439
3.28349
3.56558
2.57111
2.96917
3.13327
4.41004
3.49894
3.38865
4.11523
3.32955
3.78503
4.35675
2.97847
2.86679
3.31364
3.09365
2.81631
2.83643
2.34135
2.77584
2.63522
3.61072
4.03123
2.7898
3.42059
3.39077
2.78818
3.26519
3.42298
3.5593
3.60893
3.65731
3.44406
3.10465
3.50776
3.23557
3.07627
3.01447
2.99686
3.32851
3.08153
3.21073
3.56947
2.95303
2.60882
3.16643
3.37305
3.22007
3.2287
3.11045
3.07524
3.01245
2.63384
2.84618
2.76168
2.91326
2.80451
3.07181
3.46365
3.04042
2.71578
3.35009
3.17592
4.02127
2.96346
3.79908
4.057
3.42656
3.11142
2.97864
3.08973
3.3461
2.64004
2.77736
3.25773
3.25475
3.40932
3.35383
3.33885
3.36206
