1.74904
2.70963
2.62765
2.17353
2.55167
2.70506
2.73306
2.98324
1.80677
3.0414
2.7644
3.40208
2.68759
2.94864
2.87654
2.78115
2.77363
3.43711
2.95695
2.70071
3.54253
2.77769
2.86214
3.22461
3.5391
3.8198
2.79895
3.31935
3.04949
3.0192
3.42394
3.89822
3.25299
3.61207
2.98804
2.3923
2.89207
3.15249
2.60659
3.06785
3.2152
2.43537
3.11318
3.12966
2.73442
2.66168
2.7653
2.33764
2.62797
2.63445
2.6807
2.67986
1.93525
3.22134
2.90067
3.35596
3.37219
3.18702
3.31167
3.10991
3.1131
3.14978
3.28558
3.08673
2.71876
2.75377
2.90225
3.00896
3.03496
3.78181
2.99624
3.23902
2.95434
2.81031
3.0153
3.13842
3.17741
3.0196
3.183
2.91425
2.93213
2.91132
2.95488
3.03189
2.6297
2.90083
3.24502
2.91876
3.02522
3.26999
3.56385
3.58998
2.62746
2.99585
2.74778
3.11024
3.37613
3.30136
3.06162
3.00738
3.20816
2.94581
2.56793
2.86564
2.91549
4.31998
3.03686
3.16944
4.02027
3.0626
3.0472
3.94855
3.01947
2.95032
2.91644
2.75883
2.80749
2.61913
2.24012
3.33688
2.79753
3.69705
3.28966
3.18318
3.17537
3.83459
2.92326
2.89862
3.19916
3.30461
3.57708
3.83421
3.49375
3.34404
3.22708
3.06558
3.6923
3.42635
3.31855
3.14719
2.91477
2.70799
3.34957
2.99716
2.9857
2.79844
2.93056
3.19841
3.09507
3.11205
3.4006
2.61877
3.07004
2.86012
2.91957
3.3302
2.92691
2.76031
2.6455
2.76299
2.74572
3.10834
3.58655
3.87879
3.17341
2.92611
3.72731
3.23499
2.88354
2.94211
3.0885
3.8038
2.87289
3.13577
3.46947
2.98767
3.71935
3.00858
3.23388
3.63846
1.6503
2.73115
2.44885
2.25568
2.62182
2.80805
3.03587
2.99467
1.87673
3.1378
2.81633
3.31772
2.4348
3.27462
2.81511
2.44513
2.43698
3.24353
2.68953
2.49896
2.74624
3.41484
2.84576
2.80428
3.1945
3.86427
2.70526
3.26078
2.77802
3.03172
3.26697
3.68726
3.51195
3.41824
3.17423
2.39076
2.75569
3.02293
2.59722
3.11608
2.98467
2.70879
3.5098
3.63517
2.65542
3.11138
2.78423
2.40252
2.72008
2.72684
2.81485
2.63532
2.01888
3.26135
3.27294
3.62352
3.08056
2.86127
3.47975
3.01831
3.13182
3.35954
3.99581
2.82261
2.63524
2.76103
3.16222
2.99936
3.46846
3.91014
3.48891
3.2199
3.03624
3.42101
3.20657
3.13405
3.36491
2.84489
2.96473
3.0575
3.03222
2.97134
3.15124
3.08386
3.00225
2.95496
3.42077
3.6327
3.18556
3.17617
3.46376
3.06644
2.55494
3.21705
2.50467
3.19537
3.53335
3.59161
3.49532
3.14914
3.21896
2.90645
2.63085
2.70049
2.80158
4.0684
3.16063
3.21641
3.84593
3.67504
3.5669
3.9338
3.10756
3.03601
3.22313
2.85455
2.78472
3.42211
2.50666
2.986
2.52974
3.61149
3.74049
2.8399
3.04604
3.58038
3.25246
2.9574
2.91527
3.30414
3.61213
3.8803
3.55766
3.36387
3.44828
3.04192
3.34464
3.28093
3.10889
3.11184
3.15043
2.56098
3.02282
3.00569
2.62999
2.91996
2.96887
3.09415
3.30742
3.2221
2.97004
2.27143
3.13181
2.94731
2.96416
3.45327
3.35443
2.93847
2.64775
2.73237
2.80875
3.13935
3.45254
3.58216
2.62415
3.29445
3.64644
2.79384
2.80321
3.10884
2.86009
3.41248
2.77636
2.42427
3.29029
3.17769
3.55801
3.02901
3.60375
3.31179
