2.15328
2.93735
2.96816
2.34323
2.58545
2.82501
2.91992
2.84522
1.6982
2.85719
2.84851
2.77986
2.4947
3.15516
2.91385
2.51142
2.42943
3.22485
2.7221
2.4325
3.33229
3.06861
2.92369
3.25175
3.46434
3.44735
2.96245
2.99191
2.82553
3.63289
3.62304
4.15717
3.71914
4.07267
2.982
2.62853
2.80777
3.25367
2.96791
3.27142
3.598
2.61213
3.34764
3.16928
2.94934
2.63829
2.58841
2.22382
2.44972
2.64523
2.09813
2.48967
2.18185
2.7855
3.16047
3.40457
3.77906
2.99756
3.82806
3.50335
3.13241
3.7582
3.35196
3.70281
2.47601
3.0308
2.78045
3.06957
3.67417
3.73324
3.33337
3.14961
3.19065
3.38189
3.38416
3.39381
3.16508
3.20461
3.12698
3.15724
3.00949
3.21127
3.06143
2.80525
3.0734
3.11383
3.27251
2.85832
2.85698
2.97044
3.46441
3.1214
2.6475
3.67332
2.48031
2.99694
2.92578
3.30037
3.44158
3.83045
3.82875
3.35514
2.96607
2.95783
2.93441
3.93761
4.14022
3.30906
4.07864
2.76352
3.87879
4.50501
3.96938
3.0139
3.12827
2.84666
2.70456
2.87977
2.45584
3.24288
2.84036
3.45484
4.81832
3.25072
3.9915
2.90957
2.8416
3.38296
3.52134
3.89989
3.97499
3.94112
3.60877
3.42639
3.00067
3.10899
3.01168
3.32941
3.34554
3.08467
2.96496
2.86754
3.38678
2.90899
2.75415
2.89199
2.93586
3.01558
2.99037
3.18501
3.12822
2.37535
2.6317
3.23521
2.43319
3.38359
3.39994
3.02652
3.09978
2.81305
3.19648
2.76065
3.52772
3.52469
3.59455
2.83595
3.9099
3.59315
3.31708
2.82475
3.5506
3.22142
3.10678
3.58137
3.4452
3.30043
4.12851
3.40247
3.37648
3.93969
1.93288
3.22762
2.72602
2.22059
2.68177
2.77212
3.74346
2.95583
1.8371
2.99211
2.94327
2.92723
2.49139
3.1973
2.9955
2.8849
2.65473
3.09458
3.02613
2.72234
3.3365
2.90657
3.43733
3.00978
3.34463
3.8949
3.34608
3.81326
3.57311
3.50894
3.67375
3.79431
3.89531
4.24122
3.28126
2.31451
2.94756
3.25749
2.45375
3.31269
3.31716
2.77431
3.82104
3.31362
3.12342
2.99109
2.71928
2.6303
2.66483
2.50179
2.09627
2.51828
2.23444
2.49844
3.03769
3.81225
3.48421
3.1053
3.43512
3.55139
4.00751
3.89537
3.90874
3.28999
2.70195
3.02158
2.96499
3.14765
4.04168
3.7368
3.27545
3.18351
3.38533
3.39972
3.65262
3.17319
3.18029
3.25496
3.22077
3.2304
3.25751
3.38682
3.35456
3.15419
3.18932
2.97784
3.55732
3.31572
3.16779
3.63699
3.4884
3.7455
2.84824
3.455
2.77866
3.22841
3.33601
3.32098
3.58012
3.61802
3.82447
3.07478
2.7502
2.98918
3.10671
4.52786
4.12512
3.52058
4.2788
3.84495
3.91993
4.22537
4.02143
3.08747
3.76917
2.78914
3.29493
3.50251
2.99253
2.77227
3.29096
4.11382
4.67048
3.01214
3.91418
2.75387
3.05871
3.57541
3.38637
3.25183
3.92604
3.65256
3.51599
3.43579
3.12701
2.88823
3.52368
2.94945
3.198
3.21811
2.91667
2.71996
3.17065
3.28967
2.85749
2.90501
3.66221
3.12835
3.05257
3.13701
3.4023
2.82882
2.42967
2.97091
2.24413
3.6104
2.89371
3.02702
2.83523
2.9156
3.04601
3.16615
3.8505
3.69556
3.26358
3.19101
4.40889
3.75705
3.50821
3.02812
3.40506
3.94041
3.28822
2.94037
3.61263
3.31182
3.25405
3.2848
3.69898
4.07485
