1.88484
2.84122
2.33431
2.26759
2.5362
2.40079
3.17953
2.91729
1.58981
2.69067
2.89016
3.24628
2.27676
2.70616
2.96549
2.02897
2.56513
3.29699
2.46245
2.72372
3.04833
2.66926
3.11053
2.94222
3.02954
3.54604
2.76013
2.96183
3.10343
3.05532
3.33945
3.84274
3.41307
4.07391
2.92762
2.57176
2.5014
2.95223
2.52184
3.1649
3.26143
2.47295
3.5749
3.30463
3.00833
2.54638
2.89252
2.40643
2.39524
2.50152
2.63511
2.49011
1.84711
2.90792
3.26318
3.25179
3.62303
1.75873
3.58295
3.47323
3.46714
3.49992
3.84155
3.2304
2.64914
2.8632
2.98926
3.01747
3.55148
3.58664
3.1057
3.14587
2.82722
3.11731
3.0114
3.3982
3.31134
2.98121
2.71804
2.81074
2.63183
3.05398
3.16642
3.06358
3.15605
3.01077
2.72876
3.1812
2.33818
2.66819
3.38051
3.28849
2.62534
3.28038
2.40672
3.08802
3.32366
3.01542
3.3869
3.41904
3.21269
3.08626
2.53934
2.81445
3.10701
4.06687
3.5415
3.18448
3.65291
3.08422
3.35235
4.22903
3.42981
3.10113
3.30261
2.94861
2.64895
3.14253
2.92694
3.51736
2.89298
3.49571
3.98957
2.78264
3.51882
3.70976
3.06835
3.14354
3.15857
3.10477
3.77732
3.91952
3.01385
3.24246
3.18951
2.89546
2.97706
2.89916
2.86135
3.03324
3.02725
2.66778
3.08501
2.70913
2.70818
2.61825
3.32475
3.31512
2.84656
3.14368
3.0218
2.30721
2.95851
2.70332
2.86376
3.1056
3.30087
2.86956
2.68165
2.92175
2.68269
2.73009
3.71368
3.85905
3.20579
3.10145
3.84096
3.22101
2.87536
3.17139
3.00178
3.77285
2.71348
2.58673
3.58209
3.09087
3.87605
2.84027
3.34215
3.14034
1.92229
2.56497
2.19897
2.2682
2.5052
2.5724
3.16495
3.06764
1.68328
2.66232
3.4678
3.34311
2.14929
2.92216
2.82691
2.31798
2.56248
3.14044
2.50172
2.43253
2.53065
2.93508
3.1685
2.63466
2.83816
3.57102
3.01541
3.09431
3.24591
3.10632
3.3688
3.78143
3.13255
3.6124
2.77332
2.7441
2.49827
3.16029
2.27755
3.16908
2.9245
2.43553
3.21744
3.20595
2.96743
2.17413
2.3931
2.38592
2.38802
2.53407
2.49366
2.54608
2.1718
3.04287
2.79804
3.5325
3.51709
2.27113
3.41252
3.19444
3.57104
3.4921
3.69889
2.81913
3.29792
2.6082
3.25246
3.17749
3.60047
3.4102
3.18081
3.17912
3.10933
3.2197
3.1814
3.30216
3.24709
2.90524
3.26671
3.01084
3.04193
2.97791
3.34507
2.85042
2.98328
2.7605
2.75988
3.10081
3.01171
2.67977
3.04533
3.32801
2.5433
3.3799
2.68727
3.08766
3.09078
3.23615
3.11415
3.32591
3.40387
3.42395
2.54165
3.17279
2.94549
4.33213
3.24506
3.11854
3.3739
4.00168
3.46371
3.97541
3.48671
2.79765
3.34725
3.02792
2.77257
3.07617
2.9304
3.39794
3.3158
3.8021
3.91102
3.14698
3.3977
3.76475
3.21022
3.33244
2.9228
3.27285
3.59734
3.67085
3.15541
3.25925
3.16224
2.84283
3.0367
2.83926
2.87534
2.92227
2.75221
2.2897
3.03968
2.87409
2.60925
2.64743
3.16341
3.10787
2.87223
2.96569
3.00736
2.05376
3.14397
2.9512
2.84659
2.69983
2.66165
2.57675
2.61376
2.62237
2.72699
3.56341
3.72666
3.68495
2.51705
3.07536
3.58582
3.33658
2.93403
2.73802
2.83178
3.79566
2.82306
2.66475
3.2726
3.08436
3.25541
3.15864
3.20908
3.25223
