1.78037
2.67481
2.32118
2.12967
2.27779
2.63129
2.98935
3.00263
1.4484
3.18625
3.2331
3.16958
2.49086
3.03729
3.00467
2.50435
2.75636
3.12597
2.52746
2.47248
3.0678
2.60835
2.30524
2.78903
3.07612
3.79976
2.97887
2.67788
3.09245
3.61092
3.63733
4.29202
4.13902
4.29585
3.28187
2.31764
2.68172
2.97557
2.32606
3.20923
3.13652
2.35061
3.76836
3.61392
2.97967
2.46642
2.79385
2.26877
2.57031
2.7689
2.33048
2.37795
1.84595
3.54805
3.55063
3.13439
3.40983
2.32846
4.09907
3.18124
3.39928
3.30936
4.13665
3.26401
3.00557
3.36858
3.27996
3.31926
3.44394
3.4931
3.1274
3.5472
3.20509
3.01712
3.26203
3.28695
3.32119
3.1239
2.92339
3.23422
2.61593
3.02853
2.95286
3.46158
3.26776
3.014
3.48071
3.27003
2.93864
3.46124
3.73891
3.08911
2.76846
3.20331
2.56094
3.04892
3.62224
3.50103
3.17222
3.12575
3.20464
3.2861
2.61663
2.72827
2.77127
4.15828
3.2705
3.603
4.09077
3.13201
3.41274
4.24756
3.73407
3.13081
3.31974
2.8588
2.63108
3.51934
2.19602
3.08174
2.6779
3.81418
3.74029
3.07565
3.39911
3.1547
2.81375
3.43679
2.98265
3.05442
3.69596
4.04431
3.40782
3.47042
3.06157
3.06952
3.31166
2.54785
2.98699
2.87719
2.85854
2.75946
3.22771
2.65306
2.80543
2.66187
3.13755
2.86795
2.95642
2.86358
3.08439
2.48247
2.79392
2.82348
2.52203
2.34814
2.77444
2.94182
2.76195
2.836
3.2523
3.79709
3.47115
3.835
3.17771
3.29698
3.59424
3.32756
3.09092
3.21441
2.98177
3.69275
2.86674
2.65418
3.49132
3.10445
3.49118
3.29326
3.40788
3.63519
1.7731
2.70607
2.40109
2.12
2.48595
2.35069
3.24695
2.95479
1.47417
2.99907
3.02927
3.42059
2.78611
2.74012
2.57492
2.76722
2.84373
2.89375
2.70249
2.19185
2.6677
2.70361
3.22388
2.56238
3.17416
4.02365
2.65112
2.72184
2.97563
3.42177
3.49145
3.93446
3.32727
3.89363
3.13447
2.37236
2.92644
3.15478
2.31626
3.13008
3.39394
2.38498
3.78251
3.60651
2.91263
3.01296
2.69526
2.45393
2.86687
2.47935
2.32684
2.46168
1.88991
3.3682
3.5021
3.28745
3.54623
3.00136
2.72983
3.3436
3.66325
4.16207
4.04726
3.08653
2.94568
3.30603
3.522
3.14045
3.82601
3.33769
3.21515
3.32186
3.0631
3.49203
3.06092
2.92571
3.56078
3.17346
3.06906
3.25593
2.70699
2.81622
2.88614
3.14668
3.3107
3.24118
3.16016
3.52269
3.16575
2.91418
3.51996
3.36112
2.43877
3.43073
2.64668
3.63139
3.33193
3.80362
3.04272
3.31382
3.41136
3.09801
2.78591
3.19275
3.33871
4.36489
4.00116
3.53614
3.98011
3.48785
3.46445
4.45947
3.77734
3.07287
3.55767
3.00252
2.61806
3.55049
2.39276
3.20507
2.41037
3.98504
4.5114
2.9782
3.18033
3.53875
3.11554
3.25956
2.89075
3.35576
3.83063
3.6961
3.41011
3.40657
3.24223
2.93555
3.43042
2.81402
2.99513
2.82272
3.02067
2.51192
3.09867
2.58603
2.81366
3.00851
3.06165
2.83559
3.10794
3.1179
3.20798
2.94172
2.25698
2.73925
2.61712
2.44793
2.3574
2.83645
3.00492
2.59951
2.72578
3.67177
3.30666
3.85827
2.63973
3.49592
4.02595
3.32029
3.19685
3.06357
2.98504
3.72237
3.2672
2.84893
3.52461
3.04489
3.54652
3.17894
3.52249
2.79507
