2.18174
2.83831
2.56656
2.46523
2.51523
2.76315
3.23917
3.15819
1.86385
2.93625
3.08105
2.80375
2.47232
2.74266
2.73103
2.01306
2.56874
3.52029
2.57281
2.79132
3.20719
3.00785
2.5899
3.36793
3.32865
3.64761
2.72977
3.25642
3.23964
3.38268
3.42715
3.87555
3.38039
3.54258
2.83934
2.50407
3.04806
2.9871
2.91631
3.48634
3.33874
2.73523
3.37344
3.2583
2.86782
2.80278
2.99894
2.61927
2.58114
2.77918
2.64545
2.68624
2.30091
2.95264
3.16013
3.25853
3.27231
2.27069
3.33123
3.40817
3.30781
3.70738
3.62695
3.09225
2.65606
2.91075
3.31954
2.86855
3.48507
3.89102
3.15319
3.13327
3.05943
2.97211
3.29133
3.02699
3.04375
3.20192
2.91319
3.179
2.75698
3.04407
2.85134
3.00985
2.95598
3.0423
3.18656
3.11627
2.89845
3.08737
2.94203
2.99543
2.55062
3.75949
2.79233
2.94535
3.1702
3.40459
3.33132
3.10312
3.68438
2.94243
2.66038
3.17224
3.28428
4.5443
3.85749
3.47355
3.91129
3.23821
3.59506
4.36624
4.00939
3.2616
3.71453
2.76721
2.81742
3.38623
2.60177
2.95035
2.74592
3.72234
3.89754
2.96146
3.35241
3.35446
3.07942
3.16997
3.20526
3.23207
3.59747
4.00311
3.1972
3.26234
2.97664
2.9346
3.32525
2.87108
3.07485
3.10583
3.23136
2.81586
2.99199
2.74716
2.73492
2.6998
2.93444
3.03968
3.10749
2.95498
2.71312
2.60496
2.85514
3.05688
2.4184
2.80059
2.73217
2.80454
2.90839
2.76564
2.92461
2.85898
3.51102
3.48731
2.76126
2.60123
3.4958
3.48353
3.03673
2.92365
2.99893
3.30261
3.20389
3.07076
3.099
3.21177
3.33734
3.35813
3.17818
3.44643
2.06211
2.79782
2.5927
2.49181
2.50241
2.56771
2.79178
2.85694
1.94183
2.99134
3.16038
3.33581
2.27165
2.39138
2.81618
2.64356
2.4989
2.99835
2.69545
2.79215
2.63028
2.83546
3.08623
3.17109
3.11694
3.28075
2.76965
3.53116
3.27445
3.01296
3.63624
3.72727
3.27058
3.46114
2.96098
2.49857
2.74456
3.23984
2.67501
3.15225
3.21344
3.15416
3.29318
3.38859
3.31274
3.06605
3.0087
2.71286
2.95747
2.53689
2.78116
2.85892
2.22508
3.02165
2.86395
3.57774
3.34834
2.28772
3.14273
3.33919
3.60896
3.06004
3.63222
3.02827
3.07036
3.20057
3.4649
2.99595
3.64756
3.92802
3.31008
3.26108
3.29201
3.15917
3.25933
2.78249
3.11051
3.30731
2.94913
3.36556
2.87772
3.1365
3.00486
3.05856
2.91997
2.92879
3.09192
2.9887
2.94209
2.82894
3.22123
3.30218
2.65545
3.47514
2.58646
2.98699
3.0935
3.44132
3.46233
3.1661
3.40284
2.86788
2.46851
3.10616
3.92562
3.76764
2.94638
3.45014
3.52043
3.33567
3.48045
4.30057
3.24194
3.00784
3.23491
2.85834
2.91996
3.16954
2.52934
3.2441
2.50583
3.49482
3.34141
2.90795
2.89234
3.84213
3.14348
2.71322
2.7254
3.07082
3.68499
3.15517
3.0772
3.09164
2.95496
2.87117
3.19306
2.74017
3.26485
3.21855
3.13184
2.71113
3.16603
2.60284
2.73375
2.96219
3.24925
3.22394
3.22223
3.10381
2.79986
2.62943
3.05637
2.83246
2.98286
2.61656
2.78018
2.94746
3.06225
2.79711
2.6025
3.13544
3.41593
3.94037
2.57868
2.97756
3.71455
3.02044
3.39347
2.87514
2.80241
3.06033
3.14324
2.68012
2.96729
3.24499
3.0446
3.17163
3.61653
3.69964
