1.77832
2.64755
2.52739
2.21883
2.50581
2.85658
3.22075
2.72072
1.95342
2.77163
2.86318
3.52701
2.52502
2.45474
3.07836
2.64075
2.72754
3.33753
2.51481
3.22488
2.7851
2.48483
2.94829
2.83522
3.57127
3.86868
3.07722
3.14326
2.81838
3.33655
3.58521
3.72242
3.59006
3.8514
3.41551
2.43063
2.85229
3.36952
3.0951
3.49722
3.23653
2.86935
3.29003
3.68405
3.19056
2.81039
3.02165
2.57355
2.85793
2.61625
2.9958
2.68477
1.90558
3.23451
3.07527
3.33128
3.42968
1.58981
2.58288
3.86181
3.44582
3.48123
3.43951
3.16003
3.16684
2.95694
3.27506
2.88778
3.16581
3.64435
2.90839
2.89056
3.10988
3.11345
3.47953
3.13839
2.93022
2.99235
3.12444
2.85451
2.95996
2.90012
2.95105
2.9752
2.68618
2.69395
3.05625
3.35211
2.6814
3.35415
3.41873
2.98925
2.77862
3.39089
2.62596
2.92816
3.35245
2.98361
2.91597
3.4781
3.16373
3.06186
2.2945
2.91367
3.09551
4.04547
3.00993
3.02152
3.2376
2.5882
3.03177
4.14583
3.10114
3.00592
3.5493
3.06551
2.8504
3.54566
2.32836
2.90049
2.77736
3.72155
3.17175
3.1083
3.53472
3.17818
2.99572
3.06115
3.27136
3.67425
3.31647
3.90729
3.54738
3.26864
3.16491
3.16299
3.52371
2.91819
3.44696
3.09484
2.53924
2.81986
3.2826
2.83029
2.68242
2.84625
3.14289
3.32216
3.25981
3.1732
3.43986
2.8822
2.77525
3.30089
2.83812
2.59054
2.8681
2.84353
3.37685
2.84671
2.93234
3.44121
3.70023
3.22086
3.14545
3.11167
3.35235
3.3007
2.84173
2.56753
2.96258
3.53519
2.91963
3.0192
3.60368
3.32535
3.63598
2.42033
3.3998
3.07216
1.76753
2.76723
2.20888
2.03019
2.47877
2.64371
3.32887
2.88017
2.19164
2.89388
3.5232
3.31605
2.55804
3.14825
2.78666
2.53879
2.85859
3.24882
2.4127
2.77455
2.57089
2.90228
2.86187
2.46793
3.54794
3.72826
2.67838
3.6933
3.10113
3.21236
3.20843
3.81772
3.2305
3.62477
2.82859
2.68413
2.58914
3.28357
2.6149
2.98107
3.06957
2.83145
3.46619
3.80934
3.22991
2.52145
2.63965
2.77064
2.46785
2.69381
3.06955
2.6363
1.96266
3.19972
3.15169
3.82149
3.29684
2.49853
3.50255
3.24423
3.49035
3.14861
3.6402
2.66351
2.90466
2.79677
3.49969
2.90121
3.18117
3.79137
3.13279
2.98857
3.07126
3.30854
3.72026
3.21205
3.31629
3.06504
3.02601
2.75052
2.93696
2.85409
2.91402
3.23543
3.42386
2.86843
2.91445
3.11183
3.08305
3.00513
3.45725
3.11557
2.73236
3.34826
2.81979
3.03336
2.85419
3.3336
3.20354
3.65669
3.31087
3.22772
2.20189
2.82493
2.84937
3.34114
3.09868
3.11423
3.09493
3.62315
3.00956
4.1458
3.60659
2.76865
2.86333
2.86331
2.48952
3.10485
2.50835
2.73971
2.88705
3.49961
4.0929
2.954
3.47465
2.98198
3.08589
3.07556
3.14813
3.32333
3.4804
3.63033
3.27453
3.17355
3.43019
3.2193
3.26486
2.80756
3.5902
3.17347
2.80816
2.41018
3.13138
2.84096
2.80156
2.56451
3.13388
3.25415
3.24471
3.07838
3.33543
2.77593
1.99896
2.85528
2.69459
3.25865
2.97491
3.01225
3.05611
2.77171
2.82897
3.1348
3.41128
3.28949
2.77324
3.0923
3.1555
2.97703
2.9074
2.61449
2.86028
2.97498
2.55872
2.48605
3.90403
3.00816
3.33675
2.54261
3.32523
3.40487
