2.15793
3.12491
2.67233
2.5263
2.72514
2.85676
3.26513
2.91468
2.09891
2.95731
3.19576
2.94465
2.57114
2.50448
2.8494
3.05305
2.69811
3.55268
2.91982
3.0501
3.22477
3.26274
2.86442
3.38842
3.13944
3.52864
3.05615
2.91332
3.05751
3.37356
3.53445
3.70494
3.85788
3.80688
3.18813
2.61588
3.16133
3.34938
3.08003
3.05886
3.42929
2.68791
3.4018
3.5193
2.86178
3.34773
2.66568
2.77086
2.77351
2.69508
2.80472
2.7973
2.30422
3.07877
3.14997
3.1431
3.55782
2.62926
3.44367
3.34995
3.04709
3.10983
3.90065
2.84304
2.91725
2.76473
3.21105
2.9511
3.29704
3.32609
2.72706
3.1007
3.21685
2.9349
2.98999
3.25843
3.16698
3.07128
2.92412
3.28153
2.93909
2.91163
2.84423
3.01694
2.85721
2.88746
2.95907
3.17343
2.82246
2.86424
3.46529
3.3219
2.66482
3.9751
2.73771
3.18152
3.47898
3.09333
3.21811
3.69363
3.96736
3.37847
3.2902
2.91738
3.56717
4.45435
3.00507
3.59561
4.29331
2.4018
3.72923
4.40756
3.55479
3.45925
3.49284
3.06216
2.95656
3.1653
2.49256
3.67093
2.99384
3.77287
3.64297
2.73692
3.21344
3.34417
2.7919
3.34628
3.35418
3.41367
3.71742
3.58755
3.09171
3.00617
3.2319
3.05495
3.43877
3.18223
3.27291
3.33652
3.05005
2.72823
3.27403
2.94595
2.97131
2.95936
3.41056
3.24578
2.98141
3.16749
3.27495
2.59436
3.20876
3.30287
2.57397
2.74434
3.03285
3.03398
3.2203
2.98403
2.72698
3.12431
3.689
3.29812
2.8072
3.21613
3.73134
3.74735
3.14546
3.05961
2.88062
3.75232
3.28687
2.64322
3.35324
3.53448
2.91303
2.85516
3.37291
3.4673
2.15275
2.55729
2.43068
2.65258
2.67842
2.86858
3.28024
2.88815
2.03967
3.10434
3.19515
3.02288
2.69168
2.64695
2.78386
2.58086
2.80101
3.19538
2.67718
2.70714
2.88619
3.06692
2.88859
2.72837
3.03189
3.52967
3.08371
3.47594
2.88886
3.09863
3.52133
3.78397
3.63404
3.89955
3.1824
2.70653
2.94148
2.91566
2.75817
3.12987
3.13995
2.67081
3.5306
3.39686
2.89862
2.84184
2.56664
2.7329
2.82344
2.42084
2.69469
2.65873
2.22887
3.0832
3.00656
3.48278
3.45374
2.32658
3.47491
3.42291
3.64226
3.51869
3.78178
2.91824
2.64314
2.78039
2.97316
2.94034
3.30937
3.34492
3.01798
2.86639
3.00868
3.03529
3.0188
2.93387
2.91952
3.23065
2.83769
2.99706
2.89063
2.86652
2.98866
2.99368
2.9254
2.93116
2.75381
3.09171
3.16938
3.14521
3.23993
3.28189
2.4903
3.28852
2.37476
3.07764
3.20867
2.87512
3.32796
3.2587
3.12943
3.06554
3.02168
3.21222
3.473
4.08398
3.48567
3.37625
3.42141
3.04502
3.37416
4.0059
3.44834
3.32727
3.46447
3.07175
2.76148
3.55734
2.64198
3.36871
2.9256
3.57749
4.07749
3.01033
3.29109
3.63719
3.0616
3.55484
2.91798
3.21885
3.67731
3.33136
3.20334
3.08499
3.50354
3.21819
3.17597
2.99287
2.82386
2.80808
2.90229
2.8652
3.27626
2.74133
2.99304
2.99837
3.11692
3.09904
3.17403
3.05206
3.00198
3.28956
2.96072
2.99434
2.58343
3.09903
2.92863
3.05646
2.99909
3.14979
3.48997
3.64585
3.54628
3.53277
2.61832
3.38095
3.79205
3.14723
3.13056
3.07681
2.76572
3.98107
3.14589
2.6436
3.33363
3.19389
2.89936
3.04786
3.6014
3.7368
