1.86558
3.127
2.35977
2.40755
2.6451
2.75989
3.28735
2.99225
1.76456
2.88765
2.79679
3.22992
2.45458
2.66301
2.74297
2.66713
2.4984
3.08024
2.65399
2.54932
3.05451
2.81288
2.66123
3.37783
3.30385
3.35326
3.22403
2.72142
3.01458
3.5252
3.33899
3.6366
3.59356
4.29403
3.06448
2.55671
2.9388
2.92599
2.3084
2.8585
2.9875
2.39418
3.32961
3.20616
2.82678
2.68011
2.5462
2.47626
2.79995
2.62631
2.66416
2.5715
2.11953
2.89988
3.08447
3.41106
3.56724
2.06496
3.79357
3.43156
3.28058
3.78069
3.65017
2.83589
3.23317
3.18904
3.08822
3.01531
3.21921
3.37767
2.87468
2.80637
3.10061
3.04867
3.36158
3.6373
3.08766
3.19994
3.15578
3.15227
3.01015
3.01151
3.0261
2.95503
3.25184
2.99443
3.01088
3.35556
3.13875
3.08939
3.5283
3.96722
2.66185
3.62903
2.60821
2.99685
2.88147
3.06146
3.58456
3.10454
3.4991
3.37395
2.68917
3.0799
2.86846
3.62161
3.49535
3.52936
3.87224
2.79453
3.77271
3.23014
3.67224
3.21615
3.69827
2.84441
2.54462
3.36866
2.67439
3.26574
3.26082
3.76827
3.95923
3.11804
3.49652
3.72246
2.93619
3.53652
3.22879
3.60018
3.94101
3.62061
3.35089
3.72848
3.27662
3.14211
3.26156
2.9046
3.16533
3.03346
2.96279
2.60993
2.96836
2.79553
2.8292
2.77007
3.32228
3.11008
3.05195
3.11609
3.07886
2.46074
2.80719
2.93448
2.75809
3.16857
2.65986
2.73774
2.82746
2.7617
2.75615
3.0256
3.97982
2.92913
3.07125
2.86843
3.8422
3.64775
3.19963
2.94696
3.18242
3.97774
3.23437
3.49838
3.54697
3.36661
3.46005
2.93964
3.48958
3.65173
2.09612
2.95159
2.32553
2.42409
2.48166
2.72598
3.13092
2.80443
1.79143
2.87884
2.77425
2.83918
2.40842
2.74732
2.82953
2.4844
2.6739
3.30865
2.56683
2.74269
2.92106
3.26419
2.29874
3.07585
2.89954
3.68675
3.08678
3.28862
2.74159
3.35545
3.59075
3.95492
3.5526
3.93227
3.54175
2.4896
2.4214
2.99876
2.44998
3.21554
3.22157
2.47068
3.38714
3.20037
3.06459
2.54295
2.62884
2.60171
2.52062
2.72492
2.39086
2.49103
2.18885
2.88693
3.15958
3.82392
3.61317
2.90401
3.37543
3.62413
3.54295
3.49374
3.946
3.34877
3.19721
3.18587
3.04468
3.05935
3.54318
3.52981
3.24834
3.19274
3.17668
3.34615
3.39737
3.3578
3.17301
3.09802
3.09314
2.82907
2.58843
2.97097
3.03168
3.09595
3.19448
3.18915
2.94467
3.4277
2.98413
3.23046
3.69347
3.1508
2.74915
3.56847
2.79339
3.0721
3.03322
3.28022
3.13988
3.05369
3.48906
3.2615
2.73679
3.06863
3.00205
3.55784
3.49269
3.40473
3.89946
2.66178
3.95149
3.94174
3.35256
3.17423
3.5835
3.17623
2.69552
3.2662
2.27563
2.73286
3.14044
3.55405
4.29221
3.20156
3.26179
3.33128
3.4898
3.08693
3.04437
3.41894
3.6898
3.6375
3.23443
3.38604
3.51047
3.09108
3.37977
2.90119
3.12
3.09478
2.91264
2.88427
2.80647
2.86075
2.75708
2.85503
2.95622
3.12647
3.19083
3.04305
2.84125
2.38787
2.83311
3.0488
2.92102
3.07718
2.85005
2.80707
2.61956
2.99288
3.15008
3.73455
3.50166
3.03073
2.65336
2.71172
3.32041
3.44719
3.31181
2.88064
2.99716
3.57577
3.41489
3.47316
3.43151
3.05516
3.42396
2.83189
3.34103
3.61735
