2.14122
2.82014
2.52723
2.38392
2.58142
2.75736
3.06807
2.82149
1.76123
3.09686
2.90226
3.26349
2.22552
2.66919
2.53534
2.48146
2.51605
2.92015
2.75379
2.60272
2.95512
3.345
2.78482
2.99598
2.9892
3.56338
3.01857
2.78048
2.98363
3.13443
3.9092
3.91516
3.53419
3.46753
3.07633
2.2833
2.49374
3.11385
2.38817
3.05816
3.22427
2.13558
3.27495
3.43616
2.5983
2.76365
2.46912
2.59845
2.20461
2.50687
2.77135
2.73906
2.06545
2.9729
3.21448
3.48121
4.18874
1.84578
3.91459
3.57955
3.74895
3.30918
3.56986
2.9823
2.98551
3.4429
3.09166
3.2368
3.42989
3.45113
2.88825
3.30053
2.99868
3.50552
3.42562
3.56579
3.39983
3.26913
3.54854
3.35142
3.04723
3.00136
2.80821
2.95803
2.65398
2.78406
2.9079
3.16212
2.70454
3.15824
3.76559
3.25202
3.11888
3.97533
2.62082
3.03791
3.04849
2.86269
3.24069
3.86307
3.78982
3.60389
2.85411
2.71561
2.92614
4.57937
3.04474
3.67452
4.36841
3.14679
3.84718
2.93035
3.50839
3.22373
3.64664
3.11262
2.78505
3.24136
2.71163
3.64005
3.00934
4.09708
4.21299
2.74488
3.31074
3.32684
3.37138
3.27818
3.09301
3.20763
3.81079
3.79034
3.34368
3.51462
3.19354
3.26715
3.08341
3.39852
3.20369
2.9925
2.90514
2.40696
3.27141
2.56827
3.00812
2.87306
3.46982
3.16634
3.08026
3.20955
3.06009
2.25598
3.22249
3.43083
2.93996
2.8164
2.9885
3.18494
2.92073
3.0177
2.79103
2.74288
3.96948
4.17082
3.10302
3.81034
3.97571
3.6634
3.23009
3.16115
2.82224
3.80605
2.93023
2.78362
3.29529
3.15128
3.3483
2.95828
3.56006
3.69898
1.82045
2.80749
2.27888
2.37041
2.6445
2.80471
2.7937
2.84298
1.83076
2.95096
2.81201
3.4401
2.25914
2.57077
2.68657
2.28419
2.35524
3.36753
2.4492
2.40493
3.2129
2.61282
2.85987
3.04414
3.0837
3.50936
2.9111
3.42871
2.38486
3.28352
3.72362
3.59502
3.5667
4.27816
3.35706
2.23387
2.38094
3.07058
2.12784
3.27746
3.20062
2.26261
3.5113
3.24929
2.52727
2.661
2.45866
2.35691
2.3264
2.48596
2.50003
2.50052
2.09658
3.22306
2.76434
3.09949
3.05762
2.31767
3.01221
3.23697
3.41747
3.1768
3.64049
3.13363
3.37459
3.56925
3.17509
3.14998
3.42374
3.5345
3.22932
3.40635
3.05731
3.12666
3.38095
3.45263
3.04422
3.23097
3.13429
3.32906
2.80167
2.68244
2.87429
3.16098
2.82815
2.91219
2.95771
3.36044
2.70106
3.24218
3.49665
3.46059
3.15401
3.51805
2.72842
3.24848
3.29896
3.14474
3.35606
3.25695
3.43833
3.49645
2.77524
2.85073
3.42783
4.44746
3.07537
3.36425
3.42024
3.96114
3.58119
4.09214
3.30066
2.98743
3.40833
2.77719
2.78937
3.12789
2.71033
3.07873
2.74907
3.84667
3.61004
2.82602
3.33378
3.25434
3.37826
3.20691
2.99423
3.06428
3.64517
3.51543
3.42741
3.76104
3.33376
3.41146
3.55236
2.9839
2.81668
2.91819
2.92508
2.37978
2.94451
2.82656
2.68717
2.63368
2.86354
2.99845
2.94145
3.0493
3.17368
2.36013
3.19618
3.06005
2.49031
3.08501
2.82624
2.8028
2.90569
2.68783
2.97415
3.57683
3.33034
3.8499
2.95185
3.72013
3.80521
3.65629
3.35374
3.11356
2.72982
4.10191
2.79326
2.59253
3.21219
3.15898
3.40412
3.06003
3.41175
3.70373
