2.05401
2.75145
2.36156
2.32768
2.66231
2.72132
2.94204
2.85034
1.75251
2.94182
2.98333
3.12204
2.57245
2.54965
2.6883
2.9926
2.73903
3.28544
2.82041
2.8043
2.60803
2.99662
2.8399
2.81092
3.29636
3.23609
2.86302
3.4323
2.87844
3.12517
3.12298
3.35987
3.19631
3.60514
3.02731
2.59907
2.56131
2.89542
2.24811
2.97531
3.34553
2.67265
3.60262
2.93682
2.5897
2.38464
2.78524
2.82705
2.62275
2.68922
2.44303
2.59144
2.25059
2.96947
3.04598
3.22373
3.18055
2.63069
3.28105
3.11652
3.62977
3.90436
3.80173
3.4739
3.30162
3.69841
3.02044
2.99315
3.5383
3.25538
3.00017
3.28008
2.85619
3.43546
3.08849
3.3544
3.09728
2.96367
2.95773
2.63743
2.83969
3.05581
3.02721
3.1021
2.90193
2.90944
3.2608
3.11806
2.94058
3.7075
3.59302
3.1145
2.64998
3.46274
2.85117
2.90321
2.87455
3.24471
3.47045
2.92732
3.43889
3.08915
2.73445
2.68147
3.06649
4.42718
3.30361
3.39676
3.99568
3.13103
3.43428
4.26981
3.5144
3.06259
3.25135
2.95219
2.85611
3.28831
2.14781
3.17073
2.88184
3.73936
4.33069
3.01314
3.42577
2.74165
2.58763
3.25447
3.11288
3.53695
3.90255
3.04396
3.35184
3.18625
3.58487
3.10134
2.98982
2.87755
3.31878
3.01586
2.81645
2.76726
3.27079
2.76194
2.88271
3.06556
2.97046
3.31384
3.01549
3.07801
3.01001
2.3124
3.16594
2.82855
2.46922
2.88733
2.50187
2.82242
3.08614
2.81034
3.24682
3.24516
3.44278
3.45576
2.93379
3.33685
3.98257
3.42956
3.10463
2.9202
2.96583
3.57303
2.76585
2.61183
3.28744
3.88072
2.96787
2.64305
3.37513
3.43495
2.18579
2.79168
2.22803
2.32129
2.47791
2.55216
2.83659
2.85795
1.88945
3.00442
3.09444
3.15109
2.50492
2.37758
2.89642
2.75116
2.78936
3.43742
2.89359
2.61717
2.73063
3.03226
2.81722
3.02546
2.90421
3.38565
3.02729
3.4424
2.70019
2.86847
2.91077
3.33078
3.07439
3.9122
3.01827
2.40685
2.69048
2.87832
2.49298
3.35567
2.91256
2.82345
3.43588
3.07066
2.63809
2.58358
2.7911
2.51055
2.39431
2.79405
2.73754
2.72996
2.13063
3.0154
3.01166
3.5864
3.21332
2.65397
3.09484
3.50796
3.81372
3.72155
3.73833
3.33361
2.9247
2.8404
3.01973
2.91575
3.57581
3.3979
3.03893
2.93603
2.80086
3.07934
2.94404
3.24552
3.18722
2.96945
2.96794
2.81529
2.97567
2.68906
3.23077
3.15255
2.79552
2.91315
3.10866
3.30406
2.9901
2.87388
3.57273
2.94167
2.78444
3.50657
2.5721
2.93267
3.0717
3.13788
3.15403
3.06324
3.17935
2.77268
2.86836
2.76237
3.06346
4.26844
3.26766
3.44518
4.03682
3.03268
3.56554
4.31187
3.22414
2.95221
3.58905
2.90228
3.04964
3.24411
2.48653
2.76918
2.92076
3.62556
3.93036
2.65201
3.51854
3.58684
2.96147
3.31269
3.02176
3.33534
3.75264
3.59662
2.98983
3.23152
3.31208
2.94362
2.94654
2.94335
2.98353
2.86453
3.12339
2.73575
3.11249
3.10227
2.78464
2.88366
3.10008
2.87543
3.03214
2.88589
3.17555
2.63976
2.80242
2.50283
3.1436
3.01498
3.08954
2.90802
2.62973
2.40915
2.86447
3.03889
3.35105
3.69312
2.64238
3.23443
3.2281
3.27611
3.02074
2.73769
2.67995
3.80077
3.06732
2.72653
2.96826
3.24782
3.4231
2.89971
3.5349
3.17045
