1.94773
3.16742
2.51031
2.28067
2.5014
2.67933
2.52557
2.94999
1.59652
2.96257
2.76289
3.51474
2.4226
2.24022
2.82457
2.47614
2.68674
3.47759
2.37812
2.40659
2.96175
2.74806
2.94683
3.3075
3.51131
3.0935
3.35111
3.28771
3.41825
3.50223
3.46374
4.08115
3.66689
4.60925
3.46059
2.55461
2.91052
3.57625
1.81007
3.38002
3.57846
2.79409
3.57549
3.18345
3.07443
2.77495
2.60447
2.50061
2.36667
2.76558
2.23973
2.59116
1.99396
2.95874
3.07518
3.49767
3.55113
1.94891
3.7087
3.24399
3.70953
3.76348
4.37668
3.45987
3.48231
2.75276
3.23012
3.05933
3.75248
3.74756
3.46526
3.38736
3.12967
3.25814
3.18459
2.96831
3.25152
3.16298
2.99896
3.1113
2.89769
2.7722
3.31133
3.204
3.3575
3.14754
3.30452
3.51969
3.24274
3.26467
3.12401
3.32373
2.63145
3.73169
2.68959
3.0343
3.38711
3.22442
3.17958
3.23618
3.33403
3.1136
2.46992
2.90574
3.11287
4.42676
3.53631
3.4526
4.17405
3.39554
3.57948
3.54241
3.22612
3.22444
3.16703
2.8851
2.86714
3.09144
2.32768
2.93552
2.78766
3.50051
3.96809
2.80509
3.16396
3.14824
2.85253
3.2694
3.11994
3.55998
3.66703
3.79009
3.37107
3.18696
2.99506
2.81176
3.52615
3.57148
2.97014
2.99825
3.21653
2.96669
3.30744
2.96604
3.21818
2.66807
3.36911
3.04054
3.13516
3.41382
3.03735
2.77766
2.53782
3.06295
2.57495
2.93168
3.5213
3.28883
3.12595
2.51727
3.18678
3.70143
3.02823
4.03866
3.66237
2.85172
3.83293
3.36088
2.98039
2.67595
3.06065
3.80918
2.98316
3.45761
3.37774
3.45631
3.80415
3.04538
3.36082
3.85352
2.15353
2.7154
2.6065
2.24152
2.53865
2.65057
2.84714
3.06114
1.69776
3.29958
2.72153
2.9038
2.19355
2.28007
3.49114
2.53098
2.69321
3.34064
2.47054
2.65887
2.63192
3.14929
2.88509
2.99315
3.1709
3.67622
2.58001
3.27735
3.24347
3.25427
3.4416
3.86664
3.53965
4.12231
3.42434
2.40358
2.59134
3.12287
2.50111
3.27859
3.16067
2.48531
3.33091
3.13804
2.62399
3.05981
2.64683
2.49236
2.87086
3.02588
2.38961
2.56457
2.12671
2.89848
3.37345
3.36424
3.68895
2.7262
3.71778
3.01545
3.49899
3.87532
3.77003
3.23522
3.29337
3.53829
3.21486
3.17621
3.80152
3.72109
3.02733
3.59724
3.24321
3.69218
3.1049
3.27994
3.2676
3.0414
3.07835
3.61444
2.77514
2.99248
2.99219
3.00505
2.89266
3.03123
2.95441
3.62988
2.71978
3.63775
3.29145
2.73634
2.35833
2.9506
2.66709
3.0583
3.20195
3.6169
3.07716
3.04306
3.42231
2.93225
2.68757
2.78775
3.47587
3.98376
3.38615
3.37273
3.75571
3.55288
3.18307
3.18958
3.71768
3.03933
3.63359
3.09083
2.8702
2.56803
2.25336
3.03603
2.97598
3.47788
4.28676
3.05712
3.51238
3.54275
3.30762
2.99094
3.15658
3.40732
3.70191
3.9998
3.6879
3.26346
3.21365
3.5906
3.11175
3.52448
3.04668
2.95413
2.61691
2.90263
3.17312
3.25773
3.08706
2.79948
2.83557
3.14893
3.46783
3.1561
3.18595
2.91345
2.44073
3.00126
3.02351
2.94455
2.81111
2.739
2.82653
3.11691
3.40258
3.3898
3.3941
4.13337
3.13411
2.95319
3.47724
3.47362
3.38527
2.72605
3.01452
3.73856
3.03848
3.20339
3.36824
3.03166
3.3394
3.22631
3.52304
3.36116
