2.24126
2.76854
2.64992
2.39028
2.64247
2.90023
3.12306
2.96386
1.76334
3.18179
2.86502
3.33795
2.74831
2.24861
2.87838
3.36838
2.77685
3.05105
2.54261
2.96526
3.42883
3.06005
3.08075
3.25901
3.3643
3.72931
2.87182
3.41146
3.3011
3.39539
3.6399
3.78655
3.72053
4.04701
3.30973
2.79478
2.92586
3.28457
3.09142
3.32399
3.38936
2.98959
3.46459
3.18313
2.79246
2.5471
2.83264
2.53293
2.57953
2.87061
2.72075
2.54087
2.21062
3.1606
2.98998
3.63902
3.74989
1.7879
3.3439
3.24543
3.38467
3.16868
3.5449
3.19338
3.29933
3.3686
2.92839
3.08017
3.48338
3.41342
3.18402
3.6886
2.96011
3.23232
3.53344
3.44136
3.53044
3.28619
2.99723
3.0666
3.01682
2.92491
3.21705
3.00686
3.12236
3.01011
3.08293
3.36062
2.97995
3.22677
3.71125
3.23252
2.76242
3.63777
3.19007
3.01431
3.0506
3.45108
3.79843
3.58131
3.71413
3.25901
2.9193
3.03772
3.15944
3.7715
3.69438
3.38847
4.11668
2.79153
3.52561
4.366
3.48684
3.11043
3.32136
2.93185
2.81539
3.22254
2.01795
3.15956
2.64301
3.67267
4.34186
3.14451
3.71251
3.36808
2.90919
3.24104
3.44074
3.58273
3.87421
3.78874
3.62535
3.19948
3.51355
3.218
3.83463
3.07496
3.18818
3.26236
3.1041
2.69525
3.1529
3.08772
3.03062
2.74421
3.97897
3.12712
3.06148
3.34592
3.3305
2.8943
2.85792
3.17906
2.90404
3.60565
3.08957
2.82055
2.93415
3.09098
3.10711
2.84623
3.45155
3.77193
3.605
2.57083
3.20715
3.9483
3.11714
2.90299
3.46923
3.72637
2.96486
2.88099
3.62599
3.77765
3.37969
2.82029
3.52335
3.55727
2.08166
2.52916
2.56304
2.43149
2.68901
2.56685
2.80227
3.18818
2.08423
3.10483
3.29673
3.26962
2.56777
2.82002
2.78653
2.87264
2.88884
3.2482
2.61324
2.74562
3.33649
3.18626
2.97439
3.29984
3.3322
3.46237
3.1267
3.43158
2.63983
3.28694
3.54021
3.71211
3.54811
4.05772
3.23385
2.77731
2.95541
2.96978
2.53901
3.33575
3.22802
2.54727
3.14426
3.26968
3.1905
2.48882
2.45797
2.83169
2.56295
2.67911
2.93034
2.69822
2.29316
3.16394
2.8233
3.39098
3.44216
2.00432
3.67848
3.34466
3.64159
3.30963
3.66689
3.19822
2.79955
2.82938
3.53445
3.02533
3.38133
3.62972
2.95143
2.82289
3.18713
3.31149
3.37181
3.41227
3.19539
3.29583
3.08784
3.07908
3.05842
2.96906
3.18673
3.07102
3.23176
2.94718
2.67144
3.38092
2.94836
3.16529
3.52961
3.16515
2.45612
3.5902
2.77729
3.08236
3.26859
2.99522
3.75938
3.41494
3.84152
3.46394
3.059
3.31599
3.08098
3.28898
3.29309
3.37605
3.56567
3.25351
3.44951
3.20143
4.3054
3.06661
3.32651
3.25165
2.89048
2.96759
1.93081
2.41482
3.04186
3.66109
4.01166
3.66671
3.64913
3.14153
2.91913
3.4991
3.35815
3.60259
3.51649
3.72455
3.41646
3.25018
3.49152
3.39128
3.14792
2.8647
3.58718
3.26201
2.90178
2.84828
3.24203
2.67598
2.94613
2.70691
3.33396
3.07241
3.03618
3.08755
3.47026
3.05741
3.15498
3.04965
2.6711
3.14316
2.90066
2.34417
3.00583
3.01359
2.98522
3.24708
3.62506
3.43162
2.40086
2.88139
2.74557
3.39882
3.02751
2.83178
3.15864
3.50321
3.53567
3.44158
3.56052
3.34696
3.42498
2.43749
3.27232
3.6316
