1.97436
2.64565
2.41526
2.34861
2.37647
2.79046
3.07629
2.39858
2.40789
3.02095
3.19731
2.76442
2.78463
2.25393
2.97942
2.64614
2.70434
3.57583
2.96314
3.17515
2.87745
3.16565
3.01611
3.11649
3.58762
3.20115
3.28948
2.93765
2.54226
3.29505
3.17575
4.0383
3.43419
3.88235
3.10832
2.87835
2.8035
3.25012
2.66454
2.92964
3.16841
2.73953
3.30561
3.06495
2.81186
2.25916
2.44656
2.65984
2.68273
2.605
2.82377
2.83361
2.18313
2.34602
2.44229
3.22819
3.68108
2.22153
3.87829
3.61785
3.98112
3.29756
3.2689
3.75223
3.56866
3.07663
3.1216
2.85283
3.4369
3.39697
3.12666
3.9375
2.88475
3.44112
3.71789
3.21661
3.32876
3.25541
3.0997
2.903
2.78915
2.97949
2.70287
3.10541
3.30927
3.11716
3.34221
3.82724
2.71783
3.23716
3.99222
3.68597
2.80424
3.35703
2.95016
2.68977
2.76822
3.16022
3.05539
3.42221
2.73066
3.47441
2.57223
2.92693
2.98649
3.84597
3.35798
3.38338
4.14711
3.10176
3.73984
3.82477
3.22942
3.36209
3.3172
3.14418
3.09342
2.99203
2.15656
3.31065
2.96368
3.19854
3.88452
3.00128
3.76183
3.38439
2.85832
3.45629
3.52561
3.8579
3.51739
3.86197
3.75906
3.44172
3.49016
3.00057
3.39732
3.36273
3.28703
3.16486
2.80847
2.80396
3.20199
3.20121
2.96867
2.61245
2.97153
3.10385
3.0555
3.26567
3.22248
2.44489
2.79376
3.10178
2.59748
2.68929
2.65176
2.91294
3.17455
2.66395
3.23777
3.26951
3.36315
3.7142
4.68012
2.99213
3.39876
3.24218
3.22646
2.98498
2.61819
3.84879
2.98812
3.32613
3.63593
2.85579
3.94533
2.60122
3.43192
3.8034
1.93948
2.91125
2.55198
2.29914
2.68439
2.99472
2.60991
2.90022
1.84203
3.07388
2.82653
2.99824
2.59313
2.74972
3.18576
2.65908
2.56627
3.01065
2.76116
2.84894
3.01569
3.1091
2.92676
3.31938
3.24547
3.8862
2.98852
3.1402
2.97175
3.14697
3.44846
3.96154
3.17234
3.52077
3.13812
2.46052
2.67206
3.11137
2.60451
3.05707
3.18359
2.68584
3.08791
3.13945
2.71554
3.16126
2.75367
2.39839
2.5155
2.73182
2.61625
2.68484
2.29087
3.09585
3.38496
3.14381
3.44889
3.02756
3.72606
3.63612
4.26862
3.71518
3.52494
3.86458
3.05053
2.68779
2.89932
2.99191
3.46816
3.46906
3.02163
3.22949
3.02833
3.16886
3.24556
2.49469
3.69468
3.1487
2.79527
2.91148
2.90187
3.00922
2.91258
3.14552
3.34611
2.97783
2.99316
3.48673
2.97773
3.77229
3.8667
3.88241
2.59527
3.69816
2.69243
3.18579
3.12768
3.18425
3.22408
3.79482
3.47914
3.49286
2.79346
3.01529
2.74666
4.1178
3.68664
3.42335
4.04062
3.07403
3.75805
4.18004
3.77003
3.50373
3.87191
2.80665
2.84197
2.75016
2.58228
3.3286
3.07808
3.1447
3.42621
3.15763
3.71887
3.47618
3.67369
3.11703
3.14665
3.46079
3.46108
3.68913
3.58346
3.05931
3.40456
2.92985
3.29133
3.19109
3.13975
3.08085
2.9437
2.87879
3.29717
2.8863
2.831
2.92386
3.47825
3.01416
2.91833
3.09558
3.02847
2.61524
2.21329
3.41964
2.9394
2.79714
2.94621
3.3724
3.0948
2.71718
3.21398
3.43198
3.81526
3.56306
3.61846
3.18917
3.28081
3.34198
3.20611
3.29853
2.8272
4.0132
2.8487
3.07582
3.84596
2.8655
3.80966
3.07979
3.34583
3.32801
