1.69028
2.54407
2.36575
2.19419
2.30713
2.65529
2.87336
2.88945
1.92724
2.75511
3.2205
3.60225
2.44558
2.50671
2.58691
2.78674
2.8654
3.50539
2.70059
2.22613
3.30827
3.43099
2.56891
3.51532
3.53068
4.12166
3.22145
3.10144
3.44311
3.27381
3.69007
3.7641
3.98247
3.69818
3.15017
2.76922
2.92304
3.21362
2.82067
3.18206
3.39501
2.8642
3.3757
3.30731
2.80195
3.21216
2.66195
2.23555
2.57893
2.79645
2.72759
2.68395
2.04718
3.10639
3.25044
3.39836
3.32401
3.00453
3.48324
3.21772
3.25511
3.14424
4.14385
3.19881
3.38821
3.10706
3.16373
3.16796
3.43444
3.75616
3.10193
3.48569
2.93923
3.13696
3.18303
3.46198
3.39903
3.09989
2.91836
3.10623
2.87776
3.09893
2.91178
2.89777
2.94377
2.99381
3.10677
3.38233
2.88074
3.85751
3.25358
3.06859
2.5075
3.18293
2.73229
2.99409
3.19878
3.22421
3.17859
3.20865
3.12413
2.99707
2.50098
3.08663
2.90706
4.07976
3.36697
3.21145
3.5473
3.05532
3.45754
3.45265
3.63379
3.30323
3.71759
3.28742
2.79025
3.27466
2.49155
3.48594
2.47083
3.81149
3.79371
2.70822
3.63359
4.06867
2.99059
3.50333
3.05008
3.5354
3.55098
3.55242
3.48128
3.70739
3.14434
3.2444
3.23133
3.07762
3.08798
2.85043
2.90375
3.099
3.4912
2.86966
2.77082
2.86019
3.72325
3.0655
2.87846
2.92536
3.47683
2.9997
2.88789
2.77726
3.13838
3.31532
3.18702
2.71458
2.4309
2.86921
2.68431
3.27612
3.46058
3.30717
3.06092
2.55528
3.49395
3.19935
2.91303
3.10531
3.2543
3.55317
2.89725
3.23855
3.61952
2.95001
3.65746
2.55959
3.56057
3.17012
1.63984
3.053
2.35754
2.18315
2.31246
2.789
3.20512
3.0108
1.99627
3.127
2.56138
3.24372
2.33036
2.48517
2.78873
2.57398
2.74172
3.32384
2.43279
2.61043
3.14049
3.22543
2.79691
2.81589
3.41726
3.90125
2.94711
3.69188
3.56674
3.10292
3.1758
3.54687
3.60081
3.81166
2.99123
3.15366
2.68782
3.20832
2.89061
3.28558
3.14614
2.6968
3.44133
3.32594
2.66866
2.36026
2.72551
2.50631
2.69143
2.36572
3.00092
2.63594
2.14983
3.01399
3.13346
3.51587
3.18855
2.43546
2.95989
3.35233
3.45002
3.72642
4.01374
2.98881
2.36569
3.27123
3.42205
2.98394
3.76525
4.0107
3.46021
3.39315
3.1013
3.02995
3.32735
3.50017
3.538
3.10918
2.91094
2.87711
2.78071
3.09406
3.06167
3.20928
3.17204
2.92863
3.21235
3.41347
2.87002
2.98285
3.2537
2.98877
2.80295
3.38527
2.94135
3.3027
3.10004
3.09482
3.2212
3.24111
2.86675
3.10688
3.11255
3.1412
3.66338
4.20092
3.10659
3.06149
3.56285
3.27634
3.21986
2.93004
3.49234
3.08855
3.27589
2.94376
2.81685
2.94269
2.14957
3.15862
2.47077
3.39235
3.89675
3.54246
3.70696
3.69173
3.34628
3.03603
3.1263
3.18631
3.544
3.23769
3.44846
3.26372
3.23418
3.06418
3.45687
2.94982
3.0652
2.75497
2.74999
2.70247
3.24178
2.53728
2.88219
3.03838
3.75451
3.16136
3.16332
2.8581
3.00937
2.59925
3.08432
3.1291
3.08905
3.72616
3.29551
3.24354
3.03747
2.89509
3.14259
3.07854
3.55736
2.98209
2.3236
2.82415
3.6639
3.41922
3.16001
3.16712
3.13921
3.73519
2.8241
2.77701
3.71517
3.2018
3.36731
3.55941
3.20597
3.15857
