2.01324
3.20378
2.35712
2.13205
2.36615
2.58351
3.17501
3.10194
1.7144
3.05808
3.5202
2.96726
2.58857
2.73995
3.02204
2.60011
2.63931
2.88916
2.52648
2.95643
2.76323
2.72254
2.93654
2.99338
3.32942
3.65808
3.12031
2.79958
3.399
3.26874
3.43537
3.38931
3.46491
3.75707
3.00441
2.68455
2.56691
3.10143
2.60595
3.20751
3.37317
2.67264
3.71263
3.57874
2.94756
2.28866
2.63917
2.53888
2.86527
2.80854
2.58298
2.51563
1.98681
3.36029
3.1957
3.81292
3.21267
2.35351
3.35136
3.26894
3.55415
3.46571
4.08797
3.32718
3.42801
3.06913
3.57113
3.30735
3.78173
3.63067
3.23248
3.52573
3.0653
3.10158
3.23196
3.43412
3.24823
3.3761
3.0609
3.04731
3.00504
3.22342
3.3227
3.35491
2.97424
3.07306
3.39171
3.26799
2.96336
3.37792
3.66298
3.71151
2.93247
3.67383
2.71657
3.05787
3.3799
3.73652
3.08026
3.70968
3.82159
3.8331
2.79674
2.87209
3.38922
3.67076
3.05142
3.40138
3.97202
2.54063
3.5722
3.70674
3.67014
3.20748
3.29643
2.82551
2.73944
2.87127
2.31308
3.02674
2.46595
3.82088
3.90995
2.65638
3.44308
3.55469
2.76065
3.29156
2.91992
3.42906
3.6806
3.98069
3.2213
3.20378
3.12949
3.01818
3.44049
2.90637
2.8649
3.11678
2.77284
2.61684
2.94536
2.73485
2.92723
2.87933
3.50096
3.28368
2.90169
3.17508
3.33956
2.5604
2.47371
2.95609
2.91332
2.97217
3.0004
2.78866
2.9642
2.92342
2.9782
3.09066
3.1605
2.59342
2.74521
3.26231
3.26311
3.42283
3.35295
2.82962
2.97343
3.46709
2.80037
2.56935
3.23313
3.52191
3.41089
2.87914
3.57962
3.58857
1.96474
2.99891
2.38228
2.09056
2.33467
2.48797
2.87567
3.08156
1.74603
3.29619
2.95511
3.4893
2.21108
2.562
2.98957
2.54354
2.69343
2.93693
2.67792
2.67811
3.11271
2.75301
2.70197
3.06194
3.21611
3.53523
3.15981
3.44245
3.14729
3.4342
3.25415
3.54676
3.65252
3.63893
3.25437
2.38601
2.87752
3.03855
2.52817
3.17632
3.19651
2.45646
3.46473
3.19467
2.94737
2.82743
2.4381
2.43424
2.88357
2.69226
2.68548
2.54726
2.27654
2.97139
3.27024
3.44775
3.28788
2.72675
3.12368
3.39442
3.60039
3.54067
4.05233
3.57434
3.42104
3.5706
3.68405
3.2908
3.82136
3.76588
3.65283
3.76222
3.26026
3.21651
3.42976
3.68757
3.32165
3.22781
3.15577
3.28651
2.83582
3.19279
3.26651
3.14276
3.15861
3.18613
3.32168
3.33046
3.07722
2.97562
3.81995
3.30297
2.85155
3.47056
2.72774
3.22587
3.29739
3.69032
3.79855
3.29468
3.50288
3.50932
3.07038
3.03285
2.96787
3.96093
3.1548
3.67013
4.34422
3.16841
3.7516
3.7863
3.59587
3.18074
3.48062
2.94675
2.79098
2.8396
2.03845
3.00857
3.11317
4.09306
4.0274
2.85024
3.5998
3.27365
3.11895
3.08552
3.42254
3.59666
3.55878
3.67079
3.49926
3.17161
3.19103
3.44663
3.49562
3.09117
3.23052
3.13936
2.76164
2.56649
2.96376
3.0454
2.73521
2.74435
3.53734
3.11284
3.06013
3.04468
3.21879
2.34971
2.69699
3.21196
2.91848
2.74635
2.80495
2.97355
3.11559
3.05482
2.90706
3.71817
3.05593
3.56609
2.86832
3.4282
3.70694
3.55592
3.38042
3.17594
2.94958
3.49154
2.91475
2.82735
3.22503
3.17062
3.10252
3.19099
3.4864
3.40045
