1.81672
2.89946
2.3913
2.14099
2.44704
2.74659
3.31223
2.8335
1.89154
2.97409
3.07541
3.19712
2.64116
2.18755
3.11778
2.81359
2.51841
3.11218
2.72435
2.69505
3.05499
2.97891
3.19118
3.14217
3.42129
3.99655
2.92584
3.55025
2.71611
3.01946
3.47934
3.42435
3.59579
3.96707
3.16268
2.57913
3.04418
3.21476
2.67762
3.17211
3.36564
2.55017
3.2333
3.18562
3.01807
2.46145
2.78676
2.74828
3.08539
2.7615
2.87903
2.61185
2.19867
3.3163
3.04392
3.89362
3.33291
2.15324
3.49833
3.15512
3.51258
3.47021
3.69876
2.97617
3.29052
3.11116
3.04898
3.06895
3.72866
3.67246
3.13424
3.57559
3.0051
3.09369
3.44943
3.45167
3.17975
3.06344
2.96703
2.88494
3.35032
2.95474
3.05484
2.93243
2.70902
2.94329
3.34638
3.39883
2.96636
3.82237
3.42431
3.12456
2.72531
2.97593
2.65673
3.01141
3.17693
3.36876
3.39813
3.11444
3.56941
3.43055
3.12645
3.07598
2.83071
3.94334
2.89799
3.24663
3.79654
2.60772
3.55835
4.2638
3.66296
2.96228
3.60876
3.33761
2.78696
2.96139
2.00081
3.16619
2.83304
3.78146
3.31785
2.95019
3.53398
3.3058
2.6947
3.27155
2.99943
3.31173
3.65176
3.66652
3.31315
3.2562
3.27209
3.18677
3.47295
2.70516
3.33695
3.13113
3.32704
3.00623
3.42683
2.89883
2.72143
2.90271
3.38075
3.40332
2.98464
3.31012
3.51503
2.73108
3.01023
3.38974
2.45144
2.59043
3.27517
2.96952
3.24167
2.55059
2.98404
3.06792
3.41056
3.68652
3.45379
1.9981
3.76544
3.65114
3.12755
3.21588
2.9309
3.43573
2.98678
3.03497
3.38142
3.33933
3.3955
2.68479
3.56654
3.76386
1.81151
2.9382
2.49593
2.32633
2.58004
2.87285
3.14309
2.95528
1.90511
2.6903
3.14552
2.95158
2.5712
2.80659
2.98273
2.53693
2.56464
3.29348
2.62419
2.72382
3.02668
3.31613
3.04971
3.01524
3.05436
3.7102
3.0284
2.61738
3.49399
3.20776
3.5359
3.62286
3.41652
3.81812
3.04937
2.53587
3.10764
3.29919
2.81058
3.28649
3.54812
2.85068
3.43502
2.98896
3.25309
2.78572
3.06141
3.00139
2.56949
3.09458
2.76408
2.70202
2.29215
3.04452
3.04888
3.63198
3.26611
2.84847
3.15078
3.37449
3.72238
3.43454
3.73258
3.32854
3.26586
2.89498
3.01879
2.95483
3.88247
3.56083
2.85532
3.2709
2.99161
2.7238
2.95897
3.46569
3.17025
3.07658
2.81215
2.99681
3.18319
2.79506
3.18196
2.98149
2.91019
2.89102
3.13606
3.70011
2.98119
3.45752
3.31957
3.6273
2.82281
3.11297
2.87658
2.72917
2.94372
2.63497
3.25426
3.55188
3.17451
3.54028
3.03226
3.10631
3.0612
3.87587
2.94918
3.14358
3.34688
3.46606
3.286
4.30737
4.01324
2.99077
3.31878
3.19164
2.78707
2.67494
2.03164
2.81347
3.202
3.27008
4.10286
2.80103
3.33803
3.27247
2.82523
3.07928
3.23819
3.34178
3.56778
3.66104
3.34581
3.48281
3.25995
2.85389
3.32541
2.99672
3.09715
3.24717
3.10744
2.76659
3.06174
2.98135
3.37324
2.79137
3.30081
3.09473
2.99579
3.20323
3.02274
2.69198
3.01668
2.70098
2.6634
3.00662
3.67759
3.12335
3.05257
2.78483
2.98648
3.67629
3.63333
3.36143
2.79447
2.87536
3.88872
3.41224
3.08563
3.11458
2.88048
3.90411
3.08461
2.96647
3.12507
3.16067
3.36044
3.04821
3.40289
3.81465
