1.82379
2.90006
2.32178
2.14375
2.408
2.62379
3.07832
2.93668
1.75019
3.0877
2.76921
3.31534
2.38058
2.67116
2.89844
2.73744
2.98264
3.57659
2.69421
2.64307
3.18356
3.07984
3.00065
3.20084
3.3906
3.8684
3.42928
3.01239
2.59971
3.26143
3.38646
3.47521
3.63351
4.34762
3.66182
2.99333
2.93907
3.19403
2.90288
3.04799
3.58811
2.63432
3.431
3.43336
2.89364
3.43287
2.68696
3.01947
3.14414
2.70368
2.59362
2.56945
2.22032
3.29997
2.99789
3.15388
3.73677
2.03655
3.5625
2.97436
4.05659
3.63513
3.7818
3.80278
2.98006
3.17658
3.1358
3.0563
3.5422
3.70419
3.05534
3.03001
3.04911
3.01176
2.87699
3.01081
3.17716
3.01378
2.91658
3.26857
2.86953
2.94196
2.91994
3.01176
2.95051
2.94415
3.10533
3.55122
3.12532
3.20547
2.9468
3.22696
2.83503
3.23695
3.48114
3.09914
3.53378
3.18874
3.04454
3.39727
4.04055
3.39088
2.42203
3.02156
3.32164
3.9646
3.12667
3.31384
3.39217
2.69419
3.64907
4.16053
3.18394
3.06166
3.0174
2.67012
2.90252
3.00185
1.9377
3.18025
2.80476
3.49131
3.82788
2.64315
3.40431
3.20138
3.11911
2.862
2.99929
3.12556
3.46808
3.18591
3.19531
3.13567
3.47461
3.07764
2.87381
2.89892
3.15181
2.95576
2.5878
2.97591
3.10815
3.08986
2.89484
2.93548
3.14068
3.22741
2.98166
3.03303
3.30343
2.68711
3.33921
2.96095
2.84038
2.7074
2.77511
3.04275
2.68
2.87377
3.10076
3.16629
3.17654
3.74644
2.67242
3.40828
3.16845
3.39328
2.92653
3.09128
2.75796
3.7484
2.82442
2.72468
3.41913
2.8411
3.33902
2.84424
3.29034
3.78684
1.86897
2.59932
2.35241
2.0978
2.50004
2.7216
3.2461
3.02193
1.94918
3.345
2.78988
2.95737
2.65126
2.79497
2.55768
2.7654
2.45405
3.40506
2.78269
2.68138
3.01669
2.58078
2.916
2.95269
2.95359
3.52242
2.94639
3.20063
3.22087
3.25097
3.32182
3.23166
3.72345
3.91313
3.33512
2.69732
3.29179
3.3576
2.88591
3.32653
3.2391
2.60789
3.39157
3.53979
2.9844
2.8039
2.40885
2.65597
2.90617
2.94363
2.77568
2.65694
2.24148
3.13755
3.36419
3.21733
3.45833
2.75577
4.01679
3.34854
3.65255
3.44724
4.16663
2.77777
3.32321
2.97964
3.25193
3.08803
3.39367
3.7057
3.23594
2.81403
3.02817
2.91696
2.93729
2.97086
3.01295
3.05857
2.72536
2.94142
2.8475
2.79882
3.05821
3.09003
3.05048
2.84033
3.07325
3.70873
2.9091
2.60717
3.49395
3.32949
2.95422
3.67254
2.46353
3.15005
3.45838
3.17483
2.89943
3.23945
3.42096
3.34849
2.38697
3.33101
2.85645
3.71758
2.97895
3.03813
3.75189
2.96343
3.27739
4.11868
3.22028
3.51561
3.19505
2.86625
2.73446
2.97123
2.40014
2.9438
2.59357
3.37681
3.73006
2.81419
3.11848
3.23267
3.15088
2.88534
3.08886
3.04309
3.66998
3.26747
3.35926
3.09796
3.59027
3.48809
3.40978
2.87367
3.21039
3.1229
2.77304
2.71417
3.14812
2.91304
2.76793
2.86487
3.34073
3.10404
3.15265
3.11453
3.06074
2.72765
3.20353
2.94606
2.63424
2.90315
2.59693
2.89299
2.56982
2.84307
2.79296
3.36506
3.06307
4.51345
3.87488
3.35719
3.76189
3.23329
2.98331
2.86508
3.22386
3.75208
2.71173
2.95807
3.11267
3.0191
3.37081
2.85444
3.5424
3.38434
