1.93658
2.8469
2.7
2.38169
2.28878
2.60205
3.41171
2.94789
1.83356
2.90267
2.96627
3.22122
2.1249
2.53818
2.9125
2.4183
2.70746
3.16024
2.50164
2.97693
2.69044
2.67174
2.78767
3.49209
2.93593
4.1884
3.1531
3.10422
3.28414
3.16199
3.72267
3.58139
3.65973
3.81152
3.19749
2.66508
2.7727
2.99647
2.58281
3.26132
3.48897
2.31685
3.7578
3.52253
3.2001
2.72641
2.56983
2.40204
2.5479
2.81092
1.89957
2.84897
2.02053
2.30137
3.30614
3.33797
3.72846
2.43886
3.90698
3.22576
3.50286
3.59748
4.26818
3.37249
3.57617
2.80886
2.91506
2.96661
3.63746
3.87483
3.13647
3.3915
3.2087
3.10721
3.75454
3.41361
3.43914
3.0731
3.46673
3.31311
3.19239
2.8262
3.31111
3.12241
3.18134
2.8365
3.15833
3.58323
3.05532
2.9848
3.37897
3.1991
2.37792
3.24676
2.86429
2.97451
3.29519
3.02426
3.3723
2.97908
3.94132
3.55426
2.60356
3.03431
3.05867
4.13722
3.37862
3.49112
3.86561
2.94342
3.57655
3.64074
3.91439
3.29519
3.51125
3.47456
3.11295
3.43242
2.95577
3.52135
3.21529
3.89172
3.93893
2.96861
3.59548
3.42244
2.92957
3.06753
3.38553
3.34342
3.70021
2.86139
3.32285
3.53017
3.20903
3.11723
3.23671
3.10405
3.40444
2.61653
2.90554
2.5056
3.05707
2.75947
2.70692
2.75946
2.96686
2.77988
2.27692
2.87979
2.63317
1.6015
2.85504
3.10015
2.56735
2.72794
3.25031
2.73332
2.66782
3.0887
2.95353
3.01808
3.79124
3.80258
3.30704
3.32837
3.93531
3.40976
3.2803
2.97273
3.28828
3.74732
3.08411
3.04781
3.19428
3.20057
2.94957
3.55511
3.47269
3.37017
1.9852
3.02775
2.23598
2.30749
2.20803
2.54913
2.99667
2.95181
1.79569
2.64863
3.39258
2.75112
2.66659
2.43027
2.82177
2.68843
2.44535
2.9824
2.71685
2.46863
3.09564
2.56095
3.06494
3.70582
3.32788
3.91602
3.08411
3.53745
3.12063
3.17989
3.66524
3.49202
3.78193
4.20909
3.16002
2.38178
2.58485
3.13452
2.45945
3.27688
3.16683
1.96283
3.70948
3.36017
2.8155
2.38051
2.26847
2.69685
2.20552
2.54495
1.86649
2.43778
2.20307
2.71304
3.1708
3.67859
3.33629
1.90191
3.51888
3.22284
3.34404
3.83642
4.05723
3.08853
3.41593
3.13842
3.36538
3.28737
3.57455
3.39167
3.34656
2.90897
3.01662
3.30468
3.35502
3.42822
3.24089
3.06974
3.17091
3.46537
2.76152
2.88459
3.1827
2.91495
3.02413
2.8797
3.14473
3.06244
2.60939
3.0059
3.25517
3.16105
2.48692
3.45264
2.83579
3.19907
3.06425
3.40154
3.67145
3.24707
3.81145
4.03863
2.86875
3.29995
3.2313
4.05102
3.42426
3.60472
3.85679
4.14488
3.86125
4.65668
3.81901
3.40661
3.76528
2.6541
2.70867
3.30277
2.73026
3.36976
3.19711
3.75728
4.10634
2.97527
3.51782
3.6119
3.13353
3.45657
3.65051
3.71019
3.67794
3.58365
3.46128
3.4563
3.27379
3.48149
3.01963
3.21217
3.09207
2.91963
2.80597
2.60358
2.80155
3.06976
2.82578
2.77202
3.13009
3.12652
2.43093
3.1323
2.94502
1.83043
2.89426
3.00356
2.86627
2.88034
3.17567
2.50118
3.15635
3.20442
2.94952
3.12093
3.71401
3.89572
3.37461
3.70526
3.57937
3.34541
3.18811
3.05868
3.07774
3.49646
3.06196
3.37712
3.44395
3.44008
3.36428
3.5719
3.45977
3.38703
