1.28183
2.69337
1.9576
1.49548
1.40111
2.07651
2.78496
2.80646
1.57311
3.08294
3.01916
3.38262
1.31337
2.88139
2.35099
2.2968
2.47566
3.51097
2.41391
2.61655
3.17409
2.82591
2.92025
2.89281
3.17602
3.74218
2.52471
2.96186
2.57082
2.92097
3.40962
3.57245
3.02235
3.56764
2.98818
2.18057
2.58924
2.8072
2.48846
2.98418
3.13814
2.50345
3.25989
3.45309
2.35118
2.08258
2.60808
2.07596
2.26076
2.47121
2.27665
2.52699
1.96845
3.03372
3.27819
3.0501
3.68905
1.87992
3.77502
3.39165
3.32813
3.5605
3.98153
3.42922
2.86363
2.866
3.19304
3.04182
3.48048
3.62653
3.04632
3.03017
3.24462
2.99507
3.03943
3.26546
3.26102
2.97224
3.14985
3.07166
2.9104
3.1108
3.37569
3.27941
2.97875
3.02111
3.11851
3.05354
2.67633
2.99717
3.1048
3.10819
2.62791
3.23443
2.38288
3.09181
3.17421
3.26882
3.27156
3.41397
3.60211
3.19315
2.44522
2.70563
3.24924
3.87124
3.32863
3.37845
3.57042
2.46267
3.16311
3.92224
3.63262
2.93113
3.21641
2.92812
2.64492
3.36658
2.16929
3.04227
2.38199
3.83297
3.04593
3.28103
3.17544
3.29301
2.8558
3.38983
3.03204
3.35261
3.49488
3.82422
3.34177
3.38693
3.29403
3.29249
3.19781
3.11331
2.85965
2.68002
2.88862
2.53087
3.26817
3.07424
2.55769
3.05222
2.97148
3.02933
2.79035
2.82672
3.25588
1.46716
3.17737
2.75876
2.5375
2.76205
3.16969
2.58566
3.10748
2.98777
2.65665
2.81244
3.16895
3.49574
3.29042
2.93286
3.64777
3.1836
3.01107
2.77436
2.61574
3.42009
3.03503
2.96504
3.24123
2.92585
3.36476
2.97716
3.22611
3.62197
1.36944
1.56336
1.88651
1.61919
1.53015
1.91792
2.40762
2.0705
1.3729
2.9582
2.31261
2.83312
1.64933
2.5273
2.3496
2.36915
2.37888
3.12368
2.48971
2.43348
1.77636
1.94264
1.90196
2.71224
2.25259
3.23846
2.85564
2.35034
2.6511
3.28898
3.05871
3.07592
2.70567
3.42165
2.85333
2.0319
2.38257
2.73674
2.01526
2.80803
3.34091
2.14991
3.20028
3.17537
2.3968
2.14881
2.04846
2.43071
2.26497
2.29761
1.55947
2.10994
1.6576
2.00298
2.468
2.95895
3.68139
2.28109
3.15799
3.41329
3.51128
3.69642
3.8119
3.28421
2.99548
2.68429
2.95498
3.09683
3.82
3.96559
3.21959
3.25269
2.73037
2.67705
2.83514
2.93199
2.95139
2.79374
2.89252
2.94886
2.45521
2.77293
2.60757
2.95839
2.98483
2.94073
3.25187
3.33947
3.06109
2.8881
3.18228
3.10547
3.02035
2.93875
2.50161
2.77103
2.83038
3.13657
2.48181
2.98901
3.34467
3.08219
2.24633
2.45352
2.77704
3.93996
2.76394
2.98488
3.83566
2.32491
3.06493
3.48661
3.41937
2.88357
3.0127
2.65755
2.6126
2.96697
2.25935
2.69971
2.14651
3.52184
3.21425
2.08467
2.76734
2.93277
2.68704
3.03819
2.64237
3.03955
3.21031
3.00451
2.66715
2.92944
3.46491
2.86038
2.89288
2.85041
2.41063
2.31937
2.44394
2.31231
2.73702
2.4997
2.55038
2.68154
2.36434
2.07599
2.07418
2.67158
2.39351
1.98041
3.1197
2.75369
2.69508
2.51525
2.1477
2.31539
2.72075
2.62064
2.94498
2.87545
3.03996
3.58136
3.22639
3.1251
3.43963
2.96924
2.86942
3.15785
3.16517
3.43729
2.26976
2.35733
2.08569
2.82593
2.66339
2.49677
3.92199
3.66869
