2.06652
2.99302
2.6821
2.43127
2.71294
2.79881
3.34545
2.933
1.89916
3.25007
3.16921
3.51685
2.50546
2.81824
3.04401
2.95196
2.91929
3.3617
2.74516
3.1242
2.81993
2.85302
2.88292
3.27863
3.45641
3.87349
3.2038
2.88456
2.91019
3.31545
3.5685
3.88609
3.35739
3.80048
3.21506
2.67084
2.90543
3.53014
2.45893
3.13491
3.1709
2.42869
3.38579
3.53372
2.51425
3.02389
2.71487
2.80374
2.52004
3.21024
2.52989
2.6666
2.16777
3.1361
3.14013
3.44565
3.39192
1.633
3.28554
3.55518
3.54048
3.79376
4.33906
3.04925
3.11306
3.37144
3.29535
3.06951
3.81337
3.43528
3.07234
3.01027
3.25808
3.039
3.14012
3.76856
3.28434
3.3382
3.25452
3.0767
3.00334
2.77862
3.06974
3.20886
3.05612
3.05942
2.9535
3.41308
2.89483
3.25164
3.58417
3.44848
2.59392
3.69706
2.94241
2.96748
3.52831
3.18011
3.47524
2.83323
3.05476
3.2917
3.49845
3.10271
2.64773
3.72552
3.19523
3.32685
4.3416
2.82948
3.55718
4.24557
4.09078
3.33911
3.50876
2.92731
2.87715
3.08713
2.34258
3.45428
3.00332
4.14235
3.81416
3.13208
3.65815
3.64405
3.37603
3.34758
3.30222
3.37558
3.93222
3.86592
3.19332
3.25758
3.18934
3.12717
3.47006
2.95302
3.22195
3.18176
3.04574
2.71707
3.19304
2.93852
3.0092
2.95941
3.21208
3.33167
3.13147
3.16978
3.32495
2.63407
3.1858
3.26756
3.33884
2.84733
2.81562
2.91054
2.97843
2.86258
2.82927
3.12736
3.87844
4.19151
3.6467
3.1749
4.1044
3.42941
3.1201
3.02673
3.21626
3.68063
3.22686
2.71368
3.371
3.46646
3.57507
2.98499
3.51108
3.10667
2.21054
2.88889
2.92177
2.62731
2.71252
2.77615
2.93854
3.05637
1.81
3.02229
3.14549
3.40458
2.66404
2.72179
2.84005
2.9662
2.75046
2.99371
2.68562
3.03128
2.9007
2.81463
3.03693
2.60804
3.37166
3.78199
2.71457
3.74072
2.78625
3.59337
3.59011
3.50435
3.75735
3.64453
2.81966
2.64205
3.05492
3.07465
2.55782
3.31575
3.49592
2.51871
3.68394
3.74094
2.79304
2.41278
2.76672
2.90881
2.9147
2.90458
2.35977
2.51774
2.15262
3.01595
3.42798
3.19633
3.77567
2.42786
3.32696
3.37234
3.80853
4.23617
3.99223
3.03556
2.80479
2.98265
3.49344
3.15763
3.62337
3.86276
3.05531
3.2899
3.16584
3.16729
3.24244
3.22885
3.76621
3.30154
3.43051
3.44054
3.19509
3.03788
3.01818
3.05002
3.28194
3.1137
3.20003
3.06362
2.74541
3.44402
3.77743
3.37678
2.79216
3.69575
2.68752
3.26458
3.48602
3.67729
3.17432
3.03541
3.41452
3.1754
3.36117
2.98961
3.04229
4.34394
2.9074
3.1239
3.50763
3.36507
3.50133
4.20443
3.79697
3.15304
3.46965
3.21748
2.89497
3.23248
2.40104
3.22356
3.03895
4.00499
3.55937
2.53026
3.27242
4.00301
3.4547
2.99678
2.85724
3.20669
3.9203
3.8285
3.66093
3.57247
3.23738
3.1269
3.34552
3.1818
3.35419
3.01535
3.12265
2.83039
3.35693
3.1522
2.80356
2.83672
3.11183
3.52635
3.26222
3.13033
3.30939
2.76707
3.11445
2.79093
3.2527
3.00467
2.8453
3.35901
2.88405
3.22023
2.86998
3.3712
3.56089
4.3576
3.23545
3.15688
3.73329
3.5975
3.11826
2.98766
3.12607
3.62066
2.43715
2.83288
2.99684
3.10612
3.39802
3.14848
3.54778
3.89926
