1.94728
3.09553
2.34346
2.29585
2.62626
2.76181
3.03689
2.80765
1.71537
2.9578
2.97439
3.19497
2.51019
2.65098
2.82526
2.48268
2.62741
3.16574
2.52737
2.98821
3.1713
2.64222
2.81647
3.26709
3.32937
3.43114
2.78844
3.3669
3.09862
3.64578
3.60104
3.69085
3.45401
3.68086
3.30897
2.44422
2.61531
3.02415
2.33254
3.17653
3.14647
2.47437
3.49285
3.23211
3.1473
3.02552
2.53108
2.38979
2.49057
2.56596
2.52427
2.63546
2.09939
3.14333
2.81216
2.86944
3.54209
2.55656
2.9537
3.33999
3.23858
3.34431
3.49308
3.17422
3.1153
2.83941
3.27301
3.0873
3.15549
3.51937
3.04609
2.89478
3.13973
3.25189
3.31601
3.21939
3.18253
3.19365
3.16181
3.18155
2.86394
3.0218
2.89444
2.99068
3.31287
2.87869
3.05655
3.50785
3.16991
3.53889
3.54511
2.99478
2.65786
3.62555
2.56598
3.07747
3.2624
3.34434
3.0744
3.36871
3.86887
3.43441
2.66704
2.7248
3.33883
3.66002
3.17919
3.30546
3.79504
3.18933
3.4997
4.36695
3.10922
3.14684
3.34252
3.03972
2.71237
3.01132
2.34901
2.93434
2.93579
3.45397
4.01214
2.91004
3.35823
3.39772
3.36551
3.07306
3.26259
3.7476
3.83682
3.89286
3.17851
2.99257
3.26012
2.79703
3.47969
2.88405
3.39903
3.14958
3.10778
2.37924
2.95973
2.92895
2.99585
2.98417
3.21207
3.1822
2.96125
3.05073
2.90217
2.56851
3.40709
3.11639
3.01704
3.00162
3.01118
2.68243
3.22427
3.30758
3.01317
3.03382
3.60777
3.82736
2.77507
3.20042
2.91573
3.63298
2.82411
3.06703
2.9581
3.36054
2.90859
3.15033
3.51116
3.47482
3.33093
2.80722
3.37943
3.09074
1.94638
3.11497
2.37532
2.22446
2.57439
2.9243
3.13519
2.81769
1.72246
2.88148
2.8052
3.1672
2.51666
2.60155
2.88119
2.38405
2.78295
3.25811
2.67703
2.8342
3.25374
2.50971
2.99249
2.93432
3.11045
3.5378
2.93667
3.28342
2.75964
3.03138
3.13034
3.89535
3.49173
4.1574
3.16894
2.34725
2.78616
3.16136
2.28796
3.23834
3.26683
2.58005
3.27398
3.02782
3.21693
3.0126
2.58454
2.50824
2.49026
2.85775
2.52225
2.60048
1.93651
3.11695
2.88234
2.84697
3.36858
2.90651
2.86103
3.40602
3.50189
3.11022
3.40768
3.24224
2.80651
2.72916
3.14321
3.07943
3.29218
3.40112
2.90756
2.73242
3.19599
2.96668
3.22472
3.07873
2.95916
3.23047
3.11252
3.16806
2.94826
2.94107
2.77162
2.966
2.73222
2.95352
2.93206
3.14806
3.15578
2.77998
3.16687
3.07735
2.47379
3.59492
2.64997
3.12002
2.99646
3.33367
3.08331
3.65386
3.59498
3.81268
2.85216
3.19547
3.20813
4.06649
2.93796
3.37851
3.56949
3.58066
3.18195
4.26434
3.13254
2.96357
3.59495
2.80438
2.74226
3.32145
2.58355
3.23656
3.21638
3.46852
3.62193
2.89486
3.26251
4.00331
3.52496
3.03371
3.3747
3.48582
3.3789
3.67227
3.19308
3.10768
3.05238
2.86283
3.19928
2.89372
3.25733
3.08093
3.04773
2.48212
2.95142
2.83157
2.77571
2.79078
3.19439
3.07964
3.15316
3.10553
3.13567
2.33689
3.15556
3.21957
3.14496
2.90577
3.3345
3.13829
2.92564
3.1118
3.10271
3.41923
3.40793
3.99271
2.62111
3.42299
3.36164
3.70503
3.13213
3.00378
2.97265
3.32688
2.66549
2.83006
3.05865
3.33284
3.43213
2.8671
3.52282
3.46735
