1.87485
2.85206
2.77853
2.52943
2.40579
2.97092
3.35504
2.73336
1.74159
2.96659
3.1527
3.5311
2.71166
2.25444
2.86547
2.48581
2.51029
3.17556
2.67033
3.03061
2.65652
2.56696
3.03138
3.35167
3.20838
4.21945
3.00652
3.01662
3.54665
3.36794
3.77866
3.85129
3.88589
3.29952
2.94887
2.48177
2.97488
3.08348
2.78693
3.5426
3.0866
2.90223
3.58508
3.57376
3.09555
3.19021
3.11688
2.77564
2.7997
2.96244
2.35834
2.61132
2.11253
2.91378
3.2463
3.25929
3.44665
1.75544
3.08205
3.18916
3.30336
3.363
3.87999
3.15492
3.4079
3.19098
3.4324
3.44264
3.65665
3.80468
3.56377
3.38863
3.1841
3.25398
3.436
3.15261
3.26916
3.23739
2.97886
3.29813
2.74218
3.14698
2.96776
3.37426
3.40195
3.25017
3.66362
3.52857
3.24221
3.92886
3.50603
3.18904
2.59828
3.35787
2.89246
3.25557
3.36186
3.94325
3.17869
3.3919
3.7154
3.27322
2.93391
2.94579
3.1957
3.8948
3.7811
3.39965
3.64614
2.96682
3.34739
3.00793
3.95704
3.3184
3.21498
2.93704
3.12189
3.65175
2.91217
2.97008
2.56757
3.36529
3.85169
3.10031
3.7227
3.54871
2.83375
3.45861
3.39018
3.58151
3.51091
4.03972
3.39167
3.38141
3.49887
3.17824
2.99835
2.91978
3.3177
3.49645
3.36694
3.21832
3.3996
2.91563
3.0433
3.34803
3.01995
3.55707
3.24501
3.12389
3.20456
2.38792
3.28744
3.25939
2.73627
2.86945
2.78625
3.27107
3.19
2.81823
2.98385
3.57072
3.28726
3.05099
3.12636
3.12075
3.46673
3.44905
2.9849
3.47089
2.69965
3.85061
3.41139
3.33263
3.73154
3.51088
3.85048
2.80545
3.26179
3.32005
1.8237
3.08134
2.60492
2.37485
2.2817
2.38932
2.84062
2.88269
1.80856
3.29556
2.9635
3.26711
2.30591
2.50095
3.05473
2.83248
2.5925
3.12348
2.87365
3.11593
2.67441
2.5057
2.75734
3.24156
3.11596
3.85536
2.77464
3.4543
3.59537
3.23073
3.56619
4.06306
3.55951
4.02506
3.58759
2.14582
2.8387
3.25146
2.74816
3.59273
3.26049
2.77922
3.64678
3.80076
3.10346
3.41946
2.67647
2.56364
2.68377
2.83217
2.6133
2.74276
2.31262
3.14543
3.2803
3.78115
3.5116
2.67196
2.97773
3.41106
3.79355
3.28181
4.26264
3.37598
3.07178
2.56483
3.12505
3.42015
3.87933
3.77613
3.46323
3.59806
3.14105
3.32251
3.19993
3.29553
2.99411
3.25238
3.13203
3.27239
2.76288
2.9005
3.39265
3.2603
2.85219
3.02317
3.22444
3.41152
3.02402
3.33445
3.77208
3.28121
2.69315
3.11726
2.6837
3.05869
2.96106
3.59702
3.51851
3.67344
3.57096
3.33792
2.37379
2.80066
3.32132
4.14614
2.88109
3.36827
3.96307
2.99366
3.43031
3.13204
3.64449
3.0418
3.41075
3.04807
2.91909
3.41259
2.68945
3.03677
2.3846
3.47202
3.61338
2.66869
3.18403
3.88741
3.16857
3.20911
2.96699
3.4803
3.53453
3.64036
3.44269
3.48848
3.55487
3.00172
2.80347
3.19375
3.18383
3.36044
2.69322
2.83523
3.12492
2.87037
2.8074
2.97639
3.2582
3.34089
3.19231
3.38813
3.40998
2.67236
3.06948
3.10897
2.91397
2.45164
2.83926
2.90191
3.25248
2.52145
2.84265
3.38279
3.84905
3.66328
2.63117
3.15163
3.2888
3.72945
3.22441
2.86836
3.06295
3.52039
3.25648
2.51262
2.99035
3.0597
3.08613
3.13061
3.14237
4.05651
