1.90626
3.1744
2.49246
2.22513
2.50913
2.70005
3.36172
2.8454
1.67117
3.04502
3.50129
3.72337
2.42301
2.86376
2.93145
3.05242
2.70577
3.4287
2.57932
3.19256
2.79931
3.02725
2.99929
2.92912
3.27711
3.9452
3.27649
2.94953
2.89121
3.24099
3.44787
3.98752
3.46136
3.08846
2.89993
2.71781
2.70692
3.2198
2.75516
2.86408
3.30456
2.56605
3.03271
3.12199
3.06148
2.78456
2.67209
2.64315
2.4624
3.08759
2.46137
2.54571
1.88285
3.16938
3.30431
3.34892
3.55758
2.72881
2.7098
3.13127
3.48111
3.08668
3.74223
3.10933
2.71405
2.85777
3.16097
3.00842
3.58746
3.67942
3.18934
3.3785
3.09666
3.47648
3.30919
3.47705
3.06505
3.2211
3.24051
2.89733
3.30213
2.61489
2.87606
3.11807
3.15233
3.00431
3.14083
3.42507
3.0973
3.1661
3.73756
2.78535
2.92862
3.15325
2.7928
3.06938
2.92026
3.27551
3.1075
3.00255
3.09249
3.23666
2.54373
2.94528
2.7184
3.95115
2.98839
3.54177
3.95509
2.77322
3.55442
3.97114
3.56649
2.89907
3.40152
2.98966
2.67087
3.45397
2.09383
3.32393
2.78362
3.64633
3.71726
3.1819
3.3237
3.77294
2.79641
3.35165
3.22102
3.5199
3.78527
3.8892
3.49068
3.23942
3.32229
2.91878
3.36542
2.93204
3.21503
3.07982
2.74827
2.8345
3.38483
2.70004
2.98757
2.88267
3.36116
3.19442
3.12077
3.05377
3.21042
3.09175
2.77549
2.77723
3.43917
2.73663
3.09905
2.7774
2.93319
3.10085
3.07697
3.01431
3.56498
3.57124
2.6582
2.97115
3.59859
3.46925
3.00933
3.0459
2.99915
3.56743
2.71814
3.05898
3.56413
2.8856
3.384
3.00553
3.65596
3.68418
1.92574
2.53641
2.52951
2.34971
2.70336
2.6917
2.87131
2.90036
1.74826
2.83952
3.50496
3.44986
2.27162
3.25025
3.03471
2.65396
2.68294
3.55816
2.57693
2.18789
2.62749
3.18656
2.94637
2.94534
3.08477
3.59983
2.88882
3.18879
3.39846
3.58169
3.34422
3.44835
3.46592
3.25823
2.84378
2.54939
3.03604
3.20808
2.55241
3.32911
3.10075
2.82012
3.67288
3.63646
3.26066
2.99714
2.72864
2.48524
2.33885
2.58752
2.60339
2.65643
2.02981
3.23422
3.35451
3.86531
3.62972
3.08098
3.23337
3.18823
3.43279
3.66502
4.05664
3.07333
2.95372
2.89982
3.6051
3.07678
3.55759
3.9037
3.33172
3.47148
3.12822
3.19355
3.09692
3.47923
3.40659
2.98472
3.28613
3.18822
2.95884
2.89103
3.37219
3.16222
2.6934
3.05522
3.39433
3.47989
2.97036
3.40899
3.58948
2.9163
2.99527
3.11857
2.82631
3.01845
3.30298
3.65272
3.03016
2.95163
3.00797
3.19797
3.02225
2.88577
3.3495
4.0927
3.23115
3.2829
3.76777
3.33943
3.46735
3.94442
2.95181
3.14169
3.27497
2.966
2.90118
3.38961
2.51071
3.19706
2.7721
3.55444
3.86729
2.92227
3.45314
3.42688
3.13222
2.97484
3.09516
3.20674
3.73498
3.9767
3.54653
3.22916
3.20418
3.18132
3.46249
3.03679
3.22196
3.04891
3.09895
2.76481
2.95086
2.93949
2.67372
2.76021
3.18938
3.01983
3.1352
3.14295
3.27127
2.68288
3.48109
2.69953
3.08326
2.62912
3.10426
2.46894
2.96128
3.08047
3.20658
3.17889
3.13482
3.99112
2.9713
3.16809
4.10563
3.24885
3.09692
2.83748
2.93304
3.60047
3.15731
2.74594
3.50872
3.04155
3.23886
3.33992
3.49315
3.31979
