1.85097
2.88736
2.1746
2.27164
2.34187
2.71817
3.15916
2.94156
1.56699
3.40257
3.38887
2.7679
2.38714
3.13793
2.96355
2.73565
2.34022
3.10295
2.77168
2.91891
2.7911
3.14122
2.62621
3.06766
3.48461
3.45396
3.09683
3.4189
3.06338
2.77252
3.65896
3.73673
3.36971
3.73291
3.1466
2.28676
2.79279
3.06639
2.30807
2.96193
3.00991
2.35977
3.02826
3.48665
2.27821
2.45772
2.61315
2.23303
2.94898
2.87408
2.55274
2.46888
2.04858
3.19528
2.83845
3.40162
3.56808
2.70341
3.60988
3.36224
3.37718
3.30455
3.59832
2.66747
2.93291
3.00521
3.63753
3.0714
3.17262
3.60703
3.10024
2.7451
2.92368
2.86832
3.12046
3.08404
3.16178
3.07257
2.98449
3.17069
2.8874
3.12004
3.10583
2.67025
2.54367
2.88697
3.23616
3.56977
2.69158
2.94292
3.47605
3.45346
2.68638
3.72699
2.6626
3.00872
3.07283
3.12192
3.15075
3.22199
3.03871
3.21771
2.74778
2.62733
2.81917
3.98072
3.62529
3.29164
3.2489
2.8893
3.23985
3.82274
3.54848
3.07635
3.18118
3.63499
2.84522
2.86598
2.59859
3.67376
2.64105
3.31787
3.78128
3.07921
3.66597
3.4337
2.99819
3.22448
3.36758
3.4866
3.61662
4.21237
3.19327
3.30935
3.16155
2.91587
3.0093
2.92404
3.14329
3.1238
2.75476
2.64884
3.10293
3.10937
2.79056
2.7431
3.26586
3.13606
3.36201
3.21278
3.09016
2.43701
2.93963
3.14077
2.54472
2.87898
2.71147
2.81272
2.71266
2.77972
2.73421
2.70864
3.43149
3.53889
4.02731
2.85963
3.03379
3.3312
3.06777
2.91748
3.11433
3.48776
3.33861
3.07203
3.61024
3.54388
3.64184
3.32761
3.26699
3.16876
1.73206
2.80629
2.43525
2.11327
2.43697
2.79905
3.21841
2.90574
1.71351
2.98933
3.27158
3.48397
2.34481
3.14442
2.6197
2.46674
2.50056
3.33107
2.821
2.67672
2.53397
2.77203
2.93845
2.97606
3.30315
3.45124
2.80995
3.16868
2.88043
3.00335
3.51037
3.89555
3.43238
3.80851
3.06388
2.13784
2.70733
3.28308
2.44796
3.18448
3.03191
2.53544
3.05672
3.52356
2.47223
2.27266
2.43935
2.37644
2.69729
2.78686
2.81813
2.53145
2.28336
3.11113
3.37088
3.67215
3.84685
2.77551
3.17879
3.41163
3.39674
3.49111
3.8555
2.96562
2.8513
2.93842
3.55365
3.10398
3.38617
3.89885
3.46581
3.02187
3.37394
3.11757
3.1717
3.32322
3.2122
3.42659
3.26734
3.11111
3.13803
2.84985
3.01046
3.1578
3.09167
2.9238
3.2654
2.97501
2.7281
3.32
3.66716
3.21609
2.63309
3.39287
2.94613
3.10431
3.13586
3.90256
3.04361
3.20565
3.31355
3.04309
2.90819
2.95913
3.16693
3.6711
3.65955
3.21849
3.63978
3.59562
3.60699
4.09148
3.85752
3.13085
3.28726
3.07303
3.37178
3.06735
2.53086
3.42405
3.09572
3.39977
3.48497
2.95663
3.49225
3.21045
2.96506
3.18061
2.93594
3.20709
3.54677
3.75113
3.53159
3.36959
3.13858
2.89977
2.89994
3.14034
2.80702
3.07666
2.67303
2.49417
2.94529
3.12133
2.42782
2.81374
3.31655
3.24558
3.27525
3.04442
3.067
2.35043
2.39222
2.85824
2.7785
2.5872
2.75741
2.61769
2.78432
2.91226
2.80985
3.2204
3.28972
3.92322
3.47256
3.17572
3.36127
3.58403
3.17402
2.57872
3.01515
3.72818
3.28399
2.88585
3.28241
3.23593
3.34847
3.47434
3.28604
3.68372
