2.04387
3.01207
2.69285
2.18608
2.34239
2.73947
3.22129
2.81584
1.61757
2.98901
2.88457
3.38482
2.33444
2.69903
2.98745
3.12372
2.72961
3.34596
2.93329
3.29133
3.12176
3.10983
3.07973
3.55012
3.18464
3.5253
3.16827
2.6651
3.27334
3.12552
3.36629
4.2018
3.71801
3.89199
3.07392
2.7575
2.93032
3.29736
2.90526
3.48276
3.36121
2.8485
3.71457
3.44078
3.03663
3.18472
2.76003
2.86256
2.99607
2.85578
2.2833
2.88833
2.36406
2.80503
3.15927
3.32701
3.75244
2.51076
3.62851
3.36078
3.1943
3.35139
3.8842
3.15723
3.03504
2.81237
3.45759
3.0354
3.62222
3.55485
3.33265
3.24405
3.39643
3.41936
3.30999
3.46237
3.31525
3.25352
2.98929
3.42142
3.02484
3.16328
3.20142
3.25474
3.42585
3.36112
3.22976
3.58052
3.31953
3.43521
3.35832
3.58076
2.45024
3.85819
2.71855
3.15574
3.35332
3.37358
3.58493
3.29115
3.47575
3.38392
2.37188
3.05394
3.11374
4.36795
3.07809
3.30708
3.77897
3.49395
3.40972
4.25836
3.37566
3.02596
3.21758
3.10676
2.8639
3.00769
2.1412
2.69205
2.3403
3.28961
4.02577
2.98644
3.37827
3.2119
2.84991
3.18306
3.45221
3.28492
3.66475
3.54196
3.16382
3.202
3.42177
3.13942
3.43967
3.10847
3.0679
2.96405
3.36396
3.07237
3.35206
3.12159
3.12014
2.8361
3.34826
3.31722
3.16144
3.22902
3.27757
2.7619
3.27727
2.9348
2.52965
2.80046
2.94151
3.04265
3.12815
2.65584
3.0085
3.27664
3.76033
3.23832
2.96494
3.56374
3.77059
3.3385
2.91745
3.08458
3.38109
3.75049
2.92238
2.86437
3.36749
3.02056
2.97446
2.71056
3.58954
3.49663
1.90402
2.81596
2.44162
2.3842
2.49963
2.76677
3.59605
2.80837
1.61398
3.24696
2.69527
3.27764
2.13561
2.71461
3.26185
2.93347
2.48825
3.28021
2.88592
2.7709
3.54087
2.59314
3.14444
3.12439
2.99639
3.64852
3.39292
3.55535
2.91674
3.44183
3.63206
3.81499
3.67137
3.9949
3.21901
2.86338
3.07431
3.44268
2.39721
3.51594
3.21548
2.87281
3.74026
3.6269
3.06842
2.78646
2.63495
3.01405
2.74402
3.02527
2.16927
2.67588
2.17348
2.95486
3.09559
3.55456
3.60673
2.64557
3.63316
3.79584
3.39616
3.60168
3.71542
3.35425
2.84148
3.40012
3.29253
3.08635
3.72713
3.43638
3.13368
3.48871
3.23992
3.33096
3.48805
3.34773
3.46401
3.1343
3.45518
3.21579
3.16352
3.26446
3.2368
3.27854
2.77736
3.16239
3.15112
3.55763
3.09628
3.07505
3.59663
3.46817
2.8085
3.39327
2.82195
3.16332
3.24021
3.50387
3.20914
3.32478
3.40342
3.55443
2.63397
3.22829
3.30927
4.60726
3.34821
3.51632
4.41879
3.78196
3.70006
3.39044
4.00497
3.19705
3.56613
3.07178
3.07272
2.99568
2.28078
2.93829
3.14774
3.47531
3.98432
3.19529
3.74746
3.55689
2.83316
3.43842
3.22715
3.37267
3.53954
3.39153
3.34926
3.14151
3.2719
3.20611
3.26451
3.25866
3.48474
3.28628
3.18864
2.86158
3.23957
3.0931
2.90364
2.89853
3.08423
3.13052
3.26924
3.29337
3.56612
2.69031
2.57974
2.68053
2.65252
3.21184
3.09553
2.76131
2.88658
3.09233
3.08644
3.57266
3.37162
3.83377
3.29487
3.11014
4.19552
3.54367
3.31124
3.13545
3.18596
3.83212
3.30019
2.76976
3.40841
3.02872
3.96915
2.77341
3.55046
3.70959
