1.9011
2.79436
2.375
2.23701
2.51264
2.89367
2.81312
3.19872
1.86968
3.15152
3.12782
3.43477
2.48177
2.56279
3.06756
2.49379
2.72777
3.07634
2.7184
3.19873
3.04543
3.14085
3.05403
3.33138
3.60781
4.37254
2.97261
3.43525
3.05081
3.40638
3.75089
3.5573
3.70879
3.69902
2.99339
2.39644
2.88283
3.09424
2.76795
3.56157
2.9704
2.86865
3.91328
3.34863
2.86921
3.36872
3.09063
2.55178
3.0914
2.69717
2.89362
2.7441
2.19778
3.50194
3.41594
3.80809
3.79766
2.41519
3.87031
3.532
3.59395
3.34619
4.1481
2.89841
2.96694
3.36556
3.53148
3.28341
3.58412
3.88526
3.25943
3.48203
3.25501
3.12749
3.46754
3.35638
3.31827
3.32243
2.88991
3.50188
2.69637
2.95512
3.17519
3.14342
3.02442
3.38574
3.50826
3.61564
2.86862
3.4513
3.6163
3.3071
2.47972
3.88885
2.52131
3.17948
3.10616
3.88788
3.55236
3.36727
3.69576
3.10768
2.97201
2.89371
3.34559
3.78905
3.29384
3.33093
3.94476
3.05637
3.46916
3.85054
3.5831
2.98396
2.98081
2.88757
3.05745
3.45463
2.39677
3.47782
2.52445
3.34842
3.67114
2.75816
3.56515
3.72407
3.14853
3.07934
3.21914
3.74445
3.6451
3.7373
3.43174
3.29539
3.19408
3.15712
3.39694
3.43075
3.23432
2.91896
2.83591
2.72664
3.294
2.94963
2.76256
2.92925
3.42985
3.28129
3.31111
3.16627
3.26131
2.47287
3.23295
3.37825
2.79251
2.9032
3.18852
2.92761
3.10928
2.77654
3.13537
3.02764
3.28417
3.68939
3.43024
2.75349
3.4751
3.37765
3.26281
3.14905
3.21394
3.64584
2.99108
2.98308
3.45409
3.29883
3.37753
2.9802
3.6318
3.66801
1.77587
2.86137
2.67387
2.12531
2.51563
2.69691
2.91926
3.24283
1.95535
3.57255
3.34509
3.53306
2.51317
3.15964
3.21466
2.59031
2.73768
3.00848
2.84972
2.83809
2.97123
3.0597
2.8719
3.26501
3.33929
3.64261
2.8661
3.48225
2.58805
3.43849
3.65709
3.85317
3.94714
3.92699
3.10872
2.39356
2.73787
3.23655
2.59965
3.21224
3.02526
2.85025
3.7334
3.68009
2.9469
3.28187
2.9909
2.89371
2.83234
2.96134
2.88583
2.69864
2.50945
3.49787
3.28484
3.96672
3.37875
2.59418
3.2342
3.47511
3.66244
3.49222
4.46607
3.15588
3.48783
3.08626
3.66317
3.10938
3.84354
3.99882
3.14509
3.42053
3.36734
3.35066
3.64582
3.41762
3.54823
3.24554
3.11589
3.47081
2.97269
3.05694
3.17988
3.33197
3.10741
3.009
3.17185
3.52182
3.0541
3.35869
3.5369
3.24131
2.70862
4.01551
2.81792
3.08766
3.47278
3.96622
3.18505
3.60166
3.57751
3.25632
2.72872
2.82199
3.33035
3.56732
3.38608
3.40446
3.25055
3.85215
3.63735
3.86525
3.61271
3.03968
3.15859
3.21547
3.04979
3.47721
2.4869
3.17186
2.71352
3.75053
3.54824
3.23368
3.23861
3.79277
3.37102
3.38379
3.11665
3.68607
3.69569
3.73075
3.59553
3.36773
3.19968
3.26871
3.34977
3.0491
3.19305
2.9655
2.69392
2.78642
3.27927
3.13327
2.7567
2.89368
3.75133
3.23268
3.44279
2.98759
3.14533
2.71146
3.28165
3.4127
3.29287
3.27467
3.0065
2.58653
3.0017
2.91417
2.88913
3.34106
3.49159
3.21342
2.71688
2.91622
3.20762
3.15169
3.0254
3.33112
3.43948
3.1443
2.97369
2.64259
3.41505
3.24192
3.38521
3.02538
3.73375
3.78911
