1.99706
3.03446
2.65991
2.4305
2.52441
2.89904
2.77031
2.88738
2.0708
3.13956
2.88575
3.30406
2.31079
2.61399
2.67532
2.62199
2.80646
3.02177
2.72773
2.8367
3.61662
2.8114
2.96005
3.0067
3.3827
3.54947
2.81347
3.30508
2.80383
3.17048
3.69578
3.80828
3.23401
3.78445
3.3239
2.29148
2.40565
2.78588
2.39894
2.94898
3.36124
2.53327
3.55173
3.34065
2.39365
2.45314
2.56688
2.50197
2.41132
2.63154
2.88437
2.66285
2.36316
3.13481
3.06011
3.305
3.64796
2.3909
3.26528
3.06189
3.11651
3.26762
3.8735
3.05932
2.57534
3.30897
3.36699
3.07268
3.42843
3.55727
3.39202
3.228
2.91144
3.09949
3.32269
3.53197
3.53681
3.00986
3.1077
3.05026
2.833
3.09374
3.15215
3.01681
2.75863
2.88357
3.32191
3.42085
3.14692
3.82353
3.69118
3.29124
2.6523
3.33867
2.69004
2.90733
3.20063
3.2065
3.30073
3.17108
3.43748
2.88512
2.68296
2.96553
3.14933
3.78381
2.88807
3.40302
4.04032
2.68319
2.92017
3.74149
3.58913
3.28167
3.1988
2.93543
2.81257
2.8473
2.41617
3.14763
2.54007
3.60916
3.96132
3.13694
3.5682
3.37335
2.99129
3.0268
3.10673
3.61638
3.79908
3.60437
3.37751
3.51069
3.36082
2.92224
3.29084
3.15967
2.93542
3.05352
3.09313
2.80673
3.23206
2.79834
2.80825
3.00144
2.79852
3.17241
3.08211
3.13717
2.98152
2.38296
2.85192
2.93995
2.97209
3.34177
3.18149
2.94154
2.88283
2.62242
2.75921
3.0734
3.61024
3.28509
2.43382
2.64778
3.3931
3.40728
3.23312
3.16549
2.89101
3.96724
2.80387
2.72095
3.72181
3.37916
3.2673
2.49316
3.29211
3.22952
1.87791
3.16414
2.36999
2.29638
2.66471
2.81817
2.8434
2.92514
2.07509
3.10506
2.72834
3.11882
2.76199
2.73675
2.52351
2.78031
2.74986
3.26169
2.76844
2.8113
3.24082
3.12634
2.95894
3.01196
3.09217
3.50751
2.88525
3.21507
2.47724
2.98761
3.47687
3.8619
2.89702
3.7062
3.12922
2.17238
2.75081
3.22805
2.37561
3.07764
3.19359
2.62519
3.30635
3.21757
2.54954
2.2552
2.72398
2.44166
2.57199
2.48664
2.89773
2.69805
2.53046
3.32702
3.09103
3.4418
3.37519
2.16198
3.58388
3.15141
3.19816
3.807
3.73383
3.11841
3.43426
3.12229
3.34573
3.10445
3.79241
3.69215
3.28078
3.54881
2.83062
2.96642
3.00645
3.14528
3.38768
3.10403
2.94136
3.19195
3.00332
2.82334
3.09827
3.09407
3.0127
2.97651
3.0207
3.3443
2.86838
3.29117
3.92869
3.19839
2.6289
3.72692
2.72312
3.02456
2.94647
3.2358
3.24089
3.26744
3.0655
3.36708
2.92001
3.09582
3.26822
3.88318
3.47098
3.31892
3.85031
3.49061
3.36213
4.06985
3.68415
3.0208
3.00702
2.99062
2.83253
3.18883
2.43801
3.32394
2.71903
3.98818
3.77965
3.13267
3.64434
3.33803
3.05201
3.28304
3.12994
3.02075
3.75571
3.8226
3.42595
3.2115
3.24182
3.11721
3.37324
3.32013
3.0163
3.26489
2.83633
2.68568
3.26736
2.66138
2.67514
3.31938
3.36505
3.07333
3.22064
3.30101
3.06958
2.49019
2.91402
2.99498
2.9065
3.15
2.92163
2.9199
2.94265
3.2672
2.91392
3.3173
3.41192
3.40771
3.19628
3.08067
3.46729
3.34084
2.9119
3.27718
3.25489
3.70818
2.80911
3.04903
3.22243
3.3021
3.30217
2.90188
3.2048
3.79865
