1.87892
3.10748
2.43288
2.14058
2.49973
2.79895
2.99062
2.90995
1.63248
3.29206
2.98796
3.20069
2.1834
2.63654
2.56411
2.46875
2.42242
2.87439
2.48121
2.32559
2.83356
3.39621
3.10559
3.35181
3.70192
3.56697
3.1814
3.15908
2.90803
3.25923
3.50422
3.52469
3.52548
3.75552
3.18246
2.24467
2.85955
3.13881
2.78664
3.09855
3.00506
2.79786
3.49242
3.56779
2.82747
2.64191
2.79587
2.61305
2.67055
2.69108
2.52378
2.50554
2.06335
3.16131
3.1247
3.41646
3.62228
2.46175
3.55502
3.11179
3.68392
3.44487
4.02917
3.43645
3.36551
3.13472
3.41457
3.16676
3.70135
3.92343
3.59551
3.60969
3.33316
3.28363
3.21844
3.35691
3.29933
3.35524
3.18045
3.00144
3.09586
3.10634
2.87096
3.30709
2.99602
3.08487
3.33745
3.33436
3.37325
3.55605
3.80483
3.65362
2.75842
4.0946
2.88839
2.97459
3.19587
3.38431
3.13782
3.36856
3.20433
3.05888
2.70279
2.80144
3.01769
3.66216
3.42092
3.32906
3.61508
2.45896
3.87947
4.13414
3.57798
3.03142
3.01074
2.80128
2.89734
2.92762
2.34145
2.77948
3.00738
3.24204
4.30758
2.73987
3.47922
2.96945
2.96795
3.25859
3.34838
3.66046
3.70149
3.81997
3.65521
3.06148
3.3936
3.20573
3.30198
3.34062
3.31929
2.9704
2.95099
2.69582
2.98043
2.87371
2.84825
2.70438
2.99638
3.21294
3.08963
3.51942
3.17332
2.53868
2.37085
2.80246
2.66897
2.60328
3.05414
2.51851
2.90996
2.86287
3.01301
3.33201
3.11474
3.53723
3.60823
3.18153
3.43419
3.19322
2.97761
2.91271
3.04765
3.66629
2.6423
3.26381
3.54879
3.0878
3.67998
2.74301
3.29492
3.49091
1.78136
2.98402
2.35869
2.28526
2.4751
2.67728
2.9658
2.97362
1.69264
2.86975
2.91379
3.04969
2.30807
2.85814
2.77431
2.6193
2.57444
3.25637
2.65473
2.49479
3.13873
2.9541
2.79393
2.84509
3.0899
3.57801
3.43096
3.10125
2.43067
3.14463
3.40695
3.42965
3.62229
3.48754
3.04067
2.81351
2.56041
2.79958
2.84074
3.27784
3.48814
2.95471
3.35015
3.07265
2.54715
2.85758
2.4064
2.43199
2.78199
2.4852
2.52817
2.52666
2.05843
3.29183
2.88716
3.41003
3.30034
2.72872
3.2359
3.50768
3.33548
3.66724
3.12102
2.98446
3.32586
3.28684
3.46004
3.05357
3.59737
3.54975
3.42708
3.23287
3.1746
3.17422
3.24765
3.4097
3.57467
3.10839
3.07059
2.86198
2.9932
3.03192
3.1103
3.13924
2.99562
2.82025
2.9837
3.37296
2.76308
3.24159
3.51898
3.4168
2.58905
3.74565
2.87339
3.17816
2.92326
3.49814
3.07564
3.22428
4.019
3.23467
2.74102
2.93482
3.34678
3.59366
3.62611
3.3032
3.90114
3.13543
3.75532
4.0085
3.51042
3.28147
3.47953
2.98593
2.91518
3.11216
2.23033
2.69392
2.82076
3.30001
4.14801
2.6037
3.55144
3.01486
3.04712
3.55479
2.96001
3.14094
3.83618
3.75197
3.15397
2.9748
3.77879
3.25864
3.23583
3.22414
2.94583
2.94063
3.01531
2.73478
2.95923
2.88795
3.04641
2.58209
3.06157
3.26246
3.40698
3.14356
3.08632
2.49695
2.41499
3.04738
2.58368
2.8119
2.80204
2.90986
2.90076
2.88904
3.04786
3.4358
3.72414
3.67751
2.70848
3.52723
3.35956
3.16945
3.41406
3.02006
3.33806
3.43078
2.82715
2.62775
3.14702
3.1815
3.22873
2.75384
3.52401
3.51902
