2.28499
2.09673
2.67118
2.5253
2.727
3.08288
2.50932
1.7784
1.3157
2.06112
2.49518
2.30988
2.62533
2.06479
2.72985
2.90357
2.73004
2.78483
2.7337
2.7119
3.3766
3.17893
2.43303
1.84104
2.48736
2.98861
2.85612
2.59813
3.29211
3.40041
2.74706
3.29373
3.68618
3.54334
2.90929
2.0327
2.48903
2.81716
1.95277
2.87399
3.00476
2.30672
3.1875
2.62806
2.83857
2.76962
2.06053
2.01633
2.61525
2.65696
1.27046
2.08191
1.4733
1.73085
2.14606
2.18735
3.42396
1.9355
3.12751
2.83535
2.33444
2.74844
3.1501
2.46868
2.43741
2.53124
2.45842
2.60287
2.76062
2.89391
2.59948
2.30554
2.56273
2.27403
2.15939
2.79263
2.50944
2.49963
2.38647
2.5731
2.23167
2.40596
2.40671
2.50377
2.37118
2.42765
2.23285
2.44865
2.5868
2.61552
2.69698
2.58159
2.27495
2.96191
2.31193
2.55877
2.67527
2.72932
2.26416
2.43351
2.61772
2.65189
2.269
2.11394
2.57539
3.54021
2.59529
2.78137
3.46185
2.33904
3.1801
3.46446
2.52596
2.55865
2.78867
2.44007
2.27729
2.32902
1.67823
2.597
2.64942
2.82813
3.24007
2.39088
2.91792
2.82187
2.40359
2.65672
2.56641
2.97018
3.15423
2.96571
2.93041
2.8859
2.41105
2.42445
2.82113
2.78312
2.32418
2.29905
2.02299
2.81048
2.39884
2.36327
2.81634
2.49779
2.51832
2.21054
2.44147
2.37463
2.79268
3.00583
1.99258
2.59316
1.92097
2.61179
2.19544
2.7608
2.5751
2.22834
2.815
2.91147
2.4185
2.8244
2.63634
2.55494
2.80325
2.45933
2.68332
2.34848
2.37725
3.39543
2.21947
2.11471
2.69336
2.89421
3.14127
2.07506
2.80318
2.31572
1.75315
2.60157
2.31748
2.10818
2.4628
2.63508
2.61026
2.77501
1.71799
2.9651
2.59764
2.95773
2.49728
2.61786
2.53754
2.77905
2.63398
2.95656
2.74637
2.67945
3.10562
2.64632
2.91218
3.16682
2.91637
2.71456
3.07501
3.07128
2.90959
3.02238
3.20464
3.41287
3.54357
3.42187
2.99971
2.47716
2.6565
3.02901
2.41867
3.28821
3.14792
3.02589
3.21392
3.32072
2.81443
2.74515
2.91323
2.78404
2.67792
2.67422
2.45132
2.58633
2.0817
3.16042
3.21702
3.4159
3.12842
1.95275
2.6635
3.26688
2.72233
3.15045
2.86997
2.75231
2.2412
2.67484
3.17616
2.81349
2.65649
2.61999
2.20186
2.05222
2.94211
3.3493
3.12553
3.37994
2.76768
2.99389
3.00484
3.1425
2.90892
2.91293
2.86324
2.87386
2.23163
2.42948
2.30645
2.35771
2.13914
2.26519
2.81001
3.31872
2.40009
3.38519
2.83737
3.14755
3.11845
3.03782
3.0639
3.18392
2.86785
3.20043
2.73334
2.92023
3.15018
3.63804
2.90228
3.3932
3.84479
3.27559
3.52452
3.72391
3.43644
3.16613
3.21873
3.17436
2.75968
3.13703
2.74784
2.46255
2.51449
3.58181
3.2689
2.58307
3.38311
3.08565
3.08402
3.05599
3.09891
3.20397
3.77251
3.49666
3.08475
3.1969
3.10404
3.453
3.21268
3.0818
3.49525
3.0167
2.81422
2.72786
2.90708
2.82227
2.59325
2.73112
3.30599
3.08564
2.92634
2.77486
2.81994
2.75127
3.50824
3.19624
2.67113
3.02661
2.88017
2.9323
2.72733
2.76069
2.98481
3.25537
3.19529
3.03733
2.541
2.84613
3.37881
3.509
3.05404
1.99846
2.8111
3.38197
2.65619
2.91809
3.14661
3.14511
3.07807
2.90478
2.95719
2.76856
