1.75548
2.80092
2.94071
2.04581
2.24356
2.57149
2.92672
2.84393
1.85221
3.14879
2.90566
3.20664
2.23807
2.73511
2.65777
2.47786
2.62244
2.86931
2.91547
2.28927
2.79107
2.37144
2.70186
3.07067
3.40404
3.83502
3.15137
3.38226
3.04673
3.20588
3.08981
3.81837
3.36093
3.85561
3.35571
2.99785
2.63166
3.06776
2.80346
3.10722
3.60705
2.86079
3.8474
3.27994
2.69201
3.14201
2.78488
2.46785
2.62807
2.87848
2.43482
2.58976
2.17997
2.84899
3.15589
3.53909
3.63012
2.28262
3.82233
3.12383
3.36065
3.5319
4.07053
3.34795
3.38487
3.18212
3.13912
3.04448
3.68491
3.67572
3.05812
3.34443
2.98584
3.15957
3.27969
3.27944
3.30783
2.91777
3.4935
3.25217
3.2635
3.02397
2.98279
3.1336
2.90017
3.04547
3.07186
3.18083
3.16241
3.21489
3.51864
3.17051
2.67275
3.52841
2.8718
2.91366
3.32307
3.51334
3.61921
3.31902
3.20599
2.95714
3.05292
2.92334
3.26409
3.44852
3.07763
3.32062
4.1977
2.51037
3.70879
3.4159
3.48467
3.11093
3.28197
2.85725
2.8387
3.2226
2.8208
3.17014
2.38035
3.57068
3.63931
2.94446
3.4066
3.63916
3.02212
3.08615
2.81556
3.10986
3.46874
3.82685
3.20017
3.3678
3.16042
3.04378
3.07588
3.10077
3.27841
2.96
2.98646
2.78264
3.01985
3.20334
2.85044
2.96945
3.09736
3.32299
3.08946
3.0605
2.93119
2.60172
2.63538
2.99142
2.82239
2.30442
2.8558
2.84053
3.10643
2.72308
2.96405
3.19921
3.51393
3.10198
3.16179
2.65645
3.78653
3.39702
3.17354
3.04719
3.10353
3.6785
2.93418
2.54258
3.22298
3.1228
3.6133
2.76598
3.3434
3.37836
1.82301
2.65409
2.75442
2.08211
2.12039
2.48347
2.95462
3.06112
2.16974
3.13748
2.72479
3.1488
2.22467
2.86438
2.79415
2.50439
2.89755
3.4305
2.79464
2.12701
2.77888
3.04544
2.8927
3.45667
3.04769
3.57714
3.1817
3.27678
2.60896
3.03119
3.52153
3.73314
3.28418
3.68947
2.9739
2.6395
2.74023
2.79302
2.56216
2.89261
3.13409
2.75231
3.99095
3.35994
2.79935
3.26573
2.8022
3.15916
2.67101
2.74082
2.77128
2.93482
2.31253
3.44599
3.63887
3.2649
3.5468
2.16405
3.63805
3.20363
3.06033
4.07504
3.68304
3.05793
2.72772
2.95935
3.33355
3.12754
3.64726
3.66074
3.42936
3.40706
3.16267
3.20993
3.19559
3.55292
3.17038
3.03131
2.88444
3.16854
3.19588
2.91982
3.15726
3.16819
2.84079
2.89399
3.02374
3.32838
3.01473
3.36114
3.22472
3.42858
2.7632
3.1897
2.74211
3.15794
3.48677
3.2536
3.28195
3.31232
3.47923
3.37864
2.87816
2.81123
3.0325
3.40691
2.88073
3.32338
3.91823
2.63926
3.37169
3.23184
3.77236
2.88961
3.33754
3.2378
3.00205
2.97651
2.54352
3.2339
3.02253
3.70395
2.82285
3.02218
3.43973
3.6662
3.22211
3.15486
3.09422
2.96581
3.44881
3.5928
3.3523
3.4854
3.67306
3.46382
3.09855
3.09446
3.10712
2.80424
2.90057
2.80568
2.90215
2.92823
2.88041
2.82558
3.21594
3.43815
3.10382
2.94577
3.02419
2.58778
2.6621
2.80339
2.90461
2.84898
3.08453
2.15143
2.42548
2.64985
2.97551
3.24554
3.49792
3.15232
2.7896
3.13361
3.63978
3.36845
3.22751
2.90917
3.10121
3.68816
3.48444
2.99919
3.36478
3.02449
3.42926
2.9559
4.22718
3.29509
