1.7838
2.84345
2.32865
2.20495
2.35029
2.58464
3.0218
2.70216
1.61653
2.45433
3.13996
3.01481
2.2002
2.60199
2.65249
2.54469
2.47018
3.21103
2.6103
2.44868
2.99704
2.83267
2.68771
2.70838
2.99641
3.34465
2.51269
2.59448
2.85981
2.81769
3.20512
3.20742
2.85608
3.92323
3.03989
2.23619
2.60349
2.89455
2.35123
2.91045
3.27276
2.61963
3.42439
3.10287
2.8278
2.51548
2.9463
2.64444
2.60155
2.60621
2.52093
2.42962
1.86876
2.72051
2.89595
3.07557
3.91058
2.2501
3.75256
3.02271
3.72974
3.25982
3.31086
3.03721
3.10568
2.56265
3.06845
2.90901
3.21551
3.42923
3.41852
3.21826
2.93022
2.88577
3.12212
3.07658
2.95549
2.96253
2.77636
3.69381
3.02312
2.69218
2.70861
3.01365
2.67757
2.89417
2.98363
3.20908
3.02524
3.03994
3.28476
3.12166
2.2791
3.22945
2.52931
2.82539
2.79514
3.33653
2.76718
3.32626
3.37687
3.02403
2.37663
2.64149
2.81453
4.27556
3.18449
3.26437
3.88441
2.98377
3.34739
3.82858
3.30138
3.02941
3.36728
3.02529
2.75013
2.86018
2.16838
3.42435
2.67805
3.29514
3.02096
2.99293
3.22903
3.39518
2.70724
3.32013
2.99632
3.12235
3.42431
3.59755
3.26519
2.78942
2.96874
3.31277
3.04995
2.73527
3.25656
2.50962
2.68589
2.61348
3.14312
2.81507
2.84567
2.79623
3.15594
2.86558
2.72104
3.07561
2.9067
2.23636
2.75467
2.74568
2.19232
2.98881
2.88187
2.73638
2.84847
2.78322
3.19688
3.0946
3.10871
3.93357
4.0185
2.89879
3.64048
3.31838
2.78969
2.80637
3.0626
3.31008
2.85771
2.59491
3.47175
2.79679
2.91855
2.85495
3.18789
3.44202
1.88472
2.7058
2.27917
2.18277
2.43643
2.69682
3.25886
2.64474
1.71743
2.67095
3.23158
3.00225
2.40786
2.85598
2.6534
2.47621
2.39404
3.00309
2.50858
2.49056
3.19464
2.93829
2.55665
2.89041
3.16166
3.3628
2.41791
3.27405
3.04809
2.83997
3.44758
3.59484
3.72509
4.17998
3.26372
2.08049
2.39881
2.7588
2.09042
3.17525
2.98545
2.6327
3.27219
3.01567
3.02896
2.38515
2.53588
2.47871
3.12725
2.5675
2.30857
2.4677
1.84654
2.809
2.81508
3.04037
3.40244
2.49541
3.03867
3.35937
3.59972
3.54812
3.34185
2.93566
2.94207
2.75041
2.69597
3.1295
3.42102
3.40347
3.08522
3.0457
2.98053
2.79257
3.08919
3.0197
3.0688
2.94709
3.1811
2.90067
2.73727
2.65236
2.89445
2.91399
2.96157
2.93109
2.85636
3.20077
2.83356
2.9966
3.33728
2.99347
2.25158
3.24804
2.52443
2.93974
2.89798
2.87596
2.79141
3.21725
3.12715
3.10875
2.45433
3.62072
3.25922
4.16849
3.68593
3.2456
3.92499
3.72899
3.51722
4.00797
3.1267
3.07019
3.24044
2.81582
2.80869
2.60488
2.30192
3.51266
3.04684
3.55846
3.17617
2.80961
3.33701
3.29335
3.00186
3.01919
2.92353
3.06934
3.29054
3.39629
3.29429
3.5073
2.99016
3.27845
2.98049
2.76854
2.95018
3.08536
2.82066
2.77002
3.24597
2.85782
2.87315
2.80458
3.05913
3.04662
3.07196
3.17489
3.01732
2.51802
2.36861
3.07528
2.65915
2.87221
2.75176
2.67389
2.69166
3.03649
2.77566
2.85667
3.15622
3.6994
3.21311
3.01389
3.39491
3.4463
3.12045
2.9444
2.96499
3.61089
3.13437
2.50669
3.29216
3.05238
3.03508
2.73727
3.4117
3.78013
