1.87635
2.87032
2.19701
2.34647
2.31457
2.51936
2.77377
2.8168
1.61948
2.96968
3.08514
3.36136
2.26524
2.73909
2.86052
2.82013
2.57723
3.05169
2.80867
2.43538
2.98798
2.80378
2.597
3.29904
3.69206
3.54319
2.99072
3.19177
2.33972
3.38247
3.533
3.96489
3.71745
3.62203
3.10148
2.30173
2.79672
3.00844
2.18113
3.03486
3.15011
2.06956
3.37273
3.00914
2.68936
2.19248
2.62184
2.60531
2.37473
2.52262
2.42385
2.32962
2.07437
2.88219
2.69826
3.52346
4.00733
2.24397
3.56434
3.25332
3.08131
3.46832
3.16406
3.0046
3.07925
3.01004
2.96238
3.25228
3.39824
3.44423
3.3749
3.42106
3.01465
3.63512
3.41697
3.25309
3.58474
3.1556
2.98575
3.0849
3.00436
2.99536
2.81564
3.07995
2.91433
2.89078
3.40492
3.34925
3.12642
3.16769
3.36267
3.22649
2.84072
3.6097
2.81731
2.95698
3.2249
2.79285
3.4408
3.57588
3.309
3.30227
2.96093
3.24979
3.39142
4.32632
3.33024
3.6854
3.77144
2.8207
3.88306
4.24755
3.31321
3.03315
3.34548
2.96192
2.61367
2.97572
2.60392
3.2276
2.9496
3.73725
3.88505
3.12137
3.90399
3.32592
2.98219
3.49204
3.29917
3.48144
3.69931
3.74885
3.30708
3.40175
3.14521
3.01294
3.11427
2.79615
3.19119
3.06543
2.9611
2.54221
3.17225
2.79881
2.75583
2.83029
3.55186
3.01059
3.07197
2.8802
3.04859
2.33381
3.08392
2.88325
2.53701
2.70702
2.9609
3.0756
2.69675
2.95536
2.83672
3.04865
3.53442
3.86361
2.91825
2.9604
3.96587
3.56218
3.25401
3.07895
3.23985
3.9413
2.96924
3.33443
3.41664
3.0642
3.39125
3.16753
3.32047
3.36133
2.08199
3.17174
2.29486
2.32691
2.58099
2.86716
3.17586
2.8569
1.78061
2.82781
2.7691
2.76184
2.38615
3.19784
2.8089
2.90103
2.77715
3.01624
2.74947
3.15697
2.58903
3.2038
3.09794
2.88787
3.21867
3.20153
2.68697
3.31062
2.62718
3.03563
3.32208
4.087
3.52008
3.70996
2.97672
2.41159
2.64977
3.25115
2.19614
3.46552
3.10059
2.24626
3.16117
2.94761
2.48858
2.55843
2.47864
2.43244
2.53306
2.28077
2.48838
2.26803
2.12054
3.13967
3.17577
3.4342
3.47745
2.28658
3.59504
3.29995
3.33507
3.32053
3.54218
3.13592
3.08202
2.99646
3.05962
3.08355
3.56449
3.21385
3.04484
3.67521
3.06356
3.035
3.20012
3.34478
3.06655
3.18418
3.3567
3.32096
3.07546
3.10322
3.14699
3.00256
2.90344
2.93141
3.13639
3.66012
2.95881
3.25128
3.40218
3.35194
2.86573
3.31613
2.48985
2.96059
3.26774
2.88736
3.37095
3.37455
3.60855
3.58731
2.84358
3.23989
3.28796
4.59033
3.16561
3.48254
3.79338
3.04766
3.5043
4.03728
3.56161
2.98959
3.24916
2.89786
2.74834
3.5378
2.2938
3.30059
2.88235
3.85104
3.76075
3.14327
3.60348
3.87303
3.45822
3.22892
3.08202
3.11076
3.5809
3.56765
3.26455
3.37331
3.07207
3.16236
3.29417
2.92189
2.98835
3.05656
3.09745
3.00334
3.25458
3.02566
2.67789
3.08744
3.14277
2.892
3.00511
3.05947
3.10775
2.24164
2.59219
3.0406
3.04509
2.86097
3.06593
3.14137
3.03416
2.90612
2.89161
3.35546
3.45599
3.63981
2.88835
3.58262
3.31836
3.80964
3.24841
3.03081
3.02659
3.7829
3.12801
3.43419
3.33446
3.41425
3.22651
3.08054
3.61354
3.40404
