2.10178
3.04329
2.53298
2.36034
2.50063
2.98246
3.2584
3.06084
2.17595
2.96322
2.78942
3.43442
2.55871
2.58634
3.14367
2.78835
2.64186
3.61394
2.95026
2.52306
3.24854
3.11017
3.28906
3.18589
3.4923
4.04532
3.18425
3.21362
3.95356
3.33281
3.78796
3.80396
3.45227
4.18264
3.18168
2.92645
3.29304
3.31071
2.8666
3.57905
3.35784
3.20786
3.84549
3.33143
3.21635
3.12406
2.89384
2.67437
2.86511
2.98816
3.07457
2.91151
2.29818
3.18939
3.32814
3.35882
3.52105
1.91607
3.5976
3.33843
3.53619
3.51614
4.19562
3.36604
2.5971
3.11027
3.46375
3.01049
3.50299
3.51654
3.32449
3.2059
3.112
3.39004
3.42439
3.42152
3.41668
3.02029
3.24914
3.18185
2.79829
2.95618
2.96513
3.39821
3.08165
3.15515
3.21721
3.59686
2.98582
3.30424
3.82261
3.39502
2.77684
3.44085
3.05562
3.24003
3.12735
3.46017
3.51335
3.44294
3.47346
3.60257
3.15402
2.92007
3.15553
3.47255
3.19212
3.56431
3.91316
2.6252
3.56309
3.54632
3.55298
3.25009
3.16635
2.94681
3.05587
2.84897
2.54123
2.93207
2.81602
3.82824
4.03888
3.26816
3.58505
3.93406
2.65937
3.07957
3.34235
3.80289
3.99509
3.83724
3.52869
3.45716
3.22083
3.11308
3.60745
3.26346
3.4989
3.42149
3.18936
3.00074
3.19262
3.10173
2.95859
2.89614
2.99115
3.39537
3.53059
3.38156
3.35045
2.52728
3.45926
3.07071
2.95035
2.93211
2.92764
3.08964
3.26902
2.91
2.72198
3.68041
3.50896
3.51981
2.48394
2.58145
3.32476
3.70501
3.45776
3.23664
3.09991
3.70016
3.03267
3.28635
3.33845
3.0287
3.64889
3.06554
4.19181
3.4322
2.03581
2.87324
2.53861
2.41358
2.58521
2.81802
3.21514
3.01552
2.14191
2.99723
2.92532
3.27376
2.4992
2.19851
2.84706
2.83979
3.00869
3.50976
2.86301
2.89474
3.22213
3.2931
2.76134
3.19684
2.77558
3.66394
3.32998
3.21473
3.34159
3.17677
3.55104
3.48884
3.47418
3.8383
3.14407
2.79704
2.79138
3.10814
2.80105
3.51175
3.32413
3.15498
3.36615
3.314
3.17654
3.15069
2.81639
2.82937
2.82212
2.65002
2.93483
2.7062
2.23487
3.04344
3.23491
3.48801
3.66192
2.28196
3.51898
3.30815
3.46611
3.45727
3.87505
3.32748
2.92552
3.27351
3.23917
3.24673
3.71396
3.94182
3.36277
3.10487
3.18469
3.32605
3.21863
3.34172
3.11056
3.26008
3.20821
3.41782
3.17371
3.08318
2.90658
3.27939
2.94761
3.14287
3.32355
3.58018
2.90812
3.35366
3.65434
3.33747
2.97581
3.56135
2.7422
3.13442
3.26982
3.50863
3.02124
3.39883
3.62258
3.54118
2.77863
3.3363
3.16244
3.33591
3.07135
3.53351
3.66597
2.96359
3.40969
4.10278
3.53189
3.19832
3.74643
2.95164
2.78768
2.90833
2.4066
2.91667
2.76422
3.66924
3.72145
2.82804
3.51948
3.66485
2.99338
3.19348
3.37021
3.5507
3.88072
4.04979
3.2749
3.38118
3.44422
3.14551
3.52819
3.04368
3.15939
3.18373
2.89401
2.85424
3.05364
2.90043
2.87402
2.91903
3.1161
3.15316
3.36892
3.20794
3.34772
2.57399
3.38938
3.10799
2.87654
3.28096
2.91106
2.93595
2.7828
3.0933
3.02919
3.85711
3.62909
3.55165
3.53084
2.58517
3.5621
3.34735
3.06419
3.0985
3.38724
3.49335
3.15405
3.00988
3.16759
3.46325
3.92412
2.84773
3.61324
3.86311
