1.83018
2.23322
2.10953
2.20936
2.24867
2.58074
3.25189
2.84569
1.66222
3.14891
2.94047
3.35812
2.51135
2.54412
2.62792
2.42816
2.63529
3.19249
2.62845
2.67678
2.46257
2.77015
2.34292
3.0626
3.19619
3.65334
3.00997
3.75153
2.59017
2.68879
2.90287
3.20734
3.19473
3.67935
3.30261
2.25841
2.86316
3.04669
2.51583
3.35798
3.01182
2.75269
3.96742
3.33306
2.75846
3.17503
2.64554
2.57453
2.43777
2.70567
2.36702
2.40651
2.10476
2.76982
3.24442
3.19202
3.99834
3.03187
3.41407
3.12144
3.76982
3.60415
3.82091
2.99543
3.10833
3.22618
3.36914
3.22025
3.46394
3.41747
3.33241
3.09795
3.30075
3.08055
3.21779
3.11226
2.98647
3.20755
2.96318
2.96439
2.82328
2.83476
2.99374
3.13183
2.91537
2.94855
2.9322
3.16153
2.60552
2.98681
3.62256
3.22059
2.48906
3.35917
2.6744
3.1154
3.66039
3.34186
3.43814
3.12062
3.70492
4.0194
2.90849
2.90541
3.04063
4.28677
3.31986
3.39433
3.68774
3.58951
3.60734
4.69089
3.32345
3.00002
2.93364
2.62517
2.62187
3.15653
2.23507
3.28679
2.20062
3.6645
3.96854
2.88765
3.37573
3.28556
2.87245
3.21711
3.28368
3.81115
3.66749
3.00493
3.75218
3.55577
3.20205
3.08292
3.32181
3.03803
3.3581
2.83493
2.82152
2.18093
3.11095
2.7964
2.99247
2.7474
3.1713
2.91178
2.90287
3.18757
3.37813
2.778
3.25775
3.38078
2.80287
2.99887
2.88644
2.4076
2.85034
2.67611
3.64351
3.10032
3.30156
3.54029
3.56047
3.37906
3.17043
3.85315
3.27698
2.8175
3.01137
3.81924
2.96999
3.22437
3.42
2.93447
3.75534
2.59507
3.35634
3.12417
1.88636
2.64225
2.36721
2.09596
2.35195
2.43474
2.90434
2.94216
1.68727
3.29841
2.84141
3.35763
2.41229
2.51919
2.60061
2.18648
2.52914
3.12655
2.85633
2.642
3.06345
2.34567
2.39068
2.87106
3.18899
3.80492
2.96411
3.09721
3.23753
3.37442
3.11316
3.40643
3.71515
3.73879
3.03095
2.43818
2.64358
2.93824
2.4869
2.90268
3.30879
2.67591
3.42643
3.2993
2.75969
2.93239
2.92269
2.46862
2.5437
2.94376
2.52747
2.63571
2.0891
3.11639
3.27373
3.37909
3.64336
2.82433
2.90268
3.33558
3.84744
4.2257
3.96867
3.18809
2.93983
3.5418
3.41751
3.08601
3.62385
3.78673
3.18255
2.98444
3.09237
3.43838
3.01264
3.05808
3.4762
3.26322
3.10775
3.52156
2.66292
2.71185
3.05667
3.2155
2.90895
3.13048
3.07572
3.38238
2.73501
3.23782
3.6592
3.258
2.75821
3.21429
2.58812
3.10758
3.36609
3.26324
3.05888
3.21943
4.0959
3.401
2.87874
2.77104
3.29562
4.5825
2.9173
3.38
3.93148
3.94416
3.35832
4.54062
3.79174
3.0767
3.49405
3.05996
2.85049
2.95219
2.14723
3.1895
2.69867
3.85806
3.3583
2.84767
3.20394
3.31303
3.39445
3.35366
3.42693
3.42912
3.60935
3.4875
3.49638
3.3893
3.06993
3.09245
3.12019
3.25186
2.96274
2.80389
3.09519
2.86334
3.12829
2.99846
2.76102
2.84007
3.06853
2.98138
3.07861
2.88852
3.24734
3.14605
3.13254
2.91534
3.26245
2.89846
2.96323
2.8969
3.06089
3.22805
2.74619
3.64471
3.34214
4.06513
2.75673
3.24835
3.60582
3.69302
3.04246
2.76665
2.89943
3.92422
3.07509
2.71236
3.37748
3.15959
3.36072
3.06939
3.63282
3.09693
