2.18119
3.04819
2.50677
2.53506
2.8263
2.98138
3.33835
3.05404
2.11607
3.53501
3.06533
3.36229
2.68341
2.31939
2.85615
2.76981
2.86921
3.4112
2.67692
2.9624
3.4617
2.85615
2.94798
3.56564
3.82153
3.78105
2.96636
3.03411
3.66146
3.48462
3.60674
3.70029
3.6751
4.0528
3.24176
2.58377
3.15094
3.33522
2.71891
3.26823
3.38156
2.82597
3.73655
3.40705
3.57385
3.18566
2.90499
2.66073
2.79056
2.75704
2.66005
2.72494
2.32179
3.04895
3.27026
3.30652
3.94107
2.45336
2.64842
3.3896
3.52022
3.65859
3.67873
3.52776
3.07662
2.96532
3.08148
3.22137
3.49131
3.39437
3.32507
3.3122
3.05791
3.13301
3.35853
3.35481
3.25812
3.1926
3.28128
3.3035
2.84532
3.2094
3.16479
3.35222
3.10842
3.15565
3.3624
4.12705
2.88167
3.46623
3.65462
3.58924
2.89945
3.65885
2.81728
3.33296
3.15999
3.64386
3.03377
3.48297
3.41043
3.41565
3.00916
3.28062
3.41835
4.1115
3.70799
3.54896
4.25572
3.1216
3.60806
3.97526
4.12209
3.30777
3.61811
2.90613
3.17693
3.49617
2.07758
3.15837
3.06285
4.03154
3.74356
3.72404
4.01251
3.07258
2.97255
3.52492
3.73922
4.28488
3.5574
3.96001
3.67116
3.57624
3.30055
3.45002
3.3222
3.19244
3.57917
3.05858
3.08602
3.19211
3.53319
3.20137
2.90732
2.98369
3.54035
3.57795
3.31233
3.32167
3.07597
2.80235
2.30484
3.12074
2.43315
3.609
3.10234
3.14374
2.96774
3.01658
3.23532
3.4531
3.95923
4.12081
2.86119
2.62801
3.77235
3.68017
3.1376
2.79645
3.36047
3.71803
3.44667
3.68284
4.34672
3.42478
4.22496
3.2924
3.42213
3.2002
2.22111
2.80024
2.4655
2.55024
2.74928
2.71027
3.55182
3.11222
2.1598
3.07762
3.27385
3.17607
2.5301
2.75836
2.90575
2.51667
2.86008
3.09723
2.84568
3.10272
3.53683
3.16787
2.9362
3.52259
3.48184
2.74428
3.06786
3.69828
3.31655
3.30366
3.3556
3.70689
3.41267
3.9114
2.9337
3.01491
2.90233
3.38438
2.72189
3.42651
3.48768
2.78777
3.52176
3.33106
2.97952
2.93479
3.07507
2.63318
2.79255
2.8327
2.85752
2.90079
2.32905
3.29619
3.44322
3.48852
3.54757
2.48241
3.19474
3.41607
3.23039
3.34375
3.82415
3.16773
3.31488
2.97787
3.42672
3.36882
3.69266
3.37281
3.71091
3.28473
3.36517
3.09769
3.28107
3.59612
3.25857
3.14712
3.19268
3.3488
3.0853
3.08432
3.02125
3.29844
3.19093
3.2381
3.30382
3.37748
2.84099
3.35331
3.3368
3.68853
3.04067
3.51744
3.04146
3.1745
3.6359
3.32279
3.45849
4.03266
3.61655
3.49198
3.05481
3.32661
3.80893
4.45958
3.30958
3.4964
4.01666
3.16794
3.59898
3.57897
3.98285
2.99605
3.66373
3.14203
3.27787
3.41387
2.33301
3.29326
3.43639
4.05378
3.86007
3.62764
3.77094
3.66579
3.61526
3.39328
3.5305
3.63341
3.76194
3.92267
3.70342
3.39322
3.3794
3.28194
3.22178
3.38253
3.09758
3.35356
3.19635
2.86029
3.18711
3.25907
2.96816
2.86495
3.24762
3.51919
3.28542
3.16192
3.31817
3.22618
2.67942
2.56767
4.36799
3.38839
3.43767
3.03361
2.73122
2.91321
3.00159
3.45613
3.50751
2.97651
2.52449
3.52385
3.6888
3.8292
3.33273
2.92946
3.07287
3.57312
3.32633
3.46652
4.11987
3.20438
3.45372
3.01009
3.5394
3.78182
