2.11714
2.94709
2.57148
2.33172
2.44919
2.53468
3.04187
3.01683
1.74023
2.95153
2.84738
3.28793
2.48766
2.70852
2.69367
2.54944
2.56821
2.79058
2.47126
3.1439
2.64703
2.69135
3.26657
3.04387
3.08664
3.56401
2.74366
3.07983
2.92298
3.16086
3.26553
3.45371
3.62757
3.6864
3.01587
2.26355
2.64612
2.90745
2.69543
3.11076
3.38218
2.51899
3.63724
3.03912
2.61683
2.46924
2.95867
2.27285
2.3128
2.58974
2.47508
2.70919
1.94709
3.09376
3.09814
3.28293
3.43565
2.22552
3.66656
3.2849
3.46598
3.51729
3.6202
2.79045
2.69308
2.57703
3.18447
3.11786
3.36988
3.69468
3.30838
3.30577
2.95001
2.64925
2.93476
3.00279
2.91354
2.86236
2.87918
3.04754
2.79268
2.90499
2.69711
2.79819
2.82687
2.85418
3.04951
2.95123
2.7629
3.15978
3.3432
3.01784
2.6743
2.92187
2.60685
2.93038
3.00059
3.1629
2.84371
3.18637
4.12621
3.68695
3.15891
3.14697
3.42024
3.57484
3.12797
3.1611
3.77991
3.0763
3.41805
4.17595
3.4183
2.95187
3.07232
3.0902
2.94848
3.57267
2.28631
3.40103
2.8166
3.76955
3.32612
3.03576
3.33755
3.65215
3.34172
3.19088
3.12855
3.36354
3.47154
3.76837
3.34582
3.16416
3.22771
2.76088
3.28249
3.00235
3.19839
3.14482
2.68067
2.84922
2.90187
3.09413
2.94224
2.89889
3.25825
3.15043
3.24425
2.96489
3.22912
2.59447
2.81623
2.88299
3.29155
2.72067
3.21723
2.68572
3.11662
2.88793
2.80572
2.82364
3.34082
3.32218
3.39959
3.18065
3.57527
3.28155
2.77867
2.71034
2.75659
3.87915
3.04708
2.99277
3.23386
3.20056
3.54942
3.12726
3.22955
3.09315
2.10364
2.46153
2.27008
2.11241
2.48927
2.69752
2.81688
2.96665
1.71329
2.98434
3.0201
2.80834
1.85102
2.5387
2.67517
2.60457
2.68895
2.73603
2.82421
2.59732
2.99993
3.05373
2.47105
3.1931
3.33768
3.72507
3.1463
3.03723
2.79487
3.06459
3.67652
3.14729
3.68888
3.76011
3.2553
2.22797
2.73265
2.90558
2.61743
3.10521
3.67184
2.47206
3.37556
3.44475
2.50499
2.90782
2.78204
2.32175
2.80631
2.64068
2.50696
2.49179
1.90733
3.17107
3.10243
2.96824
3.59348
2.65468
3.18782
3.3492
3.277
3.21961
3.92102
2.93454
2.59976
2.84849
2.90465
3.20088
3.3843
3.69642
2.90627
3.15187
3.06867
2.79104
2.77408
2.83746
3.03835
2.89344
2.81278
3.0187
2.91323
2.83469
2.83828
2.8769
2.70144
2.75307
2.76364
3.31036
2.7117
2.99442
3.32502
3.01644
2.86682
2.9471
3.01438
2.91032
3.28074
3.25004
2.84108
3.28902
2.89465
3.31596
3.00729
3.28487
3.30549
4.01881
3.33918
3.29056
3.76801
2.96165
3.22786
3.76456
3.66433
3.10755
3.40831
3.29785
2.99494
3.59401
2.71123
3.12108
3.09517
3.65187
4.07149
2.88652
3.29014
3.72974
3.23918
3.07413
3.06314
2.93137
3.55777
3.57352
3.47226
3.40097
3.07083
3.15375
3.1148
2.91052
2.84068
2.95062
2.60757
2.88265
2.65721
2.96807
2.81867
2.64348
3.46907
3.14103
3.11612
3.01397
3.60936
2.5561
2.54759
3.17344
3.19899
2.90747
2.75227
2.37643
2.42898
2.86068
2.81363
3.19862
3.12254
3.50152
2.58639
3.21099
3.7044
3.59712
3.01538
2.65854
2.92921
3.34741
2.92725
3.00785
3.13869
2.84251
3.22333
3.05197
3.31545
3.14199
