1.55976
2.66485
2.25639
2.04813
2.37085
2.55408
3.16702
2.8548
1.82415
2.56833
2.53599
3.10197
2.28323
2.18496
2.99088
2.70287
2.65298
3.39681
2.5851
2.52189
2.95093
2.73347
2.58337
3.03858
3.45682
3.65451
2.90267
3.39005
3.43504
3.17155
3.41045
3.68464
3.44648
3.30443
3.01508
2.31881
2.65701
3.27439
2.702
2.98514
3.12895
2.61316
3.27624
3.06148
2.86143
3.00374
2.80391
2.53376
2.64662
2.47471
2.63358
2.59874
2.13966
3.30785
3.10553
3.54552
3.56733
1.70346
3.31072
3.33217
3.74442
3.58092
3.5759
2.93231
3.18467
2.9396
2.99376
2.97341
3.68411
3.62045
2.78376
3.62999
3.10247
3.25502
3.21264
3.48108
3.55071
2.99507
2.81433
3.02171
2.70048
3.04818
3.00414
2.99957
3.38985
3.00025
3.43422
3.45097
2.81504
3.80808
3.83071
3.17273
3.03296
4.05684
2.69479
3.09837
3.14426
3.48568
3.78287
3.38992
3.31
3.85543
2.57265
2.95525
3.32926
4.42919
4.00263
3.42728
3.58652
2.72355
3.61077
4.33501
3.59191
3.13254
3.59173
3.0215
2.80761
3.22334
2.04679
3.17643
2.42879
3.86093
3.68725
3.01921
3.38299
2.67856
2.83848
3.43489
3.03016
3.18979
3.98826
3.30844
3.52289
3.3848
3.1852
2.90503
3.40502
3.07208
3.13011
3.1874
3.02874
2.56165
3.14653
2.92284
2.73171
2.60038
3.34657
2.971
2.99965
2.96128
3.4252
2.51785
2.49226
2.66558
2.6451
2.47704
2.89909
2.78932
3.03372
3.12578
2.79786
2.87232
3.56328
3.67836
3.87864
3.51908
3.49538
3.40486
3.09293
3.11416
2.87797
3.91349
3.36413
2.49046
3.51192
3.14582
3.72164
3.21162
3.41259
3.51293
1.7515
2.99757
2.42591
2.1575
2.46551
2.68302
3.42185
2.86337
1.81712
3.13422
3.11913
3.1324
2.3389
2.42774
3.04744
2.76531
2.51641
3.41431
2.70855
2.77671
2.91814
3.02507
2.53047
2.81122
2.9145
4.02313
2.83312
3.33974
3.26447
2.95499
3.27404
3.89328
3.08817
4.03072
3.19905
2.77509
2.78453
3.14447
2.47063
2.98815
3.45426
2.61671
3.20327
3.35385
2.81807
2.6937
3.12133
2.58345
2.74427
2.48664
2.57396
2.57937
2.15949
3.1719
3.19302
3.47638
3.49144
2.06841
2.93513
3.07383
4.12193
3.73278
3.91219
2.97844
3.28807
3.45668
3.10321
3.3451
3.90268
4.065
3.2106
3.54778
3.0985
3.40537
3.29272
3.44729
3.53243
3.40717
3.12389
3.16548
2.72849
3.06199
2.70929
2.77822
3.07519
2.86207
3.06954
3.32652
2.88935
3.18682
3.29726
3.15854
3.09744
3.69862
2.57851
3.10488
3.68282
2.44395
3.16394
3.47885
2.94208
3.6039
3.20977
2.86258
3.25841
4.42807
4.01199
3.79249
4.04551
3.69607
3.70798
4.42982
3.69434
3.02751
3.50894
3.04873
2.85757
2.62853
2.17723
2.58622
2.65311
3.2949
3.90887
2.69958
3.60897
2.74204
2.82536
3.85273
2.83407
3.15771
4.04351
3.34313
3.62611
2.98069
3.61993
3.09158
3.39541
3.19603
2.96527
2.94748
2.55015
2.68879
2.94082
2.91951
2.74321
2.82361
3.50259
3.17296
3.05397
2.94681
3.21254
2.23054
2.22416
2.27675
2.48817
2.75146
3.04381
3.0384
2.81726
2.28967
2.95632
3.53432
3.29033
3.87797
2.7836
3.66579
3.84421
3.35348
3.23216
3.04502
3.22099
3.8756
3.25017
2.78154
3.2524
2.95673
3.0109
3.33772
3.45197
3.73872
