1.91176
2.55824
2.26659
2.30637
2.45841
2.86328
2.79062
2.78354
1.85433
2.78895
3.03773
3.08874
2.50922
2.70412
2.95532
2.73095
2.54165
3.00927
2.50936
2.82738
3.27651
3.46189
2.64754
2.93542
2.80655
3.45858
2.77429
3.14738
2.79435
3.32006
3.47097
3.27254
3.27219
3.63112
3.3171
2.23018
2.34774
3.04376
2.35652
3.17565
3.15459
2.37097
3.25818
2.90806
2.66464
2.65203
2.45081
2.26279
2.4501
2.67714
2.46007
2.61236
2.06094
2.97552
3.07872
3.24795
3.25925
2.58381
3.2466
3.17364
3.07773
3.38369
3.67078
3.04029
2.87628
2.98206
3.22792
3.0119
3.42967
3.34976
2.89633
3.11557
3.12712
3.4397
3.0695
3.24729
3.21972
3.07047
3.08365
3.0413
2.9502
2.93678
2.93753
3.2096
2.65359
3.08235
2.87497
3.14081
3.13905
3.36792
3.75123
3.35154
2.73892
3.54091
2.55731
2.97741
3.24987
3.35594
3.17602
2.9518
3.40759
3.10632
2.3403
2.7497
2.78398
4.25558
2.93333
3.48202
4.23268
3.87274
3.66811
4.55498
3.19543
3.07286
3.23025
2.83095
2.75425
3.16036
2.22206
3.04841
3.12058
3.78154
2.98625
2.76323
3.36447
3.23979
3.1658
3.18681
3.00759
3.71499
3.32952
3.43843
3.21573
3.08564
3.25737
3.51741
3.22442
3.53694
3.25749
3.12802
2.75883
2.50631
3.14251
2.87647
2.76772
2.77884
3.2371
3.07082
2.92166
3.02013
3.20965
2.75081
2.77522
3.56932
2.54619
3.2781
3.06616
2.85847
3.06085
2.42494
2.96783
3.28065
3.43937
4.24466
2.38744
3.41258
3.54879
3.21717
3.22706
2.96495
2.81734
3.63704
2.4286
2.58729
3.35027
3.0794
3.29501
2.62319
3.27406
3.26454
2.02857
3.1082
2.37245
2.33978
2.5308
2.72402
3.08639
2.90248
1.81648
2.6915
3.21737
3.18068
2.60629
2.8673
2.56205
2.71214
2.73854
3.10425
2.78207
3.05139
2.73814
3.0473
2.81488
3.12451
2.78724
3.06727
2.89107
2.5319
3.06836
3.55848
3.21402
3.8463
3.68754
3.45658
2.75313
2.52166
2.73028
3.52374
2.40091
3.18461
3.12999
2.48881
3.12625
2.93983
2.60675
2.61023
2.56422
2.75875
3.02443
2.82666
2.43608
2.52237
2.06811
2.91179
3.1645
3.34909
3.44379
2.52155
2.79915
3.25088
3.64514
3.32279
3.327
2.85382
3.01667
3.1475
3.0032
3.11089
3.36759
3.31736
2.93979
3.04808
3.23765
2.82889
2.96562
3.05675
3.25996
2.89711
2.76953
3.13999
2.74339
2.95267
3.01484
2.9144
2.96061
2.95253
2.9361
3.61786
2.75409
3.05076
3.5516
3.12684
2.78723
3.26996
2.69835
3.13405
3.26453
3.08901
2.93189
3.51486
3.268
3.26889
2.51551
3.0705
3.06084
4.17143
2.96144
3.29556
3.50583
3.84872
3.36434
4.21481
3.47458
3.29432
3.46918
2.86397
2.55326
3.25531
2.23858
2.78503
3.2851
3.41745
3.326
2.71713
3.26725
3.62373
3.34483
2.99168
2.94643
3.2
3.42856
3.49939
3.45392
2.94299
3.29652
3.01504
3.23389
2.84071
3.11919
3.41542
3.39486
2.50642
3.27248
2.75343
2.98244
2.83207
3.27877
3.09482
3.2284
3.02138
3.21116
2.62865
2.67129
2.96728
2.77732
3.33336
3.23215
2.82269
2.82732
2.98218
3.30456
3.95692
3.77044
4.22258
2.91943
3.5323
3.79532
3.42262
3.06666
2.99982
2.9137
2.99941
2.4212
2.65553
3.05592
3.0758
3.29512
2.76353
3.42714
2.81582
