2.20806
2.95811
2.79188
2.48329
2.58188
2.56941
3.19885
3.06473
1.72234
3.20338
2.90977
3.33554
2.90454
2.34315
3.0737
2.6704
2.60712
3.34356
2.63151
2.57648
2.86196
3.1233
3.24713
3.62444
3.06181
3.86757
2.85946
3.27392
3.66871
3.44391
3.36246
3.80289
3.68953
3.54711
2.97616
2.53146
3.2071
3.11216
2.81736
3.54006
3.45437
2.92473
3.82683
3.50142
3.22685
2.90661
2.98779
3.13821
2.78688
2.92249
2.71943
2.85216
2.15004
3.23617
3.29648
3.46651
3.62138
2.29315
3.29561
3.33019
3.92553
3.80864
4.05082
3.36545
3.30729
3.13893
3.37764
3.12478
3.75037
4.10685
3.77157
3.47523
3.062
3.87477
4.22757
3.70811
3.76621
3.06704
3.23604
3.18676
3.19192
3.43097
3.40599
3.34962
3.38849
3.13706
3.37231
3.78534
3.00226
3.74195
3.91468
3.97824
2.82431
4.10127
3.40826
2.99536
3.47804
2.87996
2.98135
3.48926
4.08383
3.33071
2.63524
3.02564
3.44774
4.21265
3.69552
3.62846
4.16673
3.01297
4.08674
3.76028
4.00169
2.93776
3.38294
3.08781
3.16357
2.69468
1.97393
2.49498
2.67011
3.55917
4.28435
3.4144
3.74687
3.06423
2.85719
3.52716
3.48648
3.3784
3.66307
4.12675
3.54199
3.35119
3.6377
3.18358
3.52577
3.13595
3.37497
2.84916
3.26432
2.69064
3.30602
3.12754
2.92564
3.13643
3.38183
3.40254
3.16262
3.22575
3.55922
2.56812
3.44611
3.13694
2.59972
2.80577
2.95326
2.63139
2.7698
3.09846
3.19586
2.67113
3.62955
3.70261
3.63308
3.7205
3.38372
3.4345
4.05612
3.2918
3.38906
3.94856
2.88173
3.34251
3.7041
3.37503
3.59421
3.10908
3.63507
3.46244
2.03428
2.71885
2.50203
2.36933
2.76724
2.97777
3.07032
3.0781
1.76859
3.16
3.01409
3.70213
2.56477
2.48951
2.82687
2.24729
2.82658
3.33837
2.81601
3.36963
3.57814
3.24944
3.22497
3.53716
3.15163
4.01469
3.09413
3.14978
3.03758
3.45166
3.1981
3.9673
3.45259
4.04533
3.27313
2.58236
2.58405
3.14818
2.61729
3.54678
3.61102
2.68818
4.07327
3.90501
2.96011
2.52423
2.8967
2.74219
2.69363
2.88286
2.85386
2.64516
2.25414
3.78893
3.08753
3.90183
3.32392
1.98955
3.61413
3.8856
3.82103
3.68759
3.61937
3.35761
3.31058
3.7434
3.34547
3.47517
3.79134
4.0204
3.35833
3.63525
3.1775
3.63761
3.28878
3.74485
3.40598
3.23702
3.52722
3.01582
2.91678
3.07134
3.17772
3.29389
3.39935
3.20569
3.35104
3.66685
3.00001
3.54479
3.92899
3.74918
2.76333
3.96354
2.65674
3.20369
3.07745
3.59608
3.37197
3.41058
3.50267
3.69393
2.80336
3.11578
3.09809
3.87159
3.59066
3.49304
4.01062
3.81379
3.46371
3.97521
3.7955
3.26938
3.94104
2.81384
2.73782
3.37141
2.04515
2.94939
2.39382
3.91678
4.36342
3.21784
3.85338
2.83394
3.08739
3.60015
3.34294
3.51922
4.03118
3.29981
3.50851
3.26711
3.38654
3.38081
3.35929
3.26816
3.09732
2.86538
3.29035
2.69982
3.3585
2.67728
3.05062
2.89908
3.15321
3.32757
3.30266
3.24916
3.32517
2.65362
2.41489
3.39034
2.60207
3.43949
2.79288
2.79113
3.08896
2.82174
3.27747
3.58379
3.57658
3.77433
3.20525
3.82109
3.82462
3.35427
3.40927
2.98546
2.91082
4.30143
3.05645
2.70777
3.57429
3.53027
3.16866
3.18083
3.4087
3.45616
