2.20549
2.63795
2.48297
2.51861
2.62315
2.74376
2.3238
2.83333
1.75563
3.0099
2.63406
3.22507
2.53585
2.13462
2.78096
2.35429
2.58981
3.05132
2.71744
2.51424
2.66239
2.96552
2.78625
2.86039
3.04529
3.38484
2.91363
2.91872
2.95011
3.11654
3.62804
3.24198
3.70174
3.67493
3.20432
2.18795
2.77042
3.15781
2.42879
3.16879
3.23369
2.35554
3.6332
3.12734
3.24365
2.53834
2.57828
2.38077
2.6006
2.60694
2.38756
2.52575
1.99646
3.00821
3.17147
3.16839
3.17481
2.41787
3.53282
3.32038
3.41828
3.40751
3.75363
2.94974
2.57429
3.08975
2.8954
2.98138
3.07639
3.3008
3.21158
3.05787
2.89325
2.84125
2.86402
3.14393
3.16324
2.89644
2.71426
2.82322
2.54541
2.71213
2.81309
2.97798
2.81907
3.02732
2.93473
2.84669
2.8122
2.94796
3.11367
3.33858
2.87959
3.50977
2.3356
2.75242
3.08105
3.05924
3.01901
3.18868
3.13692
2.66819
2.44128
2.62991
3.22266
3.62581
3.28899
3.11738
3.49502
3.40191
3.69456
4.33173
3.665
3.22966
3.38881
2.74462
2.75421
2.92554
2.4309
2.91382
3.01481
3.64488
3.19946
2.84648
3.27218
3.16873
2.97084
3.26063
3.08434
3.38238
3.56269
3.57148
3.16229
3.09873
2.99986
2.917
3.20179
2.72741
2.96255
2.71696
2.67203
2.84913
2.67309
2.70693
2.76974
2.88286
2.90751
2.86536
2.9081
3.09293
2.88887
2.50274
3.0615
3.24693
2.76998
2.7731
2.59788
2.78174
2.88596
3.1399
2.88606
2.86568
3.4892
3.37156
2.97562
3.01785
3.6095
3.32667
2.77075
2.98087
3.02897
3.72824
3.01119
2.74462
3.04009
2.99365
3.06822
2.79159
3.38763
3.38496
2.16765
2.79907
2.26355
2.35219
2.41923
2.62427
2.94726
2.93193
1.83618
2.84237
2.86154
3.21681
2.56634
2.7158
2.81966
2.54942
2.23135
2.81221
2.55535
2.50347
2.58391
2.67925
2.89847
3.00561
3.18635
3.49856
2.96401
3.08821
3.08148
2.88311
4.00457
3.73763
3.30408
3.8104
3.37145
2.44005
2.74225
3.3021
2.46639
3.35205
3.06744
2.58499
3.31827
3.19262
2.83531
2.54363
2.73535
2.17607
2.62352
2.47717
2.52812
2.42641
1.9717
3.04217
3.16386
3.38803
3.37428
2.72662
3.22484
3.36319
2.9642
3.32552
3.72851
2.64479
2.4776
3.43156
3.19573
3.28396
3.22098
3.42533
3.04669
2.9754
2.91998
2.84968
3.02793
3.31401
3.224
3.05835
2.98169
2.84985
2.82008
2.81513
2.97828
3.09597
2.78559
2.84304
3.05948
3.52771
2.84517
3.04617
3.43282
3.05884
2.84528
3.43215
2.69501
3.09994
3.1115
3.00134
3.11839
3.53706
3.11701
3.02711
2.86904
3.06075
3.00024
4.08882
3.29098
3.15983
3.47605
3.80204
3.45375
4.33682
2.95218
2.96438
3.04315
2.64939
2.82203
2.98995
2.16276
2.65261
3.17213
3.43255
3.81735
3.04486
3.11716
3.2794
3.04678
3.15405
3.15949
3.31952
3.54809
3.70718
3.49444
3.2294
3.44264
3.12373
3.14225
2.82739
3.09125
3.06185
2.83971
2.6437
3.00148
2.80651
2.8493
2.8285
3.33953
2.8632
3.07915
2.99825
3.12266
2.60095
2.77915
3.27458
2.73282
3.00777
2.82697
2.83098
3.51759
2.80998
3.05253
3.39982
3.43315
4.00318
3.39404
3.47359
3.85212
3.24997
3.05955
2.67867
2.73741
3.56613
3.15637
2.76885
2.96358
3.19583
3.33231
3.00435
3.32353
3.66847
