2.06506
3.08101
2.62844
2.45703
2.66073
2.80326
3.48817
3.03586
1.84308
3.20922
3.0716
2.9714
2.58091
2.51744
2.96938
2.85385
2.72442
3.40713
2.57427
3.10426
3.11192
3.32664
3.43183
3.19997
3.5621
3.46512
3.23855
2.94208
3.08363
3.33063
3.35893
3.85014
3.19665
3.52672
3.03218
2.70215
2.92755
3.05569
2.77385
2.97141
3.11269
2.763
3.48448
3.67772
3.14972
2.56425
2.85947
2.73552
2.40926
2.65824
2.67005
2.68396
2.34786
2.87962
3.12611
3.42936
3.36558
2.38263
4.0901
3.57479
3.02278
3.79056
3.51626
3.03927
2.72472
3.12971
3.31228
3.08978
3.29651
3.4708
3.38309
3.19078
3.2813
3.31186
3.21839
3.30473
3.25103
3.24854
3.22536
3.02592
3.16921
2.86183
3.25258
3.17903
3.08609
2.71488
3.30801
3.6221
2.70107
3.55156
3.69633
3.44179
2.64414
3.19537
2.69423
2.97775
2.90415
3.54313
3.04186
3.71551
4.08053
3.58618
3.11779
3.2339
3.55136
3.85961
3.50202
3.59407
4.20259
2.44128
3.60025
4.05424
3.74399
3.26847
3.25153
3.22874
3.11647
3.08987
2.34799
2.6956
2.73503
3.56678
4.20863
3.01446
3.40796
3.48048
3.06931
3.31013
3.28048
3.89249
3.8938
4.02496
3.62081
3.34226
3.32741
3.31181
3.28897
3.20562
3.20449
3.07596
3.53275
2.69388
3.31933
2.95266
2.83921
2.68878
3.41353
3.32665
3.21108
3.08315
2.90478
2.9142
3.17362
3.24236
2.73622
3.37095
3.4211
3.14555
2.98532
3.82314
2.85474
2.98905
3.37071
4.1686
3.09913
2.96879
3.58828
3.71603
2.99038
2.8508
3.33468
3.78841
3.32387
3.60968
3.35435
3.38876
3.54126
3.24768
3.40513
3.72873
1.96871
2.97792
3.02183
2.42618
2.70252
2.7549
3.49818
2.98176
1.99395
3.03451
3.04613
3.04511
2.50258
2.94357
2.7495
2.90784
2.85033
3.16165
2.55328
2.83547
3.16096
2.81377
3.08955
3.43141
3.24935
3.75647
2.80369
3.48233
3.24527
3.36781
3.46746
3.71755
3.49083
3.81099
3.18722
2.62197
2.81719
2.83324
2.44924
3.42159
3.38975
2.51457
3.80592
3.21149
3.03777
3.25346
2.75123
2.53328
2.61984
2.64745
3.00738
2.85767
2.42099
3.09955
2.97283
3.46438
3.40301
2.73843
3.30054
3.53377
3.38526
3.54121
3.77943
3.25903
2.768
3.33871
3.28165
3.10481
3.46783
3.63653
3.40432
3.19697
3.21584
3.14431
3.038
3.21354
3.47956
3.24206
2.83167
3.00229
2.9872
2.77683
3.04895
3.35264
3.27396
2.99387
3.3174
3.25657
2.93519
3.20723
3.43736
3.45058
2.56428
3.82848
2.73324
3.08462
3.33582
3.55092
3.16349
3.64776
3.81016
3.66518
2.86587
2.93158
3.33286
4.04773
3.70671
3.33034
3.69012
3.21796
3.82863
4.65791
3.78035
3.29012
3.14745
3.19556
3.23864
3.15412
2.20422
2.72724
2.7731
3.87735
4.54102
3.06393
3.45472
3.36009
3.15856
3.43726
3.06022
3.34669
3.93939
4.01334
3.34929
3.2756
3.60458
3.34765
3.27888
2.68668
3.22872
3.17338
3.09663
2.89418
3.23079
3.04134
2.8348
2.8303
3.84245
3.33149
3.0514
3.16355
3.0535
3.06525
2.60791
3.0375
2.7984
3.18106
3.12499
3.11393
3.04313
3.393
2.94089
3.38085
3.39795
3.69799
2.5817
3.15042
3.35763
3.42211
3.16551
2.83892
3.16946
3.95789
3.14714
3.27236
3.50431
3.07927
3.20983
3.09951
3.64511
3.70554
