2.10756
2.77896
2.5497
2.34342
2.48021
2.68198
2.7599
2.90912
1.75787
3.07718
2.72228
3.05655
2.15459
1.87447
2.81937
2.48059
2.57364
3.15535
2.53928
2.7354
2.8707
2.72089
2.94521
3.08271
3.39171
3.34241
2.9798
3.0906
3.18083
2.95991
3.50543
3.42271
3.45592
4.08441
3.04624
2.41484
2.88921
2.92571
2.45297
3.007
3.13569
2.63423
3.59325
3.35793
2.78455
2.88186
2.42479
2.94914
2.55619
2.81001
2.48252
2.58705
2.07602
3.08598
3.19556
3.4055
3.96601
1.6405
3.74297
3.2269
3.46789
3.7134
3.57609
3.51035
2.55366
3.12898
3.27725
3.04763
3.62168
3.7803
3.11998
3.24656
2.97074
3.2287
3.49209
3.36866
3.47589
3.13943
3.06161
3.00612
2.69278
2.99553
2.89101
3.01941
2.80867
3.10966
3.26819
2.93354
3.07119
3.03381
3.52404
3.46162
2.36954
3.49739
2.60879
2.86638
3.12968
3.22511
3.51882
3.32053
3.27748
3.34213
2.83106
3.0945
3.20633
4.38103
3.32953
3.36175
3.68922
2.57267
3.43488
3.76544
3.02945
3.17552
3.50214
3.32709
2.87945
3.23169
1.93344
2.81288
2.43053
3.47684
3.83466
2.78611
3.37947
3.23244
2.75562
3.04234
3.34994
3.55054
3.72611
3.81331
3.23257
3.28362
3.12627
2.90027
3.1282
2.88521
2.88109
2.69793
2.87777
3.05922
3.05716
2.87378
2.87536
2.65939
3.40861
3.04824
2.84745
3.16189
2.70502
2.56605
2.67811
2.88288
2.57935
3.32373
2.89569
3.15242
2.85731
2.71153
2.89577
3.04664
3.40332
3.86005
2.60921
3.11579
3.64969
3.47857
2.96364
2.95604
3.17649
3.36432
3.04698
2.29787
3.36329
3.26697
3.39397
2.89585
3.17577
3.31989
1.99242
2.63084
2.50843
2.37284
2.53832
2.5562
3.08673
2.92527
1.70988
2.87454
2.85757
3.01035
2.28503
2.27148
2.92244
2.57566
2.35957
3.34312
2.45004
2.36504
2.88771
3.21452
2.94114
2.5283
3.20745
3.58665
3.0686
3.23997
3.31284
3.44218
3.39614
3.32695
3.58701
3.93298
3.51612
2.48566
2.96989
3.18479
2.33502
3.28097
3.2172
2.78961
3.33565
3.15142
2.94509
3.39332
3.02076
2.87294
2.5326
2.85985
2.70702
2.80896
2.16446
3.10445
2.97575
3.66263
3.41937
2.17748
3.0723
3.19504
3.44978
3.45696
3.87546
3.02984
3.31295
2.8769
3.11676
2.94564
3.37877
3.73678
3.28696
3.21715
3.05418
3.15688
3.0457
3.06282
3.29202
3.12714
3.15858
3.14561
3.02434
2.83023
3.09102
3.3831
2.9294
3.12118
3.31083
3.49185
3.00333
2.93239
3.16039
3.23597
2.42498
3.42511
2.55958
2.78168
2.97049
3.04235
3.30393
3.44819
2.95073
3.96619
2.79593
3.0977
3.19381
4.30457
3.13992
3.52624
4.02471
3.83491
3.54186
3.74056
3.65449
3.10499
3.45902
3.09069
3.09374
3.3219
2.46718
2.91015
2.62724
3.50704
3.2343
2.77761
3.29455
2.79542
2.7494
3.33055
3.06998
3.52071
3.83511
3.62142
3.33693
3.47419
3.17747
3.23785
3.31749
3.01385
2.79103
2.72626
2.83483
2.94147
2.87026
2.87731
2.78033
2.65042
2.73227
3.05084
3.14699
3.11575
3.34409
2.53741
3.28277
2.92486
2.4583
2.74735
3.15174
2.76002
3.0907
2.64533
3.03603
3.45938
3.10257
3.23561
2.97754
2.95587
4.19283
4.13109
3.01341
2.85496
2.86685
4.16611
3.06476
2.58396
3.28702
3.34283
3.29599
2.91006
3.31263
3.45603
