1.9417
2.45658
2.42548
2.24066
2.49922
2.91579
3.5138
3.04492
1.87473
3.14984
3.06753
3.26081
2.61718
2.60296
3.03244
2.5822
2.78256
3.25595
2.51999
2.73197
3.32599
3.25456
2.80799
3.26878
3.36134
3.79361
2.96475
3.05434
3.17165
3.19689
3.33055
3.35018
3.29973
3.45545
2.87512
2.66183
2.60601
3.12096
2.65947
3.23108
3.09517
2.66723
3.14073
3.06046
2.68045
2.71181
2.81493
2.4858
2.84815
2.82676
2.57033
2.65456
2.16347
3.23203
3.13969
3.14539
3.31751
2.7172
3.6547
3.42048
3.19245
3.52082
3.64185
2.78183
2.8806
2.80788
3.31391
3.16009
3.32514
3.44121
3.04396
3.22338
3.30888
3.12282
3.25119
3.01209
3.13232
3.05681
3.24195
3.08882
2.92487
2.75577
2.8388
2.93214
2.64639
2.92042
2.87058
3.34156
2.75083
3.08841
3.20113
3.28671
2.82207
3.16648
2.94253
3.07208
3.02755
3.41754
3.13729
3.32495
3.40489
3.16841
2.37544
2.92316
3.31889
4.47756
3.20034
3.41002
3.67378
3.2398
3.23679
3.87554
3.39472
2.96972
3.12331
3.18928
2.98995
3.36219
2.19447
2.92503
2.89981
3.67742
3.40733
3.16005
3.31801
3.08865
2.76164
3.02932
3.1381
3.37486
3.18097
3.7202
3.24408
3.36574
2.95434
2.61729
3.11883
3.489
3.13804
3.26859
2.90782
3.00637
3.11099
2.92535
2.85668
2.8865
3.22865
3.16155
3.02317
2.78112
3.15967
2.89446
3.08173
3.05042
2.56408
2.92372
2.84457
2.80335
2.59193
2.88514
2.74145
2.94529
3.28581
3.59749
2.87567
2.74002
3.45343
3.51963
2.94104
2.91471
2.84645
3.33608
3.11471
3.15265
3.57199
3.01606
3.52111
2.70737
3.27491
3.57816
2.02074
2.59423
2.135
2.1838
2.47003
2.71341
2.87863
2.91836
1.849
2.96979
3.44046
3.13372
2.36514
2.35628
2.80863
2.72844
2.70639
3.14359
2.57348
2.71553
3.78126
2.70312
2.4078
2.74431
2.58439
3.62075
2.88639
3.15925
2.97374
3.03639
3.57237
3.50153
2.77951
3.76185
3.43777
2.5197
2.6883
3.05184
2.66617
3.22681
2.80492
2.82425
3.33153
3.1885
2.90509
2.61169
3.00613
2.51609
2.58792
2.63974
2.50083
2.6019
2.26142
3.01898
2.67795
3.39136
3.29317
2.76814
3.45434
3.01985
3.1028
3.31664
3.72653
2.76286
2.79755
2.87572
3.20561
2.90633
3.18298
3.39074
3.01204
2.92448
2.98369
2.99618
2.88771
2.96291
3.14094
3.07393
3.07422
2.9316
2.62748
2.76926
2.71894
2.93545
2.8564
2.80754
2.80545
3.135
2.43305
3.12327
3.10487
3.21016
2.67735
3.00106
2.72943
2.9233
2.82904
2.95354
3.04634
3.29235
3.27832
3.23113
2.60538
2.78148
2.87412
3.97154
2.96138
3.13733
4.0317
3.42481
3.24859
4.01111
3.10156
3.12984
3.38621
3.03474
2.64752
3.40018
2.24082
2.72624
2.62839
3.59099
3.21109
2.66141
3.37328
3.78405
3.06332
3.12933
3.1417
2.87501
2.96501
3.32016
2.91732
3.08096
2.89619
2.97454
2.65339
2.93066
2.62673
3.0168
2.61328
2.91165
2.83513
2.88113
2.67797
2.67363
3.08281
2.80309
2.94102
2.6998
3.04432
2.75367
2.40648
2.5036
3.14877
3.5753
2.71521
2.78516
2.66106
2.90248
2.71672
3.43323
3.50218
3.35772
2.30432
3.12401
3.77087
3.49253
2.8268
2.55353
2.7897
3.42418
2.90411
2.39993
3.10212
3.0824
3.30369
2.60371
3.1885
3.2369
