1.94312
2.89192
2.46752
2.4906
2.4884
2.89434
3.30787
3.03469
1.80643
2.81565
2.52401
3.05807
2.75203
2.58122
3.05485
2.60357
2.66744
3.47002
2.63446
2.98148
3.20807
2.82112
3.00987
3.20724
3.30582
3.77258
2.94381
3.25999
3.4285
2.98258
3.12348
4.08972
3.21371
3.03591
3.01966
2.64971
2.98668
3.3569
2.76973
3.24593
3.26751
2.89751
3.72198
3.1533
3.12817
3.00828
2.8814
2.63084
3.10533
2.74562
2.58295
2.57441
2.27432
2.96058
3.30779
3.39544
3.47718
2.38177
3.59538
3.38051
3.19811
3.35385
3.67685
3.04037
2.85164
3.21809
3.13247
3.21574
3.35925
3.53827
3.44334
3.11098
2.94508
3.03485
3.21065
3.32517
3.49641
3.12829
2.81391
2.96701
2.937
2.85495
2.89913
3.07161
2.74204
2.96556
3.6353
3.27439
2.98307
3.41941
3.6687
3.26569
2.57726
3.56294
2.85585
3.13271
3.36525
3.08045
3.65151
3.60997
3.26782
3.56267
2.66919
2.9952
3.04884
3.69475
3.42626
3.38365
4.08245
1.89191
3.39414
4.0987
3.17333
3.39385
3.47813
2.93241
2.77197
2.54946
2.22709
3.58435
3.45886
3.35694
3.15002
3.19003
3.41195
2.88406
3.0142
3.2064
3.41262
3.73009
3.7403
3.59578
3.14027
3.53414
3.38311
3.40281
3.37052
3.09114
3.28109
3.07966
3.0377
2.90202
3.02066
2.9848
2.93227
3.14916
3.09561
3.34082
3.10825
2.99381
3.28942
2.82728
3.06239
3.27653
2.68142
2.70369
3.12127
3.33908
3.15956
3.07183
2.75519
2.80973
3.67126
3.8775
2.61988
2.91105
3.74053
3.72706
2.92013
3.10579
2.83674
3.54504
2.81697
2.86548
3.37232
3.03863
3.15683
2.79014
3.34168
3.35407
2.01885
2.78354
2.62578
2.44604
2.65552
2.9159
3.21287
2.83038
1.89009
2.79991
2.7356
3.13316
2.68213
2.70455
2.86068
2.65051
2.59435
3.14385
2.94159
2.85987
3.01932
3.0792
3.04565
3.10275
3.25934
3.7125
3.00039
3.3406
3.53849
3.33924
3.39932
3.81964
3.58117
3.68521
3.09051
2.90326
3.1094
3.5154
2.68768
3.57785
3.00842
2.56554
3.56154
3.25673
2.94347
3.01094
2.85935
2.75401
2.81176
2.80015
2.6684
2.5316
2.27947
3.3046
3.0549
2.81441
3.40983
2.84545
2.73112
3.055
3.27894
3.5943
3.46864
3.00768
3.17977
2.94291
3.11418
3.02898
3.53549
3.89347
2.9486
3.10035
3.01319
3.10695
2.81588
3.28187
3.1904
3.32852
2.92899
2.97789
2.84705
2.64769
2.96171
3.09836
3.29864
2.96434
3.24121
3.1847
2.89896
3.27989
3.75396
3.56617
2.76017
3.59062
2.54649
2.86681
3.15012
3.59094
3.51157
3.59848
3.31996
3.50423
2.4666
3.1511
3.28545
4.14103
3.50384
3.16704
3.81551
2.52971
3.45664
4.19718
4.11466
3.0102
3.77083
3.0395
2.65154
2.8061
2.30112
3.06293
2.92723
3.70302
3.68191
3.31903
3.22207
3.17738
3.2021
3.19026
3.14637
3.39696
3.64982
3.26036
3.55693
3.17199
3.17117
3.35435
3.22681
3.00928
3.00084
2.86103
3.18993
2.71935
2.93389
2.76634
2.93118
3.15979
3.49882
3.35781
3.2529
3.03147
3.29721
2.41389
3.01186
2.88559
2.67225
3.14546
2.66475
3.37396
2.75117
2.96487
2.86109
3.58677
3.56961
3.05718
2.7658
3.10268
3.85434
3.21021
3.16011
2.83137
2.99238
3.44862
3.29369
3.05809
3.40357
3.16073
3.29373
2.96289
3.10214
3.81135
