1.83098
2.9564
2.78166
1.98539
2.28453
2.50748
3.10557
2.36565
2.24212
2.94819
2.91263
3.52933
2.38338
2.85489
2.43082
2.76622
2.72775
3.30108
2.78373
2.48852
3.22559
2.97475
2.70905
2.91299
3.10059
4.28207
3.03447
2.94893
2.55645
3.3101
3.51402
3.50075
3.82326
3.87759
2.96155
2.75712
3.06605
3.16981
2.96308
3.11166
3.15008
2.62011
3.60157
3.15313
2.80846
2.79424
2.79782
2.63616
2.62772
2.68587
2.74133
2.60869
1.84989
3.20606
3.38351
3.63707
3.22506
2.98945
3.52058
3.00816
3.65213
3.39627
3.81633
3.30478
3.04647
3.52944
3.38555
3.31646
3.45963
3.87437
3.33735
3.52933
3.25636
3.36452
3.52033
3.70322
3.72926
3.49775
3.31347
3.15349
2.72576
3.03151
3.05491
3.23904
3.14824
3.19445
3.38323
3.3168
3.50653
3.54953
3.76274
3.46709
2.97537
3.58233
2.71077
3.28037
3.06665
3.13562
3.62294
3.18557
3.17649
3.19985
2.5576
2.5007
3.01607
4.14936
3.092
3.65471
4.15294
4.20827
3.49271
4.59892
3.86251
3.27335
3.59604
2.91992
2.69817
2.92705
2.22187
3.22259
2.53275
3.93323
4.30249
3.01474
3.36166
3.51984
2.65525
3.20519
3.15542
3.35351
4.04098
3.76978
3.30797
3.36285
3.03708
2.82192
3.44519
2.94469
3.26163
2.80243
3.05668
2.77334
3.11811
3.27574
2.8456
3.06906
2.6646
3.43838
3.17648
3.30038
3.443
3.1558
3.28325
2.82837
2.75687
3.10922
2.9466
3.15812
2.73657
2.48683
3.11645
3.19285
3.4693
3.57143
2.66
3.54221
3.4863
3.19006
3.12795
3.08933
3.66006
3.81693
2.70885
2.54428
3.23623
2.82808
3.28152
2.72456
3.39066
3.40238
1.72924
2.60218
2.40752
2.11675
2.29982
2.4987
3.12198
3.10447
1.98082
3.15985
2.93119
3.57796
2.70602
2.84918
2.61461
2.57606
2.6813
3.16844
2.63739
2.84738
2.71624
2.74372
2.79514
2.94372
3.2701
4.09906
3.05735
3.31056
2.87271
3.26402
3.16919
3.64149
3.64462
3.80487
2.79666
2.36898
2.74049
3.06321
2.83124
3.14154
3.43612
2.6877
3.7299
3.57567
3.03569
2.5226
2.42096
2.48663
2.5019
2.81099
2.703
2.76006
2.01664
3.37456
3.31026
3.70421
3.57077
2.3393
3.38526
3.50947
3.65196
4.0156
3.94808
3.29917
2.98947
3.15179
3.533
3.39719
3.80679
3.82581
3.40518
3.60555
3.09965
3.18164
3.17588
3.60303
3.64291
3.09876
3.11916
3.31296
2.91995
2.9649
3.09574
3.35055
3.16774
3.10755
3.11153
3.38086
3.16291
2.92644
3.46517
3.40196
2.87635
3.57209
2.57279
3.25968
3.36965
3.50117
3.13048
3.37746
3.31692
3.25609
2.79208
2.56072
2.68321
4.38575
3.14835
3.44078
3.69878
4.42706
3.75509
4.39946
3.5138
3.12549
3.08095
2.85753
2.81246
3.24058
2.01817
3.1133
2.67242
3.75998
4.20292
2.55734
3.27256
3.52904
3.1745
3.53063
3.192
3.2712
3.66837
3.1785
3.59433
3.11227
3.17068
2.82673
3.17908
2.85036
3.36484
3.27628
3.00629
2.51022
3.26952
2.81132
2.83335
2.64755
2.96414
3.36831
3.35677
3.19303
3.05519
2.6878
3.09792
2.97372
2.95249
2.88862
3.0079
2.91515
3.34828
3.05918
2.82402
3.22209
3.94289
3.60539
3.224
3.07348
3.28881
3.20361
3.17672
2.95726
3.14709
3.71116
3.00519
2.76211
3.45803
2.99686
3.33249
2.91032
3.38855
3.93719
