2.15745
2.28971
1.98431
2.1596
2.19797
2.47326
2.41533
2.60597
1.53134
2.72637
2.49069
2.81047
2.35521
2.69073
2.39879
1.67171
2.65822
2.48284
2.02821
2.22741
3.08026
2.59445
2.07563
2.35946
3.41718
2.75911
2.44477
2.68325
2.36466
2.82774
3.22124
3.34685
3.31599
3.35032
2.65972
2.13734
2.43755
2.79398
2.5777
2.86813
2.76837
2.28687
2.97069
2.62474
2.56979
2.71538
2.40777
2.18992
2.68238
2.39138
2.35788
2.39867
1.65113
2.58572
2.71075
3.00881
3.37225
2.75014
3.55124
2.78563
3.17932
2.94142
3.21844
2.64484
2.76512
2.38067
3.00819
2.73908
2.98184
3.09588
2.7304
3.10173
2.78416
2.57236
2.88586
3.09332
2.71986
2.47591
2.43227
1.83037
2.49894
2.25276
2.55016
2.49663
2.4014
2.32873
2.35976
3.07985
2.303
2.99506
2.97805
2.31014
2.58891
3.40276
2.7347
2.56566
2.76304
2.76663
2.71725
3.36586
2.39353
3.6229
2.34316
2.33268
2.56571
4.47499
3.32888
3.05345
3.59071
3.42557
3.42945
4.62434
3.51645
2.92224
3.06423
2.26013
2.19369
3.84921
2.30167
2.87794
2.68657
3.53377
3.61042
2.90812
3.01179
3.46609
2.6002
2.97353
2.8378
2.73823
3.55584
3.49397
2.67612
3.24508
2.95983
3.01799
2.87323
2.54165
2.47072
2.35254
1.80734
2.35593
2.49536
2.23294
2.32629
2.38932
2.57829
2.47024
2.81188
2.28073
2.46957
2.09374
2.81426
3.18344
2.54324
2.86099
2.70328
2.74207
2.55034
2.55614
2.52937
2.30729
3.40077
3.47033
3.82007
3.152
3.43675
3.16411
2.94965
2.09902
2.56035
3.38401
2.81714
2.6262
2.85707
2.64806
3.14659
2.63303
2.86169
2.74557
1.9242
2.36978
2.02147
2.17041
2.1679
2.1978
3.04781
2.51493
1.69864
2.95438
2.2711
2.71594
2.1677
2.81913
2.4779
2.22914
2.33364
3.27242
1.91679
1.99383
2.55494
2.55133
2.5802
2.58317
2.55765
3.1009
2.44896
3.19378
2.48488
2.64595
3.23722
3.60863
3.53087
3.29571
3.38093
2.1611
2.13501
2.68272
2.39057
2.82588
3.06464
2.25868
3.12453
2.87878
2.50926
2.87275
2.25403
2.22785
2.18874
2.56597
2.27727
2.17773
1.74411
2.94224
2.71728
3.11939
3.52473
2.15541
3.5061
2.75686
3.15054
3.21556
3.22788
2.506
2.4414
2.45576
2.97642
2.56421
2.96539
3.13956
3.05569
2.63325
2.82479
2.73976
2.70989
3.21282
2.85345
2.59062
2.3618
2.62532
2.3172
2.28638
2.55758
2.6608
2.44199
2.57829
2.61875
2.94671
2.09981
2.935
3.07221
3.04317
2.71492
3.87385
2.29001
2.66597
2.91952
2.67854
2.95917
2.85045
3.16083
3.44483
2.75234
2.57267
2.76851
4.32299
3.38493
3.14559
3.50737
3.64535
3.54394
4.36548
3.07992
2.91453
3.18343
2.09682
2.47459
3.42895
2.55791
2.77849
2.7009
3.40969
2.97088
2.36584
2.97813
4.14185
3.10335
2.73538
2.57929
2.96381
3.47762
2.96771
3.38625
3.19699
2.81973
2.73194
3.15126
2.43585
2.72616
2.43614
2.09071
2.43033
2.64041
2.44659
2.24232
2.49734
2.42923
2.58135
2.85648
2.61217
2.78247
2.64495
3.02913
2.68076
2.90108
2.295
2.3513
2.5467
2.03883
2.28496
2.40245
2.9405
2.96683
3.8808
2.74517
3.44458
3.4564
3.31782
2.7278
2.61311
2.27705
2.46359
2.55376
2.03623
2.74622
2.91745
3.30952
2.8654
2.6754
3.51174
