2.0051
3.04037
2.5708
2.27541
2.55724
2.60587
2.98746
2.92192
1.74986
3.01931
2.71943
3.21829
2.59396
2.57223
2.78654
2.74956
2.89721
3.48712
2.59432
2.76272
3.55475
2.93386
2.85576
3.31253
3.54471
3.50893
2.85451
2.83669
2.94052
3.01665
3.34271
3.77338
3.52805
3.94883
3.5207
2.81927
2.68928
3.0584
2.60648
3.28054
3.19935
2.85956
3.57821
3.31892
2.95887
2.56607
2.68012
3.15909
2.78852
2.66018
2.73455
2.63288
2.09176
2.99944
3.30914
3.02934
3.57941
1.57756
3.38422
3.31695
3.79055
3.16121
3.45059
3.25928
2.71242
2.96601
3.16561
2.90673
3.38853
3.70052
3.09882
3.3824
2.96657
2.77299
3.25246
3.38664
3.24162
3.02439
2.76358
2.905
2.94311
3.03986
3.10946
3.09212
2.86126
2.76672
2.86035
3.381
2.99834
3.32766
3.56379
3.17268
2.75268
3.40212
3.00515
3.13372
2.89425
3.62561
3.08598
3.53618
3.70794
3.31964
2.72089
2.97861
3.12742
3.67001
3.08887
3.24906
3.4452
2.29011
3.42327
3.51999
3.4943
3.05899
3.29286
3.05218
2.84496
2.85946
1.91752
3.30755
2.81729
3.18315
3.62671
3.27482
3.3741
2.8653
2.96292
3.20578
3.35687
3.42762
3.53196
3.66576
3.3649
3.07406
3.54213
3.06972
3.83116
3.01595
3.32219
2.92773
2.95581
2.92285
2.93247
2.84406
2.97475
2.80768
3.1286
3.26673
2.91081
3.26741
3.40185
2.97129
2.96978
3.01997
2.4732
2.8591
3.41553
3.04662
2.91428
2.72758
3.36875
2.84474
3.02016
3.44799
2.99658
2.83692
3.1472
3.15416
3.04135
2.78618
3.25384
3.40008
3.0088
3.2503
3.48512
3.22084
3.55259
2.84475
3.42279
2.98905
1.82299
3.06976
2.51494
2.17206
2.6462
2.83615
2.93874
2.96501
1.81879
3.16117
2.85456
3.00676
3.18467
2.67396
2.67059
2.82345
2.64934
3.02738
2.74953
2.51364
3.09788
2.97839
2.94648
3.18554
3.24289
3.6832
3.02751
3.1736
3.18202
3.36566
3.58414
3.58278
3.40523
3.81749
2.92855
2.65071
2.68206
2.96807
2.62979
3.19698
3.38731
2.75587
3.28185
3.22191
2.98549
2.62454
2.72841
2.69007
2.87001
3.0633
2.80569
2.67828
2.19758
3.10488
3.34284
3.66611
3.49747
1.64474
3.31324
3.51509
3.76805
3.48996
3.54118
3.0158
2.94786
2.92861
3.38228
3.03644
3.60943
3.62029
3.2343
3.22679
3.09625
3.14382
3.31783
3.272
3.43379
3.02867
3.26311
3.13352
3.16262
3.14066
3.0386
3.19695
3.24685
2.94457
3.47114
3.19289
3.23336
3.23098
3.52504
3.18867
2.61081
3.3489
2.75686
3.03995
3.06021
3.49102
3.4825
3.21062
3.0827
3.01259
2.81513
3.02497
3.18537
3.72287
3.24243
3.42469
3.94106
2.37196
3.40827
3.79999
3.45822
2.82068
3.4611
3.12542
2.97007
3.00941
2.1939
2.79247
2.89691
3.18597
3.88527
3.47695
3.67378
2.77033
2.84233
3.45713
3.32755
3.64965
3.65653
3.9699
3.44597
3.25061
3.62534
3.10327
3.3831
3.03956
3.26104
2.86543
2.75065
2.58214
2.88119
3.06146
2.80518
2.66797
2.98743
3.28907
3.07805
2.99546
3.37757
2.75301
2.41597
3.02322
2.2464
3.23214
3.345
2.69647
2.84364
3.11458
2.91515
2.70299
2.71181
3.82137
3.26505
2.66322
3.07067
3.19438
3.05041
2.9183
3.13969
3.52027
3.1939
3.13266
3.5725
3.20279
3.49728
2.68707
3.36998
3.576
