1.97355
3.19934
3.00071
2.45878
2.64404
2.82508
3.06254
2.88029
2.07086
2.693
3.20838
3.24126
2.80853
2.96898
3.13637
2.98864
2.79297
3.43853
2.86666
2.96553
2.72816
3.25219
3.21232
3.38554
3.4978
4.08076
3.80857
3.60916
3.36337
3.23335
3.27289
4.06427
4.05974
4.0698
3.35495
2.51519
2.8531
3.11082
2.79022
3.19608
3.17765
2.91916
3.4582
3.80785
2.97978
2.93389
2.57861
3.01033
3.26551
2.79149
2.82169
2.85129
2.04419
3.09127
3.19075
3.55441
3.49212
2.59579
3.90647
3.67501
3.48427
4.27662
4.07108
3.5493
3.55189
3.31659
3.13897
3.38529
3.74871
3.65409
3.25241
3.31226
3.09551
3.54765
3.50652
3.97882
3.50861
3.14851
3.29477
3.33127
2.84462
2.80075
2.93368
3.00827
3.11192
2.94471
3.19049
3.4363
3.57299
3.41498
3.93041
3.40919
3.07499
3.91398
3.09049
3.29347
2.93486
3.5123
3.66285
3.33422
3.64708
3.33452
2.48678
3.0713
3.43369
3.68229
3.42076
3.62463
3.74114
2.55764
3.52891
3.36635
3.78095
3.26634
3.8052
2.94175
3.05724
3.2767
2.2836
3.89005
2.95602
4.09143
4.52548
3.48148
3.43616
3.81175
3.39574
3.41407
3.4155
3.74734
3.97343
3.98862
3.69545
3.51805
3.4397
3.2937
3.6394
3.30188
3.50137
3.12347
3.08636
2.80539
3.68114
2.94097
3.30218
2.95012
3.27898
3.1004
3.35115
3.2963
3.61154
3.01525
3.52833
3.41813
3.4434
3.484
3.18115
2.80131
2.91356
3.11205
3.1184
3.71577
3.52529
3.65996
3.11243
2.83262
3.33022
3.45513
3.61303
3.24693
3.06189
4.11166
2.98437
3.6844
3.37685
3.38977
3.97485
3.10586
3.53921
3.73888
1.99439
3.2109
2.65531
2.48563
2.72939
2.84506
2.56222
3.1741
1.88616
3.21454
3.23144
3.20852
2.74662
3.37787
2.97723
2.92854
3.08918
3.20184
2.97098
2.63646
3.11607
3.52795
3.18964
3.26308
3.15069
3.95243
3.45248
3.40423
3.36672
3.14137
3.35441
3.6838
3.53138
3.90251
3.12292
2.55301
2.63316
3.15418
2.67941
3.52771
3.28269
2.86436
3.54808
3.39244
2.89083
3.17855
2.91235
3.03608
2.9143
3.14314
2.51023
2.64973
2.17551
3.21971
3.37517
3.57766
3.29739
3.48536
2.79133
3.44432
3.812
3.61385
3.85603
3.12965
3.36343
3.82028
3.41948
3.10997
3.61393
3.71154
3.17189
3.73295
3.31823
3.53054
3.42445
4.01066
3.37869
3.34647
3.3376
3.1481
3.39043
3.21799
2.98939
2.96501
3.09666
3.19942
3.21821
3.63174
3.40035
3.26422
3.49371
3.16919
2.81094
3.55927
2.81817
3.24242
3.36344
3.25467
3.39082
3.36815
3.26598
3.31368
2.63465
2.94436
3.33133
3.51873
4.10143
3.66646
4.03383
2.77084
3.85188
2.95334
3.92644
3.24117
3.53913
3.43676
2.90104
3.37043
2.42678
3.11594
3.41158
3.86614
3.91676
3.35538
3.3252
3.94626
3.43285
3.34967
3.01536
3.24994
4.02638
3.83009
3.62129
3.43173
3.2253
3.30035
3.39629
3.54352
3.59475
3.38324
3.167
2.91378
3.56625
3.11091
3.25727
2.94188
3.51147
2.99749
3.36292
3.28074
3.65439
2.98724
3.21108
3.3649
3.23297
3.13183
2.94489
3.13882
3.47504
3.14838
3.12059
3.46527
3.38272
3.09567
2.87694
3.44488
3.73148
3.42399
3.7552
3.09943
2.98659
4.30572
3.14222
3.2715
3.28833
3.54328
3.92033
3.0299
3.73802
3.24302
