1.92696
2.9493
2.77922
2.30491
2.40954
2.66329
3.1793
2.68665
1.66878
2.18301
3.03229
2.81815
2.47206
2.53056
2.75355
2.39228
2.05192
3.21958
2.15328
2.46893
3.08444
3.32394
2.87743
3.36807
3.07737
3.41634
2.63749
3.2948
3.34387
3.32769
3.32715
3.85827
3.73761
3.69346
3.01232
2.62612
2.85342
3.129
2.60374
3.10864
2.96217
2.65594
3.47709
3.45799
2.98526
2.92552
2.3679
2.21944
2.66182
2.5599
2.16124
2.17548
1.90539
2.84167
3.13509
3.45039
3.61682
2.9359
4.16927
3.19401
3.27303
3.05536
3.82898
3.01597
3.04757
3.22616
2.91361
3.01654
3.68226
3.52366
3.23675
3.20361
2.62978
3.18287
3.2159
3.38376
3.08917
3.09375
2.78406
3.22346
2.5576
2.85554
2.90115
2.89095
2.92368
2.94923
3.15091
3.50786
3.31675
3.34293
3.38601
3.07748
2.65158
3.47285
2.56918
2.98736
3.0459
3.35984
2.88123
3.43897
3.29206
3.5667
2.65388
2.76473
3.04282
4.18073
3.54171
3.08043
3.89976
2.93638
3.32858
4.28266
3.38869
3.10562
3.29998
2.82988
2.73566
3.34417
2.48469
3.31528
2.99201
3.6919
3.36566
3.2736
3.43653
3.44382
2.96771
3.34653
3.03521
3.21164
3.61264
3.83945
3.25349
3.12625
3.365
3.12021
3.25508
2.95538
2.99365
3.00737
2.67468
2.91327
2.96311
2.8201
2.74723
2.10764
3.23277
3.07594
3.02006
3.04464
3.0781
2.56114
2.97346
2.87897
2.58123
2.79443
2.9455
2.65103
2.557
2.73987
2.99959
2.87215
3.27874
3.35798
2.89627
3.21292
3.57942
3.53594
2.75115
3.03661
2.81265
3.57325
2.72978
3.20592
3.52754
3.06828
3.49023
3.21679
2.96204
3.4479
1.87206
2.71792
2.62289
2.14763
2.46345
2.53372
2.92184
2.77531
1.74701
2.88394
2.98332
3.13615
2.43408
3.02189
3.05164
2.71913
2.6268
2.73721
2.7764
2.33763
3.0479
2.31856
2.77361
2.97937
3.38517
3.46163
3.22681
3.66939
3.14434
3.02402
3.59373
3.27345
3.0415
3.75095
3.10547
2.40349
2.90128
3.16161
2.58559
3.22137
3.15876
2.70394
3.3405
3.18618
2.63075
2.96425
2.79554
2.71423
2.99643
2.96554
2.56009
2.59526
2.02136
3.13634
2.94685
3.31939
3.11756
2.97569
3.37275
3.1075
3.43176
3.42912
3.3792
2.95757
2.88171
3.00101
3.09735
2.92096
3.44332
3.44336
2.93268
2.9678
3.04611
2.75981
2.93264
3.49133
3.08809
3.08497
2.80098
3.06562
2.65945
2.73215
2.70653
2.91526
3.04429
3.0028
3.17197
3.30987
2.9099
3.1627
3.1591
3.00448
2.45874
3.1359
2.5375
3.10722
3.12797
3.27024
3.07476
3.46644
3.5247
3.43595
2.62603
2.91109
3.21251
4.56074
3.22887
3.1417
3.64292
3.50296
3.27903
4.07194
3.70424
2.89139
3.21856
3.31667
2.53813
3.00459
2.63842
3.6336
2.99777
3.74706
3.62767
2.58789
3.35615
3.1894
2.98327
3.10732
3.18284
3.01024
3.63649
3.5361
3.34115
3.01307
3.06749
3.1577
3.03436
2.62974
2.82657
3.37289
2.56674
2.83797
3.36691
2.73449
2.58701
2.7526
3.34624
3.08182
3.09106
3.07184
2.98477
2.50278
2.54371
2.71293
2.41428
2.50249
2.72269
2.92274
2.92159
3.33999
2.92045
3.22854
3.36663
3.61741
2.54284
2.88927
3.65713
3.38482
2.81478
3.01753
2.98896
3.68437
2.75622
2.48477
3.35193
2.96653
3.44174
3.29374
3.31694
3.10798
