1.95477
3.28769
2.3192
2.44305
2.59433
2.89353
3.12771
2.91663
1.66399
2.84698
2.81734
3.28534
2.57054
2.56634
3.14956
2.75907
2.87135
3.11567
2.80936
2.95255
3.29799
3.11895
2.65833
3.11655
3.19206
3.49965
2.8548
3.17137
3.13782
3.22534
3.55436
3.58939
3.3999
3.92992
3.07138
2.63137
2.92696
3.30612
2.684
3.28096
3.44724
3.08944
3.41286
3.38688
2.99163
2.59685
3.02208
2.74023
3.00282
2.92634
2.4944
2.50483
2.21121
3.40282
3.24724
3.20678
3.27118
2.3029
3.62775
3.52002
3.09198
3.74717
3.82683
3.32687
3.88635
3.33053
3.0488
3.18259
3.58511
3.71815
3.34749
3.54831
3.29186
3.47394
3.63428
3.49489
3.53869
3.33531
2.97615
3.27095
2.95404
3.26454
3.34516
3.25006
3.39329
3.07951
2.96763
4.10529
3.39565
3.53333
3.62393
3.31976
2.926
3.7878
2.85364
2.99204
3.39273
3.52391
2.90309
3.51693
3.21897
3.49463
2.51868
2.87243
2.97717
4.03825
3.17891
3.34363
4.11212
1.94812
3.86228
2.8498
3.74665
3.43583
3.35498
2.86779
3.02163
3.16916
2.37548
3.30263
3.22328
3.48471
3.52739
2.89477
3.42061
3.3667
2.91937
3.07397
3.54312
3.88013
3.88689
3.89222
3.1467
3.3685
3.44373
3.15902
3.33031
3.19053
3.31337
2.98112
3.04436
2.75446
3.11017
2.9904
3.21362
2.81711
3.20293
3.24374
3.09001
3.19338
3.37671
2.80764
2.97152
2.80943
2.60058
3.88881
3.25293
2.66545
3.2087
2.8288
3.05393
3.44104
3.61545
3.92799
2.98647
3.11748
3.26662
3.59542
3.15567
3.12056
3.04931
3.78589
2.78649
3.10285
3.69199
3.3802
3.9062
2.87696
3.51858
3.34357
1.87041
2.73026
2.37785
2.47097
2.78055
2.94451
3.28107
3.05476
1.76367
3.28945
3.35492
3.41756
2.44749
2.5667
3.0885
2.9717
2.75319
3.28852
2.8346
2.81447
3.18504
2.93401
3.30298
2.65544
2.96956
4.32929
3.18871
3.69736
3.67847
3.16434
3.46195
3.76554
3.3289
3.85406
3.63869
2.99204
2.72064
3.11411
2.67412
3.50936
3.75803
3.19549
3.66217
3.46902
2.68957
2.80663
2.85421
2.71522
2.34002
2.827
2.74154
2.75763
2.21728
3.04327
3.17729
3.52592
3.49329
2.89661
3.47064
3.7631
3.68264
3.67476
3.67315
3.35321
3.06348
4.05571
3.28757
3.38366
3.66975
4.1193
3.69813
3.65429
3.23101
3.5863
3.27398
3.79515
3.42825
3.29379
3.24059
3.29695
2.85151
3.14267
3.15539
3.04341
3.22036
3.19797
3.19328
3.90064
3.24233
3.7089
4.04618
3.5407
2.85915
3.92186
3.31734
3.25343
3.34102
3.25008
3.49614
3.15141
3.56644
3.48087
3.28999
2.9689
2.8195
3.73472
3.18739
3.19405
4.10316
2.81378
3.52123
3.92584
3.39593
3.47232
3.47642
3.27446
3.2584
3.02799
2.2358
3.40146
3.42378
3.87037
3.42791
2.62084
3.10196
3.59541
3.186
2.93279
3.07934
3.56595
3.99189
3.74497
3.32969
3.46202
3.92869
3.13497
3.75967
3.13993
3.20366
3.23843
3.31194
2.72628
3.15192
3.02027
2.8496
2.82933
3.27917
3.14354
3.05477
2.92101
3.24646
2.54523
2.89378
2.88218
2.91871
3.23371
2.80703
3.10707
2.82179
3.3
3.29264
3.70029
3.61827
4.22182
2.82828
3.35824
3.94352
3.48318
3.50934
3.12183
3.26746
3.99943
3.0981
2.80871
3.44542
2.83964
3.71912
3.0727
3.44978
3.77738
