1.87908
2.73344
2.66409
2.33293
2.53419
2.75774
3.11011
3.20793
1.91023
2.97003
3.06733
3.23386
2.50837
2.93922
2.84319
2.80482
2.74918
3.1929
2.7265
2.5975
3.28251
3.52845
2.72968
2.69056
3.13639
3.66689
3.31915
2.94207
3.64566
3.6991
3.23555
3.52915
3.41157
3.62563
3.1295
2.74629
2.85378
2.93278
3.0018
3.50299
3.35259
2.73756
3.51348
3.42026
3.0022
2.73233
2.88668
2.8208
2.93851
2.74691
2.72682
2.85303
2.38708
3.18228
3.00298
3.62859
3.60844
2.51104
3.67382
3.33285
3.13608
3.41488
3.6801
3.01448
2.53295
2.79993
3.10864
3.0602
3.44843
3.72286
3.13172
3.49388
3.13614
3.37706
3.15203
3.03105
2.88772
3.17951
2.93553
3.25937
2.67952
2.75037
2.90645
2.85156
2.77111
2.90007
2.96648
3.16638
2.68055
3.02757
3.31027
3.01074
2.403
3.22683
2.83256
3.02028
3.247
3.17156
3.38176
3.37958
3.40721
3.26475
2.88825
2.918
3.21849
4.24348
3.06457
3.39257
3.6133
3.92478
3.31663
4.30594
3.80514
3.28768
3.29784
3.00193
2.86402
3.11238
2.21933
2.63267
2.80475
3.63216
3.68284
3.37217
3.91893
3.12354
2.67093
3.38445
3.36762
3.8906
3.62411
4.0032
3.4619
3.35996
3.19618
3.03503
3.69082
2.95818
3.06952
3.25461
2.64037
2.65873
3.09883
2.87204
2.9452
2.90119
3.14939
3.25008
3.10673
3.26464
3.2099
2.92339
2.89255
3.11656
2.38546
2.98832
2.79008
2.99035
2.76106
2.69448
3.2907
2.8627
3.35485
3.21257
2.47146
2.92581
3.42245
3.33079
2.87333
2.78402
3.01415
3.86428
3.22447
3.21942
3.6699
3.43855
3.25049
2.67732
3.38129
3.32133
2.06437
2.86406
2.5085
2.38164
2.6711
2.80462
3.19246
3.30331
1.94679
3.19208
2.7626
3.28111
2.65438
2.78122
2.79958
2.90219
2.82762
3.35208
3.05338
2.836
2.80383
2.88961
2.69315
2.94498
3.15842
3.67368
3.53131
3.43183
3.45237
3.26436
3.08134
3.53075
2.86838
3.76155
2.89982
2.9574
2.90354
3.22385
2.87228
3.56134
3.36996
2.83485
3.65535
3.25414
3.4466
3.03329
3.09972
2.66931
2.88592
2.63166
2.86539
2.68285
2.44444
3.58216
3.32457
3.84296
3.70764
3.04691
3.42412
3.09735
3.04373
3.60421
3.7637
2.87228
2.82091
2.40926
3.44537
3.16197
3.60439
3.64736
3.31183
3.19544
3.28252
3.35816
3.4066
3.11684
2.98774
3.40666
3.09991
3.32708
2.90184
2.97443
3.20901
3.00819
2.87952
2.90555
2.87451
2.93466
2.69596
2.94715
2.98503
3.18137
2.82709
3.19228
2.79888
3.01579
3.106
3.38386
3.29836
3.3319
3.93487
3.37311
2.98017
2.88094
3.28954
4.14672
3.16875
3.48246
3.48884
3.93727
3.31458
4.2989
3.63072
3.01832
3.5117
3.28175
3.00579
2.69817
2.18705
3.07736
3.24018
3.20863
3.91407
2.97499
3.45999
3.28531
2.84552
3.17207
3.13583
3.16813
3.47372
3.52136
3.28715
3.51463
3.44963
3.63191
3.45376
2.98497
3.02842
3.15381
2.75891
2.69475
3.32809
2.9427
2.75547
2.99597
3.26905
2.9772
3.13662
3.08393
3.09168
3.00001
2.48924
2.94627
2.72963
3.07726
2.75756
2.9542
3.03332
2.91657
2.84751
3.82053
3.3391
3.43853
2.69898
2.80057
3.70777
3.39176
3.33089
2.857
2.75093
3.34169
2.88085
2.8863
3.75831
3.00918
3.60206
2.92386
3.42821
3.09445
