1.86157
2.80846
2.43177
2.23248
2.32444
2.50962
2.68275
2.76443
1.746
3.02922
2.8227
3.11763
2.07165
2.19124
2.88965
2.91131
2.45377
3.05452
2.46551
2.71559
2.38488
2.79155
2.54082
2.9567
3.35111
3.5325
2.77388
3.22635
2.8934
2.91793
3.32472
3.61133
3.51778
3.93153
3.30953
2.17865
2.80962
3.28277
2.16726
2.98872
3.15258
2.23326
3.23036
3.19028
2.86592
2.45358
2.12961
2.28493
2.31755
2.36271
2.43038
2.30113
2.19809
2.77985
2.82147
3.16141
3.16374
2.79055
2.729
3.37706
3.28289
3.50549
3.61557
3.6949
3.03196
2.9503
3.34056
3.06913
3.77391
3.53786
3.47707
3.30194
2.95558
3.1627
3.3387
3.26534
3.25846
3.15665
3.25401
3.08797
2.9925
2.9793
2.93016
2.97821
2.89703
2.95505
3.36936
3.04805
3.08742
3.35361
3.44515
3.50102
2.97348
3.52584
2.32569
2.90086
3.41217
3.56013
3.04249
3.39303
3.35064
3.09164
3.09459
2.93342
3.2095
4.30063
3.36588
3.60394
3.94697
3.27903
3.42116
4.59729
3.49846
3.06712
3.76153
2.73932
2.83066
3.4687
2.36721
3.36078
2.76256
3.99687
4.31415
2.957
3.4925
3.21164
2.8566
3.10992
3.34471
3.70309
3.84279
3.74304
3.30584
3.43653
3.2603
3.37125
2.87692
3.39566
2.98074
3.04019
3.14243
2.18741
3.02312
2.69128
3.00323
2.89212
2.93632
3.11695
2.92395
3.02493
2.89587
2.34897
3.26102
2.95309
2.50437
3.02925
3.05202
2.72221
2.85553
2.54149
3.11593
3.28461
3.56865
3.69969
3.07441
3.33569
4.37883
3.50274
3.18201
2.88681
3.06156
3.66898
3.14651
2.77863
3.71865
3.15738
3.6858
3.07047
3.28065
3.85296
1.83169
2.88366
2.2844
2.31525
2.5348
2.52023
2.79751
2.77492
1.80865
2.86749
2.65745
3.01896
2.18553
2.31688
3.05868
2.37745
2.47926
2.86872
2.66201
2.42368
2.9534
3.02047
2.73377
3.10773
3.04746
3.36145
2.67234
2.95838
3.09724
2.86015
3.22501
3.70278
3.67449
4.13623
3.1402
2.1291
2.4479
3.06787
2.11551
3.0814
2.98244
2.38412
3.29183
2.92586
2.37503
3.02351
2.67539
2.38918
2.38061
2.26668
2.42991
2.58846
2.01934
2.94521
2.96637
3.14476
3.62069
2.51632
3.38578
3.20509
3.461
3.07812
3.34221
3.15924
3.21515
3.47847
3.35165
3.08005
3.69361
3.53536
3.08609
3.25189
3.121
3.02328
3.12417
3.40902
3.29869
3.16202
3.27331
3.06097
2.83879
2.92752
3.01541
3.08959
2.87021
2.99701
3.10853
3.3576
2.92939
3.22532
3.46092
3.58566
2.70685
3.69363
2.72582
2.89181
3.37603
3.22558
2.82135
3.27044
3.28358
3.37705
2.76284
2.76107
3.1423
4.30132
3.59435
3.46122
3.66619
3.30905
3.75835
3.98487
3.71779
3.06654
3.22474
2.97605
2.82104
3.41774
2.03167
3.02517
2.73705
4.19198
3.04583
2.6478
3.24717
3.59221
3.13537
2.9283
2.80417
3.05368
3.77061
3.71008
3.3563
3.34084
3.15855
3.59091
3.21811
3.21315
2.71201
2.72629
3.00869
2.55082
3.07954
3.06913
2.90187
2.73389
3.20737
3.32258
3.15723
3.12976
2.98627
2.36529
3.13424
2.73318
2.72069
3.11739
2.948
2.87278
2.75227
2.59466
2.9382
3.36486
3.25368
3.60603
2.92223
3.27948
4.14696
3.39302
2.87417
3.03497
2.99546
3.53736
3.08171
2.86034
2.88717
2.76594
3.10397
3.1837
3.43613
3.61683
