1.84535
2.76611
2.28556
2.22466
2.43242
2.64453
2.76545
2.80856
1.73884
2.92996
3.18249
3.42873
2.2317
2.93148
2.92997
2.32877
2.70092
3.25451
2.46845
2.57075
2.86815
3.14644
2.61171
2.84751
3.51469
3.59804
2.9272
2.83482
2.9739
3.18567
3.17359
3.38725
3.50876
3.48536
3.17559
2.78837
2.66573
2.82223
2.7945
3.26359
3.12047
2.87296
3.37926
3.28361
2.93796
3.14329
2.77726
2.59507
2.78816
2.77571
2.6796
2.56584
1.97377
2.88233
2.98344
3.17589
3.32524
2.48828
3.87056
3.10968
3.28182
3.28344
3.76405
3.17732
2.72956
2.77039
3.22486
3.0866
3.4771
3.6464
2.91037
2.74139
3.136
3.06765
2.98569
3.55091
3.10014
3.15326
3.43907
3.18477
2.92601
2.97611
3.04436
3.1412
2.7586
3.05615
3.18771
3.22982
2.66731
3.24492
3.24264
3.1015
2.45167
3.33357
2.81294
2.9838
3.1922
3.15216
3.26364
3.29833
3.51429
3.06211
2.30411
2.93352
2.91873
3.77066
3.175
2.9674
3.66078
2.8103
3.30521
3.63883
3.07048
2.59169
2.95586
3.17125
2.89648
2.53629
2.14364
2.8074
2.36988
2.66047
3.97829
2.92081
3.39186
2.35752
2.63828
3.14661
3.16039
3.47293
3.56899
3.95261
3.32111
3.2028
3.1766
3.60633
2.99218
3.06701
2.97477
2.90848
2.79339
2.65631
2.85977
3.13677
2.89864
2.80872
2.99145
3.11979
2.88759
3.32001
3.34503
2.87909
2.93505
2.76476
2.41109
3.36717
3.18967
2.96387
2.71426
2.61832
3.07712
2.63347
2.86009
2.76159
2.77966
2.9493
3.34454
2.9868
3.07759
2.66777
2.99807
3.59679
2.82595
2.47187
3.34811
3.31852
3.35947
2.69202
3.23406
3.67914
1.79379
2.43832
2.01735
2.17383
2.37197
2.63634
3.3604
3.02639
1.70445
3.33133
2.97988
3.27716
2.34295
3.2309
2.99076
2.72659
2.60083
3.22019
2.64951
2.93354
2.86456
2.89583
2.76
2.94126
3.157
3.55562
2.99183
3.61798
2.57441
3.28897
3.59295
3.44584
3.45316
3.28611
2.73715
2.53353
2.92504
3.0922
2.606
3.23754
3.15856
2.7469
3.09599
3.0918
2.8302
2.83393
2.70521
2.72914
2.80465
2.83741
2.83628
2.72997
2.08718
3.13584
3.16205
3.66874
3.15802
2.42303
3.16039
2.92525
3.7799
3.69237
3.70786
2.95307
3.0757
3.12022
3.28287
3.29885
3.77459
3.8973
3.1649
2.96238
3.07726
3.01
3.11738
3.05358
3.09052
3.15206
3.30023
3.19111
3.00603
3.09658
2.91838
3.11989
3.09808
2.96992
2.98673
2.95822
2.69415
2.69119
3.39019
3.149
2.43097
3.1071
3.13345
3.05311
3.27861
3.73881
3.322
3.42416
3.67968
3.16761
2.48501
2.84819
3.51631
4.14922
3.48867
3.13053
3.50643
3.43199
3.13614
3.79574
3.29467
2.88026
3.54835
3.19045
3.13994
2.70784
2.36285
2.76622
2.57242
2.97229
4.2544
2.85001
3.46284
2.49697
2.83693
3.48731
3.12603
3.19745
3.66232
3.71357
3.37824
3.30862
3.47026
3.74641
3.60675
3.17079
2.92747
3.16102
2.73541
2.51585
3.14826
3.15913
2.82776
2.73873
3.18345
3.13814
3.41442
3.12671
3.4341
2.57597
2.64324
2.68598
2.36152
3.14067
2.83611
2.93511
2.65452
2.69549
3.12964
2.96462
2.97249
2.89356
2.82804
3.14411
3.69367
3.29127
3.13929
2.68401
3.09703
3.1001
2.84805
2.98808
3.55986
3.10646
3.40427
2.53125
3.3129
3.4622
