1.79732
2.82168
2.49257
2.18088
2.47306
2.86291
3.2746
2.95258
1.62426
3.16708
2.82373
2.98646
2.41921
2.59137
2.9239
2.8595
2.80228
3.35539
2.83576
2.50755
3.4297
2.55758
2.85909
3.2175
3.40116
3.29515
2.62243
3.03176
3.26165
3.28677
2.91663
3.51259
3.57134
3.80326
2.99982
2.49413
2.78959
2.98722
2.77089
3.13734
2.94102
2.65255
3.41443
3.14179
2.69188
2.88134
2.82035
2.32273
2.89837
2.72024
2.50832
2.54
1.94312
3.08193
2.97016
3.57468
3.56756
2.08316
3.69134
3.14664
3.29192
3.34741
3.46641
2.76609
2.8881
2.7065
2.96257
3.09215
3.30895
3.88145
2.95005
3.00656
3.14842
3.22872
3.45107
2.76189
2.98998
3.14625
3.09348
2.92789
3.02454
2.97544
3.48578
3.01108
3.16093
2.96548
3.05477
3.32677
2.88612
2.81693
3.3013
3.42558
2.18023
3.55994
2.26019
2.98425
3.10289
3.46368
3.27721
3.25311
3.28909
3.07319
2.76563
3.04728
3.06827
4.01049
3.59519
3.29183
3.70764
3.95796
3.30826
4.23386
3.092
3.03478
2.89278
3.27288
2.87491
3.05669
2.16872
3.1311
2.67129
3.39124
4.0221
3.32805
3.75202
3.14679
2.83308
3.22935
3.57492
3.57831
3.70899
3.67557
3.29948
3.21662
3.25979
3.23964
3.7383
3.00734
3.43902
3.28189
2.93876
2.96468
3.28113
2.88194
2.95838
3.07347
3.27724
3.26094
3.21562
3.08451
3.45935
2.66054
3.35605
3.10758
2.5641
3.15184
2.8948
2.7125
2.89075
3.00357
2.79116
2.99678
3.22617
3.39691
2.56607
3.37491
3.5252
3.10077
2.99516
2.93743
2.76044
3.42564
2.93598
3.70027
3.70893
3.11649
3.64442
3.19746
3.12893
3.22884
1.74761
2.7895
2.83075
2.33262
2.53226
2.66633
3.4426
2.95606
1.80665
2.83876
3.10574
3.24196
2.43438
2.64175
2.43486
2.50721
2.77858
3.40466
2.85219
2.78073
3.35252
2.89667
3.18951
3.20393
3.21468
3.80784
2.72045
3.04827
3.08182
3.25692
3.11339
3.28606
3.31427
3.56901
2.94657
2.30262
2.67141
3.01907
2.38158
3.35386
2.93112
2.66937
3.63584
3.42171
2.73203
2.9674
2.94837
2.43593
2.82229
2.94966
2.7452
2.67716
2.00802
3.15706
3.21444
3.79831
3.06888
2.23747
3.23236
3.38497
3.4892
3.13988
4.00655
2.89617
2.307
2.48776
2.98699
3.20359
3.49856
3.76668
3.26251
3.09719
3.09547
3.07766
3.04062
3.00571
3.17158
3.21126
2.78667
3.14578
3.32775
2.83066
3.29175
2.86075
2.60013
3.05846
3.05194
3.12527
2.89102
3.13835
3.23077
2.78922
2.34204
3.54616
2.84206
2.93481
3.43508
3.40344
3.28668
3.54487
3.37476
3.23089
2.80585
3.04164
3.21884
4.12561
3.69892
3.2972
3.66397
4.08543
3.43956
4.21239
3.74668
3.1739
3.54294
3.66218
2.88503
1.47959
1.93586
2.05896
3.11706
3.06719
3.95687
3.12261
3.69976
2.84503
2.98437
3.46086
3.05943
3.17452
3.5698
3.37466
3.46295
3.2321
3.15247
2.96576
3.60483
3.14695
3.13899
3.14148
2.93587
3.0472
3.13974
2.87362
2.90609
3.0079
3.70074
3.1606
3.25544
3.24511
3.33587
2.55223
2.85273
2.87004
2.39324
3.01158
2.85247
2.71791
2.64169
3.15417
2.85343
3.11398
3.73877
3.52681
2.99736
3.07047
3.64181
3.37685
3.08692
2.68231
3.12167
3.19405
3.24994
3.08997
3.59423
3.22719
3.46419
3.16881
3.45106
3.63831
