2.10824
2.70065
2.49117
2.18397
2.44945
2.59249
3.036
2.91568
1.55098
2.66539
2.77669
3.15623
2.36294
2.71726
2.69674
2.58194
2.54802
3.41239
2.66506
2.6142
3.25985
3.29492
3.31874
2.97369
3.65396
3.60436
2.60781
3.19845
2.65382
3.29424
3.45211
3.98209
3.34791
4.00144
2.89605
2.34786
2.43063
3.0527
2.53277
2.99496
2.89225
2.50377
3.26465
3.22977
2.73112
2.48233
2.7959
2.24817
2.56933
2.72117
2.26978
2.46391
2.1352
3.25901
3.08499
3.19668
3.27292
2.3581
3.34785
3.32823
3.17072
3.58702
3.49402
3.31347
2.7147
3.19396
3.10916
3.06245
3.52663
3.82917
3.35585
3.41819
3.10568
3.13491
3.31825
3.25112
3.35919
3.24471
2.88076
2.96208
2.72563
2.90957
3.02105
3.04925
2.74554
3.09722
3.45987
3.27064
3.14648
3.51638
3.3608
3.22667
2.64316
3.85969
2.41733
2.89373
3.16739
3.21098
3.07188
3.3652
3.32555
3.00913
2.72273
2.92672
3.15952
3.92809
3.12852
3.32041
3.67275
2.38775
3.62551
3.69011
3.41459
3.16225
3.60217
2.95843
2.65831
3.70356
2.1416
3.47709
2.84558
3.6579
3.84209
2.81813
3.12879
3.18191
2.88559
3.50126
3.18646
3.43907
3.48242
3.75091
3.08146
3.4433
3.16663
3.23467
3.17685
3.0018
2.89782
3.26961
2.95343
2.61265
3.32395
2.81701
2.72324
2.6657
2.72217
3.39522
2.92487
3.24115
2.95129
2.65915
3.20804
3.06471
2.77674
2.68214
3.00987
2.98887
2.82036
2.88721
2.94543
3.10581
3.45035
3.67581
2.77402
2.77554
3.30468
3.24223
2.92585
3.09591
2.96505
3.37454
2.97621
2.89865
3.65086
3.36829
3.29905
2.88371
3.25103
3.25374
1.87869
3.05478
2.31323
2.30838
2.42804
2.78106
3.23552
2.97835
1.69489
3.09987
3.39166
2.92615
2.39521
2.66032
2.98123
2.44124
2.64998
3.64875
2.54418
2.61996
3.42808
3.48958
2.8373
2.92647
2.96148
3.97737
2.772
3.39388
3.0606
2.85385
3.48466
3.4062
3.50021
4.06125
3.08174
2.64362
2.40123
3.16463
2.4904
3.0818
3.16466
2.57441
3.18321
3.38663
2.4196
2.45984
2.6657
2.07902
2.79288
2.5171
2.78314
2.51121
2.03081
2.97997
2.94422
3.57384
3.39537
2.43203
3.23159
3.19487
3.47338
3.6666
3.3032
3.28842
2.81813
3.29723
3.38267
3.22907
3.54864
4.24773
3.1691
3.5451
3.1992
3.53486
3.39091
3.38648
3.2774
3.15688
3.28733
3.0713
2.98871
3.14055
3.06867
3.04954
2.92119
3.10766
3.32824
3.24202
3.01406
3.56938
3.34014
3.06347
2.84516
3.35021
2.81605
2.881
3.27672
3.65093
3.1433
3.35876
3.37421
3.18068
2.59942
2.90504
2.90326
3.97167
3.00378
3.34288
3.74963
3.17558
3.56111
3.91499
2.95554
3.0122
3.21486
3.00038
2.87241
3.39653
2.34087
3.06378
2.89229
3.73018
3.71082
2.64125
3.37041
3.77834
3.31888
3.16455
3.05345
3.14325
3.46918
3.70193
3.49615
3.21703
3.22582
3.24208
3.35002
3.23594
2.86077
3.15734
2.77645
2.58981
3.09658
2.81818
2.63924
2.73087
3.27507
2.87616
3.00833
3.30611
3.29617
2.3623
2.92801
2.90853
3.0353
3.29243
2.86963
2.86702
2.78528
2.78898
2.86102
3.42762
3.37964
3.03767
2.71653
3.16704
3.05904
3.19585
3.47294
3.13362
2.91594
3.66192
2.98093
2.57682
3.11377
3.00752
3.74685
2.88239
3.22752
3.01338
