2.0278
2.77326
2.60082
2.25936
2.40821
2.45118
2.48077
2.96706
1.68158
3.15758
3.04202
2.55664
2.14142
2.22674
2.3806
2.52671
2.51247
3.03908
2.42277
2.42225
3.17859
2.49046
2.7868
3.04022
3.71126
3.81687
3.60638
3.247
3.49945
3.41464
3.68041
3.76074
3.87157
3.76669
3.5213
2.59319
2.93431
2.87782
2.76101
3.18364
3.24831
2.69922
3.81889
3.30637
2.85068
2.87765
2.90285
2.31545
2.65057
3.24013
2.53519
2.53824
2.10092
3.16935
3.61083
3.505
3.64914
2.33257
3.77812
3.62796
3.98757
3.84553
3.97
3.28342
2.86893
3.00972
3.29446
3.16057
3.81411
3.59726
3.17995
3.28289
3.07213
3.81847
3.48711
3.74551
3.26662
3.39985
2.93646
2.73039
2.71216
2.9007
3.02358
3.00246
3.5186
3.10895
3.21378
3.43328
3.40393
3.39592
3.9896
3.17863
3.22433
3.55009
3.12496
3.10172
3.53638
3.29042
3.6586
3.38235
3.45543
3.12005
2.37937
2.65854
3.07263
3.30972
3.45741
3.49137
3.69052
3.12615
3.87939
4.26395
3.08007
3.07137
3.35393
3.29373
2.82023
3.52809
2.48095
2.75299
2.90178
3.62886
4.1031
3.19573
3.71219
4.02183
3.05809
3.0665
3.29034
3.26634
3.83425
3.82812
3.75426
3.71674
3.51104
3.16158
3.48912
3.31699
3.00855
2.94149
2.90756
2.73811
3.51319
3.00467
2.95171
2.8035
3.35353
3.21349
3.19683
3.35911
3.82498
2.05341
2.90557
2.76733
3.04554
3.05672
2.89676
2.61311
2.86147
2.43812
2.95809
3.8461
3.47525
3.94162
3.22765
3.62809
3.3009
3.17594
3.38791
3.36961
3.28602
3.80802
2.74557
3.36669
3.74907
3.02118
4.05213
2.60754
3.76922
3.85113
1.84546
2.8534
2.13259
2.21358
2.37809
2.35933
3.04241
3.1616
1.75409
3.12747
3.0962
2.85208
2.43796
2.37895
2.47818
2.51143
2.3354
3.14234
2.48717
2.37337
2.58261
2.69881
2.5427
2.95682
2.97602
3.84259
3.2945
3.8652
3.78388
3.3634
3.42926
3.72176
3.66393
4.10225
3.2257
2.51171
2.36188
2.87847
2.89266
3.12434
3.00446
3.22969
3.79465
3.55486
3.0132
3.10283
2.89895
2.5383
3.04886
2.64634
2.54071
2.45564
2.1325
3.09414
3.4763
3.81902
3.6543
2.40912
3.71179
3.30676
4.19685
3.61743
4.02317
3.31113
2.79474
3.29307
3.58704
3.23157
4.03562
3.86482
3.30726
3.58496
3.19737
3.02539
3.4549
3.05202
3.48726
2.97774
2.77251
3.05133
2.68259
2.88709
3.00499
3.23061
3.24444
3.01071
3.21451
3.44389
3.25927
3.47423
3.74744
2.96474
2.6485
3.31213
2.96008
3.29679
3.15395
4.18043
3.83837
3.42407
3.51277
3.48505
2.55372
2.81474
3.36579
4.2646
2.8872
3.68547
3.81907
3.77684
3.86554
4.65974
3.13584
3.10797
3.11827
3.0319
3.11014
2.78971
2.4548
2.81061
3.03358
3.81553
3.54412
2.7302
3.42635
3.58657
3.35023
2.87754
3.37011
3.43933
3.75971
3.37296
3.54836
3.14987
3.37343
3.37189
3.57801
2.94624
3.17929
2.67945
3.01224
2.71242
3.27589
2.95973
2.83086
2.83038
3.19612
3.17784
3.36477
3.0515
3.41911
1.98122
2.8172
2.93167
3.4935
2.69334
3.09901
2.40422
2.83337
2.5959
2.98192
3.97726
3.51852
3.83235
3.37724
3.22105
4.17466
3.17907
3.19143
3.50726
2.94932
3.38733
2.64596
3.06254
3.34236
2.95165
3.48259
2.6558
3.77458
3.93047
