1.97006
3.07393
2.4441
2.2916
2.60319
2.84363
3.07255
2.95494
1.75362
3.26623
3.15659
3.39974
2.73071
3.02819
2.78056
3.21276
2.94904
3.24521
3.01244
2.77945
3.14589
2.76217
2.85169
3.167
4.04467
3.67976
2.89425
3.43154
3.30631
3.69441
3.76019
3.78968
3.41139
4.16861
2.97322
2.41113
2.80971
3.19631
2.22926
3.0382
3.16883
2.47312
3.38083
3.62945
3.06935
2.58566
2.82522
2.74082
2.70261
2.71115
2.53867
2.694
2.1345
3.00162
3.29884
3.46044
3.04231
2.81826
2.76105
3.46995
3.55522
3.31846
3.92512
3.30242
3.00159
3.17585
3.42375
3.37798
3.73817
3.65401
3.28559
3.24222
3.16105
2.9955
3.46263
3.57974
3.26361
3.33687
2.87134
3.17663
2.91662
3.18021
3.04377
2.98107
2.79364
2.96071
3.2722
3.26067
2.93167
3.57156
3.41539
3.14518
2.62898
4.08002
2.996
2.99441
3.30768
3.23452
3.45025
3.36883
3.69243
3.39168
3.02607
3.08251
3.46993
3.91211
3.38304
3.24888
3.60301
2.41904
3.62587
4.35327
3.3092
2.78384
3.06692
3.19807
2.82957
2.91431
2.37591
2.88383
2.51639
3.95684
3.98087
3.1902
3.79238
3.61211
3.11493
3.24461
3.4688
3.45533
3.90865
3.90704
3.51472
3.37801
2.90848
2.96991
2.91332
3.09903
3.11564
3.32417
3.21933
2.74079
3.24018
3.00351
2.83247
2.99906
3.6498
3.18356
3.05285
3.15818
3.55921
2.95206
2.97815
2.90569
2.86965
3.2907
3.01294
2.7412
2.82523
3.17341
2.83962
3.05704
3.63557
3.51463
3.3377
3.09038
3.62322
3.4249
2.98221
3.0109
3.17725
3.46109
2.96313
2.94988
3.743
3.00668
3.75106
2.85551
3.36034
3.99734
1.98557
2.96404
2.41349
2.3639
2.64547
2.70244
3.17912
3.16722
1.87452
3.10382
2.98835
3.01561
2.7612
2.5318
2.73229
2.91882
3.07063
3.35125
2.6473
2.61283
3.0686
3.07691
2.69171
2.75857
3.46039
3.26491
2.83944
3.12085
2.88548
3.45386
3.53689
3.75709
3.44851
3.84477
3.35543
2.27779
2.65455
3.25582
2.41311
3.46491
3.22739
2.48947
3.51625
3.15343
2.7111
2.71206
3.01639
2.65503
3.03026
2.54779
2.61598
2.61722
2.23958
3.01042
3.38369
3.30846
3.99139
3.08022
3.48463
3.76882
3.6515
3.81589
3.83407
3.11152
2.67371
3.19404
3.09045
3.06367
3.81868
3.27459
3.00583
3.387
3.04097
3.14658
3.10901
3.43942
3.61636
3.27017
2.9162
3.13509
2.83272
2.88248
3.07291
3.02005
2.8589
3.04132
3.09884
3.48477
3.20482
3.65476
3.76822
3.18409
2.81538
3.74595
2.73979
3.24173
2.99448
3.0094
3.1054
3.36214
3.36399
3.30451
2.86599
2.79573
3.28253
3.92792
3.18155
3.39109
3.76659
2.95193
3.56582
4.28119
3.18607
2.75229
3.37379
2.73855
2.55201
3.23765
2.44281
2.89439
2.47087
4.20219
3.86323
2.55021
3.26031
3.96948
3.48187
3.4477
2.82661
3.22639
3.84422
3.93271
3.21671
3.31487
3.20921
3.07059
2.88318
3.04011
2.6882
3.43468
2.77259
2.61474
3.23252
2.65847
2.88868
2.55854
3.16363
2.89098
3.01633
3.06453
3.53023
2.82025
2.77147
2.89475
3.67293
3.26885
2.83921
2.48708
2.7859
3.23568
3.00534
3.44979
3.61977
3.46611
2.63924
3.15875
3.67608
3.15569
3.18264
3.01699
2.92017
3.97421
2.61802
2.68948
3.13878
3.35997
3.45307
3.03598
3.34222
3.99358
