1.99658
2.80473
2.4159
2.32228
2.38798
2.71992
3.07715
2.97436
1.93156
3.11264
3.16974
2.96636
2.73988
2.51454
2.97945
2.62207
2.67527
2.85803
2.51623
2.79209
3.13564
3.23345
2.72717
3.18515
3.46497
3.83043
3.0453
3.13218
2.68574
3.57432
3.51604
3.76751
3.60151
3.71164
3.19232
2.45059
2.83217
3.10244
2.45143
3.25352
2.80529
2.39925
3.50834
3.38479
3.04141
2.74
2.82092
2.58492
2.83966
2.62564
2.66831
2.635
2.21556
3.43474
3.13656
3.53879
3.22581
2.21839
3.40061
3.43784
3.66192
3.6417
3.95434
3.04635
2.93245
2.99246
3.70609
3.24747
3.91804
4.03802
3.2832
3.07522
3.23339
3.17514
3.45192
3.63827
3.51475
3.08032
3.24677
3.01491
3.10493
3.29875
3.11037
3.13109
3.09873
3.08103
3.45378
3.15717
3.09216
2.8338
3.54847
3.60591
3.07051
3.74681
3.01566
3.03861
3.2685
3.54306
3.60166
3.32418
3.65515
3.78995
2.76375
2.9803
3.11512
4.21412
3.13242
3.44966
4.13948
3.31387
3.79502
4.49867
3.31961
3.05028
3.1686
3.33619
3.00794
2.75251
2.0958
2.78789
3.26383
3.39662
3.68416
2.8872
3.62732
2.83331
2.66787
3.54947
3.3364
3.28697
3.90252
4.08289
3.2021
3.22538
3.49693
3.4677
3.0933
3.35862
3.19809
2.79312
2.9189
2.60498
3.18818
3.2084
2.84397
2.77069
3.43904
3.1531
3.26728
2.85778
3.10168
2.57393
2.52369
3.17236
2.27296
2.78839
3.02048
2.70013
3.226
2.56298
3.26003
3.00021
3.39315
3.79892
3.06743
3.33192
3.34326
3.68364
3.29177
2.97042
3.29659
3.60652
3.21765
3.11853
3.55078
3.80564
3.47346
3.27056
3.47174
3.39482
2.11899
2.78802
2.72467
2.36659
2.58867
2.73563
3.37948
2.95844
1.87873
2.93796
3.64753
2.9138
2.27224
2.64383
3.15692
2.58109
2.60401
3.13954
2.58504
2.53668
2.90577
2.76009
2.74202
2.80888
3.25287
3.73606
3.13599
3.31879
3.50617
3.5232
3.37248
3.47396
3.2391
3.74691
3.22823
2.49042
2.74344
3.11243
2.21189
2.89715
2.878
2.43467
3.445
3.35409
3.02046
2.91862
2.88007
2.65475
2.95922
2.87952
2.80037
2.68906
2.22181
3.27156
3.14809
3.2644
2.9977
2.24839
3.33213
3.05986
3.57375
3.46167
4.21906
3.1972
3.54619
3.19432
3.6257
3.10983
3.89612
3.70378
3.25566
3.34396
3.43335
3.68014
3.42523
3.83428
3.38101
3.14001
3.43026
3.2698
3.26145
3.30191
2.88529
3.04319
2.95428
3.13348
3.36182
3.45587
3.12843
3.2382
3.48801
4.01761
2.68543
4.02408
2.73729
2.97886
2.92796
3.83203
3.45697
3.56203
3.59269
3.72531
3.04383
3.11813
3.60448
4.01513
3.26607
3.47936
3.88055
3.24575
4.25923
4.1835
3.48122
2.92621
3.55759
3.12258
2.8525
2.80655
2.03094
3.07784
3.46763
3.49992
4.26272
2.93808
3.59843
3.50342
2.94138
3.44853
3.02673
3.39129
3.69794
3.34834
3.26398
2.97652
3.64215
3.12988
3.09845
3.20353
3.08231
2.90487
2.75346
2.91822
3.22749
2.91894
2.72427
2.93436
3.23435
3.16843
3.187
3.06635
3.09006
2.68438
2.89719
2.62258
2.72677
2.55297
2.94658
2.73692
2.74798
2.73515
3.01621
3.73471
3.37099
3.55166
2.95671
3.54451
3.50714
3.6026
3.40206
3.10483
2.9423
3.46617
3.23296
2.83146
3.36594
3.37146
3.26315
3.62474
3.25082
3.83464
