1.75579
2.43905
2.30723
2.11026
2.33893
2.68335
2.99275
2.70507
1.63187
2.78334
2.7608
2.76266
2.34268
2.94407
2.73841
2.7428
2.42998
3.14011
2.46116
2.55369
3.35008
2.71527
2.75539
2.78663
3.2433
3.13874
2.58008
3.22179
2.83759
3.05982
3.66536
3.53271
3.70019
3.56227
2.94012
2.3908
2.46778
2.98996
2.36841
2.91037
2.81636
2.36932
3.22644
2.93558
2.5033
2.21656
2.48675
2.49145
2.41374
2.41908
2.46129
2.42419
1.95289
2.99088
3.02937
3.13714
3.15536
2.64705
3.31008
2.92872
3.38723
3.28737
3.4068
2.98757
3.02594
3.23821
2.9412
2.91376
3.15169
3.43908
3.07485
3.14854
2.91329
3.38116
3.20532
3.23498
3.4235
2.98888
2.6992
2.67287
2.70035
2.87012
2.81077
2.85208
2.97405
2.83311
3.20006
3.10127
2.7544
3.64293
3.39442
3.48784
2.8997
3.07479
2.3468
2.74782
2.96278
3.07787
3.08844
3.27127
3.27822
2.98995
2.65152
2.7941
3.34368
4.25956
2.72164
3.18806
3.6173
2.64675
3.44208
4.3737
3.62569
2.921
2.97619
3.03968
2.63471
2.64322
1.93688
2.84598
2.48099
3.47563
3.26252
3.01266
3.46059
3.31031
2.68363
3.35147
2.99202
2.88959
3.65207
3.3285
3.11254
3.07711
3.20548
2.82063
3.10477
2.88662
3.16941
2.76798
3.0602
2.72919
2.94286
2.66698
2.75335
2.67598
3.33326
3.2009
2.72715
2.93305
3.12625
2.36488
2.93108
3.00111
2.47292
2.91475
3.17391
2.60864
2.64607
2.70222
2.83309
2.89904
3.56686
3.59033
3.0695
3.44506
3.53544
3.37082
3.12824
2.66579
2.8892
3.56401
2.63933
2.69835
3.21412
3.42574
3.46447
2.62826
3.05636
3.54148
1.83248
2.61993
2.18409
2.19719
2.32025
2.45514
3.62793
2.7773
1.75697
2.62238
3.23567
2.92659
2.13445
2.49859
2.95295
2.52155
2.41481
3.02472
2.67422
2.47378
3.11412
2.8558
2.59419
2.77587
2.8685
3.19818
2.75882
2.80457
3.00546
3.33531
3.48724
3.5444
3.56271
3.90287
2.90865
2.35085
2.58306
3.00321
2.34484
3.08171
3.00853
2.64867
3.29194
3.00257
2.63378
2.52543
2.48552
2.61394
2.31517
2.77945
2.32223
2.32628
2.01655
2.79836
2.78251
3.42161
3.0804
2.26241
2.85391
3.15701
3.17983
3.33351
3.42651
2.94531
3.00855
2.8466
2.9435
2.96274
3.19411
3.30492
3.17883
2.78455
2.88145
3.17809
3.16471
2.88019
3.0245
2.99572
3.00637
3.06212
2.58982
2.85623
2.85341
3.24226
2.63092
3.08614
3.04307
3.44068
2.95249
3.30451
3.33615
3.1856
2.66326
3.34283
2.62838
2.82753
3.04399
3.24494
3.03582
3.32275
3.02392
3.25777
2.71293
2.94823
2.94802
3.92026
2.97526
3.19975
3.12025
3.28937
3.33156
4.34583
2.77942
2.88886
3.13716
2.83258
2.70685
2.81848
2.2604
2.55742
2.64951
3.52686
3.66464
2.82407
2.95672
3.54053
3.29981
2.96175
3.02243
3.08056
3.64631
3.73649
3.50968
3.30284
3.60136
3.00186
3.21729
2.75994
2.8006
2.84994
2.80699
2.57944
2.85329
2.90429
2.78054
2.64645
3.07222
2.84822
3.14314
2.90348
3.12857
2.58238
3.05273
2.88491
3.00848
2.51246
2.86203
2.78616
2.6516
3.26474
2.72955
3.32298
3.31699
3.90788
3.38352
3.50819
3.52917
3.20438
3.2806
2.79862
2.89429
3.84731
2.95422
3.06034
3.1266
3.39307
3.17101
3.07197
3.17052
3.01558
