1.79968
3.17636
2.11963
1.98356
2.23343
2.47983
3.52277
2.74186
1.60558
2.67378
2.59848
2.65294
2.15203
3.10498
2.54012
2.03371
2.3794
3.12534
2.56936
2.65332
2.47512
2.21273
2.63264
3.03293
2.90671
2.75207
2.5191
2.97575
2.84289
3.00996
2.92863
3.89355
3.17
3.35257
2.97
2.38939
2.69839
3.08637
2.46662
3.07192
2.99728
2.29811
2.73485
2.86191
2.77585
2.05854
2.33557
2.34412
2.25287
2.63926
2.12986
2.33879
2.08509
2.636
2.75945
2.8416
3.40165
2.49835
3.35944
3.04722
3.48536
3.26273
2.99632
2.76073
2.42541
2.8523
2.67945
2.79243
2.8132
2.79906
2.74367
2.73419
2.84727
2.84425
2.91512
3.00001
3.09326
2.72767
2.77888
2.97842
2.43674
2.90244
2.47036
2.57979
2.7235
2.66185
2.48023
3.07993
3.02231
2.58974
3.19149
2.94361
2.92069
3.35641
2.35767
2.88769
3.08624
2.66733
2.53927
2.81951
2.98096
3.41158
2.45598
2.60502
2.88955
4.34696
3.07235
3.15627
3.93098
3.13793
3.20611
4.1171
3.17889
2.97629
3.38272
2.60802
2.43235
3.3529
2.39607
2.93265
2.43402
3.53035
3.40171
2.83014
3.31319
2.52604
2.55071
3.14196
2.89896
3.19086
3.49835
3.62027
3.24897
3.06072
2.8817
2.53227
3.19944
2.59243
3.03045
3.08174
2.84835
2.38762
2.85487
2.49865
2.80955
2.7413
3.23777
2.83186
2.95007
3.15856
2.97743
2.19961
2.53105
2.42936
2.11819
2.78641
2.38332
2.69642
3.03441
2.28268
2.90096
2.6457
3.32176
3.68611
2.62111
3.37637
3.43162
3.35491
2.75612
2.78118
2.87437
3.53146
2.79032
3.04048
3.3231
3.18727
3.53067
2.45182
3.14308
3.04117
1.92697
2.48899
2.06627
1.98208
2.19068
2.53199
2.84179
2.79689
1.66934
2.78557
2.83864
2.92395
2.209
3.6904
2.46909
2.14706
2.40538
3.0675
2.53838
2.75339
2.70109
2.6269
2.13493
2.66149
2.90286
2.75722
2.5455
3.002
2.24863
2.53915
3.18596
3.7494
3.42395
3.1383
2.80873
2.7549
2.46507
2.95382
2.21101
2.68386
3.14494
2.28586
2.82427
2.7715
2.1793
2.13996
2.50181
2.07451
2.28432
2.5236
2.34472
2.3761
2.04732
2.91376
2.8858
3.19358
3.38981
3.4274
2.77176
2.99222
2.81714
2.99069
2.89961
2.74412
2.95549
2.45866
2.98145
2.81768
2.645
2.81463
2.57147
2.20669
2.888
2.7261
2.74498
2.78066
2.82964
2.84791
2.89674
2.95297
2.74194
2.50435
2.7511
2.46178
2.52048
2.86077
2.78456
2.95612
2.62556
2.62021
3.15138
3.19597
2.91855
2.90413
2.47967
2.80841
2.71569
3.0031
2.96871
2.88643
2.89675
2.7816
2.84093
2.56497
2.67155
3.66259
3.11646
3.23529
3.61313
3.68174
3.37753
4.12753
3.12018
2.97223
3.03261
2.76552
2.63792
3.28547
2.47655
3.28093
3.07304
3.52914
2.8898
2.58289
3.20048
2.53798
2.67805
3.12333
2.87491
3.25511
3.31011
3.68398
3.09254
3.30633
3.07957
2.95025
3.39724
2.7573
2.66186
2.88058
2.62208
2.22962
2.87938
2.70263
2.61459
2.4298
2.92674
2.68458
2.74991
2.90834
2.75013
2.2386
2.95773
2.79878
2.59115
2.50489
3.041
2.74609
2.58661
2.99461
2.68524
2.89375
3.10489
3.22626
3.47388
3.42574
3.82669
2.8822
2.99873
2.70489
2.67764
3.48278
2.56628
2.47753
3.0157
2.96764
3.49428
2.84436
3.17011
2.96972
