2.08746
2.85755
2.42357
2.18858
2.39778
2.66332
3.27028
2.91328
1.74606
2.94192
2.72745
3.16111
2.34302
2.22765
2.58899
2.71897
2.71607
3.12675
2.42554
2.89658
2.86031
2.63403
2.87535
2.9806
3.33805
3.18713
2.29454
3.01885
2.36294
2.9599
3.25193
3.75681
3.2599
3.68782
2.97757
2.18328
2.23823
2.88665
2.29087
2.89418
3.29044
2.2661
3.18526
2.73738
2.23903
2.29473
2.73784
2.21944
2.12446
2.40426
2.58281
2.4534
2.21015
3.14969
2.8207
3.19689
3.54085
1.97238
3.26253
3.26994
3.12996
3.17223
3.3492
2.87687
2.97051
3.31106
2.87533
2.8998
3.09388
3.05175
3.07039
2.85451
2.93899
2.71282
3.09547
3.0765
3.03748
3.02957
3.02652
2.93807
2.7677
2.97067
2.69428
2.88519
2.75506
2.86761
2.68526
3.10924
2.72034
3.4191
3.22083
3.2978
2.63593
3.2641
2.56614
2.97522
2.77172
2.75188
3.01193
2.98246
2.93113
3.18578
2.92905
2.76236
3.20087
3.19452
2.85002
3.07991
3.24157
2.40367
2.93733
3.84867
2.95186
3.09359
3.14182
2.78021
2.48802
2.91682
2.55696
3.08102
2.47058
3.47064
3.1033
2.59864
3.27343
3.02288
2.68124
2.93422
2.98597
3.6261
3.16024
3.57799
3.29696
3.26802
2.89118
2.96124
3.36952
2.9499
2.93285
2.5562
2.93999
2.7281
3.20308
2.46173
2.91282
2.68743
3.37113
3.36294
3.05929
3.11012
3.10681
2.6298
3.02039
2.89461
2.44599
3.01185
3.32774
2.46993
2.62006
2.69247
2.7093
3.04278
3.36448
3.19721
2.67324
2.65213
3.22022
3.32367
2.79956
2.4357
3.05537
3.22117
2.66152
2.84116
3.22161
3.22053
3.28642
2.34309
3.026
3.15051
1.81365
2.79827
2.36902
2.04859
2.36246
2.52078
2.71031
2.90678
1.93976
2.8516
2.95061
3.47998
2.41953
3.00557
2.7682
2.50513
2.50863
3.05388
2.68856
2.38005
2.71358
3.24964
3.05634
2.9521
3.23233
3.09315
2.69741
3.35231
2.48162
2.74613
3.16404
3.20662
3.15083
3.76187
3.0298
2.32005
2.56197
2.73806
2.43419
2.89393
3.03006
2.54089
3.16807
2.85934
2.64534
2.1063
2.42216
2.4846
2.38823
2.39717
2.65833
2.501
2.13149
3.26689
3.01012
3.45154
3.11788
2.0804
3.07653
3.56558
3.12662
3.37218
3.25176
2.98595
2.74836
2.90013
3.02332
3.00171
3.14838
3.17647
2.95783
2.78843
3.18861
2.90283
3.32527
3.59715
3.20098
3.01654
3.39113
2.89965
2.91481
2.80189
3.04526
3.10733
3.20465
2.84471
2.79324
3.21793
2.7612
2.77228
3.34067
3.4527
2.39874
3.63121
2.63547
2.94546
2.58295
2.8281
3.0597
3.17323
3.3719
3.00313
2.46182
2.75285
2.9025
3.70105
2.92108
2.97112
3.48145
2.64343
3.20413
3.36092
3.36218
3.16856
3.28322
2.65486
2.69241
3.48947
2.3898
2.76944
2.27211
3.33498
3.58197
2.88261
2.93005
3.01085
2.95229
2.79413
2.83223
3.14137
3.46672
3.49151
3.11739
3.34253
2.85797
2.99756
3.21032
2.93834
2.68726
3.00723
2.93445
2.45476
3.06843
2.77981
2.65603
2.74851
2.95008
3.03387
2.93293
2.91803
3.16193
2.42316
2.4869
2.76677
2.39515
2.7571
2.72069
2.82065
2.48494
2.52932
2.76524
2.76876
3.37458
3.30772
3.26454
3.0674
3.03876
3.26117
2.98161
2.74346
2.78168
3.34915
2.69213
2.72002
3.05163
3.08134
2.91977
2.56312
3.15064
3.51994
