2.02964
2.7381
2.33753
2.26258
2.58597
2.85951
2.9268
2.82662
1.73529
3.16405
2.84876
3.29811
2.45902
2.49257
2.5447
2.92758
2.63189
3.1318
2.94766
2.65741
3.29884
3.29637
2.83545
3.48484
3.23753
3.88501
3.05519
3.03011
2.65875
3.44006
3.3179
3.60785
3.50363
3.84224
2.85609
2.44403
2.63775
2.98425
2.7962
3.19096
3.06592
2.78678
3.9903
3.70396
3.5294
2.93417
2.92952
2.81975
2.55012
2.80713
2.72574
2.6282
2.12105
3.1493
3.19691
3.1789
3.48969
2.60899
3.42043
3.41187
3.67375
3.49221
3.949
2.96738
3.29147
3.14343
3.34264
3.08485
3.48398
3.83814
3.70121
3.59364
3.07639
2.95529
3.39218
3.48222
3.28734
2.94814
3.21929
2.98466
2.77764
2.9068
2.85946
3.04771
3.02731
3.14069
3.47431
3.52788
2.7594
3.16142
3.71565
3.39976
3.20115
3.22123
2.7637
2.95723
2.99366
3.73268
3.23005
3.93867
3.92945
3.41791
3.25447
3.04899
3.36804
3.76113
3.49456
3.48381
3.73214
2.52415
3.56264
3.72878
3.68795
3.25546
3.17893
2.86365
2.73687
2.28716
2.38494
3.20336
2.6742
3.61415
4.04495
3.31181
3.73696
3.53224
2.76142
3.0367
3.16545
3.34345
4.05441
3.92936
3.61888
3.02587
3.30475
3.55201
3.3022
3.27424
3.11311
3.10734
3.24288
2.65285
2.9989
3.00884
2.68903
2.84034
3.2851
3.36445
3.06508
3.29185
3.5201
2.97557
2.78775
2.90963
2.58762
2.95078
3.23199
2.74373
2.5135
3.24802
2.59924
3.20343
3.1834
4.049
3.87082
3.36236
3.45559
3.21622
3.13414
3.00322
3.4546
3.69826
2.72425
3.61797
3.80231
3.56665
3.78042
2.78481
3.41432
3.72081
1.91602
3.45059
2.59772
2.30367
2.52901
2.65309
3.14502
2.85153
1.81999
3.0593
2.74582
3.23439
2.34152
2.73724
2.75621
2.67377
2.69817
3.46094
2.45111
2.87356
3.05608
2.85935
3.247
3.21469
3.21701
3.92568
3.18065
2.9982
3.1681
3.24665
3.52763
3.69385
3.93428
3.8228
3.17851
2.75989
3.12274
3.26522
2.64179
3.61086
3.69698
2.79723
4.01171
3.32021
2.94172
2.68125
2.74875
2.41678
3.15706
2.72803
2.8912
2.71183
2.20611
3.05302
3.18954
2.99609
3.54813
3.19601
3.64709
3.67128
3.27161
3.65843
3.71089
3.25443
3.30658
3.20804
3.1534
3.13826
3.77452
3.94337
3.55012
3.24724
3.13796
3.18904
3.00019
3.16357
3.56616
3.04245
2.95777
3.10263
2.82235
2.70547
3.00634
3.43071
3.05603
2.83231
3.2245
3.66659
2.80399
3.79942
3.86953
3.96604
3.11325
3.67629
2.89244
3.04724
3.07238
3.40002
3.33061
3.883
3.16182
3.42034
3.48565
3.06027
2.82552
4.16707
3.77204
3.70534
4.13418
2.60223
3.54193
3.65931
3.54301
3.33438
3.72344
2.7729
3.06103
3.08246
2.43581
2.76606
3.38784
3.61294
3.96402
2.79794
3.38658
3.45499
3.02317
3.42557
2.89059
2.82881
3.94337
3.55664
3.27197
3.38304
3.50853
3.12251
3.20142
3.32395
2.72041
3.30828
3.11645
2.64466
3.11181
3.09542
3.05021
2.68492
3.23505
3.66913
3.31027
3.19891
3.27429
2.80435
2.76145
3.29598
2.84707
3.12307
3.06253
2.80245
3.12034
3.29468
2.94086
3.54812
3.01269
4.06249
3.19524
2.93828
3.92568
3.2805
3.39316
3.07158
2.94108
3.79805
2.94773
2.86669
3.36593
3.5282
3.40555
3.38331
3.21062
3.9214
