1.84827
2.70847
2.38811
2.41696
2.48533
2.73721
3.61746
2.64114
1.6446
2.81421
2.82732
3.53455
2.27954
2.52962
2.78769
2.33026
2.86938
3.30373
2.6348
2.92419
3.06331
3.2951
2.91343
3.00714
2.66193
3.44973
3.02358
3.40121
2.22854
3.22482
3.44094
3.48266
3.47936
3.84398
2.85594
2.45564
2.73852
3.28833
2.62443
3.0386
3.39292
2.62542
3.17999
2.94275
2.73563
2.57032
2.92779
2.21392
2.62848
2.87954
2.46781
2.62531
1.91483
2.37727
2.83074
3.38773
3.38145
2.23066
3.8415
3.69217
4.23074
3.40046
3.56208
2.95557
3.0925
3.06847
3.31286
3.12694
3.52431
3.68194
3.39947
3.23127
3.03331
3.17094
3.03707
3.75409
2.78002
3.18034
3.31394
2.86139
3.00025
3.06467
2.98131
3.06821
3.12788
2.89682
3.02848
3.17253
2.91269
3.52828
3.69174
3.12321
2.7031
3.3114
2.77885
2.90721
2.89191
3.2802
3.6023
2.91337
3.30257
2.7705
2.77117
2.85715
2.71423
3.73492
3.2143
3.28245
3.78657
3.37914
3.34705
4.3509
3.0692
2.90752
2.95034
2.85635
2.53971
4.02458
2.24715
3.25745
2.9404
3.94501
4.20764
2.92462
3.41175
3.79132
2.8789
3.43145
3.27647
3.40044
3.59931
3.98569
3.31636
3.42392
3.12292
3.01071
3.62093
3.23655
2.82642
2.8304
2.86654
2.57638
3.22329
2.5093
2.89712
2.88244
2.79664
3.04553
3.02893
3.16713
2.83127
2.42748
3.29705
3.0216
2.826
2.60866
2.9211
2.83163
2.95242
2.88272
2.79807
2.88586
3.89817
3.82878
3.42721
3.05679
3.9767
3.40963
3.19066
2.78704
3.0985
3.37213
2.91622
2.32504
3.52757
3.24416
3.56755
3.16551
3.42396
3.96072
1.68639
2.71998
2.39328
2.21928
2.43037
2.46289
3.04444
2.89085
1.76524
3.03638
2.71361
2.99148
2.18369
2.5651
2.49364
2.1592
2.60358
3.59092
2.41297
2.49383
3.41253
3.42163
2.983
3.01609
3.17771
3.51659
2.48903
3.30058
2.80024
2.81529
3.37978
3.30036
3.38451
3.53399
3.12861
2.74945
2.47618
2.86664
2.75923
3.18194
3.4244
2.42294
3.07424
3.1959
2.59858
2.95212
2.75127
2.40073
2.91113
2.6997
2.65737
2.4319
2.13199
3.20275
2.65671
3.61992
3.65604
3.08889
3.31732
3.5962
3.49717
3.45512
3.71112
3.08902
3.01971
3.1914
3.08511
3.05057
3.76069
3.92337
3.1273
3.28868
3.15385
3.17993
3.28113
3.10445
3.22684
3.0823
3.12055
3.36608
2.9281
3.00611
3.27627
3.24854
2.87018
3.11028
3.36866
3.08467
2.85061
3.02875
3.56874
3.24012
2.82763
3.44425
2.78249
3.01912
3.01486
3.26314
3.50043
3.30363
2.94215
3.34414
3.22872
3.00141
3.13053
4.27312
3.2784
3.39802
3.97887
4.18406
3.60624
4.38524
3.2635
3.34691
3.47021
2.70344
2.88091
3.96296
2.46965
3.33478
2.55333
4.24558
4.47547
3.25472
3.36368
4.26024
3.35193
3.68891
3.20894
3.36428
3.90731
3.41381
3.51321
3.74269
3.08298
3.16792
3.46037
3.22348
3.20952
2.95297
2.65985
2.78697
3.0434
2.80215
2.90615
2.72981
3.05175
3.11033
3.10707
3.12846
3.0293
2.27453
2.89166
2.76863
3.31441
3.67919
2.76939
2.8753
2.95971
3.33482
2.79613
3.07923
3.49202
3.37504
3.35666
3.08449
4.12963
3.36269
3.32877
2.9678
3.11343
3.94489
3.22678
2.98403
3.6523
3.0794
3.55029
3.1487
3.65329
3.62529
