1.96639
2.92397
2.49855
2.39377
2.41745
2.60228
3.21127
3.23479
1.90729
3.3212
2.9228
3.0577
2.50501
2.52925
2.94458
2.48337
2.61462
3.14617
2.62326
2.41816
3.07436
3.02082
2.95818
3.26569
3.69001
3.78114
3.08527
2.93556
3.42956
3.37857
3.41296
3.43441
3.18093
3.6953
3.32906
2.92202
2.89285
3.32327
3.12517
3.49172
3.40001
3.07933
3.26145
3.48659
3.36304
2.41564
2.7443
2.82146
2.88103
2.46729
3.0803
2.75957
2.28434
3.29765
2.98979
3.34142
3.3868
2.23211
3.57171
3.22729
3.44405
3.60734
4.02262
2.93214
3.3864
3.18683
3.11398
3.16377
3.62303
3.93864
3.07455
3.3183
2.84041
2.92313
3.21212
3.48375
3.37837
3.03484
2.6975
2.93403
3.0404
2.91486
2.78588
3.10299
3.04501
3.06197
3.41967
3.22843
2.92844
3.49345
3.49493
3.64827
2.57149
3.1789
2.72249
2.99827
3.01002
3.59611
3.05969
3.34528
3.63863
3.22389
2.85304
3.46915
3.50047
3.54608
3.70819
3.03707
3.64614
2.80784
3.58013
3.66159
3.383
3.05296
3.28153
2.99995
2.87835
3.17871
2.0565
3.32494
2.85909
3.92575
4.04563
3.04578
3.46914
3.45525
2.87425
3.09193
2.92835
3.21045
3.40496
3.76688
3.52342
3.18023
3.21589
2.98366
3.30855
3.13322
3.05474
2.89021
2.9515
2.8325
3.02032
2.95082
2.68002
2.64563
3.43223
3.27943
3.00186
3.04331
3.24229
2.45088
2.64217
3.05569
2.68753
3.19669
3.41198
2.62051
2.78483
2.55733
2.95389
3.24886
3.36925
3.08953
2.99539
2.73659
3.36587
3.23481
2.92363
2.97733
3.31432
3.55304
3.11892
3.36787
3.63756
3.08617
4.05174
2.93873
3.35091
3.25801
1.81463
2.81459
2.37547
2.2181
2.3822
2.63203
3.19263
3.24801
2.01966
3.0311
3.09397
3.49925
2.26542
2.81402
2.70509
2.38549
2.53135
3.36303
2.74153
2.31372
2.81251
2.54013
2.63576
3.16861
2.84624
3.6938
3.17535
3.01934
2.91498
3.23206
3.5846
3.76101
3.3951
3.68126
3.39109
2.77854
2.69221
3.23869
3.02436
3.38242
2.98625
2.94674
3.52314
3.72112
3.19226
2.38426
2.80417
2.61388
2.36879
2.60743
3.00571
2.74136
2.38535
3.42377
3.35071
3.52719
3.25258
2.81114
3.29643
3.30588
3.49251
3.57416
3.72611
3.39959
2.81816
3.48426
3.0662
3.11208
3.78268
3.45053
3.2871
3.52925
2.89634
3.5062
3.07442
3.10318
3.43479
3.26229
2.964
3.08478
2.71675
3.04144
3.07453
3.20772
3.03892
2.95595
3.50572
3.53296
2.7452
3.30133
3.5948
3.69896
2.46465
3.16804
2.83052
3.0158
3.08401
3.41554
3.15771
3.25816
3.34291
3.08962
2.62919
2.97199
2.67642
3.74899
3.4811
3.40598
3.4459
2.88163
3.27905
3.97703
3.61108
2.98981
3.10728
3.38655
2.90872
2.94396
2.73685
3.15034
2.61899
3.57281
3.87866
2.73454
3.57324
3.46122
2.9537
2.99326
3.24294
3.24962
3.75325
3.71953
3.46872
3.20273
3.21615
2.98135
3.18254
2.93824
3.01988
2.76654
2.75677
2.59459
3.0621
2.70363
2.83433
2.61718
3.09324
3.12126
3.09867
2.88593
3.11267
2.73092
2.66268
3.11835
2.8389
2.99595
2.95598
2.65619
2.61474
2.57743
3.09704
3.45461
3.35509
3.51236
2.94686
3.20912
3.35144
2.88398
3.22419
2.71434
2.85414
3.43748
3.14056
2.86481
3.33147
2.88268
3.64006
3.12826
3.09877
3.71496
