1.9324
2.91813
2.45378
2.23812
2.34619
2.7019
2.85375
3.0158
1.99505
3.12146
3.09942
2.94668
2.32032
2.08224
2.67491
2.50816
2.34199
2.95898
2.69519
2.74906
2.67978
2.96339
3.01815
3.10807
3.14503
3.89627
3.07051
3.25369
2.55556
3.13916
3.33225
3.47852
3.05223
3.84819
3.20309
2.59744
3.2147
3.38142
3.26325
3.66892
3.19199
3.40482
3.79007
3.43423
2.89698
2.72535
3.38365
2.86547
2.45722
3.00545
2.86797
2.87102
2.25171
3.27012
3.23027
3.52887
3.46069
2.96736
3.51741
3.47727
3.38048
4.0166
3.88033
2.9644
3.61528
2.9014
3.33481
3.24917
3.68729
3.39518
2.97948
3.8068
3.15101
3.11353
3.25741
3.03579
3.19696
3.19852
2.74351
3.00979
2.95472
2.98341
3.07494
3.19735
3.02052
3.13618
2.98826
3.28341
2.95198
3.76133
3.45391
3.16803
2.49313
3.89671
2.66744
3.1467
3.12515
3.37552
3.31403
3.40635
3.80678
3.5109
2.98145
3.26322
3.05078
3.29989
3.25724
3.55737
3.62105
2.98678
3.40943
4.14089
3.59326
3.02091
3.28934
2.89872
3.17531
3.16707
2.23345
3.24829
2.67191
3.8693
3.24827
3.02893
3.51139
2.99886
3.20074
3.36367
3.45211
3.65677
4.01249
3.68354
3.56893
3.02064
3.1094
3.03727
3.27122
2.96003
3.52572
3.1745
2.71947
2.71974
3.20408
2.8099
3.02802
2.75544
3.34777
3.07623
3.28581
3.16239
2.81623
2.37504
3.07859
2.68662
3.22315
2.88231
2.81355
3.00028
3.31384
2.53899
3.03928
3.26346
3.3281
2.9541
3.11145
3.02959
3.49179
3.29076
3.27908
2.72894
3.29142
3.63268
2.92325
2.95414
3.25783
3.07504
3.57779
2.86166
3.45031
3.40974
1.92405
2.36914
2.46419
2.20484
2.55259
2.51604
2.80915
3.08189
1.97482
2.85926
3.42398
2.87808
2.49785
2.21014
2.89301
2.32042
2.51508
2.88483
2.56472
2.88977
2.86144
2.68049
2.51316
2.95537
2.88624
3.58883
2.82555
2.79775
3.00428
3.13722
3.52427
3.66625
3.62936
3.93995
3.30661
2.41977
3.15043
3.22636
3.02477
3.58644
3.2399
3.00549
3.79092
3.46384
3.08932
3.09413
2.75171
2.79135
3.12097
3.07908
2.80475
2.65795
2.421
2.95446
3.35388
3.44798
3.33124
2.14051
3.79117
4.10714
4.01723
3.73707
4.11517
3.46444
2.75978
3.07867
3.18097
3.03229
3.92176
3.40091
3.26724
3.72138
3.3585
3.39534
3.22674
3.32451
3.11125
3.26133
3.00181
3.12915
2.7751
2.8904
3.12218
3.40736
2.90096
2.9129
3.41576
3.01932
2.74089
3.13418
3.68601
3.27788
2.27618
3.2231
2.99202
3.12008
3.14466
3.26343
3.42377
3.47783
3.47625
3.29483
3.08247
3.25446
3.76455
3.81529
3.21049
3.29135
3.78964
3.35201
4.04933
4.40403
3.12065
2.6301
2.80129
2.84879
2.84768
3.54731
2.47941
2.78205
3.08029
3.70218
3.4091
2.80121
3.6074
3.68751
3.22499
3.03947
3.23763
3.40053
3.77145
3.61232
3.44113
2.98705
2.99793
3.01086
3.1799
2.84848
2.95346
2.63076
2.66575
2.76244
2.84995
3.09388
3.15103
2.80704
3.04217
3.29774
3.10859
2.85417
3.10488
2.60077
3.00632
2.8458
3.42106
2.91757
2.87225
3.04944
2.74521
2.95078
2.9766
3.47961
3.402
3.32539
3.15491
2.94665
3.64814
3.51666
3.55487
3.11261
2.6112
3.93808
2.67412
3.15203
3.36651
3.06936
2.86997
3.54847
3.53038
3.72652
