2.11609
3.01601
2.67061
2.36642
2.72582
2.79085
3.28895
2.92018
1.90481
3.34429
2.65675
2.93045
2.81313
2.76749
3.10172
2.92911
2.8486
3.08938
3.07866
2.58977
3.18577
2.71352
3.14928
3.362
3.52375
3.05055
3.16255
3.66908
2.53052
3.55069
3.55339
3.73631
3.63535
3.84814
3.48451
2.39145
2.77685
2.97386
2.18555
3.40715
3.4174
2.59491
3.36893
2.9133
2.64495
2.64405
2.64332
2.74674
2.51523
2.66762
2.66189
2.66189
2.06575
3.45735
2.89827
3.03693
3.56275
2.23198
2.98726
3.3629
3.28288
3.66234
3.50685
3.43617
2.90896
2.75691
3.37206
2.96712
3.69173
3.44719
3.72929
3.36465
3.00381
2.84535
3.08795
3.16988
3.06265
2.86499
2.99307
3.22529
2.74969
2.73138
3.16926
3.07773
3.08395
3.04825
3.39016
3.3022
2.87468
3.66285
3.88285
3.66121
2.48733
3.61936
3.09339
3.10183
3.10843
3.01423
3.34922
3.00053
3.03121
3.16903
2.98672
3.06827
3.42626
3.60468
3.41733
3.50815
3.64917
2.46693
3.88032
3.91812
3.59977
3.12401
3.36469
3.01835
2.78121
2.96637
2.25975
3.16318
2.20238
3.70958
3.87387
3.37812
3.19285
3.74093
2.99823
2.93851
2.90877
3.48439
3.66062
3.35496
3.37662
3.33987
3.08218
3.40506
3.37009
3.28205
3.09598
3.2253
2.96934
2.76919
3.2297
3.04436
3.18055
3.18238
3.62597
3.29928
3.12938
3.16797
3.41349
2.85805
3.44404
3.27549
3.02477
2.72066
2.70691
2.89569
2.7396
3.19231
2.91382
2.73421
3.39878
3.2138
3.64937
2.89561
3.58021
3.70097
3.12833
2.62198
2.85739
3.87098
3.50561
3.67453
3.6157
3.85454
3.41848
3.31099
3.39512
3.65796
2.19765
3.21419
2.73421
2.3924
2.73491
2.63481
3.01968
2.9331
1.88322
2.90817
2.63006
2.98335
2.41989
2.54947
2.86226
2.74903
2.69602
2.99064
2.65825
3.12251
3.72612
3.05465
2.62798
3.21994
3.338
3.38768
3.11082
3.44161
2.97901
3.51184
3.23124
3.50545
3.55321
4.3888
3.48951
2.31675
2.76173
2.98716
2.1018
3.1782
3.53257
2.44205
3.27417
2.94058
2.94085
3.02769
2.98563
2.70308
2.75965
3.01435
2.70571
2.70643
2.09006
3.11545
2.95629
3.62449
3.78513
2.48536
3.99192
3.53548
4.01455
3.81275
3.683
3.49323
3.0817
2.71835
2.98899
3.25652
3.73417
3.58962
3.30973
3.24995
3.03208
2.98793
2.94024
2.99869
3.53539
3.09915
2.85137
3.27665
2.9146
2.83183
2.8634
3.02822
3.08199
2.91361
2.9999
3.46449
3.28569
3.33663
3.6988
3.49378
2.33292
3.27638
3.10559
3.02118
3.20512
3.14841
3.35271
3.74177
3.56344
3.49033
3.29863
2.91621
3.10871
3.97776
3.38707
3.41886
3.7356
2.91946
3.41527
3.63286
3.92889
3.0537
3.7526
2.92572
2.77074
2.79606
2.32954
2.9725
2.69035
3.42588
3.37879
2.82034
3.33015
3.73898
3.20396
3.21674
3.02497
3.15059
3.68697
3.49066
3.75098
3.63103
3.22507
3.25426
3.11454
3.24197
3.07186
2.98578
3.51683
3.1687
3.36554
3.18003
2.76573
2.75927
3.13724
3.41036
3.18329
3.2634
3.24714
2.80745
3.25705
3.13906
3.11351
2.64665
3.37653
2.98155
2.67611
3.20659
3.43404
3.59938
3.48557
3.40562
3.64761
3.1119
3.8148
3.55752
3.0869
3.04604
2.94877
3.9191
3.40553
3.29143
3.23515
3.19773
3.2021
3.26996
3.3103
3.98575
