1.83421
2.89465
2.45595
2.22243
2.38138
2.77954
2.80689
2.95443
1.71436
2.82699
3.06321
2.99071
2.12697
2.23037
2.74339
2.84778
2.57037
3.3786
2.60362
2.42356
3.04782
3.01192
2.80371
3.08872
3.04649
3.57983
2.77266
2.76256
3.23799
3.25567
3.0583
3.63233
3.04357
3.47516
3.0793
2.52137
2.91083
2.95565
2.50646
3.42876
3.14828
2.65716
3.37802
3.46034
3.27025
2.63892
2.74405
2.25163
2.83293
2.69745
2.33762
2.58018
2.14604
3.01633
3.15325
3.37586
3.55721
3.14402
3.65113
3.34641
3.85065
3.39371
4.05412
3.27541
2.97132
2.94245
3.64085
3.02512
3.65642
3.73709
3.2793
3.31429
3.38383
3.31239
3.19553
3.01396
3.1798
3.18841
2.97445
3.39457
2.77571
2.90049
2.92569
3.04053
2.93547
2.9045
3.32526
3.43739
3.11193
3.67976
3.70322
3.52242
2.81166
3.81546
2.67301
3.02052
3.29685
3.44004
3.43706
3.41964
3.46093
2.88063
2.5452
2.7564
2.7063
3.78791
3.40008
3.51663
3.93743
2.98071
3.48131
4.44029
3.66237
3.01776
3.22021
3.19435
2.91096
3.43914
2.29485
3.22909
2.45482
3.80853
4.0836
2.73468
3.19205
3.26891
2.61529
3.36431
3.15031
3.31023
3.77869
3.66294
3.13369
2.91791
3.11723
2.85538
3.17471
2.94938
2.99658
2.78941
2.94391
2.85889
3.27699
2.83472
2.96867
2.72905
3.19412
3.03873
2.64982
3.03279
3.00888
2.73259
2.78398
2.9584
2.65876
2.75284
2.57599
2.79356
2.70057
3.00435
3.26591
2.69953
3.06769
3.99363
3.2459
3.67664
3.61613
3.38609
3.26992
2.98827
2.70817
3.59208
3.17002
3.03506
3.28233
3.324
3.57681
3.05056
3.43023
3.82988
1.82069
2.73507
2.83009
2.39522
2.44867
2.67984
2.68312
2.85604
1.81391
2.83381
2.95241
2.73353
2.24538
2.09119
2.59087
2.612
2.68135
2.97626
2.96208
2.48828
3.08979
3.23714
2.73737
2.80378
2.76529
3.65449
2.93441
3.46811
3.29315
3.16096
3.58435
4.05645
3.31647
3.87497
3.1547
2.43956
2.69735
3.15997
2.47857
3.12719
3.22381
2.61847
3.50499
3.43609
3.28221
2.53798
2.84472
2.48222
2.50489
2.55411
2.71028
2.46193
2.05264
3.3819
3.14958
3.28146
3.5749
3.02408
2.84066
3.32345
3.98441
3.29114
3.96351
3.6369
2.8859
3.09011
3.39408
2.96567
3.97589
3.79789
3.24421
3.32914
3.14829
3.23766
3.35788
2.88524
3.21881
3.31182
3.09027
3.24145
2.59465
2.81177
3.08731
3.25475
2.99802
2.91918
3.12717
3.85845
3.04941
3.76134
3.88416
3.3129
2.6833
3.73584
2.96706
2.92185
3.26907
3.36979
3.12092
3.25807
2.59061
3.32461
2.58237
2.66602
2.61489
4.15649
3.36676
3.4396
3.81371
3.85074
3.7106
4.22272
3.39106
3.10385
3.31694
3.17532
2.7464
3.21226
2.22252
3.00519
2.39568
3.56516
3.77215
2.574
3.39321
3.53891
3.35361
3.29911
3.15338
3.22399
3.49234
3.53637
3.48321
3.05665
3.08954
2.84172
3.3232
2.83319
3.02578
2.79098
2.78237
2.97013
3.09181
3.02388
2.66441
2.82768
3.08869
3.08128
3.08852
3.02633
3.1524
2.69112
3.33769
2.82382
3.79578
3.13637
2.7604
2.93261
2.99081
2.86864
2.81012
3.59308
3.55
3.93444
3.81775
3.52469
3.89973
3.1082
3.27426
3.00412
2.74518
3.17915
3.00857
2.73957
3.03334
3.20701
3.39226
2.94989
3.4911
3.97613
