1.98517
2.51262
2.5538
2.44295
2.78034
2.7612
2.9118
2.84859
1.72549
2.95023
3.48032
2.9233
2.4541
2.21901
3.04943
2.73558
2.56056
3.49427
2.77165
2.95011
3.39382
3.00961
2.57431
3.20385
3.20757
3.69764
2.64328
2.89728
2.68429
2.86713
3.22003
3.46305
3.37444
3.94552
2.87845
2.26526
2.7125
3.19148
2.49017
2.93583
3.19758
2.48798
3.22037
2.99559
2.96305
2.6562
2.70299
2.25412
2.83751
2.72306
2.43717
2.49177
1.98133
2.77158
2.90368
3.56209
3.64642
2.29162
4.13285
3.07646
3.42881
3.38307
3.89408
3.14581
2.67238
3.49859
3.17316
3.09589
3.68832
3.38989
3.13521
2.90456
3.12389
3.27981
3.21713
3.12174
2.90542
3.20533
3.12107
2.75742
3.04887
3.10548
3.23846
3.01622
2.64127
3.01211
3.49448
3.07127
2.69016
3.19434
3.73693
2.98336
3.00882
3.54658
2.64932
2.94288
3.05291
3.72973
3.39866
3.15831
3.36467
3.69395
3.58096
3.13327
3.32607
3.93892
3.64427
3.47379
3.39989
3.32178
3.6162
4.07425
3.22621
3.28642
3.2906
3.4001
2.64335
2.81548
2.31453
3.11081
2.35977
4.04204
3.63889
3.20736
3.31396
3.17625
2.8117
3.37155
3.31497
3.09627
3.44406
4.03506
3.21941
3.29243
3.21507
3.47088
3.2308
2.82123
2.98885
3.22775
2.70213
2.78575
3.09089
2.68789
2.97045
2.70097
3.24775
2.99799
2.82643
2.9816
3.23915
2.56052
2.02366
2.66501
2.87407
3.04949
2.7374
2.57684
2.91971
2.4804
2.76216
3.07372
3.23252
3.50338
2.45149
3.37917
4.05885
3.95873
3.02526
2.97459
3.02346
3.67485
3.28346
2.68361
3.65733
3.34306
3.70383
3.06226
3.39823
3.19706
2.09637
2.47285
2.34127
2.40104
2.62355
2.67991
3.14178
2.89725
1.79609
3.22606
2.74922
3.26942
2.42262
2.08783
3.0798
2.5143
2.71817
3.31929
2.6674
2.84291
2.90423
3.04662
2.85314
3.18355
3.11555
3.90942
2.82012
3.3518
3.16909
3.21877
3.5068
3.79732
3.57273
3.78261
2.89917
2.29845
2.81973
2.85638
2.47038
3.37686
3.33831
2.47642
3.52423
3.2069
2.89786
2.38853
2.49217
2.39155
2.61221
2.85619
2.62484
2.51909
2.01375
3.23831
2.9948
3.53411
3.6023
2.2812
3.37694
3.36734
3.173
3.85939
4.16467
2.97007
2.85925
3.09806
3.15829
2.95951
3.54249
3.54431
3.33401
3.09589
2.99015
3.30269
3.0392
3.27409
3.28936
2.94158
3.09889
2.88128
2.85591
2.95334
2.91594
3.11086
2.80306
3.11059
3.05046
3.65652
2.67748
3.30549
3.81082
2.92521
3.1096
3.18624
2.47572
3.11029
3.10984
3.45533
3.56837
3.56728
3.50611
4.04837
3.33541
3.04201
2.68118
4.33268
3.26611
3.58998
3.5926
3.40621
3.71702
4.25418
3.32321
3.12177
3.39612
2.61445
2.81812
2.93607
2.2789
2.74111
2.51924
3.29833
4.04863
2.89681
3.34362
3.43792
2.90249
3.21537
3.47029
2.9326
3.87126
3.54293
3.34968
3.17972
3.472
3.06183
3.23815
3.0401
2.69487
3.12165
2.78873
2.78332
2.88415
2.86502
2.75403
2.52193
3.24454
2.93209
2.84485
3.24019
3.32686
2.519
2.82787
2.61702
2.68356
3.34158
2.66716
2.82229
2.65954
2.83867
2.83086
3.26047
3.67577
4.08043
3.09528
3.12835
3.69904
3.71003
3.36471
3.01288
2.77808
3.59679
2.97425
2.69448
3.04192
2.93145
2.86438
3.31147
3.97391
3.7548
