1.94631
2.73191
2.55855
2.34772
2.72288
2.93334
3.33011
2.54392
1.72173
2.91414
2.73624
3.26169
2.52351
2.561
2.98296
2.73861
2.71697
3.31236
2.92873
2.7527
3.11396
3.14652
2.70897
2.72795
2.87917
3.58758
2.79208
2.95356
3.01375
3.10893
3.2181
4.08325
3.19718
3.29663
2.90456
2.30826
2.52208
2.91127
2.39459
2.80473
2.92755
2.74727
3.03003
3.09739
2.67521
3.0234
2.89251
2.3798
2.78711
2.77663
2.63456
2.51717
1.97013
2.86567
2.92196
3.46715
3.06862
2.21174
3.42482
3.07448
3.28412
3.38484
3.73104
3.03864
2.94684
2.88511
3.10841
3.04474
3.41711
3.48434
3.05229
3.14333
3.05476
3.3316
3.16067
3.10927
3.03457
3.03832
2.6835
3.25095
2.84491
2.83186
3.09703
3.13613
3.18299
2.95323
3.22089
3.01363
2.76781
3.21697
3.41079
3.18675
2.56956
3.19081
2.64575
2.80352
2.92373
3.20011
3.3876
3.23331
3.41021
3.51987
2.48843
2.98653
2.91179
3.97737
3.19465
3.35594
3.86205
2.52856
3.21725
3.92865
3.11231
3.00647
3.63282
3.25373
2.78516
2.74417
2.15446
3.30858
2.9817
3.47341
3.87461
2.82203
3.31573
3.40543
2.75635
3.14508
3.27303
3.3186
3.57935
3.26171
3.35196
2.72059
3.03889
3.25799
3.05281
3.0239
3.15122
2.93813
2.98017
2.45838
3.22972
2.85483
2.81833
2.83227
2.8251
3.17693
3.07827
3.01189
3.18137
2.4432
2.95014
2.82238
2.74382
2.78132
2.74096
3.1825
2.61795
2.88073
2.68539
3.15146
3.30778
3.32752
3.29788
2.68412
3.57798
3.45038
2.96061
2.78781
2.99562
3.28975
2.61827
2.44556
3.22482
3.218
3.22403
2.93136
2.95511
3.47826
1.98927
2.5055
2.39075
2.37811
2.76146
2.87018
2.89148
2.76749
1.72837
2.84048
3.06279
3.11731
2.3819
3.21319
3.16778
2.72722
2.63552
3.03308
2.50287
2.84365
2.9397
2.65912
2.75313
3.01621
2.82902
3.60336
2.81457
2.87797
3.12054
3.10253
3.28376
3.5588
3.24882
3.79872
3.04098
2.32074
2.57638
2.96052
2.26188
2.96207
3.12574
2.69315
3.25665
3.12872
2.99299
2.90671
2.60132
2.49059
2.68769
2.94341
2.60369
2.48365
2.07812
3.10725
2.91226
3.21582
3.57027
2.7753
3.80495
3.08368
3.2823
3.49388
4.06363
3.11551
2.81881
3.31831
3.1789
3.09857
3.69798
3.61334
3.26968
3.62327
2.96744
2.86876
2.92065
3.40139
3.26928
3.00003
3.24325
2.76976
2.874
2.92657
2.67404
3.12358
3.00452
2.87493
3.21365
3.26115
2.66639
3.60811
3.59512
2.92885
2.88699
3.42006
2.5096
2.75672
3.13147
3.15003
3.1195
3.51885
3.64374
3.75186
2.62278
2.88944
2.76921
4.19673
3.52902
3.35454
3.55773
3.43063
3.43194
4.32561
3.46361
2.85373
3.23431
2.68889
3.05472
3.32742
2.14031
2.83724
2.84549
3.58093
4.03739
2.71495
3.22694
3.4844
3.34023
3.21782
3.20628
3.25672
3.44944
3.26775
2.92392
3.05226
3.29296
3.25161
3.05398
3.16445
3.11634
3.05888
3.32475
2.77842
3.55417
2.83331
2.86257
2.72027
2.92495
2.98893
3.14678
3.0708
2.96283
2.62339
2.64508
2.70479
2.94009
2.53178
2.70725
3.07567
3.17856
2.83104
2.78289
3.78401
3.40368
3.57921
2.55498
3.42151
3.34653
3.27785
3.13768
2.95944
2.94727
3.09798
3.00215
2.77024
3.06898
2.76833
3.29615
2.79485
3.39168
3.73727
