1.76373
2.72065
2.23815
2.38454
2.50402
2.77123
2.76988
2.77311
1.6927
2.90363
3.01717
3.39719
2.59419
2.33167
2.64532
2.63829
2.65835
3.35326
2.60449
2.87084
3.43646
3.27801
2.84508
3.11534
2.92719
3.44717
3.18871
2.68199
2.68722
3.11931
3.25941
3.44225
2.94912
4.14588
3.21451
2.53716
2.55462
3.02178
2.34696
3.08133
3.07364
2.83041
3.20176
3.17819
2.7725
2.9173
2.89036
2.4949
2.53516
2.70663
2.39297
2.44322
1.87687
3.12233
3.19294
3.25524
3.59777
2.10194
3.05397
3.16077
3.7627
3.25254
3.64101
2.87683
3.11831
2.90788
3.03383
2.93683
3.29849
3.31191
2.73371
3.3095
3.05791
3.40658
3.13888
3.48202
3.16314
3.12351
2.99394
3.12457
2.95092
2.7266
2.81182
2.94139
3.13056
2.95155
2.70814
3.35138
3.08081
3.44761
3.44028
2.94854
2.8405
3.08804
2.69525
3.04865
3.25238
3.17789
3.48013
3.5455
3.60654
3.2785
2.75967
2.82375
2.82264
4.11881
3.41212
3.33225
3.68685
3.09781
3.65524
3.91838
3.25657
2.99166
3.17346
2.92168
2.65842
2.39173
2.43729
3.00152
2.70032
3.44728
3.66547
2.70535
3.31139
3.16985
2.77929
3.06341
3.36176
3.55081
3.69021
3.77179
3.27414
3.02331
3.27516
2.83868
3.13021
2.98595
3.15616
3.06369
2.96025
2.54695
2.98767
2.79415
2.76905
2.62881
2.77518
3.30268
3.11033
2.83999
3.38454
2.6088
3.176
2.90262
2.44961
3.04192
2.95582
2.94731
2.70045
2.70278
2.91564
3.21692
3.31226
3.78356
3.40805
2.99534
3.31625
3.30069
3.24175
2.67554
2.82443
3.62554
2.74381
2.79479
3.32882
3.1781
3.26967
2.69429
3.31473
3.25921
1.9536
2.79069
2.55295
2.26913
2.46872
2.74166
2.86562
2.68231
1.59517
2.75418
2.51119
3.18125
2.4135
2.68961
2.80274
2.47649
2.84831
2.8265
2.54001
2.42469
3.09006
2.94142
2.53008
3.03679
2.82871
3.57227
2.6497
2.97578
2.75331
2.98632
3.38651
3.32553
3.42764
3.59907
2.93079
2.25423
2.51814
2.79063
2.36962
2.94805
3.14206
2.60565
3.53616
3.25968
2.76683
2.70088
2.4518
2.64049
2.29243
2.87734
2.43991
2.3726
1.89046
3.09084
3.10098
2.97291
3.3451
2.55994
3.14217
3.32844
3.83644
3.77417
3.92233
3.23734
2.78725
2.9384
2.98505
3.06092
3.50179
3.57291
3.17663
3.05943
3.07915
3.13404
3.0672
3.20421
3.51627
3.11776
3.11323
3.01742
2.56867
2.82454
2.81809
3.04457
2.9102
2.92976
3.07076
3.41435
2.87824
3.78335
3.71518
3.55542
2.89411
3.9331
2.7624
2.90557
2.91014
3.45856
3.16637
3.40746
3.17814
3.01497
2.57612
2.92785
3.05078
4.18538
3.21114
3.51307
4.07841
3.62886
3.70865
3.70273
2.6777
3.23627
3.22572
2.67541
2.6022
3.15106
2.34982
2.96172
3.05313
3.85761
4.08205
2.84687
3.01484
3.60367
3.10505
3.26023
2.97652
3.43709
3.4743
3.61129
3.15345
3.14964
3.12934
3.01865
3.30113
2.80863
2.95739
2.74378
2.72034
2.83776
2.99906
2.45874
2.63097
2.74397
2.76188
3.03967
3.01835
2.90937
3.01384
2.52737
2.58668
2.75552
2.73001
2.90376
2.99031
2.93727
3.05568
2.66814
2.6483
2.86462
3.49927
3.21233
2.75959
3.13926
3.76033
3.33801
3.37207
2.82896
2.69871
3.47954
2.82166
3.04013
3.07244
3.05419
2.84416
2.93582
3.57911
3.55084
