1.93294
2.73452
2.47651
2.19137
2.27255
2.73713
2.8943
2.75753
1.66246
2.60889
2.78084
3.31376
2.19428
2.54172
2.45994
2.93421
2.7743
2.9213
2.58172
2.30447
2.66302
3.09658
2.57322
2.64191
3.20112
3.95879
2.99526
3.00199
2.91986
3.1763
3.08546
3.5353
3.34258
3.7571
2.94516
2.66398
2.5547
2.85362
2.59732
2.77504
3.19187
2.4241
3.4842
3.60883
2.87754
2.67738
2.83883
2.66476
2.2865
2.61308
2.46527
2.32041
1.92119
2.96951
3.04223
3.32837
2.8232
2.77177
3.09737
3.19607
3.72427
3.77898
4.17839
3.66703
3.11355
2.94902
3.16775
2.94907
3.86441
4.08538
3.62007
3.33437
2.86038
3.06471
3.21435
3.29327
3.35367
2.88787
2.75067
3.20392
2.79582
2.90818
2.86899
2.96264
3.1322
3.25407
3.53119
3.34042
3.40545
3.86899
3.45843
3.15783
3.19
3.17862
2.46587
2.84319
2.88124
3.79998
3.35851
3.28101
3.10277
3.25022
2.44912
2.46926
2.69189
3.95442
3.21954
3.25216
4.16441
2.56975
3.43911
3.91895
3.39811
2.96848
3.10537
2.83871
2.50163
3.37598
1.84963
2.96984
2.57216
3.44453
3.96718
3.06012
3.29117
3.26715
2.70772
2.69567
3.3441
3.2118
3.54887
3.57406
3.25927
3.23861
2.86462
2.90989
3.16712
2.60117
2.86668
2.70241
3.03196
2.48498
2.95852
2.74159
2.89984
3.03116
3.34295
2.96351
2.93701
2.97289
2.87876
2.53518
2.9731
3.12261
2.41861
2.89276
3.07799
2.69836
2.63657
2.34272
2.46761
3.1011
3.38857
3.8915
2.83884
3.5036
3.63784
3.00867
2.83631
3.31176
3.1153
3.69984
2.68154
2.57252
3.17799
2.79026
3.16475
2.54746
3.51452
3.99267
1.82982
2.91021
2.33853
2.20827
2.19824
2.75358
3.11379
3.02153
2.01638
3.17831
3.46
2.99951
2.29339
2.7908
2.78712
2.70747
2.83399
3.29059
2.81827
2.76464
2.90907
3.17496
3.29999
3.26068
3.49036
3.70672
3.16017
3.40251
2.78308
3.28167
3.81485
3.56843
3.52112
3.42413
3.13562
2.50963
2.8087
3.1143
2.5631
3.38332
3.44269
2.58944
3.58977
3.25902
2.86942
2.50709
2.88131
2.96733
2.85177
2.5107
2.93059
2.71238
2.2139
3.29584
2.82434
3.97602
2.9842
2.94542
3.60055
3.53412
3.40733
3.77061
3.98839
3.15792
3.4889
3.24375
3.33724
3.3135
3.53671
4.03607
3.23248
3.02364
3.2003
3.21751
3.29812
3.5041
3.80343
3.22794
3.05899
3.25444
3.332
2.95854
3.12821
3.13818
3.32658
3.21099
3.28263
3.56526
2.81744
3.11466
3.56043
3.42294
2.96699
3.28559
2.88211
3.07237
3.55569
3.62941
3.22308
3.51828
3.75069
3.61862
2.81691
2.97165
3.39434
4.51718
3.32831
3.31339
3.82526
2.73676
3.64879
4.12415
3.71548
3.42457
3.60406
2.9402
2.97924
2.98858
2.38612
3.0911
3.29612
3.77556
3.73289
2.93208
3.46541
3.66205
3.28976
3.08265
3.53471
3.25238
3.63783
3.65546
3.52703
3.40403
3.16771
3.52604
3.34252
2.84352
3.23671
3.17466
3.1724
2.83735
3.11078
3.12644
3.19104
2.78121
3.33858
3.10629
3.11109
3.14958
3.19944
2.77142
3.38619
3.42824
2.95053
3.24228
2.97485
2.93604
3.11851
3.16538
2.80461
3.34427
3.64174
3.11778
2.87324
3.02173
3.74704
3.07649
3.46787
2.88615
3.21974
3.55934
3.14153
2.8304
3.20914
2.86709
3.19664
3.49384
3.04755
3.33157
