1.69208
2.8587
2.41697
1.9667
2.19009
2.50374
3.20982
2.86774
1.61601
2.95238
2.8197
3.11656
2.1717
2.5775
2.70018
2.32908
2.4865
3.28966
2.43303
2.95502
2.90804
3.02284
2.6207
2.82329
3.2626
3.83809
2.65245
2.92637
2.71792
3.297
3.12298
3.98547
3.54173
3.25636
2.65357
2.17899
2.73481
2.92733
2.45647
3.19989
3.07454
2.62472
3.56409
3.52683
2.44649
2.20962
2.66026
2.33123
1.99097
2.49034
2.53243
2.72924
1.94002
3.10145
3.2028
3.30522
3.71004
1.99046
3.85389
3.15888
3.469
3.14089
3.33942
3.14248
2.70506
3.35857
3.24688
2.87958
3.20707
3.34542
3.02794
3.08702
2.7961
3.35936
3.48852
3.30578
3.26588
3.12554
3.24528
3.17268
2.71143
3.00816
2.99173
2.96055
2.79929
2.75028
3.03094
3.33144
3.06911
3.53283
3.47681
3.26511
2.33563
3.43276
2.75867
2.80492
2.97472
3.205
3.44863
3.42936
3.60189
3.25952
2.5081
2.64297
2.88928
3.02992
3.39245
3.25762
3.6387
2.58798
3.12661
3.89993
2.92306
2.98603
2.92154
3.36233
2.78968
2.88716
2.52236
2.6784
2.58528
3.14202
3.82495
3.00517
3.39984
2.77368
2.87959
3.22246
2.95426
3.20729
3.73649
3.84043
3.14565
3.00087
2.97052
2.90882
3.0679
2.92554
2.97374
2.87378
2.83587
2.88284
2.81508
2.87502
2.7622
2.22951
3.14731
3.10069
3.13341
3.12129
3.21807
2.4903
2.49511
2.97885
2.65642
2.68982
2.73785
2.68391
3.30565
2.91755
2.3579
2.73462
3.26471
3.40735
3.00199
2.80146
2.89296
2.9447
3.18824
2.94258
2.826
3.45364
2.53823
2.9328
3.35299
3.34842
3.64666
2.32364
3.06937
3.42834
1.68534
2.69002
2.3491
1.96722
2.36013
2.49978
3.05572
2.87564
1.60596
3.06283
2.66891
3.15203
2.12102
2.54596
2.62837
2.29303
2.52957
3.02826
2.63392
2.35049
2.8622
2.89874
2.77679
2.6674
3.0156
3.87506
2.83427
3.36368
2.49677
3.00436
3.12382
4.31244
3.28049
3.51881
2.95122
2.22256
2.60519
3.04601
2.41493
3.26286
2.8002
2.4278
3.43187
3.27956
2.42751
2.61955
2.90641
2.38723
2.71062
2.42764
2.18106
2.32177
1.89121
2.81915
2.91772
3.44658
3.42658
2.10784
3.18392
3.28091
3.15948
3.38556
3.68093
2.91319
2.87276
2.85183
3.22426
2.83666
3.35451
3.3355
3.12141
3.02985
3.29119
3.14092
3.24649
3.2313
3.24591
3.18848
2.8326
3.26716
2.89312
3.0275
3.2069
3.02694
3.131
3.07077
2.90841
3.06218
2.87205
3.192
3.59023
3.10301
3.02914
3.0932
2.33123
3.172
2.90309
3.07648
3.23425
3.14887
2.80684
2.89899
2.3587
2.77734
2.9289
3.24391
3.30099
2.98053
3.16653
3.36615
3.6529
4.10615
2.86814
2.70656
3.01604
2.76367
2.5736
3.11987
2.32123
2.81759
2.72329
3.08704
4.10245
2.78041
3.72931
2.86091
2.79225
3.01024
2.98886
3.02543
3.51465
3.49836
3.0743
3.00431
3.1953
3.09596
2.71366
2.72742
2.70816
2.71279
2.27976
3.04963
2.79121
2.77537
2.57591
2.88995
3.16062
3.24214
3.10063
2.90701
2.95118
2.78867
2.51776
2.8442
2.512
3.16605
2.80633
2.32546
2.69973
2.68378
2.74432
3.07818
3.34712
3.30319
2.73255
2.98506
3.09843
3.06918
2.92366
3.12146
3.04021
3.58692
2.60795
2.49581
3.0873
2.93619
2.86812
2.46626
3.16956
3.04291
