1.92021
3.00928
2.66913
2.23617
2.545
2.55331
2.79122
2.73506
1.70254
2.83011
3.02259
3.00677
2.4676
2.19579
2.4368
2.82489
2.7055
2.82099
2.41015
3.08472
2.64143
2.49289
2.62657
3.07308
3.07826
3.57404
2.44207
2.95503
3.02851
3.07127
3.26855
3.70152
3.68444
3.70206
2.85304
2.29759
2.44263
3.05073
2.31526
3.02282
3.04521
2.33521
3.41657
3.22308
2.65718
2.38242
2.5292
2.34455
2.18044
2.51616
2.53213
2.28017
2.07006
3.05162
2.98435
2.95231
3.05231
2.15238
3.1637
2.95934
3.49706
3.19546
3.49121
3.43264
3.20804
3.0745
3.23238
3.26653
3.73397
3.33254
2.8187
3.42189
2.92671
2.91545
3.07461
3.5479
3.55558
2.9974
3.39704
3.16912
2.9702
3.0912
3.04487
3.05656
3.16058
2.83595
2.71322
3.13188
2.91341
3.83733
3.69809
3.56683
2.65862
3.86357
2.86171
2.94194
3.13078
2.62712
3.35061
3.08663
3.17414
3.39482
3.05113
2.58849
2.87757
4.06166
2.70909
3.6641
4.23592
3.09122
3.3024
4.28464
3.32129
3.20906
3.28782
2.93196
2.61432
3.47853
2.159
2.59566
2.2274
3.59822
3.67429
2.79752
2.95862
3.49357
2.68182
3.10298
3.16838
3.39303
3.56933
3.40637
3.14456
2.80879
3.06614
2.68411
3.47666
2.79372
2.80035
2.97968
2.63203
2.64324
3.06928
2.86095
3.10697
2.8744
2.94195
3.03669
2.95735
3.05786
3.01206
2.7951
2.82451
2.69392
2.47221
2.83307
3.33721
2.79835
2.7107
2.73419
2.70905
2.82146
3.13689
3.94821
4.13223
3.37668
3.3041
3.25875
3.13117
2.89314
2.90952
3.91389
2.61807
2.951
3.09784
3.17751
3.40682
2.8248
2.96355
3.38121
2.02315
2.56626
2.47663
2.16228
2.38584
2.58822
2.93948
2.72574
1.77475
2.86965
3.0774
3.02438
2.45161
2.25905
2.51061
2.68069
2.58698
3.25833
2.58006
2.72503
3.27386
2.33577
2.33484
2.78613
2.83506
3.49834
2.87198
2.86563
3.05849
3.11082
2.87933
3.58801
3.38067
3.85001
2.85982
2.34762
2.49723
3.17576
2.40858
3.04698
3.60601
2.31368
3.34288
3.3137
2.73761
2.32856
2.5639
2.40243
2.38502
2.40568
2.52352
2.58897
1.94323
2.85171
3.24317
3.38107
3.81033
2.62784
2.94819
3.3934
4.11702
3.74454
3.65683
3.22457
3.12759
2.8454
3.35581
3.08397
3.4514
3.52606
3.16057
3.28648
2.85054
2.72981
3.35053
3.22747
3.3904
2.89954
2.87733
2.9242
2.80381
2.96547
3.35287
2.92795
2.91735
3.02517
3.39104
3.35093
2.97279
3.17405
3.49148
3.47306
3.02022
3.82492
2.55119
2.78969
2.88491
2.89233
3.05348
3.17216
2.93987
2.85127
2.50972
2.55929
3.01862
4.47595
3.0832
3.29529
3.73573
4.22887
3.6175
4.13116
3.35865
2.8789
3.30308
3.38344
2.97805
2.90564
2.15797
2.93789
1.86015
3.42327
3.62198
2.3796
3.13949
2.7646
3.13672
3.09672
2.77227
2.96492
3.5151
3.04991
3.42092
3.13744
3.60261
2.88685
3.08564
2.90523
2.65515
3.16041
2.6823
2.75812
3.16988
2.85937
2.82575
2.50611
3.25209
3.62465
3.10403
2.79704
3.07608
2.37749
2.5672
3.12048
2.58932
3.15095
3.0273
2.71602
2.85379
3.13153
2.96468
3.08146
3.67731
3.79904
3.48853
3.54655
3.20695
2.75458
3.02711
2.98182
3.17348
3.48919
2.61458
2.39564
3.01647
3.04953
3.75392
2.70896
3.56208
3.17423
