1.90104
2.53049
2.11726
2.26629
2.45223
2.81578
2.88934
3.10836
1.55087
3.35643
2.6113
3.06507
2.70816
2.59538
2.54284
2.85185
2.57487
3.26427
2.62416
2.53938
3.32367
3.15724
2.47306
2.47926
3.61169
3.75487
3.01993
3.21075
3.10898
3.12881
3.10148
3.56354
3.17873
3.73776
3.05492
2.6378
3.13763
3.29732
2.71781
3.296
3.70686
2.49034
3.67616
3.56424
2.58042
2.85745
2.73464
2.33345
2.69308
2.69576
2.50773
2.52965
2.28457
2.8702
3.23014
3.43756
3.32588
2.02612
3.53599
3.21274
3.70464
3.58209
4.13386
3.11071
3.27278
2.98645
3.32274
3.35781
3.79045
3.60177
3.09837
3.60895
3.24899
3.25797
3.40318
3.23153
3.0489
3.17685
3.11909
3.35524
2.81239
2.91183
3.04488
3.28365
2.97258
2.892
3.00255
3.1091
2.7537
3.06028
3.39182
3.58448
2.69502
4.03911
2.68833
3.04255
3.09965
3.38587
3.54893
3.3651
3.22453
3.14011
2.68991
2.88227
3.10358
3.87036
3.00561
3.3313
3.91135
2.85394
3.90844
4.41892
3.40202
3.14687
3.03385
2.77446
2.81436
2.89803
2.29543
2.86337
2.75331
3.88486
4.18573
2.56433
3.04335
3.11577
2.83437
3.25009
3.19164
2.90791
3.88831
3.74127
3.29703
3.53531
3.32536
3.67307
3.30027
3.11298
3.23498
2.68948
2.60724
2.44624
2.94645
2.93349
2.83222
2.61655
3.33872
2.86548
3.30078
3.05898
2.91466
2.57634
2.88269
3.20286
2.63064
2.57245
3.11901
2.90401
2.9339
2.49567
3.01502
3.14307
3.33816
3.64618
2.6759
3.77785
3.51038
3.46117
3.39557
3.11323
3.07635
3.93091
2.67347
2.3527
3.47648
3.11498
3.3941
2.8618
3.78452
3.50772
1.80473
3.12064
2.14104
2.25494
2.47212
2.48385
2.65788
2.96543
1.70478
3.38391
3.06841
3.01521
2.53486
2.76013
2.7438
2.6011
2.59649
2.93496
2.48279
2.44606
3.50619
2.84503
2.39655
3.08168
2.95899
3.81036
3.18854
3.15774
3.13837
3.37754
3.29841
3.6527
3.60122
4.18008
3.24096
2.56097
2.71082
3.19096
2.82613
3.37114
3.23557
2.83336
3.98393
3.76261
2.78946
3.15627
2.80343
2.66674
3.05792
2.63551
2.54061
2.54445
2.18193
3.22
3.13942
3.81129
3.50144
3.09533
3.41563
3.34883
3.33903
3.81646
4.05017
3.36772
3.1289
2.82983
3.25544
3.09862
3.58764
3.99148
3.30101
3.28224
3.20996
3.18439
3.09549
3.29141
3.25613
3.25618
3.02784
2.92818
2.80705
2.98291
3.24763
2.86546
3.28511
2.91594
3.06669
3.35187
3.05642
3.21753
3.74786
3.38702
2.88738
3.95314
2.7959
2.90212
3.04242
3.77961
3.05721
3.29074
3.29349
3.09185
2.82476
2.93084
2.90221
3.92833
3.24488
3.32556
4.25383
3.22573
3.6503
4.368
3.19455
3.02246
3.03334
2.62722
2.54279
2.62312
2.06465
2.99221
3.02057
3.36175
4.18701
2.83064
3.40425
3.06006
3.22116
3.82983
3.21423
3.00995
3.70006
3.42832
3.30194
3.11955
3.63293
3.6094
3.34051
3.33933
3.35258
2.84715
2.65744
3.04084
3.14106
3.08224
2.85507
2.59205
3.09637
2.85629
3.10344
3.07224
3.15683
3.07355
3.06026
3.15454
2.63231
3.10902
2.91629
2.78543
2.93522
2.61402
2.87433
3.49201
3.49025
3.48633
3.08508
3.50228
3.58623
3.11608
3.24144
2.9617
3.00921
4.00802
2.80295
2.99524
3.29544
3.21815
3.34797
2.85403
3.46182
3.34075
