2.05752
2.93677
2.61913
2.32092
2.56439
2.64748
3.24671
2.96374
1.87832
3.16048
2.94791
3.24385
2.58032
2.2766
2.81768
2.54792
2.64313
3.51864
2.65781
3.0378
3.00077
3.01564
2.81371
3.04464
3.44161
3.79795
3.11575
2.93297
3.35976
3.38803
3.23497
3.85396
3.47433
4.22592
3.20635
2.81753
2.87595
2.99334
2.70078
3.07795
2.86859
2.60738
3.28407
3.2549
2.60421
2.70083
2.81412
2.61498
2.70352
2.60563
2.54454
2.57058
2.20146
3.14256
2.96035
3.19682
3.52806
2.41935
3.5864
2.96768
3.38591
3.14773
3.97135
3.09966
3.09184
3.33241
3.00641
3.1068
3.15314
3.43289
2.91394
3.16309
2.93745
3.148
3.39884
3.53705
3.1156
3.06039
2.84692
3.00183
2.8334
2.97441
2.655
2.9034
2.8592
2.78404
3.01663
3.63466
2.86908
3.19139
3.31972
3.31455
2.77719
3.74798
2.71558
2.92477
3.10036
2.94803
3.20162
3.28558
3.89316
3.46797
2.8118
3.12066
3.35243
4.20246
3.84666
3.34315
3.92634
3.22877
3.4341
4.09099
4.03161
3.25328
3.37882
2.69885
2.71813
3.14353
2.33288
3.30236
2.88015
3.85783
3.78971
3.55695
3.82355
3.25525
2.77599
3.37608
3.32938
3.34402
3.72952
3.75289
3.43338
3.46829
3.19953
3.15037
3.67693
3.15485
3.17419
3.26516
3.13926
2.5333
3.33408
2.87635
2.58135
2.57635
2.99085
3.13168
3.14687
3.01187
3.27622
2.63436
3.27608
3.17611
2.49292
2.54552
2.89031
2.84588
3.09847
2.96448
2.9306
3.17449
3.52803
3.73401
3.1627
3.36367
3.28275
3.49538
2.96257
2.92359
3.16196
3.76493
3.10622
3.14422
3.66814
3.39278
3.22861
3.09922
3.07032
3.62376
2.01725
2.62387
2.36219
2.28827
2.55628
2.74175
3.16146
2.86175
1.99784
2.85907
2.98098
2.77523
2.40731
2.58163
2.97515
2.68648
2.80094
3.41832
2.83831
2.57274
3.20634
3.29617
2.67994
3.0232
2.91362
3.71226
2.84372
3.014
2.84187
3.25183
3.45836
3.74655
3.16609
3.81098
2.81069
2.82772
2.68426
2.96958
2.66057
3.17611
3.04249
2.86393
3.37178
3.01739
2.78336
2.58375
2.8576
2.91044
2.71154
2.80651
2.6926
2.48501
2.28534
2.89586
3.11577
3.11821
3.35206
2.57563
3.08065
3.45244
3.1179
3.48483
3.51735
3.19809
2.86459
3.30855
2.99538
3.06691
3.35789
3.56281
2.97838
2.85162
2.95742
3.12449
2.85468
3.17605
3.11964
3.21194
2.83521
3.26126
2.74696
2.85422
2.93942
2.68373
2.56134
2.76229
2.89054
3.29545
2.82711
3.06311
3.43979
3.44209
2.87225
3.68059
2.82197
2.9677
3.31122
3.08911
3.19716
3.24334
3.22907
3.02162
2.70203
2.81068
2.47756
4.14136
3.01847
3.53352
3.63764
3.55331
3.3909
4.45881
3.69807
2.82344
3.28164
3.12093
2.85731
3.21257
2.54537
3.39411
3.12954
3.81908
3.43607
2.52137
3.56994
3.80591
3.10478
3.1371
3.23235
3.09783
3.71195
3.6762
3.42195
3.29001
3.2225
3.10495
3.17253
2.86474
3.1555
2.80007
2.77727
2.76558
3.15829
2.84715
2.64429
2.75803
2.92162
3.23681
3.2505
3.08372
3.12258
2.5641
3.4232
2.95635
2.90565
2.97541
2.87498
2.89762
2.65929
3.07788
2.6589
3.82998
3.44997
3.57156
2.60538
3.16659
3.44143
3.46044
3.16244
2.66835
2.94675
3.78429
3.24747
2.75926
3.28558
3.02879
3.16918
3.23957
3.40725
3.50442
