1.87312
2.84734
2.27669
2.33468
2.49721
2.67317
3.49119
2.71077
1.75094
3.05865
3.00786
3.20844
2.72522
2.7653
2.51043
2.53216
2.57586
3.33773
2.75494
2.66182
3.26247
3.40385
3.25153
3.10949
3.09274
3.3426
3.14565
2.79641
2.82784
2.88674
3.30199
3.62483
3.41033
4.24431
2.91236
2.26294
2.47906
2.874
2.46991
2.76114
3.2035
2.24415
2.89036
3.29964
2.72832
2.74225
2.21806
2.62072
2.37633
2.34013
2.76378
2.58032
1.86191
3.0504
2.87979
3.58585
4.28803
2.02212
3.20084
3.07762
3.44162
3.49493
3.35173
3.90988
2.96596
3.16297
3.57854
3.11748
3.27078
3.77719
3.38618
3.75726
3.06512
3.32519
3.46266
3.23959
3.24372
3.36482
2.75895
3.4888
2.95035
3.12631
2.92857
3.03402
2.70269
3.0034
3.31133
3.35667
3.09161
3.60053
3.99797
3.61843
2.60705
3.62955
2.79164
2.92649
3.57102
3.54381
3.58699
3.56924
3.88675
3.47598
2.76667
3.00323
3.10507
3.83368
3.58614
3.60505
4.08474
2.3899
3.36968
3.82811
3.8333
3.21765
3.5732
3.14062
2.72868
3.28711
2.19636
3.1661
2.1518
4.08092
3.72067
3.32903
3.74698
3.60553
3.01327
3.10665
3.32589
3.42985
3.67649
3.63634
3.65747
3.51254
3.24578
2.92936
3.60623
3.06597
3.08378
3.19618
2.83898
2.7902
3.13682
2.5045
2.67248
2.8777
3.32511
3.09184
2.84004
3.09658
3.09445
2.48842
3.00513
3.4032
2.91607
2.78199
2.85314
2.69361
3.17081
2.98156
2.62764
3.07084
3.59235
3.57851
3.83611
3.07788
4.00232
3.81102
3.22146
2.86811
2.82003
3.6347
2.85125
3.21811
3.69506
3.27678
3.75083
3.14724
3.17134
3.37468
1.91868
3.24224
2.26731
2.50484
2.69947
2.70008
2.99719
2.65014
1.75284
2.99084
2.7391
2.66219
2.32552
3.17107
2.86917
2.47703
2.43503
3.4032
2.78672
2.92803
3.01094
3.16912
2.83273
2.88463
2.9727
3.4573
2.59222
3.07381
3.07379
2.85471
3.46991
3.38074
3.51643
3.37734
2.976
2.48941
2.29734
2.69219
2.30018
2.96037
3.17598
2.38853
3.37947
3.27018
2.80508
2.44937
2.52914
2.24216
2.51734
3.28825
2.51124
2.50612
1.81444
3.19852
3.02592
3.44232
3.60106
2.46237
3.57201
3.1201
3.5861
3.14499
3.45577
3.41645
3.00622
3.10256
3.28476
3.19347
3.36297
3.84975
3.29809
3.68485
3.10997
3.06884
2.97117
3.24006
3.22029
3.17088
2.83839
3.11558
2.60866
2.51556
3.0713
2.90034
2.81273
3.07063
2.77927
3.10435
2.89384
3.47667
3.43357
3.08396
2.84143
3.5078
2.26873
2.94472
3.27255
2.8598
3.48628
3.16482
3.18691
2.92113
2.8415
2.75449
3.0782
3.62557
3.00298
3.24851
3.66497
3.74789
3.29661
4.09272
3.2192
2.99803
3.12766
2.76763
2.28553
3.20362
2.51818
3.05838
2.64228
3.95714
3.66887
2.76327
3.20288
3.81099
3.23193
3.39618
2.97235
3.05442
3.59789
3.83822
3.59323
3.30058
3.10926
3.23827
3.57098
2.98246
3.30433
3.01603
2.87047
2.5525
3.5704
2.5137
2.95077
2.73328
3.17053
2.94658
2.78365
2.99122
3.00838
2.73586
2.87861
2.76763
2.91254
2.86849
3.11029
3.01001
2.64748
3.053
3.02854
2.77995
3.63052
3.43722
2.64686
3.09174
3.97825
3.26685
3.27633
2.84793
2.68039
3.95689
3.18119
2.76326
3.63505
3.023
3.62251
3.2006
3.24456
3.74427
