1.66338
2.66489
2.51325
2.01937
2.34713
2.51642
2.62247
2.96999
1.4507
3.12937
3.01122
3.26588
2.31219
2.71147
2.78078
2.51673
2.3244
2.8886
2.52051
3.43727
2.92865
2.7506
2.52879
2.88321
3.16931
3.88777
2.72868
2.7972
2.74277
3.29905
3.5164
3.90804
3.65408
3.67407
3.13204
2.27287
2.6669
2.99149
2.48772
3.09242
2.9893
2.27814
3.44152
3.68456
2.76768
2.59966
2.32339
2.39843
2.11428
2.35208
2.24569
2.56125
1.90691
3.18463
3.18255
3.15609
3.50892
2.41012
3.66458
3.29155
3.83159
3.68466
3.74067
3.01871
2.50701
3.40022
2.96148
2.81452
3.4172
3.61861
3.08354
3.40342
2.97796
2.99201
3.00602
3.09259
2.70439
2.88642
2.84673
3.0006
2.54845
2.58691
2.8048
2.76601
2.51918
2.59078
2.80149
3.012
2.63405
3.18631
3.30005
3.22566
2.42667
3.18709
2.44441
2.72652
2.90588
3.36803
3.11431
3.00757
2.51714
3.16423
2.20173
2.56209
2.83988
4.15862
2.63309
2.98964
4.0676
2.90999
3.02752
3.65408
3.54979
2.92256
3.1427
2.85595
2.71629
3.21731
2.37455
2.84682
2.55837
2.86026
2.78239
2.73713
3.01204
3.449
2.87778
2.87213
3.02676
3.27324
2.91724
3.19396
3.62108
3.0098
3.00781
2.82743
3.21885
2.87805
2.76188
2.91178
2.83818
2.79302
2.86432
2.64064
2.59842
2.63573
3.59648
3.03168
3.04062
2.96317
3.03475
2.18963
2.93585
3.07909
2.66768
2.60613
2.66809
2.51723
3.44013
3.06126
2.61561
3.15599
3.09037
3.86947
2.77691
2.57064
3.222
3.42901
2.88907
2.45805
2.69543
2.9541
2.7022
2.93174
3.334
2.46699
3.36993
2.57826
3.38552
3.72486
1.81398
2.48788
2.29654
2.13447
2.56912
2.47029
2.95286
3.03889
1.58624
3.04381
2.79463
3.11845
2.48697
2.9483
2.93467
2.55763
2.57387
3.10879
2.58294
2.49637
3.32699
2.12532
2.71775
2.91783
3.21204
3.77821
2.76579
3.68969
2.57753
2.86413
3.53763
3.59389
3.81694
3.70982
3.02975
2.66602
2.55839
3.14149
2.46654
3.21052
3.09206
2.59284
3.71463
3.35129
2.72292
2.68205
2.9288
2.55391
2.46769
2.27965
2.43969
2.31651
1.96117
3.23403
2.91905
3.58069
2.83015
2.97055
2.72197
3.44431
3.46774
3.66366
3.51227
2.95734
3.11289
2.75449
3.20516
3.14582
3.3794
3.94194
3.24134
3.30587
2.91822
2.93205
3.00502
2.94858
2.76915
3.08258
2.96849
2.99741
2.7294
2.78258
2.61802
2.78429
2.82328
2.67222
2.5534
2.98316
2.7219
2.61386
2.91983
3.04794
2.45237
2.97012
2.7315
3.04425
3.01187
3.6562
2.9602
3.0749
3.04002
3.0451
2.429
2.8861
3.01744
4.44166
2.73213
3.22275
3.8188
3.62482
3.37313
3.66234
3.83446
2.91518
3.13711
3.11204
2.83776
3.06178
2.58627
2.65131
2.60318
2.82986
3.23659
2.58323
3.14544
3.33937
2.62592
3.17677
2.93737
2.97653
2.871
3.37807
3.36579
3.13697
3.15636
2.87334
3.42742
2.75627
2.76091
2.75329
2.80946
2.48364
3.01105
2.6776
2.49864
2.70133
3.12658
3.13652
2.97365
2.89819
3.04592
2.36701
2.89221
2.68892
2.30603
3.20145
2.33294
2.78078
2.58429
2.75179
2.73182
3.18421
3.49463
3.59546
3.15878
3.03581
3.53138
3.57726
3.03108
2.62904
2.94391
2.89808
2.51128
2.63746
3.17569
2.83244
3.42665
2.52183
3.46197
2.81837
