1.93021
2.80837
2.27464
2.40378
2.47844
2.86487
3.17049
2.88815
1.80616
2.87166
2.85742
2.7119
2.29251
2.49934
2.83215
2.61034
2.52261
3.03989
2.64521
2.97431
3.26012
2.78683
3.24343
2.90245
3.58061
3.35096
2.7911
2.82218
2.84088
3.24067
3.64903
3.54968
3.40681
3.88755
3.11914
2.52212
2.63235
3.10168
2.40687
3.12739
3.11599
2.60185
3.18359
3.04757
2.62968
2.69166
2.59569
2.51453
2.60418
2.44149
2.48736
2.48803
1.98925
3.0383
2.86833
3.42336
3.39562
2.13907
3.46444
3.24622
3.52633
3.40301
3.75378
2.85423
2.89136
3.0836
3.1483
3.16682
3.67373
3.4912
3.1221
3.07401
3.01
3.37857
3.37004
3.42395
3.19741
3.13394
3.44998
2.85256
3.01059
2.97706
3.09164
3.08316
3.07018
2.9301
3.22652
3.26033
3.51769
3.35637
3.27075
3.06844
2.67909
3.68097
2.54254
3.07597
3.30346
3.44585
3.142
3.31134
3.35201
3.17023
2.74466
2.89973
2.80053
4.29001
3.27834
3.26472
4.21238
2.98514
3.85689
4.34455
3.29245
3.18992
3.64426
2.79753
2.72645
3.2981
2.60726
3.1222
2.83186
3.36271
3.9913
2.9812
3.52169
3.12772
2.80461
3.28599
3.48604
3.71138
3.5468
3.93338
3.55625
3.39055
3.19251
3.20149
3.44628
2.74453
3.0832
2.99871
2.66701
2.84487
3.21305
2.79459
2.78137
2.7609
2.98273
3.16082
2.88069
3.14303
3.04607
2.60574
2.87558
3.32324
2.62792
3.11352
3.24933
3.20581
2.527
2.69688
3.10125
3.47423
3.69723
4.04335
3.04895
3.31146
3.65676
3.4607
3.16819
3.16222
2.69752
3.60069
2.73119
3.41171
3.3962
3.38013
3.73931
3.01855
3.16767
3.54345
2.01649
2.67491
2.42665
2.27865
2.41961
2.75072
2.98552
2.87086
1.83317
2.98069
2.65815
3.35967
2.30391
2.69422
2.94785
2.49951
2.5394
3.17326
2.78848
2.54725
2.99531
3.25679
2.7598
2.79477
2.64911
3.11628
2.9137
3.02366
2.89903
2.97235
3.49472
3.80053
3.67659
3.67487
3.06032
2.2079
2.72374
3.19871
2.3252
3.12401
3.11453
2.64376
3.27243
3.09614
2.74714
2.89096
2.52698
2.28039
2.68338
2.78364
2.47943
2.57158
2.02115
2.92085
3.18141
3.0726
3.465
2.431
3.45428
3.4401
3.21453
3.31878
3.65155
3.09377
3.05795
2.87641
3.20315
3.11546
3.37132
3.42603
3.15987
3.5304
3.25086
2.94107
3.30947
3.08295
3.53652
3.34634
3.5728
3.12022
2.97061
3.0649
3.17425
3.1207
2.92539
3.02271
3.00955
3.71605
3.00533
3.33113
3.63291
3.41534
2.67732
3.56651
3.00357
2.95262
2.76719
2.88002
2.75337
3.38088
3.44704
3.2235
2.30388
2.84262
3.23613
4.25959
2.98545
3.41663
3.67597
4.06155
3.49246
4.15883
3.9957
3.01675
3.26321
2.93236
2.82583
2.68712
2.53464
2.87824
3.23411
3.74984
4.46774
2.55589
3.23731
3.31031
3.18218
3.16391
3.06716
3.43522
3.72501
3.69642
3.34337
3.52145
3.37831
3.23072
3.49583
3.24593
3.11804
3.01313
2.77465
2.34236
3.48068
2.9632
2.67599
3.00772
2.95454
2.99325
2.90986
3.0219
2.98588
2.52433
2.98723
2.96834
2.8811
2.97059
3.15504
3.26336
2.99367
3.1576
2.96869
3.49554
3.45371
2.83489
2.46331
3.49532
3.97164
3.22623
3.31545
2.961
3.08429
4.01742
2.94944
3.00886
3.16625
3.25864
4.35559
3.22274
3.23964
3.45802
