1.8262
3.12408
2.51348
2.31742
2.49368
2.75843
3.06897
2.89641
1.63533
3.11109
2.89943
2.90259
2.48703
2.39239
2.88862
3.00021
2.8472
3.35386
3.08528
2.96016
3.07831
2.86541
2.92957
3.16822
3.56988
3.57024
3.23275
2.91452
2.91856
3.49122
3.75785
3.56047
3.52829
4.12643
3.17887
2.44902
3.05938
3.2384
2.9499
3.11257
3.52159
2.67944
3.25187
3.54344
3.16237
2.61158
2.59412
2.92233
2.74072
2.92386
2.36037
2.68177
2.08758
3.35456
2.96422
3.23792
3.74392
2.3702
3.22008
3.15432
3.28143
3.25989
3.80416
3.39661
2.60501
3.27287
3.31234
3.21137
3.49756
3.69855
3.40266
3.27269
3.17978
3.22959
3.16539
3.7406
3.19651
3.22263
3.20746
3.33496
3.17541
3.13452
3.28619
3.26183
3.04903
3.06935
3.16507
3.27398
3.31872
3.72031
3.69671
3.50393
3.12849
3.56203
2.91119
2.86906
3.04009
3.29899
3.29628
3.263
3.14338
3.7207
2.87569
3.31678
2.97186
4.2215
3.37639
3.53096
4.02197
2.99992
3.64725
4.45361
3.76463
3.24699
3.46346
3.08441
2.85225
3.16002
2.62579
3.14011
3.20326
3.50543
3.29773
2.96723
3.53397
3.33058
3.15396
3.57618
3.2241
3.49346
3.60485
3.64519
3.49631
3.20668
3.43039
3.2796
3.38386
3.06173
3.27944
2.96764
3.30308
2.61362
3.29763
2.82369
3.01629
2.95558
3.38389
2.94541
3.0704
3.04473
2.97008
2.95436
3.18492
3.16379
2.67134
3.06489
3.18746
2.89373
3.19623
2.91972
3.04711
3.12599
3.36461
3.30961
3.39621
2.92911
3.50843
3.71104
2.83826
2.81369
3.16686
3.85045
3.07886
3.19937
3.58315
3.58638
3.28847
2.97177
3.26447
3.42367
1.90485
2.96885
2.77125
2.4362
2.5825
2.51627
3.23318
3.03336
1.77794
3.15174
2.45096
2.9192
2.51469
2.50124
2.83853
2.90295
2.64868
3.1671
2.98858
2.9079
2.52642
2.97682
2.9469
2.99007
3.45907
3.82686
2.99463
3.4254
3.30172
3.50839
3.464
4.01995
3.42521
4.29864
3.40446
2.67106
2.82855
3.14235
2.4672
3.17754
3.04042
2.59102
3.83629
3.45204
2.78692
2.40615
3.09634
3.08927
2.83876
2.60043
2.72024
2.74672
2.088
3.07763
3.15745
3.41778
3.13425
2.53403
3.27506
3.14427
3.53522
3.84212
3.78914
3.3754
3.29539
3.2189
3.31806
3.19239
3.89705
3.46669
3.40536
3.37691
3.0981
3.42689
3.39885
3.637
3.31125
3.29307
3.09444
3.08508
3.03399
3.22701
2.76656
2.97211
2.99653
3.34954
3.53895
3.45276
3.08805
3.31375
3.40135
3.22698
2.99916
3.8087
3.00987
3.06401
3.20951
3.44715
3.29972
3.25875
3.44972
3.52583
2.83449
2.90954
3.17003
4.10528
3.24036
3.55416
3.83314
3.62734
3.67804
4.41759
3.51232
3.17616
3.67361
3.36068
3.02584
2.79045
2.48812
3.04511
3.34696
3.72387
3.17146
2.74395
3.46188
3.41477
2.91724
3.05346
3.04899
3.3488
3.38408
3.64778
3.38462
3.26963
3.54031
3.52984
3.55091
3.19526
2.93601
2.88792
2.66144
2.8231
3.03141
3.21642
2.88619
3.13234
3.19162
3.07627
3.17388
3.12455
3.40162
2.83376
3.24657
2.99753
2.69428
3.11424
3.19841
2.97551
2.91913
2.92128
3.08809
3.99258
3.60008
3.3139
2.82613
3.35867
3.78199
3.74348
3.1266
3.1295
3.08238
4.17738
2.92544
3.24058
3.10872
3.18878
3.4026
2.93788
3.47088
4.16131
