1.88489
2.7091
2.2494
2.1409
2.13748
2.33182
2.85524
2.98355
1.81535
2.93608
2.9743
3.3467
2.44767
2.59366
2.70459
2.47252
2.41601
2.73125
2.52798
2.65614
2.85496
2.75476
2.5074
3.10813
3.2956
3.74493
2.75083
2.92793
2.87237
2.82475
3.31556
3.89782
3.28189
3.67915
2.71311
2.5255
2.73157
3.39431
2.51877
3.19071
3.20098
2.69022
3.78324
3.39867
2.67098
2.47893
2.58422
2.56336
2.51145
2.60625
2.4398
2.58113
2.08952
2.97978
2.99675
3.10762
3.23234
2.49413
2.74664
3.22871
3.03834
3.34277
3.66149
2.95467
2.56721
3.12873
3.05625
3.08281
3.42511
3.23825
2.74432
3.07901
2.94244
3.17901
3.32739
3.1075
2.91573
2.93408
2.84369
3.20625
2.839
3.05598
2.90025
3.01098
2.93979
2.91193
2.93174
2.99087
2.79881
3.01516
3.17238
3.14531
2.39945
3.48325
2.60386
3.07211
3.27308
3.13892
2.97433
2.9769
3.13392
3.42708
2.98349
3.21031
3.19101
3.73749
2.95469
3.24224
3.6704
2.39485
3.33558
3.97376
3.1222
3.07561
3.40981
2.84189
2.82595
3.24607
2.3028
3.00393
2.32119
3.44909
3.38517
2.93811
3.40075
3.18789
2.75026
3.39149
3.12944
3.32101
3.40948
3.55665
3.0051
3.24879
3.00311
2.768
3.00506
2.73682
3.08282
2.99919
2.85278
2.51346
2.61366
2.7551
2.62754
2.55353
2.99854
3.1048
3.02696
2.90191
2.7979
2.24524
2.61036
2.83426
2.39317
2.6046
2.70192
1.99599
2.56059
3.03279
2.70907
2.73555
3.34041
2.90772
2.49373
2.68475
3.57063
3.48722
3.08428
2.89466
3.35903
3.80885
2.83284
2.95303
3.51428
3.28719
3.3721
2.93755
3.48497
3.31377
1.86734
2.69819
2.49308
2.21205
2.35599
2.51403
3.05401
2.84639
1.90041
2.92012
2.78334
3.15456
2.33136
2.74632
2.91414
2.55461
2.53104
3.42305
2.53403
2.27499
2.80627
2.82772
2.65374
2.88968
2.89741
3.7666
3.14193
3.18588
3.28437
3.01239
3.22782
3.62309
3.24398
3.42644
2.71807
2.13993
2.76367
3.07375
2.41796
3.24789
2.99034
2.68992
3.16717
3.47121
2.53845
2.97163
2.61377
2.48238
2.44657
2.64221
2.75323
2.69506
2.14981
3.10099
2.84023
3.57894
3.18422
2.0196
3.01657
3.13942
3.20016
3.41539
3.87806
2.96107
2.84901
2.96441
3.07655
3.09493
3.39479
3.18058
3.10062
3.37398
3.05636
3.31007
3.10245
3.376
3.21997
3.07305
3.10214
3.18046
2.79167
3.18208
2.88192
3.02083
2.85658
2.86476
3.09796
3.03354
2.7351
2.85404
3.46159
3.03496
2.48389
2.90799
2.72356
3.1255
3.08606
3.36394
2.94628
3.06848
3.5722
3.50636
2.61529
2.83036
3.09076
3.74953
3.17557
3.33004
3.63058
2.8421
3.36622
3.25373
3.24752
2.89514
3.34763
3.42851
2.93752
3.34864
2.27441
3.58453
2.65581
3.38237
3.5788
3.21253
3.38475
3.65912
3.1175
3.24192
2.91786
3.18929
3.34291
3.81421
3.36191
3.43558
3.19986
3.16543
3.39361
2.96558
3.12666
2.71942
2.66528
2.58877
2.91055
2.8419
2.67037
3.01092
3.09249
3.1337
3.10925
2.78772
3.04251
2.56052
2.82351
3.08362
2.85998
3.13699
3.18235
2.91652
2.45661
2.99237
3.0233
3.1534
3.42922
3.10302
2.6512
2.90194
3.21108
3.38782
3.08342
2.84796
2.89512
3.61294
2.92169
3.05399
3.29201
2.94958
3.44186
2.99721
3.22563
3.56943
