1.81199
2.71118
2.31487
2.21474
2.48548
2.80102
3.13308
2.88257
1.69862
3.04242
3.06638
3.09201
2.61333
2.73914
2.58878
2.59045
2.71278
3.21298
2.72264
3.02824
3.2555
3.31253
2.68773
3.02943
3.48458
3.20148
2.88921
3.05174
2.81576
3.34511
3.45343
3.34743
3.46604
3.95465
3.05499
2.52913
2.61506
3.22747
2.15319
2.88935
3.30868
2.27362
3.67503
3.07054
2.30706
2.74593
2.5543
2.26411
2.48121
2.67657
2.37175
2.59362
2.07421
2.66897
3.01185
3.11221
3.68355
1.87532
3.75371
3.55001
3.68945
3.81343
3.67968
3.31022
3.02248
2.99545
3.0931
3.09868
3.18861
3.20205
2.85809
3.20518
2.99905
3.13234
3.02452
3.25953
3.22625
3.02971
2.98063
3.23662
2.66054
2.94392
2.9734
3.11502
2.87785
2.93835
3.01973
3.45158
2.99174
3.43697
3.98055
2.91721
2.581
3.8739
2.98818
2.91862
3.01211
3.07588
3.20691
3.54767
3.28242
3.54375
2.49948
3.11164
3.27321
4.18462
3.40064
3.286
3.57339
2.3781
3.41441
3.65004
3.39468
2.91406
3.38686
2.8057
2.76199
3.13221
2.25847
3.13401
2.57207
3.60738
3.12921
3.31878
3.82429
3.33687
2.7418
3.37271
3.29005
3.39678
3.46744
3.69941
3.33028
3.26501
3.20395
2.96082
3.42361
3.00617
3.44037
2.82857
2.9325
2.75217
3.30106
2.79672
2.72314
3.02251
3.26282
2.93431
2.95355
3.1878
3.06785
2.61903
2.99532
2.99786
2.51716
2.74756
3.1147
3.03002
2.98854
3.07215
2.61256
3.15629
3.57164
3.42261
3.40831
3.27738
3.39812
3.52127
2.97872
2.74002
3.26117
3.51291
2.97526
2.49124
3.89134
3.65968
3.48599
2.87298
3.31743
3.29853
1.86
2.75402
2.3159
2.40648
2.59349
2.75113
2.50597
2.91035
1.76146
2.97989
2.66004
2.94573
2.23711
3.01042
2.69708
2.61318
2.81385
3.26854
2.67227
2.69165
2.82609
3.05608
2.89851
2.74431
3.0614
3.12919
2.73619
3.12072
2.5386
3.04912
3.29652
3.57864
3.39553
3.84361
3.06777
2.52633
2.78284
3.41595
2.19948
3.39632
3.50758
2.4864
3.3762
3.05891
2.5894
2.53308
2.68448
2.53966
2.56855
2.53723
2.54129
2.60598
2.00426
3.00709
2.94863
3.12817
3.18063
2.86075
2.54729
3.38017
3.34168
3.37864
3.42061
3.09707
3.08111
3.00141
2.93852
3.12167
3.23275
3.19871
3.35465
3.14234
3.08228
2.66619
2.87373
2.77261
3.12678
2.94946
3.01956
3.57813
3.01328
2.78162
2.75528
2.92587
2.78493
2.96754
2.87516
3.31206
3.10974
3.1623
3.89874
3.27458
2.81293
3.62439
2.77713
3.07225
2.97244
3.15118
2.97524
3.26515
3.31541
3.91142
2.8397
2.76903
2.67213
4.64112
3.10906
3.29861
3.63645
3.2441
3.49995
4.39878
3.53248
3.18258
3.13756
2.82798
2.84231
3.13002
2.25711
2.71803
2.5583
3.86395
3.65216
2.94697
3.36388
3.23432
3.0986
3.22782
3.21207
3.05783
3.45565
3.40144
3.27773
3.35314
3.31882
3.27408
3.30143
3.12087
2.94229
2.79727
2.70873
2.47044
2.98582
2.88409
2.73161
2.72372
3.24688
2.86361
2.93916
2.9638
3.37786
2.47264
3.22891
3.14256
2.37755
2.80025
3.05755
2.87514
2.98082
2.9119
2.80081
3.4208
3.38734
3.93067
2.79468
3.25221
3.90262
3.51844
3.1088
2.75657
2.95634
3.16759
2.85765
2.61383
3.44828
3.24386
3.2693
3.13975
3.65392
3.24043
