1.86497
2.71935
2.42427
2.15636
2.42539
2.64134
2.81491
2.81023
1.59828
2.93934
2.96969
3.24731
2.58027
2.88173
2.65691
2.58535
2.57509
3.03115
2.47104
2.53645
3.23491
3.10597
2.79071
2.952
3.1843
3.44797
3.25863
3.25628
3.46709
3.17914
3.38549
3.80157
3.54507
3.83911
3.1906
2.50484
2.66478
3.30175
2.47371
3.09141
3.02885
2.33939
3.37312
3.32558
2.60342
2.61572
2.86507
2.72484
2.64945
2.75547
2.57526
2.43546
1.96767
2.67972
3.40018
3.45906
3.29926
2.19083
3.45365
3.45785
3.90959
3.45546
3.80603
3.65171
2.74487
2.79032
3.28491
3.09234
3.59673
3.72467
3.3549
3.66518
3.26905
3.674
3.2657
3.81227
3.34285
3.17366
2.86435
3.08987
2.86223
2.79762
3.06845
3.17978
3.52734
3.09354
3.44249
3.3561
3.36437
3.126
3.56165
3.38875
2.89334
3.43778
2.75102
3.03723
3.25977
3.33261
3.30437
3.47866
3.31846
3.58637
2.55823
2.76419
2.86919
4.21709
2.97414
3.55037
3.92173
3.36546
3.24458
4.3906
2.99417
3.25435
3.2509
3.29537
2.74309
3.0054
2.60728
3.27473
2.73371
3.69067
3.69923
2.83583
3.30404
3.54144
2.89973
3.37024
3.04736
3.18312
3.68398
3.63698
3.31276
2.90487
3.11456
3.04406
3.16413
3.16505
3.0044
2.69029
2.64069
2.72429
2.87385
3.26567
2.92593
2.43046
3.20612
3.06401
3.10506
3.08603
3.54701
2.60996
3.07808
3.02607
2.62927
3.06105
2.78301
2.78748
2.90392
2.39427
2.94926
3.46819
3.73971
3.37618
3.91676
3.02368
3.1037
3.52495
3.33649
3.11637
2.91011
3.76846
2.63555
2.78239
3.40791
3.34864
3.42263
2.29876
3.3221
3.34618
1.85772
2.33863
2.59586
2.17755
2.47653
2.57966
3.01682
2.81577
1.80823
2.92397
3.1833
3.25668
2.25754
3.07539
2.99657
2.48831
2.55132
3.20037
2.47638
2.38905
2.75252
2.52757
2.78954
2.97797
3.10312
3.86657
3.15545
3.82663
3.51573
3.34703
3.30761
3.65205
3.16669
3.71001
2.85312
2.37582
2.50082
3.07842
2.34074
3.25235
3.34983
2.72461
3.65492
3.46376
3.19012
2.63092
3.15935
3.0138
2.75277
2.81263
2.92978
2.72062
2.02483
2.9151
3.33349
3.40628
3.47225
2.59275
3.28941
3.06011
3.7177
3.51556
3.28521
3.1142
3.06079
3.45691
3.26652
3.08778
3.77714
4.17687
3.49417
3.96979
3.10892
3.22387
3.26238
3.00639
3.42922
3.13151
3.19206
2.93941
2.83216
3.20913
3.1184
3.17258
3.01941
3.14822
3.56786
3.6315
3.18165
2.91623
3.8263
3.42716
2.8307
3.15781
2.91117
2.95666
2.86457
3.28945
3.274
3.33831
3.20657
3.74523
2.89389
2.7191
2.92044
4.15907
3.48121
3.25601
3.36574
3.35378
3.1377
4.27766
3.26711
3.0798
3.49466
2.96009
2.95159
2.44016
2.53537
3.30213
3.04799
3.87422
3.62099
2.75716
3.14735
3.55057
3.27813
3.29149
3.02363
3.29871
3.45969
3.50083
3.77377
3.37069
3.74294
2.95719
3.06854
2.9177
3.34694
2.99218
2.99431
2.63524
2.71063
2.97778
2.75439
2.63547
3.18162
2.90302
3.10308
3.04675
3.15637
2.94051
2.45581
2.93469
3.36204
3.15874
2.63052
2.51268
2.47718
2.96047
2.94229
3.62057
3.45321
3.40475
2.75277
3.17046
3.06437
3.40105
3.07894
2.99956
3.14763
3.55395
2.82496
2.79965
3.31318
3.13009
2.88701
2.36653
3.76553
3.92167
