2.092
2.94584
2.68845
2.57276
2.66135
2.7819
3.16671
2.98356
2.06628
2.98878
2.86055
3.57325
2.74977
1.96177
2.84178
2.47259
2.55553
3.1478
2.80682
2.90275
3.25952
3.44964
2.68777
2.90449
3.13805
3.76162
3.03069
2.84165
2.94664
2.97065
3.25117
3.63045
3.3718
3.28177
2.99562
2.74414
2.5882
3.30993
2.69045
2.90235
3.43251
2.69687
3.50038
3.29267
2.69421
2.45699
2.45621
2.61347
2.32849
2.86931
2.68694
2.67888
1.99204
3.20665
3.02859
3.31208
3.0819
1.98444
3.7541
3.08044
3.4752
3.40962
3.82138
3.55871
3.31069
3.21896
3.12416
3.11391
3.77623
3.20146
2.94483
3.21121
3.12161
3.24231
3.26828
3.44337
3.24637
3.02492
3.05078
3.20479
2.86551
3.00194
2.91022
3.04139
2.92803
3.10959
3.49017
3.31663
2.74246
2.91929
3.19836
3.5231
2.31078
3.93248
2.73278
3.13957
3.49767
3.22852
3.53065
2.76234
3.64561
2.98328
2.97046
2.65341
3.07276
3.83135
3.05064
3.46902
3.95743
3.12927
3.64684
4.05707
3.72607
3.50809
3.7224
3.06899
2.72289
2.82274
2.14339
3.32822
2.53079
3.79995
3.63761
2.8548
3.24695
3.5945
3.13054
3.14456
3.0449
3.48915
3.63581
3.87389
3.46663
3.17501
3.3387
3.19832
3.10935
2.86097
3.07816
2.9121
2.71736
2.78902
2.90651
2.68209
2.81827
3.25503
2.81353
2.90292
2.96877
3.10034
2.87183
2.56857
3.36262
3.3447
2.84636
3.05737
2.8081
2.67781
2.71835
3.36997
2.80867
3.37806
3.47331
3.84818
2.84298
2.89361
3.17894
3.40182
2.88753
3.26981
3.0795
3.30601
2.9111
2.64574
3.43951
3.14067
2.97766
2.51192
3.40015
3.48375
2.18258
2.57362
2.74348
2.4428
2.59479
2.89778
3.28693
3.0472
1.97442
2.81611
2.8782
3.05423
2.54886
2.13082
3.0684
2.69908
2.81324
3.37319
2.71966
2.34291
2.93777
2.67
2.52767
2.77619
2.6955
3.39829
2.96614
3.11058
3.86881
3.44199
3.23605
3.97292
3.15073
3.68048
3.04437
2.59416
2.58542
3.17332
2.49371
3.24389
3.46456
2.58109
3.48676
3.15854
2.86034
2.79009
2.59887
2.76356
2.74605
2.89867
2.44488
2.66793
2.15749
2.91118
3.03091
3.62018
3.33521
2.05746
3.29804
3.31551
3.43896
3.63228
3.66507
2.85124
2.76188
2.9851
3.09111
3.03767
3.55584
3.16093
2.78815
3.05002
3.15975
2.93922
3.30446
3.49986
3.19635
3.26646
2.96974
3.21143
3.0325
2.89062
2.73789
2.98562
2.87768
3.1239
3.02116
3.35238
2.90534
3.0547
3.43331
3.74745
2.52205
3.31783
2.53131
3.14539
3.13992
2.96552
2.9997
2.82972
2.93366
3.14421
2.72525
3.03238
3.14619
4.2948
3.02105
3.24837
3.81107
4.31933
3.36509
4.49784
3.53616
3.16321
3.5756
3.07793
2.93472
2.95971
2.43917
2.87244
2.75196
3.61692
4.00948
2.59971
3.01888
3.65253
3.16589
2.83274
2.84121
2.85787
3.43206
3.68055
3.30786
3.21913
3.06992
3.09861
3.24052
2.75396
2.91003
2.88328
2.75353
2.75966
3.17677
2.82598
2.68917
2.94253
2.92696
2.91886
2.99562
2.88472
3.01132
2.79802
3.62656
2.91527
2.61455
3.01109
3.12025
2.71729
2.56947
2.94146
3.02207
3.52514
3.12623
3.51109
2.94071
3.41863
4.08976
3.22927
2.93841
3.09637
2.99174
3.55743
2.93954
2.68947
3.34358
3.07675
3.07152
3.09124
3.38631
3.74837
