1.57817
2.83421
2.32332
2.10166
2.22614
2.64217
2.75136
2.89095
1.87177
3.00477
3.07689
3.08448
2.16348
3.37405
2.99076
2.47659
2.35166
2.7204
2.51301
2.5898
3.5366
2.65934
2.86255
3.28039
3.3711
4.13224
3.18984
2.92887
3.36879
3.31007
3.6546
3.84398
3.3779
3.36934
3.07029
2.53444
2.98857
3.27006
3.00184
3.58133
3.34187
2.82955
3.20039
3.40731
2.83439
2.22424
2.74181
2.7132
2.81867
2.68465
2.67923
2.72641
2.07044
3.06597
2.83631
3.40277
3.27351
2.39968
3.27029
3.49878
3.42985
3.37201
3.53288
3.32356
3.55437
3.08368
3.23941
2.91504
3.3481
3.64413
3.04594
3.44731
3.03303
3.07484
3.1571
3.30393
3.07941
3.05805
2.92061
3.1481
2.77941
2.90936
2.88126
2.80604
3.03701
2.94343
3.33347
3.96118
3.02668
3.58981
3.4611
3.00547
2.80932
3.4471
2.57161
2.87815
3.18357
3.25555
3.10696
3.08765
2.89857
2.80815
2.39475
2.76224
2.89628
3.51905
2.64485
2.95084
3.07446
3.08511
3.18596
3.01778
3.16396
2.95895
3.05376
3.4215
2.74871
3.54351
2.49906
3.50041
2.73067
3.48949
3.54505
2.95348
3.17086
3.81877
3.49535
3.09038
3.06664
3.28479
3.43919
3.79665
3.12542
3.77146
2.98563
3.46432
3.25291
3.12597
3.19989
3.01128
3.33607
2.70686
3.03545
2.71386
3.03987
2.74866
2.79382
3.21526
3.13503
3.04959
3.32655
2.2833
3.18291
3.16743
3.3193
3.06508
2.48485
2.68923
2.5201
2.70612
2.96345
2.97532
2.90473
2.85899
3.05384
2.76427
3.35307
3.00124
3.06072
2.67606
3.36145
3.66472
2.84305
3.26535
3.52742
3.51709
3.66915
2.18735
3.69061
3.15379
1.52406
2.71348
2.40909
2.12663
2.25621
2.46723
3.08074
2.86505
1.71107
2.96914
2.99769
3.0831
2.29498
2.78326
2.81684
2.52866
2.5355
2.60657
2.71141
2.29816
3.17303
2.5124
2.98405
3.0699
2.91017
3.65802
2.89457
3.63653
3.24346
3.00503
3.25066
3.84204
3.01889
3.14454
2.77586
2.60651
2.77754
3.11682
2.58606
3.26872
3.15007
2.72682
3.32025
3.42091
2.48347
2.86284
2.43815
2.70918
2.728
2.69207
2.68432
2.63313
2.15499
2.81649
2.89908
3.1614
3.2645
2.05803
3.23085
3.20012
3.02251
3.12203
3.4517
2.84789
3.15279
2.70406
2.99328
2.95077
3.26511
3.11961
3.01337
3.18023
2.84823
3.20311
2.83091
3.31881
3.2718
2.9237
2.81571
2.89692
2.86768
2.77782
2.79575
2.75939
3.01822
2.99447
3.05078
3.34131
2.81849
2.86475
3.77152
3.35915
2.77901
3.42946
2.45747
3.01882
3.07885
3.29842
3.23046
2.93707
3.04972
3.01676
2.36107
2.64556
2.74707
3.83533
3.34244
3.3242
3.77019
3.06964
3.55922
3.65591
3.10783
3.09798
3.36139
3.26295
2.68345
3.50646
2.34561
3.13469
2.48594
3.34941
4.08338
2.85218
3.34449
3.73023
3.40328
2.85196
2.9282
2.99844
3.64208
3.51733
3.30601
3.53285
2.92526
3.42931
3.16183
3.2725
2.87532
3.05711
2.97255
2.54863
3.0197
2.79463
2.91387
2.67931
3.42425
3.18631
3.22944
2.84892
3.17047
2.70045
3.11246
2.63648
3.10936
3.17501
2.93831
2.50832
2.59754
2.433
2.9253
3.73573
2.99074
3.64545
3.13721
2.99276
2.91716
3.25152
2.92139
2.83212
2.73728
3.5045
2.66753
2.83707
3.2734
2.9423
3.26137
2.78234
3.18844
3.24848
