1.75179
2.78135
2.42291
2.07318
2.33339
2.73841
3.14818
2.78775
1.77316
2.87571
2.46474
3.05649
2.62949
2.96143
2.39176
3.06501
2.7994
3.23258
2.90288
2.50268
2.8469
2.90878
2.60312
3.13638
3.30608
4.00788
2.80622
2.94839
3.3718
2.89921
3.13269
3.41754
3.27272
4.138
3.12543
2.43592
2.83921
3.12919
2.67615
3.07762
3.24097
2.8927
3.35864
3.2931
3.00607
2.36242
2.8911
2.47167
2.62189
2.60131
2.74888
2.70742
1.93604
3.34998
3.25654
3.26883
3.13303
2.33816
3.50946
3.27385
2.92465
3.44188
3.33606
3.1519
2.80331
3.28558
3.343
3.23929
3.25963
3.59862
2.99152
2.86373
2.93733
3.22874
3.16091
3.33248
3.17145
3.07324
3.09695
2.98946
2.79581
2.81107
2.9878
2.89488
2.557
2.78481
3.05201
2.89015
2.81818
2.96382
3.83806
3.28968
2.90312
3.39039
2.77766
2.96115
3.23743
3.67362
3.39848
3.18363
3.21158
2.9924
2.36071
2.91517
3.02347
3.43171
2.76802
3.19832
3.61185
2.53045
3.39769
4.33593
3.39478
2.87638
3.03811
2.92758
2.83769
3.75124
2.22203
2.9724
2.79387
3.67256
3.56235
3.13844
3.37571
3.99882
2.87635
3.19382
3.17829
3.34312
3.37403
3.86646
2.91699
3.29999
3.24352
2.56435
3.0373
3.10274
3.06194
2.57996
2.53111
2.6592
3.06119
2.86931
2.98808
3.00406
3.12399
3.19167
2.85995
2.9981
3.06162
2.84827
3.25402
2.65364
3.17528
2.33029
3.29391
3.05669
2.73653
2.58622
2.83916
3.48454
3.21475
2.78273
2.84212
2.84106
3.16969
3.05417
2.9174
2.89943
3.10353
3.64706
2.9579
2.78888
3.74361
3.24306
3.15569
2.33766
3.42433
3.40838
1.78784
2.80826
2.48867
2.11931
2.24667
2.574
2.64228
2.83992
1.87081
3.06808
3.01858
2.92358
2.43936
3.07729
2.41168
2.9425
2.72538
3.07319
2.71573
2.42062
2.67692
2.38635
2.87814
3.23871
2.97387
3.84602
2.78382
3.16732
2.67254
3.14795
3.12438
3.56995
3.07978
3.76406
2.53727
2.10043
2.72842
3.26509
2.50884
2.97482
3.45191
2.70057
3.33979
3.48383
2.45721
2.59346
2.68826
2.68578
2.27005
2.38777
2.73009
2.73152
1.9989
3.07434
3.06794
3.41532
3.5967
2.52019
3.36958
3.2767
3.06844
3.36353
3.69154
2.92987
2.83246
2.78734
3.53937
3.23921
3.25504
3.66011
3.16859
3.14161
3.00709
3.10103
3.2724
2.75865
3.21774
2.89706
3.02226
2.94201
2.84727
3.13289
3.02932
3.05441
3.06548
3.0815
3.26378
3.31665
2.8513
2.9291
3.49188
3.56153
3.44709
3.0605
2.74093
3.14269
3.32533
3.01269
3.62177
2.99705
2.97058
3.10745
2.63139
2.83557
3.20659
3.71498
3.06729
3.12495
3.45592
3.09133
3.17627
3.62842
3.29337
3.04698
3.26615
2.93369
2.80551
3.01444
2.36304
3.45823
3.28217
3.7047
3.54775
3.05651
3.39524
3.56582
2.88666
3.40317
2.75977
3.19637
3.609
3.59281
3.11558
3.06079
3.12522
3.22286
3.43645
2.91664
3.19523
3.14284
2.61935
2.78751
2.98746
2.96156
2.90097
2.86726
3.07024
3.08147
3.04549
2.96947
3.02456
2.44466
3.16022
2.91216
2.91732
2.76265
2.97514
3.07415
2.48112
2.59157
2.61236
2.78587
3.19719
2.65588
2.72109
3.3929
3.35943
3.52233
2.73468
2.78355
3.33666
3.79045
3.06335
2.71041
3.31321
3.12158
3.09607
2.55635
3.2121
3.42396
