1.9176
2.644
2.55162
2.12858
2.40293
2.71813
2.72678
2.90727
1.77864
3.10256
2.95745
3.11634
2.32608
2.39997
2.84617
2.6312
2.55553
3.62433
2.74923
2.54842
3.28891
3.12781
2.68665
3.1627
3.03602
3.95249
3.17165
2.50534
2.85003
3.13714
3.83909
3.84954
3.47779
4.0585
3.13125
2.74232
2.71775
3.22201
2.63411
3.35519
3.25221
2.68259
3.65326
3.51333
2.8548
2.77403
2.84537
2.51559
2.46854
2.71814
2.44411
2.51305
1.97592
3.01939
2.97152
3.68492
3.67897
2.18753
3.68587
3.14197
3.76505
3.46325
3.99044
3.06579
3.21993
2.77367
3.09171
2.92833
3.69121
3.76529
3.2121
3.44621
2.97813
3.26073
3.34943
3.20677
3.67629
3.19643
2.78427
2.96243
2.90763
3.13134
3.13392
3.15825
2.87889
3.09712
3.22972
4.08921
3.08753
3.60541
4.07125
3.12545
3.3242
3.99869
2.84724
2.98133
3.66375
3.63509
3.29904
3.3689
4.09553
3.4207
2.58449
2.9923
3.03575
3.60065
3.54507
3.57796
4.27551
2.55627
3.67845
3.74809
3.7921
3.43896
3.12968
3.29081
2.84112
3.65652
2.09871
3.37387
2.51399
4.17857
4.34273
2.68138
3.25339
3.54999
3.00565
3.29563
3.03464
3.29353
4.16134
4.10822
3.33338
3.5036
3.12462
3.73046
2.99813
3.15805
2.91715
3.28212
2.34332
3.1394
3.00638
3.01214
2.98277
2.89003
3.15438
3.24991
2.96888
2.84263
2.97488
2.48346
3.29903
3.05195
3.08931
3.08249
2.91884
3.06808
2.42625
2.71876
2.68745
3.4186
3.55339
3.60381
2.98448
3.15202
3.50798
3.51516
3.22564
3.10824
3.05231
3.3747
2.83542
3.11212
3.55538
3.17117
3.29155
3.30928
3.56181
3.6989
1.86878
2.49936
2.51259
2.16138
2.42887
2.53547
2.80288
2.97021
1.81232
3.14126
2.72533
3.19786
2.62435
2.23656
2.63955
2.73916
2.70104
3.44227
2.48035
2.80434
3.04801
2.97985
2.71182
2.78879
3.00858
3.81186
3.04334
3.16833
2.8342
3.28914
3.13545
3.16871
3.97121
3.76197
2.86927
2.57599
2.77205
2.97053
2.41698
3.4336
3.36138
2.64187
3.3161
3.3444
2.48257
2.54867
2.34103
2.64021
2.42949
2.77657
2.45534
2.17894
2.072
3.18283
3.39452
3.45128
3.70857
2.41941
3.64751
3.37227
3.65625
3.94077
4.08868
3.53375
3.53044
3.38103
3.30787
3.40161
3.71743
3.84646
3.57765
3.12683
3.28195
3.09536
3.29418
3.5635
3.5403
3.14608
3.02272
3.23793
2.72541
2.77399
3.19454
3.09237
3.16652
2.95699
2.82653
3.39043
2.87611
3.06665
3.82167
3.50632
3.00562
3.74469
2.84982
3.20262
3.88115
3.49506
3.55592
3.55458
4.10161
3.39651
2.76378
2.9825
3.04783
3.37784
3.28573
3.35692
3.60836
3.3892
3.63952
3.86688
3.52115
2.97914
3.29781
3.32124
2.88934
3.59589
2.19457
2.74182
2.54741
4.20636
3.98806
2.60389
3.46964
3.57386
3.16851
3.00818
2.97842
2.96609
4.32926
3.50537
3.45235
3.53175
3.27998
3.20048
3.07948
3.11704
3.06549
3.14562
2.60131
2.83158
3.12602
2.62005
2.85232
2.7803
3.81528
3.07791
3.07096
3.14322
2.9497
2.82656
3.04143
2.82127
2.96165
3.02837
2.93434
2.54766
3.23361
2.56472
2.88333
3.61795
3.76044
3.57365
3.40619
3.37775
3.36694
3.34702
3.40451
2.90136
2.93572
3.68517
2.87295
2.78478
3.36909
3.08068
3.26051
3.01799
3.41162
3.80191
