1.87214
2.9108
2.49478
2.14071
2.31964
2.76476
3.10547
3.1789
1.90664
3.20811
3.19534
3.12153
2.49553
2.54292
2.77915
2.96434
2.71382
3.00998
2.89073
2.75798
3.29838
3.22287
2.96673
3.00266
3.42357
3.97527
3.40673
3.01754
3.04333
3.3959
2.99086
3.86553
3.42482
4.42552
3.6393
2.53094
2.57358
3.31608
2.64284
3.28827
3.43845
2.83434
3.50578
3.49101
2.7181
2.89845
2.74333
2.53517
2.95287
2.67335
2.44469
2.52403
2.17542
3.1376
3.27983
3.55841
3.05865
2.10507
3.66767
3.37017
3.52313
3.68952
3.81101
2.97863
2.67661
3.40462
3.38191
3.37033
3.62791
4.10696
3.2463
3.66498
3.22548
3.37795
3.29713
3.6057
3.30906
3.19822
3.1598
3.33248
3.00079
3.37403
3.48531
3.03512
3.05873
3.22403
3.18927
3.49708
2.95179
3.38026
3.60266
3.06227
2.87054
3.51893
2.87528
3.26863
3.53771
3.32313
3.44022
3.38588
3.80792
3.30533
3.04706
2.92603
3.47804
3.68849
3.92363
3.46722
3.99675
3.00494
4.0547
4.41096
3.36704
3.08015
3.10475
3.04137
2.78868
2.77251
2.3412
2.93393
2.62708
3.51147
4.47859
3.51647
3.62095
3.69469
3.07057
3.46613
3.18225
3.65034
3.54456
3.72737
3.5181
3.18271
3.17945
3.37343
3.3057
3.20535
3.54936
3.50311
2.89268
2.5881
2.97386
3.01813
3.14475
3.02987
3.07018
3.57374
3.17828
3.13898
3.37902
2.4566
3.29837
3.27554
3.29914
2.86505
3.28186
2.75657
2.78344
2.98172
3.23624
3.57745
3.33951
3.99313
2.9773
3.14655
3.44518
3.46298
3.17245
3.30217
3.27601
3.87895
2.92641
3.19076
3.6124
3.50496
3.44061
3.02162
3.12105
3.32559
1.81067
2.26804
2.56463
2.17636
2.43403
2.63872
2.69879
3.27776
1.92678
3.37704
3.19438
3.34963
2.57049
2.56662
3.0204
2.70382
2.71895
3.14386
2.93871
2.542
3.12671
3.14075
2.72117
3.22307
2.94631
4.23397
3.2505
3.41808
3.10287
3.34753
3.02001
3.46621
3.84085
4.29319
3.40918
3.00902
2.86102
3.14847
3.05938
3.33154
3.29003
2.5186
4.05857
3.43091
2.89468
3.23458
3.11168
2.22944
2.77463
2.86537
2.64043
2.54938
2.18838
3.6841
3.5036
3.50145
3.54054
2.23598
3.87802
3.31124
3.20121
3.61229
4.204
2.90984
3.10184
2.89441
3.41248
3.30159
3.56231
3.9688
3.33808
3.55163
3.46669
2.90821
3.08246
3.10722
3.3595
3.33069
2.99745
3.37472
3.04764
3.05067
3.49993
3.0188
2.85315
3.06505
3.05858
3.25906
3.24685
3.24125
3.41016
3.23317
2.69069
3.67413
2.90882
3.20408
3.45728
3.42766
3.40832
3.54917
3.79672
3.51627
3.06046
2.74437
3.14953
4.07927
3.4526
3.18921
4.04182
3.51353
3.83023
4.67235
3.13045
3.04347
2.97595
2.91814
2.81658
3.23224
1.63822
2.58298
2.5991
3.64236
3.67018
3.05387
3.24484
3.5557
3.52588
3.43382
3.06712
3.89957
3.68165
3.58745
3.4935
3.21471
3.28811
3.3054
3.68148
2.86354
3.12038
3.05671
3.18517
2.73026
3.43511
3.0883
2.97927
2.86344
3.63851
2.89749
3.17885
3.19997
3.29274
2.63529
3.01821
3.38478
3.18152
3.23214
2.77499
2.86877
2.94223
2.78704
2.96645
3.44399
3.67989
3.57871
3.00972
3.61763
4.08372
3.39264
2.92183
2.9308
3.05584
3.52988
3.09876
3.04042
3.49485
3.30794
3.63309
2.83919
3.53896
3.48045
