1.86751
2.61575
2.48993
2.37666
2.5291
2.64149
3.20391
2.77678
1.74951
2.92693
2.98972
2.95982
2.54512
2.67976
2.98439
2.32489
2.53758
3.42442
2.81121
2.93619
3.09038
3.37287
2.64703
2.8946
3.00529
3.37228
3.07218
2.94692
2.81454
3.06005
3.51007
3.79119
3.2155
3.4889
2.86752
2.52376
2.57553
3.42547
2.48108
2.98501
2.96757
2.81247
3.20155
3.09322
3.03034
2.85704
2.71825
2.49775
2.52581
2.78848
2.33636
2.46281
1.90326
3.0362
3.09861
3.30783
3.26053
2.27122
3.46467
2.97085
4.04426
3.47255
3.19138
2.81368
2.39958
3.02555
2.78765
2.89572
3.19172
3.39959
2.85152
3.01319
3.16169
3.19378
3.32257
3.24696
3.03738
2.87924
2.92021
2.82371
3.08726
3.22132
3.03714
2.93721
3.05247
2.87411
2.88602
2.83431
2.86582
3.14917
3.43444
3.34311
2.4719
3.6209
2.74956
3.03297
2.81199
3.19506
3.33687
3.37294
3.30346
3.64488
2.54668
2.642
2.80459
3.77038
2.97798
3.40412
4.17048
2.42201
3.67736
3.72281
3.37747
3.26577
3.15718
2.90943
2.80303
3.22045
2.73084
3.20214
3.25102
3.82711
3.18813
2.50841
3.31469
3.51987
3.0472
3.49453
3.3769
3.63628
3.41448
3.6083
3.26405
3.17067
3.10857
2.8795
3.46398
3.12007
3.32536
2.84995
2.86221
2.78607
2.89353
2.68158
2.90296
2.80779
3.551
3.00886
3.11076
3.11266
3.26947
2.47874
3.14874
3.02877
2.61908
2.70377
3.12811
2.72023
2.52544
3.34712
2.84618
3.22634
3.16642
3.53628
3.3011
2.67419
3.38063
3.32959
3.10049
2.81889
3.2036
3.3899
2.88137
2.66875
3.23615
3.49655
2.99213
2.83485
3.13201
3.53602
2.0025
2.6893
2.51909
2.44643
2.5522
2.7793
3.00734
2.77648
1.77057
2.73404
2.32826
3.00123
2.47003
3.30774
2.78417
2.6831
2.62084
2.99075
2.30257
2.4858
2.92825
2.87311
2.90208
2.17983
3.07756
3.35362
3.07494
3.19549
3.41321
3.13555
3.50829
3.69678
3.19585
3.48572
3.00812
2.51141
2.64415
2.97664
2.33937
3.06659
2.91392
2.61489
3.19096
3.02236
2.55243
2.83288
2.7557
2.57606
2.97468
2.99096
2.53742
2.53194
1.82272
2.94976
2.93498
3.06846
3.14788
2.77049
2.6745
3.27019
3.53485
3.31763
3.69171
2.74072
2.96105
2.94359
3.01749
3.18284
3.63081
3.44008
3.35435
3.18904
3.00508
2.79906
3.00088
3.28703
3.10995
3.20057
3.04834
3.24082
2.83795
2.86366
3.03008
2.99933
2.99842
2.84229
3.0353
3.11882
2.81527
2.74562
3.34867
3.33907
2.90961
3.58119
2.97212
2.92345
3.08887
3.1186
3.37231
3.63512
2.95298
3.43044
2.76147
2.91017
3.13093
4.22552
3.06918
3.49597
3.78835
3.54375
3.43692
3.99974
3.45678
3.23171
3.33237
2.96952
3.09511
2.95192
2.45723
3.03512
3.48615
3.67563
3.66079
2.89969
3.61151
3.33322
3.64562
3.07716
3.15243
3.24229
3.28268
3.11309
3.29723
3.10847
3.25043
3.30177
3.2124
2.69532
3.05411
3.29648
2.80462
2.73361
2.97626
2.72239
2.94757
2.83865
2.92579
2.74678
3.04515
3.15806
3.28686
2.54165
2.88046
3.05526
3.00932
2.82845
2.83643
2.55301
2.80038
2.93582
3.12128
3.60848
3.33162
3.7782
3.37859
3.32478
3.93782
3.28296
3.12174
2.8811
3.013
3.88368
2.6517
2.62717
3.38061
3.23361
3.23469
3.15408
3.51816
3.70564
