1.77774
2.61202
1.77826
2.09924
2.25579
2.48295
2.72135
2.77945
1.56618
3.3188
2.95992
3.18143
2.33235
2.75973
2.59528
2.39526
2.38965
3.16776
2.47029
2.60276
2.92983
2.8868
2.98962
2.94019
3.37445
3.37211
2.99184
2.95463
2.9789
3.10889
3.48287
3.8623
3.3068
3.20208
3.11761
2.2686
2.65423
3.25537
2.46371
3.05639
3.10447
2.42763
3.61163
3.23966
2.6976
2.8891
2.63367
2.56359
3.28005
2.73768
2.4114
2.4065
2.05452
3.14806
2.89906
3.39989
3.75494
2.60068
3.55123
3.09358
3.6349
3.95031
3.60383
3.04252
2.76766
2.57247
2.98627
3.19505
3.62985
3.62109
3.43325
3.14029
3.17745
3.13954
3.13828
3.71189
3.15225
3.10016
2.95131
3.03627
2.90392
2.87755
2.82303
2.85721
3.00274
2.9219
2.96255
2.90455
2.84944
3.80422
3.99927
3.35554
3.55917
3.64442
2.79597
2.94849
3.33379
3.55649
3.16828
2.93058
3.12407
2.79226
2.6635
2.87145
2.86696
4.03075
3.05466
3.1874
3.78569
3.01042
3.77897
4.11544
3.12808
2.85782
3.28072
2.66958
2.6646
2.71237
2.03802
3.23041
2.93084
3.41971
4.00366
2.89518
3.07097
3.47163
2.88745
3.45457
3.06659
3.17538
3.5984
3.74308
3.15809
3.32643
3.2642
3.40897
2.85462
2.57696
3.29721
2.90575
2.61037
2.40036
3.39599
2.88601
2.86972
2.81779
3.05808
3.32787
3.099
3.02202
3.09779
2.25689
2.66881
2.7534
2.82593
2.708
2.48667
2.78898
2.51601
2.3236
2.90917
2.81848
3.3133
3.68212
3.00355
3.26066
3.53503
3.47107
3.06784
2.64695
2.96448
3.93466
2.70696
2.57473
3.08875
3.24964
3.14984
2.659
3.50103
3.56401
1.75124
3.01091
2.20033
2.03112
2.28505
2.42978
3.11502
2.79731
1.69248
2.89282
3.30119
3.21459
2.29109
2.63696
2.66747
2.46419
2.74659
3.06021
2.56506
2.52268
2.55258
3.15301
2.98859
3.26155
3.04508
3.54113
2.87197
2.85482
2.77232
2.9198
3.29586
4.02525
3.36042
3.57206
2.88348
2.46472
2.72351
2.9829
2.50399
3.1448
3.2485
2.60045
3.29323
3.12445
2.63798
2.39487
2.77636
3.04661
2.40661
2.71822
2.34661
2.35153
2.09055
2.91176
3.08255
3.38276
3.81346
2.30034
3.35761
3.04267
3.72867
3.67829
3.85906
3.50343
2.9527
2.70142
3.46034
3.12429
3.54843
3.48492
3.11092
3.163
3.09032
2.71224
3.11721
3.50949
2.98853
2.90683
2.87563
3.06837
2.63153
2.79479
3.2628
3.03847
2.88307
2.93977
3.22902
3.50478
2.89347
3.01117
3.57672
3.08022
3.21836
4.0875
3.07959
2.94347
3.28195
3.4616
2.90837
3.19773
3.6132
3.07641
2.83612
2.8217
2.88159
4.36632
3.12087
3.44724
4.25916
3.52249
3.84991
3.9862
3.29805
3.26308
3.19251
3.51848
2.76034
2.76173
2.25677
2.97655
2.20795
3.46552
3.84795
3.01009
3.27198
3.35213
2.98754
2.98628
2.89805
3.19582
3.84
3.78481
3.3966
3.17762
3.19389
3.28719
3.03801
2.83272
2.88851
3.21128
2.64423
2.54997
2.76412
2.70272
2.87361
2.76428
3.05137
3.03346
3.03057
3.17438
2.99562
2.85285
3.23162
2.58944
3.23906
2.92205
2.9076
2.67187
2.63511
2.64932
2.45888
2.8293
2.96159
3.7003
2.89141
3.82769
3.80545
3.46271
2.97242
3.00379
3.05431
3.17744
2.9317
2.91805
2.80288
3.20922
3.1538
2.96158
3.51516
3.80527
