1.97359
2.64882
2.53334
2.35939
2.54622
2.73988
2.67269
3.01091
1.7946
2.57334
2.67119
3.23382
2.54312
2.94801
2.97413
2.51125
2.72143
2.77075
2.70292
2.41763
3.42296
2.90642
3.08102
2.94696
3.15597
3.31186
3.26438
3.24961
3.49438
3.53892
3.84416
3.58235
3.53353
4.0327
2.92942
2.72715
2.67388
3.04665
2.5811
3.44574
3.19081
2.53158
3.39021
3.27885
2.78892
2.71621
2.82107
2.27169
2.35307
2.74733
2.71115
2.47113
2.11639
2.73192
2.91397
3.32465
3.05336
2.77268
3.70426
3.44458
3.73516
3.46154
3.82214
3.07609
3.3299
3.01179
2.84617
3.32414
3.58249
3.40945
2.89883
3.26571
2.89228
3.14553
3.33237
3.66841
3.26318
2.9837
2.89372
2.8943
2.62385
2.70671
3.09062
3.06438
2.9145
2.98901
3.04186
3.36069
3.03057
3.08016
3.21132
3.37646
3.06963
3.44148
2.74834
2.84835
3.34225
3.11245
3.16038
3.33128
3.74999
2.94009
2.72646
2.80274
3.08301
3.92896
3.31077
3.43939
4.25581
2.60894
3.74976
4.04531
2.96839
3.06409
3.04043
2.7932
3.14342
3.504
2.65324
3.57637
3.04062
3.98669
4.49217
2.64896
3.27939
4.17669
3.99071
3.35778
3.10396
3.34662
3.72382
3.9284
3.41174
3.35582
2.9035
3.68478
3.12435
3.23222
3.20213
3.07792
2.80506
2.8763
3.11132
2.86842
3.13369
2.64693
3.35
3.10358
3.145
3.18521
3.00937
2.77754
2.89947
3.66002
4.33814
3.20087
2.75024
2.91333
2.7402
2.49103
2.77887
3.19829
3.02392
4.02667
3.23466
3.44673
3.65036
3.16958
3.27823
2.98189
2.88084
3.40461
2.74634
2.77319
3.33149
2.77228
3.62113
2.77207
3.60272
4.08389
2.03242
2.6322
2.43806
2.34939
2.53058
2.57538
2.90578
2.98398
1.79156
3.37803
2.46666
3.24885
2.49307
3.13283
2.95906
2.76607
2.39462
3.02325
2.55595
2.36034
2.95574
2.5999
2.66379
2.67954
2.78918
3.67332
3.23823
3.28448
3.1973
3.43562
3.62334
3.48544
3.82744
3.94631
2.95523
2.90316
2.59623
2.92197
2.34609
3.19736
3.21913
2.56977
3.29206
3.32988
2.57699
2.79513
2.52062
2.82223
2.95329
2.41821
2.5803
2.63548
2.22233
2.84908
3.08163
3.17019
3.43714
2.72832
3.4073
3.13918
3.226
3.59207
3.40221
3.27102
3.17865
2.73954
3.33814
3.17929
3.43296
3.57294
3.43243
3.11435
3.01887
3.18604
2.95404
3.15368
3.18785
2.9289
3.05118
3.09633
2.94677
2.77345
3.0649
3.07268
2.56218
2.95695
3.02886
3.14675
2.88584
2.60648
3.49191
3.97371
2.82957
3.61358
3.0732
2.91777
2.93053
3.47053
3.15961
3.36936
3.53341
2.98498
2.33115
2.87602
3.21019
3.94009
3.06268
3.2285
3.94416
3.75643
3.68096
4.24974
2.90452
2.98876
3.3828
2.70956
2.72571
3.51598
2.2481
3.0425
3.18524
3.84052
3.95284
2.77337
3.68798
3.812
3.03865
3.52549
2.9493
3.08004
3.8241
3.61876
3.25653
3.73163
2.75645
2.78261
3.07147
2.97308
3.00588
3.06651
2.9589
2.71035
2.97962
3.12272
3.01977
2.74323
3.13865
2.92802
3.12984
3.1355
3.34294
2.56254
3.08571
2.53892
3.40812
3.17887
3.19257
2.58706
2.59052
2.27944
2.64087
3.75587
3.81969
3.84233
3.04864
3.25295
3.78972
3.08206
3.05698
2.73184
2.79059
3.62953
2.84217
2.6696
3.55535
3.52234
3.34268
3.07124
3.56528
3.97578
