1.84339
2.91028
2.1852
2.12462
2.20487
2.50783
2.60814
2.31371
2.48778
2.3063
2.44443
2.50715
2.26657
2.69872
2.98062
2.62241
2.63613
3.14495
2.49416
2.8335
2.87507
2.65109
3.15462
2.69997
3.53196
3.85176
2.97177
3.05615
2.5993
3.72688
3.5625
3.43195
3.57063
3.76239
3.00399
3.27348
2.80425
2.88459
2.84824
2.96529
3.32953
2.7759
3.64962
3.23321
3.016
2.55686
2.59697
2.63119
2.27244
2.68454
3.09389
2.61265
2.28398
1.95784
2.77726
2.06737
3.36399
2.01401
3.57745
3.54419
3.68247
3.82668
3.8297
3.29484
3.26888
3.21241
3.17276
3.05877
3.75642
3.56795
3.43257
3.80113
3.00854
3.15314
2.96782
3.06334
3.43291
2.84859
3.09392
3.43847
3.1613
2.77977
2.93748
3.01129
3.26208
3.1319
3.30125
3.16857
3.01233
3.06887
3.54643
3.29986
2.96727
3.33786
2.66399
2.92179
3.27067
3.16954
3.14179
3.28397
3.59292
3.86404
2.5052
2.64656
2.81702
4.24263
2.98016
3.2991
3.96067
3.72134
3.71539
4.28324
3.14489
2.85317
3.57356
3.42201
2.72137
2.98701
2.14353
2.84522
3.021
3.98226
4.28915
2.5506
3.47097
3.24594
2.43658
3.50929
3.34039
3.27359
4.05376
3.88104
3.38865
3.02497
3.07928
2.99601
3.27479
3.22227
3.14001
2.92171
3.18294
2.50188
2.86718
2.94725
3.15014
2.42447
3.09158
3.42771
3.19797
3.21454
3.27498
2.39118
2.91098
3.11914
2.37314
2.95835
3.32669
2.85158
2.84735
2.7698
2.81509
2.96705
3.41111
3.43138
2.97371
3.17023
3.31508
3.53344
3.08019
3.16281
3.06397
3.90581
2.58483
2.97066
3.13685
3.09357
3.57225
2.66724
3.4376
3.66245
1.88589
2.75751
2.55523
2.25015
2.3851
2.56557
2.71248
3.07606
1.91221
3.18636
4.0216
3.21992
2.20074
2.90058
2.48441
2.51653
2.45586
2.99588
2.58749
2.72445
2.85598
3.05505
2.83335
2.96268
3.27025
3.42895
2.93319
3.54582
3.25296
3.00311
3.53263
3.36522
3.6524
3.69025
3.05817
2.19269
2.91159
3.06025
2.53906
3.19016
2.93119
2.75115
3.50488
3.52292
3.06334
3.18643
2.98549
2.8625
2.89008
2.50304
2.59621
2.53339
2.41634
3.25907
3.30107
3.54457
2.87928
2.84001
3.5912
3.33305
3.79337
3.52798
3.714
3.50501
3.3653
2.86879
3.08839
3.52875
3.70186
3.44041
3.2805
3.66481
3.15109
3.44705
3.15596
3.52709
3.45362
3.21281
2.72364
2.93792
2.98759
2.85476
3.27067
3.29886
2.81668
3.02725
3.1227
3.3291
2.70463
3.19359
3.63961
3.13769
2.53653
3.56219
2.30392
3.2137
3.34317
3.62469
3.44502
3.75207
3.42124
3.71112
2.53153
2.66876
3.26091
4.30698
3.27644
3.17001
3.16145
3.52506
3.71753
4.54057
3.54407
2.976
3.63586
2.76666
2.67474
2.91767
2.04784
2.84383
3.17819
3.59243
4.06369
2.72317
3.34622
2.77205
2.86342
3.37969
3.16063
3.20553
3.69962
3.51431
3.26165
3.69065
3.29805
3.37259
3.27634
3.04659
3.13796
3.14787
2.85869
2.59622
3.0056
2.62123
2.64125
2.46877
3.89668
2.99523
3.0286
3.18319
3.20361
2.52223
2.69324
3.17945
2.46679
2.88987
2.68126
2.57965
3.1501
2.98419
3.28711
3.26496
3.19649
3.37559
2.98393
3.3581
3.40446
3.34031
3.20685
2.7578
2.83116
4.36578
2.65652
2.86704
3.02662
2.96584
3.34703
2.82818
3.84462
3.49751
