1.84711
2.86091
2.36446
2.12958
2.30499
2.4804
2.78727
2.78606
1.91095
3.29506
3.06952
3.27947
2.57356
2.90734
2.76832
2.61297
2.39809
2.90815
2.39832
2.43876
3.02258
2.84072
2.87995
2.91832
3.35599
3.65686
2.87419
3.39357
2.58916
3.13669
3.65656
3.46436
3.44263
3.37776
2.86194
2.6511
2.44361
3.06242
2.37412
3.07098
3.14523
2.29222
3.55215
3.44924
2.6643
2.43247
2.42843
2.62844
2.20677
2.53133
2.62452
2.54583
1.88253
3.3294
3.05151
3.3613
3.73129
2.02209
4.02081
3.46447
4.10807
3.57155
3.99016
3.02625
2.63308
2.80462
3.22535
3.18546
3.66631
3.7337
3.35503
3.54648
3.30745
3.23373
3.17685
3.50289
3.34872
3.20706
3.37674
2.90642
2.9006
3.25937
2.83815
3.09305
2.79135
3.08678
3.09802
3.40574
2.84114
2.99894
3.37141
3.47493
2.89489
3.8175
2.53845
3.11008
3.46356
3.11116
3.24655
3.11674
3.22622
3.59867
3.04958
3.10384
3.36442
3.67341
3.29516
3.21955
3.61697
3.15
3.27557
4.15212
3.07716
3.20347
3.41479
2.93976
2.75143
3.33328
2.76232
2.78926
2.44499
3.79241
4.29239
3.35999
3.48149
3.64533
3.52515
3.46789
3.13127
3.4611
3.87844
3.89087
3.14614
3.32431
3.27753
2.95738
3.1385
2.87835
3.10009
3.14987
3.01171
2.64873
3.21991
2.91835
2.87515
2.52879
3.40812
3.2574
3.18859
2.91195
2.88423
2.53329
3.02063
3.36002
2.7218
2.98859
3.04439
2.70142
2.73789
2.60134
2.93245
2.85087
3.36384
4.30663
2.81324
3.40769
3.52301
3.21076
3.17377
2.86959
3.19002
3.80014
2.95037
2.7501
3.70074
3.02079
3.1607
2.96944
3.77284
3.2351
1.78931
2.75717
2.37039
2.3133
2.43692
2.47012
2.77801
3.09227
1.7429
3.19002
2.75378
3.30136
2.33251
2.97748
2.97058
2.71561
2.45536
3.15584
2.60798
2.79092
2.75584
2.86665
2.89283
2.8393
3.12823
3.47244
3.12664
3.01245
3.20699
3.13409
3.323
3.60485
3.85717
3.80504
3.39102
2.81995
2.46385
3.01926
2.57195
3.4498
3.58753
2.55623
3.54546
3.46547
2.6697
2.42041
2.52848
2.62007
2.41932
2.54561
2.60479
2.64766
2.02655
3.32497
3.42953
3.1588
3.79359
2.42009
3.38799
3.73034
3.697
3.74684
3.95028
2.88902
2.87149
2.88823
3.39614
2.86527
3.58413
3.82758
3.12766
3.24945
3.10895
3.06818
2.94292
3.5583
3.12682
2.85404
3.48075
2.93409
2.78094
2.96741
3.20612
3.01076
2.87407
3.06781
3.04675
3.59427
2.90254
3.89309
3.6787
3.95195
2.80163
3.76163
3.0071
3.29998
3.36192
2.89808
3.17678
3.20636
3.77925
3.41091
2.78048
2.70651
2.91996
3.96488
3.62277
3.4791
3.76274
3.58553
3.83744
4.09596
3.68727
3.0708
3.49815
3.16143
2.96797
3.4291
2.49831
2.32349
2.93867
3.54231
4.73383
2.99127
3.25721
3.16905
3.4201
3.09008
3.0883
3.0299
3.95628
3.61116
3.39971
3.45158
3.25699
3.41553
3.12478
3.10458
2.8604
3.33562
2.91419
2.72893
2.93798
2.94456
2.78437
2.79264
3.1327
2.81363
2.91907
2.91463
2.93332
2.35529
3.33691
2.85844
2.96672
2.71073
2.66271
2.95968
2.459
2.77349
3.58212
3.45024
3.71811
3.65177
3.20335
3.1377
3.56492
3.16522
3.28737
3.25372
3.12497
3.95474
2.90272
2.95714
3.18984
3.07033
3.69783
3.33817
3.62775
3.88629
