2.14408
2.7472
2.38268
2.35349
2.46902
2.752
2.87595
2.61137
1.77887
2.84385
2.86532
2.57883
2.37692
2.50178
2.87157
3.65787
3.10111
3.44561
2.58614
2.40637
3.39052
3.46756
2.81561
2.83967
3.08791
3.52867
2.74376
2.85226
3.00589
2.67929
3.25844
3.65023
3.33055
3.78591
2.9275
2.34811
2.83855
2.97553
2.71824
3.0739
2.77792
3.03685
2.94475
3.2829
3.11905
2.5809
3.11863
2.10286
2.57447
2.7073
2.77997
2.44995
2.06132
3.02972
2.51115
3.62909
3.19024
1.82147
4.00649
3.06805
3.08845
3.4686
3.53282
3.16146
2.56306
2.99035
3.0223
3.01369
3.54021
3.59318
3.19993
3.73205
2.79578
2.88756
2.90886
2.94545
3.07187
2.85672
3.08397
2.69172
2.50108
2.48174
2.69323
2.963
2.86559
2.7011
2.84313
3.48491
2.49302
3.52063
3.57813
3.94242
3.02243
3.42188
2.46483
2.75464
3.63476
3.07025
3.53255
3.16538
3.72281
3.56025
2.78419
2.64109
2.92015
4.4682
3.43475
3.37471
3.75228
3.59584
3.56694
4.77363
3.18476
2.91198
3.08772
3.05646
2.64953
2.84145
2.31467
2.99427
2.42372
3.78265
4.29966
2.67219
3.23986
2.69189
2.66691
2.86081
3.0622
3.38495
3.63173
3.40217
2.97009
3.11576
2.81753
3.28861
2.96999
3.06686
2.95568
2.61669
2.7013
2.87155
3.07552
2.65362
2.63892
2.6112
3.07661
3.15033
2.7114
2.85906
3.19012
2.75519
2.13601
2.34102
2.36916
2.74571
2.8147
2.57631
2.82214
2.25864
2.36554
3.14508
2.8321
3.70962
2.30702
3.63996
3.91012
3.04786
2.67145
2.58722
2.05756
3.60598
2.69665
3.03148
3.07813
3.02351
3.19403
2.93046
3.14283
3.19146
2.08831
2.33575
2.52342
2.16241
2.39743
2.63104
2.83845
2.53804
1.8461
2.89388
2.68841
2.67866
2.4252
2.78882
2.98028
2.98291
2.70482
2.94164
2.47242
2.30492
2.75802
2.86781
2.43886
2.94472
2.69271
3.74098
2.959
3.54817
3.2887
3.24955
3.23326
3.36114
3.96511
3.56336
2.95134
2.78452
2.56957
2.92897
2.8214
3.08481
3.06963
2.95389
3.09394
2.95739
2.96139
2.98293
2.69819
2.45353
2.61299
2.40286
2.76087
2.29436
1.94762
3.25611
2.90559
3.56843
3.30057
2.6637
3.28301
3.34576
3.35966
3.20952
3.39511
2.8745
2.77407
2.76644
3.14196
2.90796
3.68874
3.98306
3.52151
3.79663
2.69694
2.93198
2.64938
3.52427
3.2379
3.31456
2.95463
2.79806
2.79622
2.4316
2.84978
3.01467
3.06017
2.67382
3.40772
3.3552
3.02029
3.31717
3.16869
3.33296
2.68927
3.53443
2.69954
2.92791
3.22903
3.3519
2.94967
3.44713
2.94743
3.05591
2.82373
2.51028
3.01748
4.25184
3.51411
3.37192
3.59386
4.07118
3.42134
4.4957
3.39873
2.92017
3.12369
2.63372
2.46788
3.59783
2.50095
2.53927
2.76773
3.74109
4.1124
2.78325
3.24917
2.81677
2.87603
3.18686
2.84933
2.82119
3.71349
3.25132
3.14864
3.42923
3.13606
3.42863
2.83183
3.04341
2.45868
2.76536
2.2636
2.83762
2.92083
2.78679
2.88762
2.42266
3.0671
3.01516
2.95292
3.20421
3.26662
2.99653
2.31818
2.65946
2.41224
2.55401
2.8645
2.65791
2.65102
2.73914
2.71014
3.20286
2.82051
3.83829
2.64409
3.63846
3.47697
3.03511
3.14623
2.885
2.61196
3.4986
3.02693
2.97225
3.16515
2.72307
3.42213
2.90236
3.01228
3.73785
