2.12778
2.82734
2.47109
2.39652
2.4506
2.4947
2.62747
2.84101
1.73979
2.96082
2.93392
3.03911
2.433
2.90939
2.49199
2.52461
2.59659
3.20094
2.49599
2.89556
3.03299
3.36678
3.06495
2.91786
3.08432
3.64126
3.05016
3.14331
2.70431
2.95218
3.47509
3.77182
3.1105
3.07891
2.80716
2.72645
2.63129
3.31888
2.54184
3.01392
3.41779
2.76699
3.3387
2.99835
2.75565
2.95416
2.7321
2.80301
2.72777
2.86661
2.38572
2.66152
2.20863
2.79947
3.0665
3.17926
4.09819
1.9934
3.6523
3.11387
3.13988
3.38951
3.64422
3.16888
3.22381
3.04451
3.26815
3.00275
3.26457
3.33429
2.90203
3.03571
2.94457
2.97242
3.04085
3.14833
3.28524
2.99474
2.6312
2.81459
2.95614
3.08194
3.06611
2.98987
2.89141
2.86076
2.91112
3.42662
3.09957
3.43762
3.40579
3.28918
2.58345
3.23366
2.81752
2.94808
3.06216
3.33867
3.15414
2.72202
3.01129
3.00974
2.78294
3.02252
3.08407
3.78241
3.04705
3.38623
3.92196
2.76407
3.5067
4.53703
3.40424
3.4278
3.37033
3.15739
2.69378
3.62687
2.6176
3.40679
2.84966
3.75691
3.80287
2.87935
3.37459
3.91604
2.94656
3.29759
3.42653
3.48789
3.3919
3.72056
2.95189
3.22261
3.33807
3.26689
3.1476
3.19161
2.97737
2.93865
3.04106
2.70202
3.11794
2.69825
2.95969
2.55902
2.80206
3.15616
2.79477
3.15746
2.99293
2.32564
2.98602
2.97781
2.77598
3.12675
2.93128
2.81387
2.65067
3.02778
2.84518
2.84545
3.73835
3.29161
3.06812
3.51121
3.53813
3.31795
2.79843
2.98618
3.02131
3.62058
2.92319
2.53053
3.46379
3.57713
3.1276
2.91953
3.38059
3.76545
2.06238
2.83117
2.40018
2.29507
2.60708
2.63999
3.09643
2.7971
1.70152
2.91795
2.74192
3.11002
2.48575
2.89423
2.57857
2.54886
2.93446
2.66338
2.71249
2.60473
3.112
2.45719
3.11521
2.7763
3.14244
3.47323
2.81474
3.43952
2.8787
3.27624
3.38529
3.72693
3.5147
3.95461
2.96175
2.49146
2.62445
2.94082
2.43145
3.22856
3.10559
2.69109
3.32704
3.40624
2.66922
2.56419
2.76717
2.30432
2.71931
2.75978
2.43093
2.56035
2.16146
3.21014
2.81235
3.51158
3.63996
2.55229
3.4431
3.36464
3.22831
3.24438
3.57644
2.85373
2.86748
2.86826
3.1682
3.08066
3.66508
3.20907
2.94254
3.3246
3.04273
3.05695
2.77596
3.22326
2.96447
3.34818
3.06768
2.95092
2.55215
2.92796
2.8333
2.98253
2.95466
2.92252
3.20366
3.09369
2.79994
3.02662
3.56173
3.06959
2.83583
3.14504
2.87066
2.87755
2.99394
3.1487
3.20966
3.19449
3.20507
3.16613
2.98332
3.18723
3.16362
4.15488
3.14374
3.32831
3.96528
3.46731
3.33948
4.58561
3.12837
3.51596
3.63884
2.66747
2.66249
3.01068
2.67812
3.37342
2.65577
3.96611
3.92225
2.7138
3.04433
4.0044
3.30283
2.81076
3.05019
3.06708
3.74545
3.72049
3.33072
2.94201
3.25352
2.97506
3.18878
2.69689
2.95091
2.77768
2.40462
2.90436
3.01488
2.87001
2.8592
2.78923
3.26308
2.95244
2.99005
2.66965
3.02529
2.6292
2.75834
2.95784
3.7273
2.72795
2.67724
3.08932
2.70042
2.96888
2.83226
2.48868
3.7041
3.57605
2.93414
3.28288
3.6482
3.4785
2.96361
3.0441
2.55914
3.70215
2.75391
3.2077
3.08706
3.24691
3.21483
3.33247
3.37521
3.89117
