1.82855
2.69408
2.45603
2.09117
2.34118
2.71003
3.21457
2.68709
1.6475
2.91257
2.8767
2.98922
2.24117
2.34457
2.83576
2.33633
2.61156
3.18563
2.44115
2.57173
2.52425
2.63601
2.23972
2.88387
3.04133
3.74825
2.57896
3.15945
2.68457
2.77618
3.41464
3.57536
3.05104
3.44451
2.93326
2.25246
2.64194
2.97402
2.32909
3.2146
3.02259
2.2531
3.33428
3.19823
2.80516
2.78773
2.70131
2.56036
2.34328
2.57874
2.42822
2.48051
1.91528
3.07952
2.8463
3.06453
3.07184
2.44065
3.04794
3.07074
3.14642
3.26849
3.37022
3.08998
2.7507
2.87467
2.92433
2.90408
3.26233
3.41974
2.90888
2.66617
3.07111
2.82972
3.22415
3.03144
2.88829
2.9407
3.20097
2.87608
2.74862
2.92553
2.92327
2.94272
3.04458
2.65391
2.69647
2.87642
2.58274
3.17975
3.05454
3.33991
2.41084
3.24195
3.02195
3.00108
2.86501
3.57785
3.11158
2.87016
2.85401
3.04691
2.77689
2.81125
2.82436
3.81105
3.17993
3.17181
3.46499
2.14796
3.44235
3.43988
2.66841
3.41232
3.45925
2.93054
2.59495
2.76908
2.25382
3.29755
2.71758
3.69309
3.52711
3.14203
3.38404
3.1244
2.93689
3.33708
3.41644
3.58052
3.46394
3.40505
3.23448
3.18411
3.04538
2.86779
3.2704
3.04418
3.05461
3.04018
2.98239
2.87888
2.88017
2.85848
2.92526
2.63637
2.93189
3.17778
3.02933
2.9946
2.9327
2.41334
2.71548
2.55789
2.72426
2.60021
2.74478
2.7551
2.80168
2.7661
2.6126
3.04155
3.18012
3.1669
2.56332
2.61835
3.38491
3.50741
3.13924
2.69488
2.71105
3.67085
2.56232
2.91094
3.49126
2.94157
3.36086
3.00441
3.16672
3.43515
1.95921
2.68038
2.4883
2.1261
2.40017
2.68487
2.87768
2.73064
1.73364
2.92294
2.6268
2.88354
2.40062
2.67974
2.74738
2.2813
2.68348
3.18145
2.52208
2.89624
2.74265
2.80121
2.68198
3.25155
2.60173
3.4134
2.80889
3.04462
2.92371
3.13452
2.93548
3.69468
2.97735
3.36079
3.18043
2.32473
2.54238
3.10097
2.40171
3.12134
3.41244
2.5833
3.30938
2.8987
2.92613
2.57103
2.77066
2.28497
2.27046
2.38471
2.42141
2.52555
1.96462
2.83833
3.08819
3.01856
3.13165
2.31295
3.44041
3.25763
3.37585
3.49484
3.51108
3.35294
2.89631
2.77319
3.02106
3.06685
3.43726
3.28817
3.04956
2.72223
2.75159
2.99371
2.96204
3.12101
3.22003
2.98699
2.75542
3.12781
2.71028
2.81505
3.12191
2.90437
2.91345
2.83066
2.8585
3.22141
2.78461
2.6731
3.29055
3.28311
2.67924
3.31223
2.61571
2.85842
3.23126
3.26568
2.9634
3.29325
3.30017
3.21283
2.64677
3.08213
2.70441
3.98962
3.29248
3.31439
3.68269
3.2173
3.53343
4.04854
2.84398
3.15886
3.50938
3.00396
2.56388
3.12173
2.28698
3.22817
3.05829
3.30361
3.54012
2.71054
3.27378
3.22419
3.09986
2.98793
3.20088
3.18872
3.46258
3.63481
3.12429
3.35713
2.96171
3.00062
3.1356
3.00734
2.95643
3.12172
2.69639
2.68656
2.80594
2.93434
2.78007
2.57999
2.79325
3.04885
2.84918
2.96391
2.85541
2.74893
2.84443
2.68364
2.79655
2.63016
3.26757
3.05783
2.64316
2.97196
2.8933
3.4181
3.26849
3.03788
3.29938
3.03044
3.26742
3.14441
3.27659
2.72253
2.93427
3.48515
2.86904
3.10798
3.05543
2.74464
2.8336
2.86112
3.2748
4.02612
