1.93266
3.02532
2.54337
2.1887
2.34169
2.55658
3.07096
2.74409
1.72882
3.12326
2.78124
3.06201
2.20189
2.39821
2.63738
2.55775
2.6639
2.84293
2.75465
2.56714
2.65462
2.89873
3.03966
3.05848
3.20845
3.51763
2.90374
3.54464
2.81443
3.29997
3.54433
3.23664
3.86574
3.10528
2.73997
2.51159
2.54942
3.10785
2.63378
3.08046
2.82503
2.67796
3.56124
3.39453
2.56823
2.77777
2.71676
2.22146
2.53489
2.70698
2.47981
2.47891
1.89996
3.14592
3.0812
3.29737
3.27536
2.0758
2.81699
3.45195
3.20586
3.04965
3.9208
2.85092
2.50767
3.00128
3.2384
3.11437
3.37382
3.44927
2.97889
3.19285
2.90105
3.15983
2.96974
3.14547
3.14937
3.15128
2.8206
2.94359
2.59053
2.91122
3.17301
2.80035
2.8816
2.78035
2.93664
3.5376
2.57139
2.92945
3.67452
3.17718
2.84535
3.31417
2.56319
3.01863
3.01157
3.38654
3.74458
3.27859
3.54098
3.48384
3.19744
2.95456
3.08417
4.05392
3.63457
3.60368
3.85455
2.61056
3.33183
4.04255
3.38163
3.36795
3.22393
2.865
2.76216
3.11582
2.17649
2.90341
2.87013
3.35884
4.53949
2.84523
3.33803
3.83599
3.17326
3.21322
3.01168
3.48436
3.78901
3.48426
3.41262
3.12887
3.47472
3.00149
3.4086
3.1275
3.08417
3.51754
2.93142
2.79627
2.82407
2.90289
2.72109
2.67629
3.27154
3.04441
3.01411
3.21012
2.97608
2.55071
2.91944
3.2682
3.0495
3.00904
2.82814
2.78433
2.73407
2.73091
2.46509
2.76264
3.19194
3.69453
2.99327
3.22101
3.58417
3.87391
3.15199
2.88954
2.81168
3.36237
2.89301
2.84328
3.34037
3.23559
3.35491
3.0635
3.24934
3.25911
1.91185
2.97114
2.66421
2.37299
2.51569
2.66505
2.74051
2.67374
1.74694
2.94556
2.48128
2.99917
2.38459
2.44164
2.74718
2.38842
2.4149
3.01584
2.25885
2.93863
3.11745
2.59468
2.92171
2.43973
2.95647
3.15098
2.91842
3.17014
2.71757
2.87998
3.33965
3.30134
2.95601
4.06817
3.24603
2.53236
2.80937
3.12578
2.64115
3.30731
2.93209
2.72744
3.64978
3.24934
2.69792
2.7227
2.83556
2.42192
2.69174
2.74734
2.5328
2.37111
2.06693
3.03657
3.18463
3.11482
3.25354
1.99098
3.06071
3.2608
3.14422
3.56135
3.7445
2.89229
2.6905
3.49536
3.15542
3.24813
3.49732
3.42915
3.00378
3.13911
2.89722
3.03826
3.09455
3.41256
3.25134
2.90055
2.85801
2.72223
2.63924
2.66568
2.66049
2.94166
3.19451
2.94722
2.94454
3.13207
2.72101
3.02159
3.37487
3.18952
2.60181
3.60542
2.76423
3.07276
3.15918
2.9988
2.84191
3.60553
3.35156
3.73882
3.37749
2.80738
3.17501
3.62123
3.5242
3.31625
3.88021
2.78893
3.93391
4.10776
3.18056
2.99766
3.29407
3.14466
2.90595
3.34056
2.26582
3.04845
3.29739
3.37239
3.57269
2.46581
3.40553
3.06884
2.89726
3.23275
3.01977
3.21209
3.71467
3.46426
3.10003
3.13576
3.43004
3.10861
3.14576
2.87904
3.08611
2.82529
2.75939
2.72733
2.86275
2.97014
2.98854
2.80027
2.82665
2.93926
3.1115
3.02427
3.06786
2.53887
2.84846
2.9637
2.81676
2.77547
2.83204
2.68219
2.96365
2.79054
2.84461
3.41446
3.35343
3.77113
2.66401
3.16143
4.07275
3.84017
3.17153
2.86035
2.66985
3.22442
2.63781
2.7402
3.17322
3.19331
3.22521
3.2133
3.38251
3.23731
