1.94161
2.75744
2.53311
2.42549
2.53145
2.85442
2.68298
2.9732
2.00561
3.34696
3.07855
3.1615
2.29593
2.79316
2.82231
2.41641
2.69483
3.17701
2.63859
2.9852
3.11421
3.12489
2.96907
3.09048
3.09304
3.63378
3.50852
3.60721
3.50415
3.57583
3.87469
3.57326
3.64138
4.21071
3.34325
2.75187
2.92067
3.46283
2.89916
3.51557
3.39933
2.76204
3.65763
2.6982
2.96249
3.09068
3.03895
3.01259
3.10852
2.72177
2.6151
2.74676
2.48769
3.08962
3.12083
3.47565
3.49892
2.44469
3.44587
3.66111
3.93485
3.52033
3.98654
3.36258
3.1771
3.19908
3.4556
3.3024
3.87554
3.7075
3.15489
3.21721
3.19983
3.40763
3.37985
3.32345
3.37619
3.08624
3.30371
3.37976
3.08538
3.09379
3.3758
3.34483
3.02934
3.26493
3.26516
3.47676
3.42223
3.82229
3.52432
3.75643
2.58614
4.0627
2.82287
3.27944
3.27609
3.75717
3.38651
3.68872
3.54849
3.51927
3.02456
3.25397
3.2211
4.41988
3.6965
3.66538
4.32129
3.38893
3.64735
4.15259
3.36237
3.43885
3.69171
2.85647
2.9487
3.83461
2.40894
3.08241
3.32086
3.90189
4.45773
3.6219
4.09041
3.76291
2.65463
3.29069
3.80349
3.98659
4.0601
3.97864
3.71528
3.52012
3.3199
3.43866
3.92431
3.03884
3.89951
3.09054
3.11873
3.10006
3.52755
3.3898
3.06256
3.0945
3.66191
3.31698
3.2232
3.21301
3.44588
2.39376
3.19226
3.29996
2.74117
3.64212
3.25079
3.05173
3.10856
3.10902
3.25647
3.41354
3.6188
3.63461
3.55669
3.73873
3.64732
3.77638
3.22493
3.17454
3.59928
3.9184
3.17763
3.17529
3.89861
3.14358
3.73921
3.36931
3.70279
4.15337
1.90339
2.94798
2.54201
2.36603
2.40151
2.76601
3.12997
2.90487
1.98725
3.42814
3.24537
3.46742
2.27653
2.71946
2.81845
2.65806
3.05155
3.49127
2.42289
2.73558
3.25603
3.23472
3.09184
2.96537
3.11214
3.71169
3.68257
3.52704
3.32275
3.67855
3.43869
3.74495
3.59606
3.93063
3.14381
2.5146
2.99831
3.20301
2.63135
3.37068
3.57663
2.69149
3.83605
3.38187
3.52098
3.35717
3.16737
2.79033
3.23165
3.10651
2.80633
3.05871
2.31215
2.91185
3.0222
3.72516
3.11218
2.01633
3.49561
4.16023
3.6696
3.77202
4.08415
3.21112
3.35006
4.20018
3.26896
3.26161
3.60334
3.40873
3.39967
3.53389
3.37922
3.03935
3.60647
3.18061
3.4363
3.21402
3.5969
3.30145
3.12135
3.61858
3.48636
3.27211
3.03591
3.13538
3.21411
3.59954
2.77857
3.2921
3.62339
3.8774
2.52523
3.19706
3.0044
3.25894
3.14998
3.27975
3.69692
3.86959
3.9163
3.60689
3.11977
3.30894
3.30927
4.60822
3.21624
3.55787
4.00836
4.07228
3.56343
3.99946
4.25261
3.07448
3.52407
3.06383
3.08289
3.43123
2.30886
3.19408
3.93949
3.79838
3.87095
2.71766
4.01129
3.70088
3.35265
3.4207
3.42555
3.11623
3.8893
3.845
3.56212
3.6751
3.40274
3.18724
3.4804
2.91867
3.68331
3.33768
3.36208
2.82859
2.78408
3.37299
3.35752
2.96346
3.55355
3.55169
3.19529
3.63847
3.38118
2.78493
2.68799
3.33323
2.90965
2.48893
3.48019
2.67272
2.52369
2.92415
3.34315
3.70917
3.43328
4.06421
3.67826
3.8544
3.94194
3.62931
3.19323
3.05605
3.45915
3.81404
3.10192
3.14635
3.33155
3.33104
3.67887
3.34121
3.91138
3.23623
