1.95863
2.73908
2.35986
2.10242
2.46041
2.6814
3.29255
2.81829
1.71705
2.87319
2.80232
3.19
2.25047
2.44275
2.74868
1.95474
2.54473
3.65798
2.26331
2.75421
2.82228
3.02947
3.25379
3.0076
3.09293
3.81703
2.65788
3.73799
3.08831
3.2809
3.35245
3.93154
3.98669
3.5575
2.9867
2.14676
2.59452
3.1697
2.4824
3.26337
3.25232
2.32664
3.8256
3.491
2.55428
2.7213
2.43498
2.53009
2.88034
2.77844
2.50416
2.42378
1.94071
2.70855
3.28792
3.02338
3.70397
2.08836
3.82937
3.4324
3.19794
3.6028
3.75807
2.99838
2.76125
2.84832
3.06374
2.94677
3.78913
3.38783
3.10604
3.18679
3.30497
3.04465
3.17025
2.96285
2.80995
3.01003
2.92167
2.98296
2.99056
2.94573
2.83003
2.88609
2.73903
2.86789
3.12727
3.28186
2.77045
3.07542
3.672
2.86302
2.77522
3.49001
2.81189
2.93332
3.05131
3.15625
3.09435
3.45136
3.54073
3.35235
2.62461
2.83736
2.7549
3.88821
3.044
3.27903
3.20207
2.84188
3.3239
4.06476
3.42586
2.91174
3.13685
2.87812
2.83658
3.12053
2.26281
3.21184
2.77165
3.32874
3.72412
2.82424
3.62595
3.30511
2.97789
3.1433
3.33822
3.5355
3.5758
3.66905
3.45118
3.25309
3.55637
2.82362
3.17868
3.2208
3.1622
3.05953
3.11124
2.83585
2.98227
2.82857
3.00722
2.82797
2.97478
2.99072
2.83756
3.12322
3.12501
2.48072
3.36083
3.29945
2.69471
2.78443
2.91814
2.34534
2.82716
3.1187
2.95109
2.58861
3.33367
3.68039
2.81658
3.01995
3.37206
3.3102
3.09605
3.00941
2.86414
3.62821
2.82684
2.90626
3.49836
3.13765
3.78352
3.20877
3.26764
3.65382
1.96825
2.79163
2.56513
2.22328
2.47421
2.61736
2.95885
2.77106
1.60266
2.80998
2.8175
2.93555
2.16296
2.50679
2.62241
2.21545
2.58616
3.20835
2.34774
2.69336
2.78822
2.8423
2.6972
3.52227
3.24066
3.56309
3.31579
3.37363
2.79886
3.4595
2.94423
3.37356
3.84559
4.03945
2.85695
2.71473
2.57798
2.82949
2.59717
2.93554
2.86986
2.32813
3.53244
3.37089
2.66578
3.07035
2.58342
2.29144
2.67333
2.58463
2.6173
2.54307
1.8066
3.0386
3.08872
3.43544
3.51439
2.10805
2.88408
3.07751
3.47606
3.48978
3.93667
3.04231
3.06913
3.02275
2.92219
2.96307
3.51466
3.79685
3.15629
2.823
2.96214
3.03808
3.18154
3.3184
2.84903
3.17911
2.97777
3.10718
2.84018
3.00824
3.01134
2.99374
3.22054
2.85875
2.92605
3.13705
2.82556
2.82127
3.43291
2.76356
2.70601
3.28464
2.49551
2.81583
2.90519
2.93592
3.02524
3.46876
3.85396
3.07286
2.70849
3.02839
3.31606
3.90775
3.38976
3.3727
3.76025
3.14278
3.21902
4.38408
3.64637
2.79631
3.20785
2.82955
2.58025
3.31493
2.54434
3.14545
2.78445
3.89372
3.08038
3.21629
3.53077
3.16564
3.18365
3.41156
3.23362
3.27186
3.56326
3.46707
3.45492
3.07503
3.26241
2.9727
3.19088
2.70615
3.10419
3.1288
2.83705
2.92507
2.93112
2.71145
2.5907
2.48833
3.34283
3.10877
3.00023
2.90219
2.64118
2.31128
3.1937
2.87866
2.8762
2.75747
2.7292
2.85068
2.84999
2.85344
2.7964
2.94614
3.80692
3.43375
3.00476
3.01453
3.34562
3.55263
2.92674
2.91539
2.88633
2.92424
2.89016
3.35048
3.55651
3.0527
3.14353
3.08981
3.64725
3.61505
