1.94633
2.60314
2.15539
2.14126
2.46816
2.56665
3.22764
2.9166
1.67402
2.99804
2.61474
3.25686
2.3723
2.83355
2.70953
2.37655
2.64557
3.29858
2.54094
2.92782
2.86054
3.10928
2.77415
2.71927
3.70645
3.77017
3.64155
3.25409
3.37324
3.21655
3.34024
3.6508
3.9329
4.03113
2.98073
2.7242
2.93231
3.40869
2.86245
3.79287
3.5758
2.71788
3.72085
3.37346
3.61772
2.64087
2.61538
2.32383
2.71252
2.7518
2.6671
2.70782
2.11273
3.14684
3.06128
3.61252
3.2817
2.97441
3.23561
3.78638
3.85739
3.94671
4.23105
3.42447
4.28481
3.10505
3.04649
3.3638
3.93254
3.47096
3.19138
4.03904
3.25341
2.7489
3.01639
3.11831
3.62059
3.2419
3.07461
3.35068
2.77449
2.89959
3.04885
3.29385
3.18949
2.90329
3.53798
3.66507
2.74019
3.6811
3.87353
3.43293
3.03589
4.02196
2.34404
2.96997
3.35186
3.00152
3.00712
3.00193
3.73378
3.3598
2.47911
2.7786
2.96585
4.21859
3.41636
3.18684
3.59467
3.94237
3.17508
3.80234
3.37784
2.93025
3.34514
3.1706
2.76855
3.48282
2.07316
3.2377
2.68395
3.92533
4.42464
3.02568
3.46481
4.24592
2.98753
3.22956
3.36156
3.64518
3.6399
3.2915
3.54752
3.35074
3.12002
2.87735
2.93362
3.00212
3.19813
2.61378
2.68064
2.02207
2.96523
2.70117
2.59896
2.52997
3.11351
3.30025
2.99936
2.92189
3.20534
2.41414
3.12542
2.9046
3.43489
2.44562
2.81674
2.83964
2.75465
2.72268
2.84417
3.68788
3.81339
3.61126
4.36274
3.46173
3.65526
3.2736
2.98318
3.27509
3.1266
4.24713
2.66746
3.08392
3.4811
2.97787
3.62148
2.81209
3.60133
3.46102
1.76781
2.42713
2.61437
2.02739
2.35046
2.40626
3.00832
2.75815
1.76671
3.01424
2.67324
2.99794
1.98227
2.88328
2.78782
2.4838
2.81249
3.28975
2.38523
2.71801
2.39019
2.11278
2.36342
2.69223
2.73607
4.03526
3.12144
3.56171
3.66791
3.36281
3.38604
3.46653
4.01325
4.1275
2.9998
2.80856
3.12284
3.49045
2.32754
3.50069
3.47098
2.71139
3.61993
3.12243
2.73081
2.91958
2.81329
2.48726
3.01367
3.03055
2.51834
2.63543
1.91316
3.05891
2.88386
3.4678
3.80452
3.71341
3.56233
3.3784
3.91778
4.00294
4.10111
4.0881
3.9443
3.45132
3.1537
3.33125
3.90955
3.40788
3.19214
3.3393
3.14472
3.29023
2.99705
3.30639
3.51472
3.05651
2.67112
3.17654
2.84702
2.60485
3.26306
3.16559
3.01139
3.02447
3.07032
3.56466
2.60641
2.74812
3.81012
3.8277
2.58932
3.85789
2.70799
3.03978
3.53574
3.32483
2.9941
3.42122
3.37501
3.3177
2.55381
2.52214
2.79115
4.01771
3.64652
3.28006
3.72585
3.56541
3.46725
3.57515
3.45929
2.94585
3.54005
2.94681
2.83113
3.73345
2.50579
3.07774
3.04559
4.03577
3.37411
2.60204
3.71869
3.75882
3.80407
3.44895
3.10162
3.03634
3.58005
3.54863
3.51896
3.31341
3.25339
2.92148
3.27636
2.62071
3.05708
3.0456
2.79809
2.88112
3.25117
2.81663
2.99997
2.80386
3.67945
2.70962
3.30734
3.28009
3.43464
2.74879
2.53151
2.60077
3.34571
2.657
2.56398
2.48125
2.87504
3.11879
2.96135
3.95833
3.59109
4.07145
3.75625
3.13718
3.28675
3.11992
3.36434
2.84198
3.07728
3.3447
2.89464
2.90512
3.3819
2.82616
3.23875
2.67524
3.45309
4.00953
