2.12353
3.11877
2.28108
2.4594
2.60154
2.96871
3.26579
3.0274
1.79082
3.2786
2.82054
3.09045
2.59026
2.60061
2.75957
2.75287
2.79537
3.29222
2.72524
3.23253
3.0736
3.59568
2.76956
2.9775
3.19148
3.24952
2.89942
3.59322
2.66461
3.33681
3.55304
3.43212
3.6046
4.03644
3.32969
2.467
2.74146
3.22347
2.54918
3.28864
3.54477
2.67126
3.49563
3.15546
3.11773
2.74251
3.07815
2.36568
2.9228
2.84346
2.70475
2.66516
2.34577
3.06642
3.19647
3.37678
3.2327
1.57805
3.39877
3.33813
3.67915
3.32855
3.34768
2.98053
2.67284
3.47177
3.23332
3.09267
3.07505
3.31766
2.95966
2.76575
3.0973
3.12888
3.04798
3.22346
3.14883
3.18291
3.00544
3.22442
2.68357
2.87617
2.72152
2.94126
2.68616
2.81924
2.79925
3.32424
2.81855
3.39977
3.98515
3.34964
2.34809
2.96171
2.83846
3.09824
3.42205
2.76584
3.19293
3.37951
3.00161
3.6268
2.70582
2.96522
3.42889
3.7259
3.28221
3.55494
4.08112
2.819
3.42588
3.66966
3.35342
3.15872
3.19317
3.17543
2.9268
3.13277
2.14771
3.31316
3.15202
3.54494
3.51397
3.33274
3.83466
3.33417
2.83067
3.06091
3.40981
3.52708
3.72076
3.98143
3.64504
3.08273
3.47313
3.21255
3.04643
2.98547
3.11736
3.18554
2.90768
2.64673
3.41145
2.9469
2.93758
3.02555
3.25017
3.30113
3.26615
3.17289
3.30592
3.09946
3.13076
3.07471
2.65086
2.68415
3.06365
3.00445
3.40417
2.83051
2.93611
3.2434
3.62419
3.35134
2.37021
2.54084
3.88781
3.95195
3.04802
2.62841
3.21612
3.63377
2.67264
2.91354
3.52846
3.1401
3.33679
2.84998
3.42247
3.49659
1.97416
2.33971
2.61479
2.43685
2.74313
2.89987
3.46376
3.11021
1.91442
3.22695
2.69879
3.31257
2.30287
2.69506
2.80556
2.56393
2.5824
3.40556
2.88737
3.06654
2.84134
3.56845
2.63749
2.95231
3.14505
3.06396
3.06401
3.44699
3.25252
3.47587
3.59688
3.52298
3.5407
3.79359
3.26216
2.6928
2.73296
3.11634
2.73216
3.27078
3.26141
2.68759
3.0589
3.08655
3.00314
2.86158
3.1292
2.58163
2.79915
2.81622
2.68135
2.59495
2.23284
3.32138
3.16285
3.63863
3.69746
2.761
3.78289
3.22865
3.16846
3.25119
3.55984
2.91317
2.83642
3.10307
3.05896
2.97712
3.13712
3.25339
3.37355
2.77353
3.06357
3.23597
2.86536
3.57929
3.31608
3.15034
3.00031
3.10001
2.786
2.81569
3.1026
2.99972
2.78466
2.80939
2.71776
3.56049
2.95561
3.16555
3.59896
3.24783
2.57556
3.24448
2.50386
3.06588
3.0473
3.34548
3.60139
3.48085
3.2218
3.12601
2.89184
2.89739
3.33996
4.06039
3.26181
3.59032
3.88888
3.23449
3.2221
3.97688
3.35754
3.19258
3.19794
3.2133
2.87827
3.16874
2.12606
2.83516
2.89338
3.48529
3.90169
3.03126
3.68421
3.29897
2.98001
3.60638
3.12064
3.34716
3.95486
3.90271
3.34132
3.05326
3.61791
3.27091
3.7051
3.02436
3.08689
3.15374
2.80033
2.85245
3.03082
2.91847
2.86438
2.91627
3.05365
3.29166
3.29466
3.06708
3.27561
2.86441
3.2319
3.07047
2.81861
2.6708
2.84466
2.90943
3.0919
3.15431
2.82707
3.92106
3.55388
3.56769
2.98202
3.18307
3.7736
3.24865
3.35565
2.72289
2.83293
3.70841
2.99641
3.61575
3.5874
3.12504
3.46782
3.00488
3.15328
3.86535
