1.93488
3.02466
2.40309
2.19975
2.44047
2.57369
2.72857
2.87912
1.86441
3.09559
2.64901
3.02263
2.40128
2.53053
2.63033
2.18692
2.74763
3.19984
2.5524
2.70743
2.87959
2.65997
2.60379
3.25977
3.02248
3.78463
3.07385
3.28429
2.51738
3.39928
3.19256
3.69605
3.70511
4.20946
3.18507
2.43948
2.99355
3.09056
2.54909
3.17793
3.07898
2.38661
3.61126
3.36046
3.09213
2.87938
2.67575
2.70252
2.31131
2.91224
2.74869
2.69524
1.8029
3.23937
2.84679
3.08957
3.55898
2.15794
3.89044
3.33014
3.4194
3.35495
4.26727
2.81499
3.52314
3.23387
3.51727
3.20322
3.71338
3.9604
3.14873
3.66936
3.17397
2.9389
3.27189
3.57566
3.39504
3.20036
2.89352
2.96813
2.89087
3.06373
3.1635
3.45554
2.90142
3.14663
3.45317
3.42604
2.77972
3.1443
3.98876
3.3868
2.63878
3.75953
2.8632
3.12394
3.79155
3.3335
3.03365
3.16407
3.07304
3.0358
2.65822
3.01912
3.19999
4.2161
3.78993
3.41288
4.05206
2.26948
3.49076
4.41828
3.55652
3.12603
3.12225
3.29105
2.76861
2.77559
2.13289
3.56837
2.52259
3.82518
4.1548
3.3748
3.45184
3.32836
2.7107
3.48132
3.42812
3.47951
4.03282
3.69412
3.30976
3.5588
3.18386
2.82332
3.22999
3.03926
3.27583
2.89761
2.83402
2.45062
3.27174
3.1299
2.83013
2.71631
3.50553
3.05325
3.31019
3.20333
3.0098
2.30292
2.93357
3.2127
2.56276
2.84164
2.69086
2.52465
3.08194
2.61883
2.93463
3.3365
3.24032
3.5748
2.93571
3.23704
3.78971
3.47932
3.08721
3.24899
3.32239
3.88622
2.85313
3.69076
3.50787
3.38172
3.28822
2.95358
3.19829
3.56094
1.91642
2.68108
2.26192
2.24873
2.50115
2.59138
3.28057
2.91112
1.93787
2.76728
2.72856
3.11838
2.43165
2.49016
2.5264
2.3847
2.60038
3.21577
2.65574
2.95116
3.04249
2.8448
2.73322
2.88807
2.65407
4.10902
2.65658
3.06062
3.39713
2.93067
3.34928
3.76258
3.89384
4.38481
3.02987
2.42899
2.69145
3.23508
2.54954
3.37203
3.1738
2.8353
3.43053
3.34781
2.80043
2.6978
2.76162
2.45679
2.94652
2.53156
2.4993
2.56694
1.8949
2.82475
3.31104
3.57258
3.36877
2.12386
3.17158
3.25524
3.37434
3.7634
3.90886
2.96603
2.73587
2.49721
3.22995
3.18205
3.58863
3.77797
3.41098
3.68449
2.95639
3.63444
2.88221
3.18903
3.33186
3.07798
2.98291
3.00354
2.66936
2.87894
2.8882
3.33076
3.17127
3.13463
3.08058
3.52623
3.14035
3.30086
3.57345
3.2335
2.6014
3.16884
2.95405
3.00779
3.02853
3.27928
3.06464
3.59995
3.66863
3.23597
2.63773
2.93558
2.88154
4.45065
3.52118
3.1307
3.93108
2.58307
3.54426
4.42192
2.9233
3.01371
3.00682
3.09442
2.65203
3.22038
2.11972
3.04672
2.8183
3.41184
3.96065
3.46335
3.42059
3.05567
3.01054
3.14939
2.92592
3.16332
3.95696
3.51951
3.19669
3.41221
3.19962
3.40266
3.49666
2.8765
2.82457
3.10474
2.5226
2.79803
2.99844
3.11698
2.68553
2.75748
3.1136
2.81378
3.05277
2.91656
2.97279
2.69237
3.21573
2.78115
2.7787
3.02251
2.82558
2.95662
3.37605
3.04162
2.82967
3.34601
3.39928
3.69447
3.24667
3.44187
3.70601
3.25665
2.75345
3.14165
3.13044
3.80557
3.14849
3.25834
3.59135
3.05695
3.72807
2.9197
3.39008
3.36074
