1.9346
2.88383
2.6036
2.27906
2.46085
2.72457
3.21762
2.93086
1.7825
3.09761
3.39901
3.42747
2.43013
2.69902
2.81681
2.59004
2.44045
3.00483
2.67784
2.39829
2.92779
2.33679
3.16318
2.81224
3.33394
4.01695
2.67113
2.94345
2.9022
3.14704
3.34355
3.46859
3.55461
3.07605
3.10942
2.51022
2.83108
3.13605
2.45369
3.29058
3.28894
2.50844
3.50906
3.16752
2.75841
2.7024
2.78988
2.61783
2.82307
2.9187
2.58041
2.57523
2.09881
3.07161
3.18301
3.44931
3.17928
1.72752
3.77762
3.43355
3.05095
3.35299
3.72047
2.93386
3.0038
3.00045
3.14129
2.99856
3.32536
3.51357
3.18167
3.36215
3.25414
2.83542
3.18361
3.45598
3.18302
3.13997
3.11268
3.15349
2.90423
2.93819
3.10811
2.98674
2.98956
2.94484
3.21591
3.31231
3.00161
3.52697
4.02465
3.20448
2.67943
3.34978
2.56869
3.11259
3.236
3.06075
3.3195
3.06407
3.20827
3.54731
2.83643
3.22649
3.17906
3.07639
3.15912
3.27679
3.68468
2.35964
3.93506
3.78138
3.45554
3.16698
3.2545
3.06952
2.92286
2.87986
2.34249
3.42838
3.00024
3.34242
3.62409
2.75772
3.36345
3.02889
3.16564
3.3424
2.97318
3.25099
3.65612
3.59836
3.30598
3.3045
3.35674
3.00387
3.099
2.95332
3.04532
3.17821
3.15737
2.77807
3.27539
2.96305
3.13585
2.92262
2.9722
3.10618
2.90036
3.08186
2.94463
2.45673
2.93133
3.09287
2.68326
2.89442
2.44313
2.92489
2.73208
2.7436
2.90703
3.00068
3.27092
3.48607
2.69468
3.15406
3.2565
3.77689
3.33267
2.87191
3.14924
3.78536
2.6797
2.35155
3.3862
3.07977
3.35916
2.71664
3.36641
3.55541
1.85991
2.81033
2.66247
2.37777
2.58132
2.67739
2.80019
2.96186
1.84252
2.68341
2.82374
3.38368
2.24509
2.44168
2.73674
2.6583
2.50349
3.32728
2.72616
2.74715
2.69692
2.72123
2.55485
3.28148
2.87109
3.12105
3.1119
3.24254
2.73396
3.12088
3.25739
3.56424
3.1431
3.61776
2.97101
2.51382
2.89498
3.27579
2.67361
3.15787
3.2086
2.51552
3.19756
3.28884
2.61834
2.71592
2.77199
2.27941
2.60429
2.75012
2.58564
2.51268
2.10251
3.1591
3.13987
3.11259
3.35973
2.00735
3.36814
3.15574
3.27559
3.46134
3.66094
2.81372
3.15372
3.08743
3.13853
3.133
3.43836
3.70258
3.10419
2.87609
2.83896
3.19969
3.20778
3.12145
3.35948
3.03253
3.08893
3.20221
3.14216
2.83358
3.14929
2.96565
2.92772
2.88717
2.91939
3.37629
2.86541
3.19001
3.53507
3.11424
2.84192
3.36064
2.89248
2.98054
3.30087
3.06819
3.04693
3.24768
3.11214
3.53704
2.70526
3.00015
3.0375
4.30461
2.8868
3.34654
3.90636
3.01855
3.3843
4.46878
3.21035
3.03812
3.30622
3.06471
2.70631
3.59539
2.22729
3.01101
2.9989
3.55595
3.62151
2.94391
2.93113
3.0747
3.13784
2.81111
2.97563
3.22493
3.85486
3.6808
3.07685
3.27693
3.08811
2.69988
3.04502
2.80071
3.23702
3.30145
2.94914
2.90216
3.22978
2.78962
2.97096
2.63452
2.63232
2.96683
2.99627
2.82807
2.94746
2.66087
2.68875
2.72656
3.01257
2.96636
2.83776
2.82916
2.67294
2.48059
3.01355
3.2005
3.10254
3.34157
2.77497
3.14861
3.58215
3.09834
3.20344
2.76964
2.6561
3.73712
3.08176
3.0873
3.134
2.84206
3.29153
2.71234
3.56099
3.78401
