1.79577
2.49126
2.34015
2.25618
2.4269
2.68278
3.29526
2.98062
1.67679
2.86844
2.94368
3.19882
2.18761
2.5656
2.8881
2.69206
2.45905
3.55501
2.71617
2.84272
3.13639
2.86657
2.58635
3.24569
3.25805
3.9754
3.14292
3.18721
2.29038
3.19138
2.88254
3.49065
3.44482
4.07659
2.96704
2.42274
2.62481
3.0682
2.352
3.24177
3.1485
2.33687
3.45076
3.365
2.53377
2.84452
2.54445
2.40059
2.59189
2.62423
2.46786
2.54153
2.07731
2.87916
2.95357
3.49457
3.56918
2.1155
3.84292
3.20937
3.28243
3.23986
3.58909
3.00407
2.70321
2.54369
2.95763
3.07161
3.35804
3.01479
2.97931
3.15992
3.03579
2.91249
2.87996
3.3533
2.87037
2.92259
2.96361
3.20018
2.68255
2.7673
2.78362
2.99819
2.82733
2.81524
2.95851
3.37514
2.79432
2.987
3.40486
2.92022
2.80291
3.33516
2.92472
2.94364
2.77209
3.15256
3.14614
3.5789
3.55461
2.97447
2.8603
2.8813
3.2269
4.34809
3.19431
3.22963
3.78633
3.05351
3.5801
4.21629
3.5394
2.95757
3.05427
3.08326
3.04384
3.2928
2.38358
3.07617
3.10497
3.56353
3.33169
2.99943
3.28585
3.69157
2.95223
3.49361
3.08855
3.24145
3.456
3.62848
3.37775
3.43626
3.07516
2.95909
3.71449
3.02202
3.06649
3.05914
2.72902
2.63483
2.94729
2.94118
2.74749
2.68433
3.64143
3.40255
2.91136
2.9725
3.08031
2.40336
3.16238
2.95685
2.87365
2.67597
2.92486
2.73667
3.04865
3.3111
3.03632
3.2566
3.35048
4.02288
2.51257
2.30539
3.46408
3.45715
2.97299
2.72247
2.93337
3.49238
3.00916
3.02376
3.46866
3.12188
3.33065
2.72125
3.19734
2.99169
1.86069
2.78925
2.3652
2.24085
2.46233
2.46286
2.77295
2.9666
1.74358
3.14159
2.83436
2.91655
2.301
2.47451
2.92297
2.61311
2.62147
3.05542
2.75301
2.36303
3.023
3.09671
2.77232
3.03071
2.97489
3.55703
2.98598
3.01371
2.48048
2.7644
3.29991
3.51719
2.9339
3.61598
2.97989
2.24709
2.62157
3.00539
2.39665
3.04585
3.15166
2.47385
3.52432
3.0847
2.5111
2.86539
2.88161
2.63245
2.45056
2.61266
2.63071
2.414
2.29033
3.04733
3.20676
3.43875
3.65436
2.31919
3.48799
3.07894
3.5381
3.25457
3.67075
2.81335
2.88013
2.69538
3.27369
2.97491
3.23064
3.2194
3.10142
2.84022
2.96376
2.92777
2.86425
2.75286
2.79591
2.90512
2.96511
3.30145
3.08301
2.88917
2.84457
2.70545
2.64099
2.7752
2.7716
2.94965
2.49385
2.48019
3.0401
2.77219
2.54929
3.21867
2.62544
2.94453
3.11774
3.27489
3.38265
3.53348
3.06407
3.1901
2.71276
2.70528
2.92425
3.80939
3.10464
3.25497
3.87653
3.83997
3.08487
4.13606
3.52273
2.865
3.11966
2.99331
2.59007
3.16726
2.64712
3.15376
2.8434
3.41969
3.55739
2.73119
3.56376
3.46411
3.13215
3.10146
3.60304
3.1039
3.42506
3.71321
3.22549
3.05663
3.20375
2.98963
3.18383
2.88231
2.92241
2.85975
2.71408
2.62574
3.05842
2.76666
2.97943
2.89242
3.55473
3.28368
3.06578
2.78336
2.89687
2.77855
2.74364
2.898
2.89653
2.78259
2.84566
2.88622
2.6487
3.23353
2.52811
3.47712
3.53817
3.49719
2.71359
3.28597
3.4048
3.01163
3.19044
2.91771
2.82048
3.54368
2.82274
2.72821
2.91032
2.94546
3.70115
2.81245
3.36424
3.76436
