1.78705
2.62745
2.39461
2.23388
2.58738
2.83776
3.37714
2.9545
1.82156
2.87611
3.02671
3.42459
2.4378
2.5796
2.6838
2.32232
2.69327
3.03967
2.38029
2.71562
2.98282
3.07891
2.58871
2.18872
2.31458
3.40244
2.82282
2.90049
2.65663
3.1583
3.30441
3.78514
3.06773
3.5195
2.96926
2.43037
2.62895
2.79001
2.65583
2.93716
3.12574
2.30751
3.18325
3.17945
2.6123
2.40561
2.67201
2.17582
2.59224
2.60758
2.43063
2.43432
2.07526
3.27265
3.17906
3.28281
3.27126
2.4901
3.74035
3.32181
3.32598
3.30852
3.61457
2.60291
3.19489
3.11468
2.87284
3.11222
3.48619
3.31622
3.18562
2.95949
2.785
2.82056
2.93966
3.10219
3.34253
3.05233
2.80162
3.06153
3.20198
2.8643
3.01285
2.93665
2.84384
2.73694
2.78429
3.54155
2.82876
3.01178
3.90948
3.67022
2.85953
2.70247
2.72887
3.11578
3.022
3.08929
2.9732
3.21193
3.62977
3.5295
2.67062
2.64013
2.9933
3.61077
2.8612
3.31878
3.31818
2.80011
3.16053
3.50062
3.32967
3.07044
3.13365
3.02141
2.63267
2.79309
2.09126
3.26999
2.60853
3.17792
3.43701
2.56636
3.36974
2.72074
2.60284
3.12257
3.27704
3.28417
3.18798
3.67425
3.03704
3.24662
2.72234
2.80575
3.29097
2.66873
2.81905
2.8254
2.85925
2.74554
3.23579
2.83065
2.72834
2.65027
2.75872
2.83617
2.67579
2.8827
3.22077
2.45705
3.27942
3.10122
2.35233
2.77631
2.55943
2.77234
2.72599
2.81907
2.98653
2.86106
3.24235
1.96147
2.5385
2.76266
3.38499
3.43323
3.11393
2.91633
2.70691
3.48253
2.55294
2.21199
3.06618
3.22042
3.53376
2.50948
3.53288
3.46556
1.8648
2.43057
2.38825
2.28016
2.56886
2.73508
2.98804
2.86361
1.73168
2.87825
3.15758
2.69963
2.22501
2.73615
2.69142
2.43875
2.73435
2.96463
2.70006
2.52757
2.56336
2.8535
2.39976
2.58268
2.6689
3.45595
2.83436
2.94728
3.12215
3.03922
3.2802
3.45175
3.61555
3.72146
2.85886
2.47231
2.77701
2.86919
2.30166
2.91394
3.09952
2.29735
3.62546
3.1226
2.86942
2.70625
2.58075
2.35967
2.52103
2.69927
2.3962
2.50579
2.09976
3.11346
2.90588
3.3432
3.60096
2.55876
2.995
3.33812
3.35161
3.62864
3.66161
3.27237
3.09108
3.19868
3.1788
2.90805
3.14197
3.31572
3.19855
3.21261
2.82944
2.97831
3.26015
2.88258
2.97834
3.01484
2.8958
2.95926
2.9554
2.94261
2.92301
2.95795
2.82655
3.05327
3.15185
3.5353
2.85924
3.13154
3.40224
3.11384
2.87845
2.85063
2.36022
2.92016
2.91008
3.308
2.70368
3.21958
2.94724
3.29945
2.66848
2.43755
2.88649
3.6993
2.87415
3.04098
3.40241
3.16438
3.58819
3.76034
3.24115
2.68634
3.02378
2.84348
2.58789
2.73937
2.16862
2.89156
2.7117
3.38451
3.84572
3.11071
3.01463
3.06819
2.8021
3.24686
2.94474
3.23969
3.31465
3.64867
3.31133
3.074
3.5358
2.84599
3.11746
2.71117
2.84906
2.49008
2.60038
2.65926
2.98751
2.54925
2.91319
2.87117
2.87522
2.84206
2.85022
2.82058
2.88389
2.85407
2.91613
2.80028
2.56288
2.99953
2.48239
3.18174
2.96904
2.46967
2.69477
3.09951
3.19281
3.06424
2.80686
2.68055
3.34025
3.24607
3.14217
3.11012
2.77041
3.61653
2.35454
2.47431
3.04872
2.92376
3.24015
2.43783
3.42755
3.2203
