1.66126
2.79171
2.40079
1.79573
2.11481
2.55498
3.02362
3.10465
1.8014
2.9692
3.04822
3.49203
2.13947
3.54629
2.66696
2.30938
2.61368
2.86619
2.32681
2.64092
3.17158
2.76846
2.72159
2.90009
3.50525
3.73387
3.01193
2.7568
2.76558
3.28718
3.4541
3.24375
3.04907
2.92267
2.92829
2.57035
2.73825
3.09747
2.58445
3.27412
3.08361
2.55684
3.35694
3.5751
2.73226
2.32022
2.58204
2.86717
2.40434
2.56195
2.68393
2.60347
2.23553
3.30553
3.29054
3.51803
2.44013
3.03422
1.71948
2.67514
2.46856
3.4432
3.78426
2.74796
2.66466
2.91198
2.98874
3.12856
3.22214
3.69386
3.07899
2.84449
3.05988
3.45957
3.23295
3.52758
3.33526
3.22578
2.92707
3.24191
2.68397
2.83899
3.09681
3.00704
2.87253
2.7708
2.71618
2.59496
2.95363
2.9693
3.25044
2.85672
2.03019
3.18927
2.53941
3.20807
3.44594
3.55351
3.20719
3.25664
3.86148
3.10776
2.49034
3.01136
3.00302
3.66735
3.23347
3.37097
3.65506
3.62366
3.31783
3.78036
3.67173
2.90897
3.09156
2.95879
2.9458
3.10021
2.74112
2.1147
2.75562
2.62439
3.80782
3.18242
3.40303
2.76554
2.45696
3.04341
2.74968
3.29416
3.03827
3.58145
3.08749
3.42242
2.892
3.13782
3.35587
2.71945
3.08903
3.06187
3.07424
2.78709
2.93172
2.82196
3.11477
2.87437
3.29531
3.19459
3.19818
3.04859
3.41578
2.51705
2.54105
2.79734
2.02828
3.0184
2.88986
2.35702
2.57731
2.75191
2.83685
2.89693
3.4549
1.2625
1.94116
1.90874
3.1298
3.2187
3.14295
2.9121
2.70791
3.09419
3.21713
2.52248
3.76432
2.77244
3.45927
2.96314
2.86553
2.85063
1.6627
2.56194
2.12562
1.80107
2.12658
2.45691
3.26781
3.02776
1.75796
3.23814
3.71228
3.52983
2.02912
2.99474
2.83834
2.39142
2.50429
3.25535
2.42012
2.58105
3.12818
2.73613
2.55644
3.33792
3.11604
3.79359
2.97276
3.27782
2.6882
2.97732
3.24586
3.88506
3.24334
3.62673
2.79064
2.35414
2.73652
2.9825
2.69974
3.40852
3.38296
2.63839
3.74283
3.91265
2.54624
2.60992
2.66837
2.30883
2.61689
2.61279
2.7495
2.50016
2.20081
3.2415
3.253
3.80165
3.12791
2.42427
2.96606
3.2535
3.14709
3.55094
3.74003
3.19376
2.87032
2.86469
3.71577
3.25898
3.34495
3.09858
3.27754
2.90341
3.35953
3.07124
3.1347
3.22603
3.09166
3.15391
3.10756
3.16958
3.04535
3.05931
2.90224
3.06895
3.08069
2.73815
2.82461
3.21314
3.0691
2.73535
3.29925
2.97827
3.00988
3.15472
2.8188
3.21143
3.29614
3.2226
3.13018
3.39862
3.57867
3.49464
2.82524
3.4951
3.15217
3.65842
3.15416
3.49203
3.63639
3.53875
3.36084
3.34216
4.12299
3.23881
3.16788
3.05617
2.71792
3.95425
2.37521
3.08956
2.55006
3.59056
3.44353
2.74279
3.27303
3.45171
3.13558
2.92997
2.86368
3.28152
3.42615
3.7924
3.40358
3.26573
3.02046
2.92635
3.40376
2.94902
3.17272
2.96051
2.72406
2.3787
2.89789
2.98524
2.89816
2.80412
3.70497
3.06351
3.27083
3.26619
3.15582
2.66818
3.15194
2.90024
2.82933
2.38868
2.57163
2.63359
2.66991
2.78325
2.72137
3.14971
3.47031
3.29903
2.51158
3.05697
3.26525
3.26206
3.29933
2.86439
2.99592
3.62693
2.83164
2.93757
3.04741
2.97447
2.89669
2.69658
3.66347
3.47311
