1.71175
2.6888
2.37923
2.14666
2.31097
2.44722
2.90034
2.82297
1.63798
2.97953
2.9568
2.93484
2.19984
2.32298
2.64744
2.21709
2.2894
3.12411
2.80367
2.33495
2.92237
2.85259
2.58798
2.73692
2.50828
3.85763
3.08369
2.75919
3.27213
3.41927
3.56809
3.54394
3.66539
3.42811
3.29323
2.88144
2.56647
3.02796
2.34026
3.10837
3.15778
2.52518
3.39971
3.10358
3.10873
2.94655
2.49826
2.4231
2.55127
2.79125
2.27174
2.17681
2.11341
2.93063
3.09568
3.33758
3.62289
1.90263
3.70458
3.09643
3.26549
3.2881
3.67688
3.01252
3.29209
3.40337
2.98861
3.04478
3.64965
3.41694
3.02567
3.68513
2.83533
3.08571
3.03892
3.33007
3.02134
2.84732
2.52979
2.94288
3.03565
2.86719
2.75154
2.85996
2.73456
2.66984
3.3292
3.03689
2.5781
3.15356
3.50442
3.37136
2.3841
3.11326
2.93395
2.79289
2.99983
3.101
3.22054
3.26146
3.32515
2.93625
2.72405
2.70734
2.71741
3.87501
3.07415
3.05149
3.65924
2.67169
3.30056
4.04382
3.22063
2.98699
3.10316
2.7975
2.49495
3.65558
2.31827
3.37402
2.25825
3.31035
3.75826
2.73229
3.22603
3.44581
2.85671
3.0942
3.14162
3.30021
3.52545
3.21221
2.95507
2.51616
3.04908
2.70829
3.21926
2.67978
2.94986
3.16968
2.77187
2.83347
3.16593
2.55078
2.5724
2.65596
2.88493
2.97812
2.80368
2.82532
2.9851
2.4877
2.80431
2.46942
2.74571
2.70564
2.58155
2.78488
2.80061
3.10904
3.25454
3.64918
3.27499
2.62886
3.34936
2.78707
3.14904
3.44723
2.77682
2.85054
2.98668
3.37002
2.78602
2.85415
3.3137
3.11415
3.18546
2.67673
3.33226
3.29969
1.79971
2.78165
2.43289
2.02895
2.30373
2.56665
2.93309
2.97933
1.63571
2.78478
2.76094
2.90991
2.43697
2.23089
2.79307
2.44762
2.74179
3.09215
2.46752
2.74518
2.97716
2.84581
2.73376
2.93961
2.74926
3.90531
2.77405
2.7304
2.84942
3.38209
3.3643
3.77871
3.57494
3.83288
3.00704
2.47287
2.66124
3.15956
2.47271
3.27283
3.53813
2.75239
3.44723
2.94272
2.74516
2.97392
2.53532
2.16017
2.41077
2.50266
2.50764
2.29538
2.21408
3.03785
3.20957
3.13341
3.39625
1.80171
2.83557
3.29665
3.02093
3.3342
3.33637
2.97142
3.03337
2.85336
3.0639
3.01838
3.33229
3.41955
2.97538
3.51558
2.81684
3.07378
3.19026
3.31412
3.33079
2.97317
2.82596
3.11322
2.8407
2.92039
2.85168
2.94768
3.07458
2.79487
2.82627
3.01425
3.01933
3.03508
3.21222
3.50824
2.21214
3.08182
2.37734
2.84455
2.90939
2.82608
3.25703
2.98495
3.71584
3.0674
2.6953
2.45802
2.63491
3.90163
3.5327
3.21298
3.56639
3.09679
3.25788
3.1348
3.54059
3.05236
3.4209
2.59327
2.76591
2.95068
2.36411
3.25479
2.59703
3.23802
3.86225
2.66307
3.0992
3.31284
2.97746
3.08405
3.03382
3.16597
3.41235
3.68981
3.29655
2.81457
3.18483
2.94975
3.41705
2.95892
2.72631
2.94267
2.82307
2.74559
3.14839
2.7105
2.60075
2.85516
2.71334
2.86229
2.75629
2.90157
3.08085
2.79843
2.32387
2.71881
2.73871
2.75851
2.90173
2.94401
3.11221
2.25839
2.66943
2.98217
3.61727
2.86429
2.62188
3.20491
3.66503
3.68804
2.89727
2.54151
3.01722
3.0614
2.67948
2.37848
3.37549
2.93012
3.24923
2.66609
3.29752
3.2142
