1.77138
2.84807
1.97896
2.01051
2.34303
2.67182
3.41598
3.11362
1.68567
3.10135
3.27479
3.85016
2.27543
2.30252
2.75271
2.36592
2.54893
3.78772
2.62061
2.54602
2.81451
3.2151
2.51793
3.147
3.39457
3.55565
3.20802
2.92176
3.36697
3.16983
3.03436
3.70604
3.59993
3.87567
3.44889
2.51437
2.5694
2.8116
2.34794
3.05014
3.01714
2.47386
3.14788
3.41523
2.45143
2.36997
2.5937
2.23637
2.7096
2.67316
2.55656
2.5858
2.10947
3.06491
3.307
3.51508
3.17197
1.82247
3.74321
3.59147
3.52835
3.57319
3.57161
3.58455
3.11016
2.96218
3.4851
3.13874
3.63496
3.53675
3.13362
3.53008
3.243
3.30224
3.73083
3.42715
3.54901
3.14419
3.03097
2.8966
3.03022
3.10278
3.0271
3.24194
3.19678
3.06707
3.49744
3.37134
2.89259
3.72606
3.77232
3.2131
2.82854
3.79022
2.86874
2.99295
3.31157
3.50924
3.12286
3.08001
3.36124
3.36245
2.32629
2.50395
2.83874
3.8987
2.98916
3.4277
3.78145
2.9113
3.47014
3.73082
3.10743
2.96812
2.92211
3.07948
2.60314
3.88459
2.1523
3.00148
2.24296
3.72793
4.00658
3.01352
3.32119
3.1239
2.59916
3.15485
2.93787
3.15296
3.49534
3.5773
3.79766
3.53853
3.29142
3.17073
3.26697
3.02801
2.73186
2.925
2.61662
2.60453
2.92451
2.52843
2.51743
2.76535
3.88916
2.84024
2.68619
2.91687
3.20344
2.18614
2.8069
2.75613
2.63624
2.88614
3.01859
2.68711
2.90546
2.82851
3.01174
2.94552
3.06378
3.02252
3.43582
2.49901
3.3398
3.32103
3.11635
2.88615
3.16918
3.79931
3.10367
2.64211
3.53044
3.0697
3.79519
2.74134
3.66765
3.4518
1.69211
2.90745
2.17657
2.19615
2.43141
2.75138
3.01494
3.14663
1.79371
3.12836
3.09842
3.29467
2.17747
2.8138
2.81524
2.36857
2.59927
3.50941
2.66072
3.19449
2.7531
3.13671
2.76343
3.04338
3.03316
3.85618
2.44947
3.24164
3.12774
3.019
3.15429
3.84459
3.99616
3.95639
3.214
2.19471
2.37965
2.86536
2.16196
3.18844
3.22679
2.44545
3.33573
3.45676
2.63217
2.53579
2.59816
2.18775
2.39302
2.50648
2.63718
2.49774
2.09662
3.05928
3.45891
3.40739
3.23316
2.13549
3.53647
3.2461
3.55851
3.61795
4.17756
3.24525
3.52466
2.9745
3.49531
2.95918
3.63823
4.01014
3.12879
3.74164
3.3374
3.18906
3.47312
3.31718
3.62292
2.87627
3.19154
3.10528
2.89598
2.89247
3.24662
3.18981
3.38675
3.0263
3.17674
3.71651
2.66628
3.10641
3.57785
3.3303
2.76582
3.80811
2.46625
3.07944
3.26551
3.60438
3.32642
3.40983
3.35802
3.02604
2.38831
2.76748
2.71175
3.52146
3.57062
3.17616
3.91227
3.22484
3.38731
3.71883
3.45645
3.26426
2.89318
2.92042
2.73713
3.35208
2.2175
2.7535
2.63179
3.49257
4.01237
2.72727
3.26348
2.94365
2.78751
3.07003
3.09947
3.10333
3.79062
3.8376
3.82751
3.32867
3.28523
3.05564
3.66198
3.21744
3.03497
2.88242
2.59205
2.54487
3.06332
2.52461
2.38091
2.72773
3.23628
2.94424
2.94352
2.88412
2.79796
2.42909
2.587
3.06565
2.8211
2.82022
2.9335
2.89445
3.07034
2.39521
2.67292
3.60276
3.26876
3.34902
3.11628
2.54565
3.41049
3.33345
3.022
2.63842
3.10657
3.80744
2.96273
2.62409
3.57113
3.02971
3.57821
2.75205
3.66734
4.05783
