2.01148
2.78742
2.52071
2.27084
2.36826
2.77641
3.20011
2.76561
1.6588
2.84981
2.61913
2.80817
2.32927
2.65155
2.90187
2.65365
2.80038
3.32186
2.7696
2.6725
2.54068
3.03864
2.75952
2.95229
2.90627
3.56422
2.82483
2.84817
2.83464
3.23017
3.41009
3.89906
3.37656
3.31139
2.90925
2.2585
2.53572
3.06614
2.34572
3.08022
3.02721
2.31611
3.30671
3.23324
2.53122
2.46778
2.5976
2.27426
2.69784
2.77727
2.21676
2.49018
1.96992
3.13536
3.09909
3.0251
3.21137
2.63346
3.5207
3.02095
3.38233
3.42023
3.88022
3.2141
2.77005
3.28868
2.92031
3.16372
3.27671
3.35158
3.18386
3.22078
3.24953
2.98357
2.91188
3.13996
2.8985
3.02579
3.08265
3.3315
2.80272
2.75547
2.9905
2.8265
2.67272
2.86961
3.01722
3.06821
2.62415
2.87046
3.21337
3.02177
2.68296
3.40135
2.0327
3.00247
2.87523
3.26778
3.04679
3.40861
3.56998
3.15026
2.70072
2.86257
2.80108
4.0905
3.07868
3.25703
3.37858
3.84496
3.61781
4.53716
3.34645
3.12611
3.21462
2.90759
2.64878
2.87365
1.81955
2.89429
2.6556
3.39335
3.79375
3.02937
3.52743
3.31488
2.86768
3.17462
3.2192
3.34023
3.69152
3.72733
2.86984
3.49992
3.06148
3.20569
3.28425
2.90441
2.90008
2.76294
3.06137
2.68415
2.79633
2.57738
2.66445
2.67329
2.75098
2.75516
2.43266
2.99387
2.97303
2.24422
2.91813
3.31157
2.32778
2.77985
2.72697
2.90428
2.72169
3.06094
2.76917
3.389
3.28458
3.22787
3.65082
3.13952
3.68185
3.40991
2.92603
2.65402
2.64987
3.70398
2.77749
3.10123
3.43299
3.25302
3.32279
2.92988
3.39046
3.5618
1.95488
2.73781
2.13787
2.20219
2.48675
2.44902
2.87272
2.81912
1.80089
2.91282
2.81782
3.43822
2.37083
3.0562
2.73405
2.51173
2.63023
3.09363
2.46006
2.637
2.52725
3.06086
2.77559
2.9852
2.45904
3.48538
2.8937
3.07089
2.20088
3.16657
3.57152
4.09993
2.87684
3.85168
2.92197
2.56993
2.52857
3.04144
2.40002
3.2061
3.11711
2.46514
3.30775
3.15559
2.58617
2.83272
2.55
2.38539
2.62583
2.49597
2.6083
2.48233
2.00858
3.03052
2.8879
3.29801
3.72814
2.25168
3.21655
3.26403
3.61681
3.28114
3.46193
3.00532
3.46818
3.06756
3.23386
3.05956
3.3429
3.74068
2.96661
3.20826
3.13509
2.98977
3.08777
2.86423
3.10076
2.94148
2.85607
3.08906
2.88355
2.86279
2.73903
2.90332
2.9724
2.80459
2.84818
3.42634
2.83909
2.72201
3.36889
3.02019
2.52101
3.28018
2.65581
3.02044
3.1845
2.69294
3.12307
3.53902
3.26069
3.10011
2.29223
2.84532
3.04839
3.87997
3.69585
3.34292
3.48224
4.32609
3.37156
4.20089
3.36537
3.02956
3.11203
2.90918
2.68554
3.2672
2.36217
2.9862
3.02084
3.64592
4.33613
2.75706
3.3757
3.48947
3.11778
3.40636
2.95507
2.9514
3.75771
3.20311
3.0937
3.1772
2.90967
2.82654
3.18486
2.7542
2.97312
3.00077
2.79878
2.4917
3.08129
2.75485
2.95731
2.66516
2.88194
2.98859
2.96517
3.18852
2.96845
2.24174
2.42965
2.67779
2.57058
2.71586
3.08797
2.74008
2.71171
3.00274
2.93199
3.39304
3.32253
2.89856
3.25039
2.78408
3.69279
3.25731
3.24118
2.86059
2.96063
3.22758
2.84804
2.57998
3.40706
3.10801
3.07278
3.22438
3.41219
3.04078
