1.69823
2.72353
2.31555
2.07236
2.55996
2.7648
2.86962
2.85468
1.57686
2.95962
2.91482
3.16121
2.3887
2.533
2.55515
2.55304
2.44244
3.46481
2.3008
3.00546
3.38765
2.90205
2.7529
3.1227
3.41389
3.31399
3.14911
3.25164
2.6151
2.64186
3.11348
3.49984
3.76772
3.12039
3.16752
2.50621
2.67323
3.1186
2.46204
2.89199
2.93087
2.39027
3.04648
3.26862
2.62381
2.76029
2.66543
2.58169
2.57508
2.6032
2.43606
2.49538
2.01901
2.96002
3.13106
3.56936
3.03725
1.99901
3.37856
3.05374
3.54585
2.96453
3.31457
2.72739
2.59708
2.6753
2.97029
3.00833
3.30634
3.33762
3.08467
3.52428
2.6705
3.01221
2.99525
3.09699
3.01357
2.85149
2.9153
2.75888
2.78802
2.77248
2.75807
2.94521
2.62291
2.69517
2.98826
3.48483
2.76411
3.26879
3.56578
3.2909
2.53411
3.58925
2.46313
3.02067
2.96616
3.02206
3.42838
3.55236
3.77714
2.84214
2.60827
3.1754
3.06083
2.88152
3.3346
3.26567
2.95696
2.48304
3.4312
3.93517
3.58764
2.967
2.91475
3.07812
2.73819
3.42383
2.19006
2.7259
2.5419
3.75657
4.16104
3.47394
3.28322
3.36565
2.85948
2.91693
3.03579
3.4179
3.7366
3.7408
3.40554
3.23946
3.25836
2.96362
3.43915
2.95193
3.15873
3.31154
2.69892
2.77669
2.94268
2.68012
2.67503
2.64723
3.36104
3.14826
2.97275
3.34446
3.2647
2.21532
2.58861
2.68455
2.99121
3.271
3.0092
2.75271
3.3043
2.89137
2.574
2.52308
3.26055
3.14613
2.90943
2.85665
3.53307
2.99152
2.81475
2.79568
2.93444
3.89094
2.79921
2.89378
3.8327
3.20086
2.97994
2.92308
3.51569
3.51925
1.61701
2.72945
2.01589
2.05719
2.3195
2.65561
3.47288
2.91955
1.83129
2.95774
2.96203
3.34041
2.13912
2.99016
2.55615
2.36093
2.40564
3.67458
2.49228
2.44123
2.99534
3.07863
2.66435
3.12784
3.27105
3.47411
2.43006
3.55818
2.35891
2.52434
3.18369
3.79879
3.086
3.47784
2.6467
2.35036
2.4284
2.79996
2.29564
3.02449
2.94774
2.61257
3.11638
3.07213
2.70261
2.57181
2.77304
2.30956
2.63041
2.57818
2.80662
2.47065
1.99514
3.21513
2.98401
3.33374
3.12347
2.47138
3.4222
3.18165
3.63379
3.39346
3.14925
2.78475
3.03968
2.75366
3.40083
3.16525
3.56679
3.60585
3.45819
3.19792
3.01861
3.01314
3.26173
3.09705
3.24127
2.92118
3.30192
2.85547
2.76367
2.92444
3.3087
2.96604
2.94205
3.06526
3.17956
3.4078
2.82914
2.84184
3.78171
3.37704
2.40273
3.72457
2.53442
2.92034
2.92405
3.46706
2.97561
3.57015
3.28523
3.19713
3.16394
3.21029
3.26782
4.06581
4.15916
3.25698
3.71844
3.5109
3.48093
3.3734
3.63039
3.12213
3.44748
3.05578
2.78117
3.56663
2.29657
2.65027
2.33914
3.42643
3.70016
3.42018
3.42339
3.46892
2.95536
3.28905
2.96383
3.40401
3.80493
3.78898
3.51317
3.53084
3.37152
3.1844
3.4097
3.03948
3.04172
2.91262
2.72792
2.44275
3.11831
2.80815
2.76647
2.68944
3.54212
3.29486
3.1188
3.09243
3.19045
2.17747
3.33066
3.44848
2.94632
3.23745
2.79077
2.44231
2.91479
2.88908
2.58296
3.18347
3.40648
2.90071
3.45735
2.85118
4.17573
2.9903
3.06084
2.73985
2.95293
3.82756
3.26865
3.16828
3.59028
3.08049
3.5993
3.40142
3.14937
3.64766
