2.02307
2.94802
2.47691
2.34384
2.6909
2.76477
3.56114
2.34404
2.46704
3.07384
3.14597
3.24709
2.53047
2.8702
3.12275
2.75414
2.67689
3.13246
2.59085
3.17394
2.70475
2.69446
3.23968
3.17146
3.24252
3.3357
3.27344
3.19508
3.26887
3.56924
3.79628
3.64583
3.32419
4.09703
3.39098
2.44088
2.93839
3.03539
2.7158
3.07974
3.20362
2.94014
3.50436
3.1781
3.22714
2.24106
2.4644
2.83514
2.74669
2.61931
2.70544
2.83551
2.1773
2.6805
2.95136
3.20747
3.36195
3.11161
3.80126
3.38598
3.52093
3.1117
3.54017
3.20142
3.19531
3.11358
3.19255
3.36134
3.3894
3.80998
3.31413
3.01019
3.03942
3.40258
3.20705
3.13995
3.15371
3.06817
3.29126
2.93671
3.17921
2.9498
2.97289
3.03601
2.8912
3.25128
3.18585
3.44292
3.12452
3.04009
3.5865
3.74494
2.80435
3.2913
2.79987
3.32485
3.55989
3.288
3.07474
3.56741
3.83646
3.40186
2.90825
2.84085
3.04586
4.20287
3.2803
3.56383
3.85577
2.90617
3.62164
4.03122
3.42367
3.18499
3.4515
3.24757
2.86567
3.22437
2.2609
3.55247
2.56539
3.8548
3.95287
3.12228
3.15428
3.78898
3.26029
2.96397
3.09161
3.34351
3.99839
4.07186
3.27253
3.66164
3.03079
3.16172
3.14046
2.95158
3.17251
3.14729
3.04944
3.0212
3.36271
2.91272
3.00118
2.77043
3.11769
3.30041
3.1847
3.34675
3.43229
2.49559
3.47474
3.1354
3.18462
2.964
3.04613
3.1073
2.83904
2.98653
3.15762
3.07537
3.61849
3.41705
2.87421
3.39342
4.06199
3.43778
3.2999
3.08385
3.02214
4.04235
2.93556
2.88124
3.59962
3.2292
3.3742
3.0852
3.41584
4.0014
2.29213
2.67491
2.40605
2.39992
2.80071
2.90658
3.63794
2.9556
1.95555
3.21561
3.00445
3.30936
2.69237
3.18294
3.07488
2.86218
2.60468
3.35154
2.68599
3.31382
2.85363
3.15318
2.81348
3.19902
2.68087
3.70218
3.01943
3.13566
3.27176
3.22874
3.48352
4.09532
3.27632
3.65571
3.20983
2.90838
3.01017
3.20789
2.47616
3.21254
3.18789
2.56949
3.39467
3.24554
2.78782
2.72559
2.56171
2.27234
2.81389
2.90849
2.59859
2.63058
2.32939
3.20395
3.07379
3.30565
3.76809
2.85238
3.57319
3.30088
3.59133
3.36249
3.61879
3.19663
2.79221
3.21446
3.17353
3.32878
3.55281
3.90168
3.23482
3.2619
3.03106
3.24585
2.99102
3.56718
3.66473
3.26366
2.92869
3.32109
2.65756
2.78826
3.08945
3.24637
3.03915
3.31595
3.16539
3.34775
3.44726
3.35188
3.58753
3.81019
2.61848
3.77434
3.06572
3.28146
3.33292
3.18685
3.09164
3.75731
3.62699
3.82983
2.86844
3.41896
3.3325
4.34559
3.61231
3.42834
3.79055
3.39881
3.6945
3.90655
3.82365
3.24554
3.53158
3.21393
2.86965
3.33303
2.50724
3.51287
2.90435
3.87441
3.69665
3.01957
3.42839
3.70315
3.32685
2.99653
3.06921
3.32267
3.97477
4.04679
3.36163
3.31446
3.26661
3.04192
3.08807
3.2532
3.00703
3.18809
2.92557
2.70586
3.34245
2.89661
2.89046
2.73005
3.09752
3.16241
3.15928
3.15599
3.10712
2.48538
3.26848
3.21303
3.07013
2.92954
2.90692
3.28806
3.13913
3.06205
3.0932
2.95528
3.76692
3.83959
3.03079
3.43581
4.00807
3.60564
3.58876
3.32288
3.14069
3.72359
2.93202
3.16282
3.42396
3.42926
3.02866
3.22199
3.5454
3.89971
