2.09296
3.53348
2.44765
2.22532
2.4521
2.77886
3.09037
2.87812
2.01939
3.11562
3.35193
3.4212
2.61256
2.85848
3.02194
2.95233
3.10615
3.35723
2.61358
3.00775
3.28263
3.47121
3.21857
3.2883
3.393
4.31794
3.21187
2.917
3.17904
3.25068
3.87009
3.83371
3.50614
3.91263
3.21961
3.27759
2.56931
3.18814
2.66315
3.34275
2.99494
2.57638
3.77464
3.49402
2.84649
3.52191
3.04013
2.66112
2.65141
2.72516
2.62674
2.71123
2.13321
3.28921
3.09842
3.66935
3.59223
2.38602
4.04635
3.556
3.54716
3.4215
3.77061
2.89977
2.84894
2.95308
3.38733
3.18931
3.66918
4.20479
3.43813
3.23204
3.20587
3.18103
3.23612
3.16938
3.36084
3.15508
3.37749
2.76489
2.81842
2.84915
3.23703
3.15589
3.62644
3.16258
3.40499
3.46119
3.38714
3.60951
3.52025
3.38634
2.91977
3.07642
2.65589
3.32678
3.54044
3.79081
3.10566
3.28305
3.41869
3.47234
2.38298
3.14514
2.97306
3.91646
3.22748
3.36592
3.42069
3.58371
3.43101
4.21544
3.45499
3.24262
3.2186
3.06178
2.8731
3.37133
2.37533
3.04408
2.96865
3.79542
3.4086
3.19125
3.56529
2.77147
2.97668
3.12758
3.44654
3.41625
3.8039
4.00468
3.59501
3.22247
3.29647
2.93232
3.15696
3.05273
3.26986
3.19154
2.76582
2.83689
3.08461
3.02259
2.71779
3.1903
3.08837
3.0026
3.21451
3.11767
3.15655
2.84476
2.7677
3.05698
2.80596
3.23126
2.81885
3.20883
3.15072
2.71609
3.14556
3.40253
3.15879
3.68121
2.74037
3.54196
3.88422
3.67224
3.16764
3.43342
3.1225
3.85127
2.67788
3.0439
3.23664
3.26676
3.85839
2.65837
3.48713
3.92604
1.99859
3.03845
2.3365
2.49028
2.48257
2.90244
3.11195
2.81747
2.08147
3.11556
2.59466
2.84795
2.48933
2.86463
3.27388
2.8374
2.62798
3.12474
2.68105
2.8633
2.84771
3.03096
2.75063
3.25175
3.20949
3.80277
2.95746
3.68473
3.84617
3.18596
3.47933
3.71893
3.98686
4.08001
3.18765
2.81258
2.93131
3.06898
2.98122
3.34724
3.19179
2.48262
3.35289
3.4156
2.76467
3.15326
3.30014
2.57412
2.93653
2.80275
2.72975
2.44714
2.14901
3.30573
3.42489
3.65376
3.94455
2.31604
3.1338
3.39083
3.3978
3.51702
3.62317
3.30353
2.87558
3.1271
3.42945
3.12828
3.75671
3.87653
3.33771
3.21842
2.89134
2.96219
3.05447
3.50853
3.5598
3.20091
2.86826
3.22273
3.12939
3.09693
3.03917
2.95289
3.23625
3.14339
3.08181
3.42659
3.19641
3.77569
3.79728
3.2415
2.78918
3.4511
2.7221
3.33775
3.34901
3.38056
3.45312
3.52619
3.19101
3.29256
3.20779
3.35752
3.46492
4.26428
3.28487
3.45468
3.67752
4.3867
3.60621
4.39591
3.98981
3.05925
3.51721
2.97478
2.69338
2.95702
2.54601
3.35274
2.91798
3.53281
3.78827
3.10961
3.19901
3.18841
3.19457
3.4325
2.84569
3.43215
3.86951
3.77933
3.57152
3.20679
3.04976
2.48013
3.41687
3.23402
3.34505
3.06968
3.11136
2.92319
3.30752
2.99136
3.10602
3.05365
3.4672
2.95152
3.07905
3.19771
3.12692
2.8312
2.91878
2.99166
2.54742
2.78785
2.82741
2.96985
2.8077
2.86263
3.20289
3.7308
3.80381
3.25546
2.31423
3.54062
3.67448
3.36128
3.11853
3.10253
2.71187
3.96905
2.97489
3.17713
3.37913
3.15546
3.23401
3.15618
3.38153
3.9339
