1.78302
2.84828
2.78511
2.23258
2.35062
2.39108
2.70233
2.79173
1.60768
2.89312
2.83487
3.11081
2.3254
2.70239
2.94957
2.62292
2.75014
3.28636
2.55379
2.5389
2.43859
2.62468
2.74441
3.00578
3.07136
3.67911
2.72997
3.35467
3.22094
3.25677
3.04037
3.84709
3.48843
4.2789
3.45272
2.29944
2.63913
3.31148
2.37556
2.89451
3.8162
2.74369
3.27637
3.10749
2.80029
2.75975
2.72543
2.57978
2.79283
2.78188
2.40296
2.37785
1.89296
2.81805
2.92389
3.47793
3.87573
2.44999
3.79342
3.51435
2.90195
3.43284
3.67447
2.79478
2.69363
3.52609
3.05626
3.17994
3.15153
3.51245
2.88159
3.23586
2.94378
3.40147
3.17975
3.04545
3.02559
3.25137
2.79908
3.20884
2.74343
3.00014
2.96405
2.91352
2.9987
2.77448
3.15687
3.44153
2.71852
3.32663
3.40975
3.13737
2.62385
3.42662
2.67006
2.85332
2.89771
2.90981
3.31448
3.08393
3.87724
3.64985
2.62043
3.02675
3.25959
3.66353
3.38107
3.38904
3.75373
2.46238
3.55967
3.87027
3.46548
3.11155
3.41456
2.59217
2.90296
2.94583
1.94595
3.10946
2.54407
3.79715
3.54579
3.08275
3.26475
3.18731
2.68682
3.45247
3.27337
3.46724
3.42424
3.60382
3.08695
3.21979
3.01343
2.72041
3.05838
2.69678
3.49022
3.07313
2.7579
2.51783
3.22333
3.01408
2.76796
2.88816
3.04321
3.30738
3.15584
3.40925
3.10167
2.24672
3.23705
2.52175
2.49197
3.02655
2.58044
2.73593
2.94157
2.41529
2.56303
3.3866
3.27775
2.93267
2.38954
3.38547
3.09173
3.5377
3.25991
2.69802
2.98356
3.62015
2.93219
2.78152
3.16719
3.21527
3.11234
2.36087
3.35995
3.82056
1.93272
2.86407
2.32406
2.32269
2.43898
2.52987
3.05303
2.76716
1.81959
3.26011
2.82788
2.65361
2.42442
3.04443
2.67645
2.48864
2.40883
3.12674
2.56112
2.78299
2.70348
2.42116
2.92368
2.90755
3.30325
3.56519
3.12074
3.54114
2.74677
2.95325
2.96364
3.65516
3.39273
3.62404
3.05887
1.99901
2.7609
2.85272
2.30243
3.2054
3.15653
2.27057
3.45444
3.08139
2.84981
2.41241
2.45696
2.50952
2.49181
2.6727
2.58109
2.59046
1.74898
3.05767
2.78876
2.95587
3.62331
2.82333
4.17495
3.40901
3.39046
3.74486
4.12996
2.98381
2.87885
2.74329
3.35328
2.98049
3.53892
4.08537
3.13481
3.40793
3.08857
2.81135
3.23508
3.56585
3.16028
2.73132
2.65499
2.8397
2.71528
3.01604
3.11742
2.94469
2.96971
2.82892
2.99186
3.63078
2.89271
3.12701
3.51941
3.216
2.41371
3.77064
2.52345
2.9751
3.12084
3.32035
2.91545
3.56725
3.59028
3.5945
2.77507
3.12087
3.27567
3.22811
2.79525
3.45937
3.89002
2.93775
3.27513
4.21814
3.84525
3.56359
3.61686
2.81601
2.79753
3.48565
1.80108
3.30348
2.31441
3.36754
3.23705
2.68248
3.18768
3.2183
3.19889
2.82442
2.98008
3.35257
3.2965
2.99782
2.99038
2.91172
3.16076
3.19849
3.08378
2.91173
3.32067
3.52517
2.92591
2.60837
3.0035
3.08847
2.76235
2.65565
3.11468
2.98992
3.2454
3.26784
2.76413
2.27257
2.15323
2.6334
2.61083
2.90935
2.74686
2.77564
3.01645
2.52563
2.93051
2.90894
3.53765
2.76706
2.83438
2.58707
3.28469
2.73394
3.17963
2.84296
2.66947
3.38631
2.44523
2.56886
3.12311
3.36838
3.34286
3.02877
3.68385
4.12366
