1.64061
3.03263
2.579
2.1287
2.38563
2.65718
3.38929
2.77947
1.93711
2.74605
2.82596
3.26077
2.58634
2.61705
3.02297
2.87335
2.79851
3.57322
2.67318
2.55145
2.96809
3.01906
2.98699
3.03968
3.11376
3.82922
3.0738
2.90578
3.10683
3.07718
3.3914
3.87576
3.50654
3.94207
2.88619
2.7113
2.92505
3.30822
2.96517
3.21414
3.15725
2.94075
3.48826
3.38319
2.9181
3.31128
2.9019
2.61248
3.15168
2.76519
2.72347
2.72149
2.00334
3.18331
2.94619
2.97887
2.77383
1.89682
3.41834
3.21217
3.73877
3.39111
3.70608
2.81472
2.6677
2.80405
3.38493
2.89315
3.34361
3.63543
3.13023
3.50645
2.81261
3.27952
3.20264
3.33474
3.12326
3.04226
3.09702
3.21357
2.88411
2.62963
3.08059
2.95706
2.69421
2.94724
3.20225
3.07731
3.00991
3.27408
3.7192
3.2002
2.47465
3.16743
2.53871
2.77346
3.10213
3.3291
3.04474
3.62186
3.7857
3.36546
2.3963
3.10087
3.08957
3.87408
3.02947
3.16445
3.87849
3.30417
3.72061
4.18258
3.94198
3.26421
3.75124
2.99051
3.02295
3.2372
2.31371
2.98143
2.91263
3.45279
3.98603
3.03848
3.49189
3.14961
2.87258
3.3748
3.30703
3.65629
3.57887
3.47198
3.3732
3.41318
3.37755
2.87919
3.05333
2.70057
3.14523
2.90829
2.8023
2.70145
3.04211
3.20716
2.9202
2.79145
3.20725
3.4034
3.05852
2.96155
2.8509
2.61591
3.33471
2.92807
2.76781
3.58414
3.00127
2.89546
2.71434
3.21369
2.82326
2.93892
3.50917
3.37329
2.79565
3.56721
3.51643
3.21325
3.24521
2.84144
3.00663
3.82884
2.97462
3.22782
3.34486
3.32584
3.05432
2.85862
3.40354
3.49134
1.87676
3.17371
2.82728
2.33134
2.69163
2.79966
3.22681
2.87566
1.94602
2.98751
2.54356
3.05257
2.67143
2.5143
2.78633
2.82049
3.01436
3.42769
2.60995
2.7789
2.88002
3.02483
2.88232
3.04021
2.67943
3.47348
3.1797
2.87849
3.09632
3.39486
3.46072
3.91693
3.62774
3.89005
3.31075
2.51385
2.6085
2.86116
2.82986
3.23238
3.02527
2.65427
3.44257
3.32392
2.81329
3.1876
2.53685
2.3617
3.10801
2.55412
2.79368
2.48498
2.27579
2.89748
3.03243
3.20751
3.74
2.34725
3.27216
3.30362
3.21128
3.20563
3.7387
3.3818
2.82605
2.76329
3.05355
3.03455
3.40344
3.39753
3.05283
3.07101
2.85307
3.10431
3.10089
3.46977
3.22497
3.09644
2.85127
3.21429
2.77294
2.72474
2.68728
2.9298
2.82503
2.67728
2.82638
3.34798
2.77326
3.50572
3.62185
3.04661
2.69564
3.08488
2.44996
2.86386
3.21376
3.16342
3.10381
3.42812
3.07028
3.38389
2.55105
2.78025
2.82377
4.02728
3.16825
3.23681
3.34237
3.38393
3.7143
4.50459
3.91309
2.83592
3.02139
2.92732
2.62115
3.28606
2.12109
2.93112
2.96832
3.89475
3.94526
2.84178
3.31043
3.95688
2.9956
3.12274
3.16978
3.32892
3.72176
3.19872
3.32055
3.61615
3.63704
3.44697
3.35546
2.93925
2.86493
3.00571
2.94165
3.02763
3.4376
2.70859
2.57997
2.55008
3.37456
3.19535
3.05142
2.9771
2.91812
2.79098
3.28803
2.92912
2.92207
2.78124
3.11717
2.70209
2.94695
3.16068
3.18911
3.12186
3.5791
3.36947
2.31339
3.09294
3.48725
2.97053
3.18707
2.84418
2.66867
3.04852
2.84158
2.82286
3.37084
3.26442
2.68614
3.01046
3.50802
3.43169
