2.13754
3.02221
2.89898
2.64474
2.89597
2.99356
3.23642
3.39453
2.09989
3.42582
3.22769
3.70765
2.65162
3.15636
2.85161
3.12941
3.18089
2.92026
3.11697
2.90706
3.21843
3.31695
3.2076
3.58323
3.41354
4.05007
3.33306
3.39392
3.85097
3.4087
3.87334
3.63029
3.78497
4.14699
3.48471
3.05962
2.9812
3.49783
3.3698
3.49109
3.14869
3.33634
3.76254
3.74966
3.21067
3.64124
3.41213
2.85119
3.13455
3.00627
3.26841
3.09498
2.40229
3.78025
3.6657
3.72676
3.24193
2.1717
3.6952
3.63924
3.97597
3.90024
4.31969
3.21651
4.0466
3.42535
3.39746
3.16821
4.16131
4.09523
3.65071
3.75695
3.18831
3.70005
3.4567
3.86848
3.75323
3.36003
3.33312
3.48042
3.1679
3.17809
3.63601
3.46326
3.68751
3.34026
3.61236
3.61473
3.46197
3.74177
3.95172
3.77533
2.66726
3.78444
3.02235
3.30458
3.39324
3.53892
3.67202
4.06067
4.02432
3.87656
3.24854
3.31729
3.4932
4.17242
3.73937
3.59035
3.90298
2.61764
4.08316
4.25039
3.74405
3.31269
4.00103
3.41224
3.50089
3.6375
2.24465
3.16208
2.97652
3.73174
3.98685
3.31618
3.78884
3.68597
3.19296
3.55477
3.55983
3.85152
4.01016
3.95032
3.52937
3.38984
3.46244
2.91771
3.68011
2.78212
3.48045
3.23487
3.20296
3.44214
3.30818
3.26937
3.29603
2.92133
3.53235
3.57883
3.53077
3.37632
3.71147
3.04357
2.91862
3.14348
2.91128
3.0686
3.07491
2.91816
3.32978
3.227
3.56389
3.6878
3.25462
3.72189
4.04113
3.64119
4.07299
3.82243
3.35096
3.42259
3.31855
3.9679
3.199
2.91778
3.66398
3.22276
3.92279
3.24716
3.29349
3.58843
2.09998
3.20345
2.8619
2.65166
2.59358
2.75648
3.3724
3.32256
2.146
3.58457
3.42497
3.33247
2.5035
2.87989
3.02069
3.1588
3.17783
3.20547
2.76514
2.82907
3.02144
2.9679
3.13544
2.97115
3.39408
4.33435
3.3747
3.86666
3.70237
3.49457
3.68682
3.51742
3.89326
4.08525
3.33397
3.12011
3.27347
3.45232
3.03744
3.41838
3.03705
2.97289
4.28321
4.01575
3.7288
3.41247
2.96287
3.0168
3.0823
3.29841
3.22821
2.88274
2.54907
3.77642
3.86
4.23011
3.52959
2.46781
3.54816
3.4423
3.7944
3.86134
4.23969
3.61656
2.93115
3.28076
3.4431
3.52308
4.14874
4.18592
3.5345
4.11183
3.34628
3.5907
3.57848
3.64551
3.52144
3.50914
3.01078
3.29668
2.83026
3.15383
3.48909
3.39435
3.3822
3.25197
3.61038
3.52839
3.08483
3.17148
3.64802
3.50129
2.83476
4.33813
3.21547
3.38647
3.81246
3.66159
3.95328
3.99749
3.74997
3.74028
3.24903
3.20853
3.52487
4.14134
4.11141
3.67319
3.84437
3.01792
3.9279
4.28065
3.93266
3.30139
3.46833
3.0979
3.02525
3.54714
2.5236
3.46108
3.09976
3.83295
4.55932
2.96164
3.81005
3.84376
3.56755
3.75968
3.41825
3.51543
4.08185
3.85261
3.53826
3.39372
3.40427
3.12254
3.64409
3.11995
3.36383
3.36105
3.01148
3.59404
3.09483
3.01396
3.19634
2.88949
3.7969
3.54986
3.36227
3.424
3.56961
3.08448
3.37105
3.26997
3.18422
3.30361
3.42176
2.75614
2.90036
2.8479
3.47127
3.9533
3.47938
4.22908
3.08586
3.18451
3.91927
3.45728
3.55279
3.25745
3.21515
3.83554
3.41404
2.66403
3.82551
3.73137
3.96487
3.05004
3.58201
4.01583
