1.91974
2.94132
2.49059
2.29204
2.44931
2.75365
2.90206
2.72341
1.79685
2.94499
2.67185
2.97345
2.57121
2.33625
2.79566
2.84097
2.582
3.09973
2.6587
2.79459
2.83904
3.02188
2.49479
3.11845
3.1077
3.39674
2.86529
2.64954
3.02931
3.25741
3.14792
3.70025
3.5544
4.13878
2.97701
2.51603
2.73795
3.24237
2.52246
3.27162
3.21604
2.42454
3.07116
2.79502
2.51406
2.76577
2.77491
2.19858
2.76184
2.55202
2.54393
2.51852
2.03494
2.76987
2.71184
3.00455
3.16408
2.47558
2.98243
3.21369
3.3131
3.22809
3.61103
3.48376
3.04042
3.03733
2.93498
2.86988
3.41864
3.32069
2.98682
2.92312
3.05615
2.84499
3.54317
3.04792
3.05701
3.13433
2.82292
3.25552
2.61203
2.82122
2.87047
2.93396
3.19286
2.70807
2.84947
3.46858
2.76201
3.06156
3.11179
3.18329
2.83776
3.78047
2.51322
2.75169
3.04597
2.94698
2.92411
3.25418
3.5446
3.04541
2.93101
3.02926
3.40018
3.40683
3.40305
3.13719
3.29094
2.70225
3.50772
4.09102
3.218
3.00299
3.14959
2.53513
2.53466
3.33763
1.98028
2.78612
2.80681
3.63535
3.57097
3.28037
3.3539
3.04864
2.70225
2.7453
3.08813
3.47146
3.5827
3.72242
3.12692
3.05862
3.21933
3.57019
2.66041
3.00102
2.91401
2.92056
3.43842
2.5779
2.85582
2.79651
2.79912
2.68398
2.73595
3.22835
2.93817
3.08965
3.24608
2.56818
3.68149
2.7697
2.34208
2.82732
2.74953
2.70792
3.05504
2.74324
2.97313
3.56264
3.67128
3.90425
2.96049
3.11339
3.34434
3.27744
3.15547
2.60755
3.33457
3.51479
2.82222
3.41841
3.53985
3.22179
3.67452
2.73183
3.39762
3.41775
1.93865
2.64168
2.25964
2.3148
2.50907
2.72748
2.91821
2.65368
1.8248
2.76936
2.75846
2.84293
2.17663
2.00365
2.82454
2.65706
2.44843
3.11593
2.80413
2.68649
2.74757
2.79614
2.84317
2.96276
2.7651
3.4986
2.76054
2.94342
2.59296
2.93781
3.37262
3.57547
3.34589
3.85893
2.81048
2.21729
2.5496
3.07304
2.35637
3.19776
3.39289
2.29551
3.37895
3.07537
2.33459
2.87614
2.43039
2.16845
2.27985
2.63109
2.42785
2.39394
1.9242
2.85208
2.66801
2.91069
3.36373
2.15096
3.24681
3.39154
3.49459
3.51538
3.93523
3.02842
2.96415
2.96111
2.64553
2.96177
3.39723
3.69142
2.8616
3.0343
2.73927
2.88426
3.19115
3.1164
3.00661
3.15881
2.73088
3.1996
2.64667
2.92079
2.82633
2.76835
2.83547
2.77194
2.55657
3.47976
2.68151
3.01161
3.51413
3.37918
2.67799
3.44921
2.52917
3.06444
3.11225
2.90085
2.96303
2.8936
3.31426
3.16434
2.90538
2.81802
2.80222
3.60365
3.27486
3.13549
3.17463
2.63193
3.79976
4.07044
3.24248
2.95041
2.95075
2.86163
2.99378
3.45063
2.21928
2.98864
2.42458
3.3946
4.00534
2.55497
3.69486
3.17572
3.19639
3.12175
2.93798
3.04655
3.6171
3.14735
3.17621
3.31339
3.19171
3.23156
2.79866
3.14514
2.91868
3.31041
3.02188
2.57923
3.16514
2.76058
2.76203
2.8103
3.01708
2.82444
2.86036
3.11292
3.06971
2.47891
3.61796
2.53362
2.57775
2.64573
3.00597
2.99603
3.00272
2.91074
2.78055
3.03447
3.8652
3.72216
2.37224
3.23878
3.6815
3.06636
3.11927
2.82498
2.87999
3.37663
2.71837
2.68711
3.0778
2.72598
2.9777
2.64955
3.35738
3.32831
