1.78724
2.81681
2.48882
2.19774
2.34167
2.80709
2.41574
2.78122
1.61945
2.8828
2.91264
2.85584
2.31619
3.10048
3.06279
2.48135
2.62936
2.9701
2.55406
2.41013
2.95765
3.05736
2.51423
2.61606
3.50875
3.8004
3.00709
3.06177
3.16151
3.51769
3.38011
3.66661
3.63493
4.15197
2.91081
2.40175
2.7408
3.03045
2.51832
3.32703
3.1527
1.85983
3.15709
3.29737
2.57942
2.74395
1.80847
2.17371
2.56615
2.91124
2.01736
2.38329
2.1446
2.8318
2.87299
3.15212
3.8373
2.75804
3.85993
3.3045
3.69187
3.49049
3.78011
3.27458
3.49949
3.11092
3.01269
3.20149
3.39962
3.303
3.36748
3.6486
2.98819
2.78201
3.12914
3.31976
3.26507
2.92424
3.16547
3.10772
3.00596
2.83058
3.00183
3.15219
3.27308
3.2548
3.48118
3.74252
2.85641
3.7212
3.70438
3.30192
2.95101
3.68564
2.83707
2.92644
3.09131
3.58993
3.05834
2.85998
3.39168
2.85892
3.07385
2.99819
3.22727
3.74798
3.05032
3.35782
4.09851
3.03202
3.76502
4.46975
3.12472
3.25664
2.92645
2.89733
2.59935
3.27151
2.05952
3.43313
2.79913
3.92714
3.86931
2.5467
3.38548
3.38618
2.86015
3.36489
3.21214
3.40272
3.67316
3.50686
3.38538
3.51303
3.09665
2.75097
3.19836
2.82334
3.09492
2.73096
2.94137
2.72644
3.15278
2.72133
2.86692
2.96384
2.94775
3.19101
3.1697
2.9326
3.10717
2.30152
3.0929
3.02118
2.84153
3.09672
2.96054
2.67703
2.82081
2.63169
2.68519
3.37088
3.55885
3.64767
3.30988
3.02221
3.55863
3.04111
2.94859
3.05634
3.00608
3.43083
2.41123
2.38158
3.33857
3.00384
3.8675
2.84277
3.21207
3.72956
1.74065
2.94057
2.43913
2.20405
2.36547
2.61895
2.8102
2.83436
1.57444
2.96176
2.57179
3.4151
2.32706
2.77178
2.99714
2.54958
2.50284
3.18855
2.39844
2.65495
2.74222
3.11365
2.84972
2.64016
2.93528
3.97766
2.69144
2.94965
2.45785
2.8193
3.45745
4.05868
3.01537
3.87736
2.91984
2.73054
2.40168
3.11684
1.83729
3.1358
3.66578
2.05846
3.47857
3.13504
2.62742
2.47376
2.51923
2.30797
2.85868
2.46247
2.01759
2.29995
2.11761
2.66573
3.01984
3.13342
3.96295
2.60854
4.002
3.34519
3.59023
3.51796
3.95424
3.5796
3.10183
2.959
2.98248
2.9782
3.62284
3.68432
3.29237
3.42164
2.89134
2.70204
3.07768
3.36784
3.08802
2.7427
3.07562
3.19173
2.60959
2.99126
2.8607
3.06354
2.96455
3.0268
3.12173
3.3316
2.80699
2.84059
3.4205
3.49218
2.76233
3.36953
2.61793
2.9557
3.058
3.76116
2.89872
3.40701
3.37406
3.30023
2.84438
3.02606
2.78373
3.7378
2.97294
3.39944
4.02341
3.60318
3.21434
4.52916
3.19311
2.90809
2.97474
2.84497
2.72505
3.49056
2.42863
3.57509
2.31434
3.45145
3.60929
2.95336
3.69408
3.17826
2.95765
3.00444
3.08311
3.22366
3.37623
3.78347
3.49862
3.3282
2.8087
2.92278
2.90983
3.19372
2.93663
2.95028
2.67472
2.52673
3.29233
2.92011
2.59553
2.7546
2.99014
3.03726
3.11883
3.21564
2.92205
2.40151
2.88033
2.59417
2.67082
2.88476
2.71159
3.25333
2.77537
2.65463
2.76414
3.13255
3.32029
2.83928
2.72595
3.16887
3.62163
3.14021
3.02827
2.94058
2.96569
3.04583
2.77418
2.41351
3.11573
3.0825
3.4617
2.83827
3.53875
3.41738
