2.10407
3.12844
2.56986
2.38463
2.46851
2.7707
3.37734
3.18135
1.88958
3.44448
2.88663
2.9813
2.45305
2.92616
2.87337
2.70548
2.66679
3.52292
2.61931
2.71693
3.48473
3.31584
3.06739
3.18309
3.1711
3.80805
3.00139
2.83654
3.36156
3.52068
3.18092
3.90565
3.9455
4.24864
3.15065
2.76105
2.73422
3.15416
2.6335
3.5857
3.42121
2.712
3.53066
3.49038
3.03534
2.53348
2.8389
2.7353
2.51573
2.79719
2.71352
2.83522
2.17081
2.86806
3.10668
3.42344
3.52171
2.14042
3.73211
3.11971
3.17061
3.29019
3.93037
3.17314
3.18802
2.85913
3.22925
3.2448
3.45804
3.67645
3.37031
3.13502
3.04703
3.21752
3.37
2.96773
3.06165
3.0976
3.14567
3.11628
3.51485
3.08033
2.9202
3.34778
3.44184
2.81551
3.16525
3.34008
2.81605
3.31623
3.32622
3.06966
2.68445
3.36103
2.83569
3.34548
3.38744
3.27221
3.46406
3.11953
2.9357
3.04213
2.40705
2.85206
3.01811
4.05601
3.22608
3.3851
3.4808
3.38311
3.19516
4.03151
3.67891
3.06549
3.16319
3.14008
3.07696
2.63066
2.17894
3.11356
2.53622
3.51623
3.47241
3.23117
3.35866
3.0107
3.25011
3.18575
3.33416
3.61354
3.4248
3.75073
3.28464
3.47051
3.18791
3.21059
3.43406
3.12441
3.14934
3.1868
2.90372
2.5382
3.0887
3.03755
2.90036
2.77882
3.11259
3.30853
3.08066
3.23574
3.44802
2.60026
3.3596
2.99031
3.22619
3.36402
3.22579
2.86695
3.02136
2.88725
2.93026
3.33684
3.45846
3.73028
3.13304
3.37598
3.60885
3.0585
3.11016
3.00549
3.58058
3.39046
3.05551
3.04058
3.59764
3.23838
3.29799
2.82527
3.45615
3.19486
1.93842
3.14749
2.39547
2.3006
2.53129
2.73773
3.29198
3.31703
1.98591
3.26407
3.07217
3.01423
2.24836
3.08709
2.88845
2.68525
2.64771
3.02137
2.71873
2.78086
2.83305
3.40223
2.99086
3.03308
3.00217
3.67383
3.37423
3.32201
3.37812
3.19232
3.24038
3.28429
3.55843
3.8016
3.03936
3.0118
2.90706
3.11816
2.44397
3.40426
3.09091
2.62504
3.10308
3.17083
2.8368
2.65214
2.79952
2.55141
2.48178
2.83528
2.94956
2.8856
2.21006
2.95821
3.13103
3.69291
3.41195
2.50927
3.17762
3.3414
3.60917
3.30233
3.88741
3.16452
3.06528
2.86382
3.25106
3.14085
3.49414
3.69439
3.32296
3.31347
3.15569
3.15185
3.21562
3.23484
3.27117
3.17136
3.18866
3.35144
3.24526
3.19538
3.44411
2.87131
3.06649
2.91103
3.00665
3.31927
2.99248
3.21266
3.33318
3.18878
2.66513
3.22294
3.07568
3.1981
2.9231
3.25105
3.60028
3.10093
3.33092
3.29728
2.78152
3.10756
3.07603
4.29714
3.04347
3.30374
3.88155
3.49698
3.35896
3.98925
3.89441
2.9894
3.15468
3.17912
2.96182
3.19674
2.62482
3.02262
2.91271
3.59666
3.30951
3.02989
3.27241
3.71522
2.9805
2.93681
3.19214
3.46142
3.36056
3.60373
3.40983
3.61755
2.90343
2.98106
3.48371
2.98592
3.23704
3.22334
2.78049
2.49498
3.30003
3.0137
2.9039
2.83498
3.26893
3.20199
3.32102
3.00277
3.44113
2.63319
2.94766
3.1084
3.58245
2.868
2.9838
2.63246
2.99839
2.96696
2.84388
3.29209
3.443
3.41003
2.7953
3.25307
3.32635
2.97313
3.33786
2.99802
3.13802
3.74239
3.0294
3.13917
3.38054
2.94799
3.69496
3.05061
3.13168
3.7327
