2.0289
2.87074
2.3835
2.36039
2.43315
2.77559
2.92472
2.50861
2.78064
2.40965
2.83924
2.43453
2.52067
2.61284
2.89584
2.85811
2.76991
3.1234
2.32227
3.19376
2.75585
2.70411
2.88969
2.82631
3.51624
3.31069
3.02255
2.8333
2.58108
3.28998
3.51246
3.39667
3.75812
3.94684
3.31474
2.86343
2.67466
3.00902
3.38585
3.12455
3.18957
2.6801
3.31163
3.33914
3.14131
2.72172
2.85643
2.95967
2.87416
2.8453
2.92993
2.83875
2.64021
1.88066
2.53454
2.22643
3.43327
2.20183
3.33677
3.27106
3.42862
3.40587
3.52838
3.64549
3.33052
3.01391
2.99459
3.19893
3.66292
3.49407
2.90896
3.09453
3.01132
3.14656
3.42772
3.5561
3.12386
3.33007
2.94145
3.44755
2.96191
2.962
3.09564
2.95704
2.90189
3.07631
3.64773
3.41895
2.70644
3.47373
3.82984
3.33412
2.7393
3.21362
3.09193
3.04139
3.16225
3.40018
3.06975
3.22768
3.37679
2.78177
2.70229
2.99969
2.87613
3.73382
3.21437
3.38843
4.05255
2.6614
3.28742
3.8562
3.27359
3.54306
3.39936
3.15884
3.06205
2.86101
2.16449
3.23599
3.03501
4.17882
3.66714
3.1968
3.40789
3.39046
2.927
3.00454
3.29385
3.53626
3.77082
3.95706
3.49746
3.30748
3.33001
3.16187
3.25565
3.04399
3.12473
3.32111
3.15237
2.74003
2.92652
2.96996
3.04247
2.86212
3.17493
3.13501
3.04372
3.05998
3.10318
2.34359
2.76554
3.24391
2.69959
3.1917
3.01463
2.9534
2.66469
2.68273
3.11634
3.18881
3.35894
3.82925
3.53609
2.87722
3.12142
3.58778
3.28306
2.89748
2.96292
3.79238
2.85487
2.85598
3.50596
3.09775
3.31164
2.59401
3.51762
3.35126
2.04123
2.9842
2.31126
2.29034
2.39391
2.71028
3.17417
3.06787
2.11917
3.11903
2.72471
3.03776
2.46799
2.58942
2.65637
2.90332
2.69008
3.2951
2.55647
2.63531
2.88108
3.23645
2.81824
2.94282
3.3386
3.67567
2.85667
3.22544
2.98437
3.24977
3.70699
3.62783
3.48641
3.888
3.3739
2.77848
3.03607
3.01164
3.10618
3.45318
3.45617
2.87083
3.29332
3.60543
3.25612
2.95107
2.67832
2.70239
3.00092
2.70012
2.89025
2.63095
2.14823
3.16602
3.21733
3.35173
2.99104
2.58462
2.70477
3.38522
3.5338
3.69151
3.93555
3.26115
3.00751
3.57069
2.95864
3.24283
3.64596
3.96924
3.20173
3.23233
2.94804
3.0972
2.9795
3.44284
3.49361
2.90664
2.97741
2.98326
2.8547
2.94875
3.26243
2.9881
3.0609
3.00029
3.22387
3.29234
2.79234
3.39765
3.38456
3.59265
2.59812
3.51991
2.90071
3.12613
3.15775
3.1879
3.03924
3.28938
3.78895
3.18321
2.87752
3.27926
3.39683
4.16401
3.20875
3.42546
3.4972
3.0484
3.37436
4.57672
3.2695
2.9936
3.13517
2.90788
2.959
2.71491
2.05406
2.96435
2.87591
3.80933
3.80238
2.85501
3.38964
3.06539
3.05662
3.05923
3.12718
3.12632
3.94955
3.70648
3.72133
3.06997
3.19551
3.03984
3.56294
2.94403
3.10807
3.12467
3.22019
2.92804
3.27623
2.87349
2.90659
3.02212
3.31459
3.26097
3.26562
3.37592
3.06878
2.3712
2.6912
3.16189
2.79428
2.69939
3.09145
2.72795
3.08074
2.61097
2.8738
2.67592
3.40955
3.34048
2.72103
2.98873
3.49734
3.21399
3.16859
2.95745
2.8722
3.89367
2.66586
2.81999
3.34034
2.96399
3.08901
3.01862
3.69654
3.34682
