2.1368
3.1331
2.81694
2.56475
2.65132
2.70941
2.87891
3.08792
1.99584
3.40943
2.89638
3.43477
2.73491
2.76324
2.80096
3.48521
2.93327
3.32035
3.12586
3.4421
3.02152
2.8162
3.31985
3.38364
3.25405
3.25228
2.8104
3.17647
3.00989
3.23795
3.25934
3.36821
3.57119
3.95288
3.13804
2.2876
2.74027
2.93057
2.59223
2.88288
3.13265
2.47733
3.18443
3.12547
2.69322
2.29597
2.51936
2.97882
2.69292
2.65555
2.75521
2.66199
2.19323
3.33439
3.25238
3.06388
3.24238
2.50699
3.55694
3.59651
3.13682
3.31041
3.46178
3.0595
3.27259
3.26388
3.21666
3.25859
3.30714
3.31288
2.97346
2.99758
2.98753
2.98916
2.90593
3.07134
3.09342
2.99508
3.10335
3.2265
2.73077
3.01667
2.98698
2.933
2.78368
2.84432
3.09969
3.09257
2.72002
2.92128
3.403
3.19271
2.72702
3.26025
3.01801
3.04202
2.99995
3.16618
3.26644
2.97008
3.22091
3.11097
2.90132
3.0301
3.17571
3.71374
3.54067
3.1671
3.99479
2.23754
3.42605
3.65786
4.15046
3.11324
3.33828
2.91556
2.75723
3.27075
2.40448
3.118
2.40935
3.67011
3.98898
3.30902
3.54471
3.5857
2.89561
3.11219
3.17172
3.49758
3.50737
3.2948
2.9977
3.17116
3.03616
2.99183
3.21692
3.06089
3.04583
3.35281
3.29816
2.63181
3.49736
3.01151
3.17682
3.0709
2.83959
2.96934
3.02264
2.96417
3.14617
3.03151
3.51801
3.1227
2.91969
3.10387
3.34337
3.39575
3.33691
3.16173
3.49565
3.25338
3.6353
3.11813
3.05768
2.58255
3.95054
3.56537
3.16997
2.91642
3.02314
3.63297
2.93808
3.04052
3.49963
3.45823
3.29825
3.66589
3.51463
3.65639
2.11178
2.58342
2.75685
2.51329
2.63921
2.7129
3.30129
2.86847
1.87562
2.90488
2.66025
3.10931
2.53595
2.98323
2.76012
3.2144
2.90571
3.22324
2.84316
2.94716
2.7759
3.12262
3.24441
3.10476
3.36529
3.27998
3.07796
3.29065
2.75554
2.95433
3.48109
3.83543
3.39176
3.82021
2.97739
2.41186
2.86557
3.13929
2.29646
3.34241
3.08662
2.35469
3.21087
3.24137
2.90854
2.76872
2.71497
2.63654
2.84986
2.7185
2.59629
2.70388
2.27853
2.92594
2.93971
3.00045
3.21784
2.33436
3.45057
3.55309
3.20222
3.26779
3.39565
3.22757
2.97012
3.47854
3.58318
3.24467
3.31183
3.33046
2.88744
2.76973
3.08401
2.94473
3.11024
3.22317
3.09065
2.91162
3.17009
3.30445
2.68734
2.81647
3.06825
2.80422
2.66761
2.85597
2.98395
3.11408
2.76038
2.84696
3.37726
3.24532
2.53766
3.14053
2.7971
2.96085
3.37381
3.7606
3.0084
2.59064
3.12088
3.35024
2.99075
3.27457
3.28394
3.165
3.47821
3.31752
3.3505
2.95182
3.11919
3.47984
3.16556
3.12856
3.12519
2.86051
2.98563
3.21672
2.39693
2.88788
2.53967
3.44742
3.49514
2.86572
3.22428
3.70171
3.20811
2.83694
3.06846
3.14386
3.30626
3.45187
3.43568
3.46809
2.9722
3.07208
3.02219
3.02319
3.2959
3.24506
3.2733
2.8205
3.45291
2.86202
2.91288
3.08689
3.3215
2.91299
3.11764
3.23194
3.02925
2.79968
3.4412
3.00067
3.07931
3.25701
3.14746
3.05717
3.37447
3.35358
2.99145
3.28562
3.76495
3.64404
2.68981
2.85918
3.79097
3.56733
3.22983
2.49271
2.90916
3.29301
3.08594
2.95153
3.09417
3.16838
2.98057
3.35911
3.5794
3.75039
