2.15545
3.31587
2.65445
2.46161
2.74628
2.82067
3.46948
2.85306
1.59791
3.46843
3.20362
3.68804
2.6231
2.26481
3.07878
2.618
2.579
3.57458
2.56563
2.81396
2.91436
3.1163
2.84378
3.35963
3.32716
3.70662
2.99738
3.465
3.20501
3.20952
3.0563
3.5432
3.53697
3.81347
3.02893
2.48089
2.70452
3.08832
2.41971
3.34053
3.12821
2.56852
3.34178
3.21384
2.60804
2.70058
3.02051
2.54486
2.83257
3.14853
2.33746
2.58488
2.04637
2.80934
3.02254
3.46075
3.40468
2.53829
3.63784
3.35157
3.38601
3.67358
3.86224
3.35843
3.14751
3.17599
3.27566
3.17041
3.50361
3.75908
3.29724
3.28496
3.39997
3.42489
3.31557
3.31519
3.24483
3.45744
3.29887
3.41029
3.3054
3.06776
3.21798
3.26164
2.82945
3.04665
3.01796
3.47526
3.08709
3.07403
3.35694
3.61996
2.53272
3.77269
2.6832
3.01947
3.16889
3.46231
2.79718
3.26977
3.58663
3.00494
2.89568
2.9119
3.18514
3.79256
3.14044
3.29078
3.35997
2.03965
3.7267
3.12566
3.39684
3.1137
3.23584
2.98494
2.99919
3.41607
2.6011
3.25288
2.7906
3.62679
3.4043
3.04097
3.61007
3.30887
2.616
3.32231
3.24189
3.3703
3.64593
3.88264
3.14102
3.39204
3.24886
3.53614
2.96575
3.38946
3.09865
3.04534
2.9764
2.6859
3.52041
3.03177
2.77357
2.88546
2.84525
3.15977
3.18525
3.10372
2.98615
2.50395
3.40161
3.09806
2.54688
2.91817
2.82795
2.9505
2.93227
2.94399
3.02592
3.38646
3.32009
3.35015
2.77987
2.98394
3.37956
3.23812
3.54147
2.88286
2.86888
3.57494
2.85582
3.02398
3.65357
3.08294
3.53828
2.8671
3.38998
3.44314
2.13359
2.82758
2.76274
2.47698
2.71265
2.87453
3.46904
2.95372
1.82576
3.05864
2.72621
3.48464
2.32791
2.5433
3.06225
2.73193
2.56997
3.38738
2.7721
2.87358
2.85215
2.592
2.72451
3.24484
3.33373
3.8099
3.00378
3.09429
2.86938
2.88643
3.26246
3.7809
3.53473
3.63697
3.20582
2.20999
2.91394
3.02324
2.64321
3.35094
3.34388
2.80267
3.60306
3.46217
2.5391
2.6341
2.77637
2.4898
2.76715
2.96376
2.63688
2.68901
2.02664
3.15444
3.21269
3.35557
3.17868
2.715
3.37207
3.40983
3.07135
3.69422
3.66976
3.3504
3.36374
3.18463
3.38956
3.11024
3.76359
3.66556
3.50517
3.13763
3.40355
3.13952
3.08281
3.17555
3.32191
3.27358
3.4179
3.44499
3.22267
3.0614
3.18279
3.1062
3.02507
2.99786
3.10141
3.27286
3.07182
3.09686
3.13082
3.54591
2.59362
3.31259
2.68851
3.08459
3.48877
3.07523
3.02513
3.46394
3.27835
3.20642
3.11127
3.13905
3.27571
3.6326
3.18665
3.27002
3.91538
2.5812
3.49835
3.1427
3.7332
3.28173
3.59579
3.09974
2.84307
3.07682
2.82006
2.75302
3.12735
3.52672
3.69983
3.42688
3.55882
3.34184
3.07791
3.25019
3.14242
3.04791
3.85059
3.54101
3.45133
3.52499
3.3098
3.36894
3.15036
3.18947
3.36814
3.38919
2.7619
2.91612
3.15232
2.83645
2.81332
3.01117
3.64598
3.32445
3.40967
3.3359
3.20025
2.81235
3.31626
3.55405
2.75686
3.33688
3.01428
2.98926
2.85566
3.01975
3.12007
3.53614
3.66923
2.78229
2.68107
3.23656
3.55859
3.37239
3.29055
2.80341
3.08794
3.56913
3.00872
3.08506
3.51113
3.16702
2.99207
2.95402
3.14404
3.58493
