2.10891
2.66686
2.71677
2.59411
2.43211
2.80302
3.07035
2.95502
2.00395
2.89881
2.87556
3.16169
2.55899
2.6642
2.88613
2.99665
2.85961
3.2215
2.41796
3.14924
2.92724
3.11897
2.89951
3.73544
2.59924
3.35186
2.74384
2.98577
2.50778
3.14127
3.53101
3.65431
3.5584
3.56712
2.9532
2.72716
2.7995
3.13845
2.63089
3.28172
3.59181
2.86738
3.49021
3.15958
2.5376
3.05157
2.6781
2.48039
2.73947
2.91198
2.68181
2.56334
2.3737
3.10102
3.1701
3.34636
3.67367
2.14314
3.45409
3.54262
3.18352
3.32269
3.53307
3.27979
2.91789
2.91323
2.85608
2.96771
3.50982
3.42306
3.16268
3.24383
3.09914
3.2832
3.48254
3.59887
3.09794
3.24115
3.18387
3.20625
2.90626
2.7878
3.06656
2.96238
3.39613
2.89823
3.1337
3.61828
3.0193
3.21149
3.24658
3.04062
2.34742
3.87988
2.83747
3.13375
3.16711
2.99998
3.76098
3.89807
3.57975
3.85236
3.19017
2.89015
3.07197
3.57271
3.18923
3.44782
3.66624
2.82938
3.62891
3.95838
3.57553
3.07284
3.5583
3.02857
2.9671
3.54519
1.91151
2.78981
3.01476
3.60231
3.83673
3.58356
3.73794
3.46345
2.67767
3.44738
2.97039
3.36738
3.89881
3.59302
3.06384
3.46193
3.3634
3.04152
2.78149
2.96408
3.09773
3.05934
3.01013
3.03413
3.14252
2.92707
2.85825
2.71607
3.36229
3.25438
3.03737
3.0594
3.02495
2.99261
3.03927
3.09071
2.47931
2.98548
2.77258
2.43199
3.08499
2.81401
3.21909
2.96652
3.29179
3.85407
3.2348
3.30671
3.78978
3.79321
3.33799
2.97132
3.23978
3.61986
2.97061
3.58023
3.42708
3.36885
3.18176
2.95875
3.44087
3.70162
2.0632
2.41065
2.60391
2.47646
2.76286
2.87536
3.1219
2.82907
2.13721
3.05288
3.24896
2.8763
2.71259
2.51487
2.7749
2.5613
2.8552
3.08182
2.73043
2.40569
2.78757
2.68671
2.64895
3.15632
2.99944
3.42637
2.90481
2.97253
2.63327
3.33248
3.33361
3.82666
3.68794
3.89046
3.09857
2.5947
2.63337
2.93168
2.22313
3.47991
3.07013
2.73872
3.81888
3.00625
2.72452
2.98636
2.99294
2.38495
2.68753
2.71415
2.65162
2.69038
2.12936
3.03164
3.07279
3.32362
3.8859
2.13233
3.68904
3.3317
3.18169
3.7451
3.86635
3.15178
2.76974
3.4447
3.1948
3.10553
3.64624
3.31885
3.1482
3.04181
3.32413
3.36494
3.26704
3.45572
3.35566
3.11613
3.59196
3.15924
3.20697
2.84661
3.02817
3.10609
3.01845
3.01028
3.06126
3.5465
2.86885
3.01331
3.56145
3.5624
2.70156
3.54756
2.94763
2.96856
3.48463
3.09707
3.37032
3.12937
3.4353
3.14293
2.94426
3.26048
3.14044
3.9853
3.30599
3.53137
4.05391
3.70943
3.22292
4.07517
3.48657
3.19802
3.62112
3.12952
2.87563
3.02821
2.06367
3.23972
3.1895
3.96962
3.80056
3.18676
3.75508
3.62749
3.07139
3.24435
2.98718
3.02101
3.78875
3.60244
3.13096
3.43684
3.1113
2.79706
2.86304
2.81591
3.15022
3.03885
2.96453
2.99961
2.98241
3.18529
2.69402
2.57556
3.14684
3.13929
3.04018
2.95889
3.29481
2.6446
2.86478
3.13754
2.61428
2.86937
2.79693
3.00379
2.84365
3.07515
3.23458
3.41469
3.30459
3.47492
2.57289
3.13986
3.88749
3.19999
3.33193
2.66551
2.99173
3.58583
2.72748
2.77856
3.67609
3.0834
3.16551
3.26998
3.40378
3.60137
