1.62396
2.8883
2.68093
2.39242
2.66716
2.92793
2.97169
2.90152
1.72227
2.91987
3.44469
3.07552
2.64679
2.46371
2.87534
2.62102
2.33018
3.00456
2.5884
2.37667
3.3259
2.83888
2.77237
2.80321
3.30411
3.45487
2.96163
3.0719
3.13135
2.96547
3.3206
3.7042
3.35425
4.07385
3.44741
2.73245
3.17036
3.29769
2.55425
3.43521
3.06565
2.42587
3.2908
3.10645
2.81029
2.82873
2.4807
2.70312
2.80484
2.75198
2.36621
2.63804
2.12236
2.86201
3.21564
2.93934
3.3891
2.59249
3.4925
3.1683
3.28577
3.64444
3.84102
2.82414
2.9316
3.1128
3.11355
2.88438
3.36725
3.60979
2.87553
2.87427
2.8928
3.08177
3.10339
3.20811
3.07793
2.97386
2.7955
2.9143
2.74557
3.03303
2.89684
2.94214
3.13067
2.84924
3.1321
3.35673
2.93684
3.58943
3.20766
2.85239
3.25092
3.55606
2.70112
3.01407
2.76636
2.89731
3.28152
3.19876
3.20746
3.67607
2.88965
3.00422
3.0373
4.15291
3.19279
3.59155
4.3518
3.6259
3.50798
4.58605
3.79275
3.50538
3.33849
2.85188
2.8738
3.05595
2.36204
3.52077
2.8941
3.80024
3.41713
3.15242
3.66527
3.60967
3.22701
3.38217
3.30698
3.64344
3.25104
3.82195
3.17702
3.11587
3.14445
2.84211
3.56787
3.01635
3.14911
3.03352
2.90282
2.7057
3.10386
2.80832
2.98177
3.03624
3.38631
2.83162
3.19944
3.06937
2.9612
2.50643
2.91831
3.00101
2.89034
2.52952
2.79862
2.88172
2.91363
3.22344
3.29666
2.97089
3.58811
3.48852
3.12288
3.12172
3.92532
3.5713
3.22492
2.74053
3.02505
3.53992
2.89106
3.03246
3.53508
3.29971
3.45575
2.82561
3.30054
3.35686
1.84104
2.83213
2.47989
2.47353
2.63404
2.70978
3.22091
2.95576
1.87694
2.98621
2.72743
3.09497
2.37337
2.52869
3.17285
2.67771
2.63425
3.31883
2.77949
2.87468
3.17308
3.13862
2.65011
2.98638
3.00706
2.9254
2.81699
3.35892
2.7962
2.97724
3.39004
3.37908
3.80576
3.81673
2.90611
2.49457
2.79388
3.11877
2.52498
3.33493
3.12883
2.34619
3.40806
2.98119
2.95919
2.64232
2.57995
2.31273
2.56938
2.51362
2.51109
2.54527
2.37782
2.77945
3.11712
3.05269
3.65418
2.28974
3.08234
3.37089
3.13568
3.08848
3.77362
3.26135
2.83445
3.80823
3.13885
2.86417
3.48967
3.27118
2.97068
3.26136
2.9482
3.2724
2.93103
3.54462
3.25292
3.11168
3.11632
3.10261
2.75565
2.70997
2.94251
2.97319
2.51422
2.92969
3.08834
3.16116
2.87012
3.0611
3.18779
3.46427
2.78262
3.40762
2.79406
2.80441
3.05975
3.30315
3.28594
3.40014
2.89722
3.46054
2.97876
3.18987
2.98046
3.89324
3.20211
3.51275
3.75372
3.7367
3.52698
4.52371
3.57141
3.37375
3.60336
3.22185
2.76173
2.85842
2.52656
3.25576
2.77843
3.64182
3.52479
2.89822
3.30983
3.40034
3.29426
3.18472
2.9413
3.02049
3.17858
3.71597
3.22716
3.18671
3.38143
3.06055
3.56625
3.08705
3.10014
3.16042
2.79424
3.00762
3.26022
2.90172
2.77399
2.94069
3.49339
2.8729
2.97937
2.97905
3.05671
2.78259
2.67327
2.73774
3.16434
3.04624
2.95389
2.82369
2.9757
3.23314
2.76374
2.90586
3.26746
2.67513
3.01242
3.20231
3.495
3.31169
3.2058
2.65942
2.90118
3.29346
2.83311
2.72661
3.13883
3.28621
3.47977
2.80101
3.24524
3.7801
