2.03786
2.86894
2.24959
2.22518
2.43375
2.73779
3.03559
2.93552
2.10805
3.18169
2.96386
3.56816
2.49999
2.7047
2.72836
2.48881
2.62322
2.89555
2.57691
2.35504
3.08469
2.56895
2.79004
3.01905
3.17048
3.64937
2.98078
3.66232
3.0559
3.4886
3.36493
3.94642
3.65797
4.3604
3.27026
2.83384
3.16826
3.21024
2.75384
3.57701
3.06045
2.62645
3.59801
3.00863
3.15501
2.79931
3.0504
2.50184
2.97783
2.64272
3.06305
2.79205
2.20571
3.2195
3.1773
3.27986
2.71577
1.69127
2.99178
3.15782
3.33497
3.84089
4.00631
3.33692
2.93407
3.38392
3.43914
3.20679
3.83287
3.9543
3.19665
3.53853
3.35018
3.29027
3.4664
3.60144
3.27653
3.24603
3.05101
2.99732
2.67517
3.21912
3.48354
2.99378
3.09641
3.19865
3.34601
3.57215
3.18091
3.23374
3.43639
3.47819
2.62488
3.70662
3.14413
3.11938
3.26214
3.20977
3.15982
3.46058
3.65273
3.92728
3.14228
3.30738
3.32792
4.02953
2.98124
3.42548
3.88565
2.7505
3.75064
3.80398
2.92787
2.99809
3.10208
3.3864
2.95543
3.17659
2.34823
3.26644
3.10498
3.65431
3.48639
3.16562
3.8004
3.74138
2.97048
3.1894
3.27245
3.5761
3.69706
3.51135
3.25153
3.38981
3.33416
3.20437
3.41497
3.06465
3.15224
3.06866
2.86238
2.77049
3.14341
3.3755
2.93223
2.71295
3.07296
3.19829
3.14174
3.17851
3.42675
2.44244
2.87287
3.07838
3.04396
2.24634
2.85782
2.66767
2.73428
3.13971
2.73231
3.63007
3.50044
4.0986
3.52904
3.03813
3.45872
3.83885
3.22885
3.21149
2.9922
3.59043
2.87897
2.83578
3.26652
3.2089
3.17518
2.71716
3.42045
3.44091
2.08109
2.90031
2.28817
2.19763
2.36532
2.56633
3.01992
3.00246
2.0627
3.01045
3.16771
3.47557
2.22691
2.69147
2.6951
2.54225
2.60223
2.85931
2.61071
2.43491
2.66658
2.85316
2.50906
3.09746
3.31333
4.03511
3.14707
3.47355
2.71923
3.03807
3.52646
3.72208
4.1588
4.33999
3.15646
2.6951
2.75977
3.04788
2.98704
3.35435
3.52917
2.80869
3.85462
3.4858
3.18102
2.6552
2.63372
2.32061
2.86235
2.80448
2.84668
2.72785
2.37762
3.3037
3.21054
3.23664
3.76893
2.88044
2.57875
3.20323
3.46688
3.42351
4.18338
3.43476
3.23609
3.51108
3.32298
3.32697
4.00917
4.05986
3.73633
3.49631
3.1073
2.8894
3.11882
3.39098
3.6809
3.16365
2.94528
3.35185
3.15456
3.2434
3.20059
3.26154
3.21349
2.98584
3.4951
3.25836
3.05283
3.50994
3.49717
3.28556
2.73062
3.75903
2.94568
3.10285
3.51795
3.14436
2.95212
3.71176
3.35663
3.79927
2.74179
3.07269
3.40951
3.98568
3.1778
3.21086
4.0357
3.28057
3.84925
4.05013
3.06919
3.07499
3.57722
3.07598
2.87838
2.99521
2.31964
3.05506
3.44896
3.53055
3.64737
2.96366
3.17766
3.37791
3.39223
3.26126
3.40369
3.56404
3.97872
3.73228
2.94771
3.54362
3.34769
2.85431
3.45989
2.97043
3.23083
3.3917
2.61688
2.85435
2.93139
2.97492
3.01294
2.73412
3.63046
3.31839
3.22819
3.16736
3.03307
2.51625
2.64142
2.95736
3.22213
2.80543
3.04049
2.85113
2.82087
3.00767
2.88443
3.4434
3.12958
3.94506
3.11256
3.47846
3.79996
3.75016
3.39229
3.38663
3.26424
3.58974
2.86048
2.9968
3.23843
3.61849
3.14008
3.29876
3.51261
2.59001
