1.88368
2.82803
2.2337
2.27038
2.24542
2.52536
3.08393
2.96134
1.65894
3.05861
3.12649
3.37534
2.24812
2.85693
2.7613
2.87261
2.61807
3.2666
2.73722
3.1901
3.3888
3.44328
2.91924
3.36431
3.10661
4.28486
3.11666
2.61984
2.97082
3.42023
3.64762
3.71163
3.32988
3.68438
3.20058
2.56067
2.84942
3.45708
2.9065
3.54161
3.30158
2.75849
3.49752
3.68174
3.14011
2.62648
2.80518
2.4288
2.8824
2.6153
2.57191
2.47498
2.11754
3.38262
3.07977
3.76202
3.69155
2.44043
3.81145
3.48492
3.52104
3.54354
4.08894
3.23469
3.33608
3.21273
3.58524
3.08001
3.87992
3.9122
3.01579
3.68759
3.34056
3.15495
3.62318
3.57425
3.40851
3.16402
3.29421
3.25692
2.87993
3.00862
3.07079
3.05758
2.94318
2.99258
3.36588
3.93433
2.87758
3.59271
3.48375
3.38701
2.97172
3.57572
2.58022
3.26974
3.49058
3.45102
3.74152
3.47284
3.51671
3.24516
2.67566
3.20267
3.357
3.14763
3.72998
3.54268
3.75559
3.52842
3.85541
4.48319
3.2133
3.28066
3.51752
2.89417
2.95033
3.67255
2.46857
3.47999
3.29972
3.79936
4.12814
3.2548
3.40153
3.43027
2.87685
3.56442
3.12264
3.40416
3.5056
3.82941
3.53858
3.34345
3.5597
3.48392
3.08663
3.48434
2.9175
2.85519
3.19231
2.90099
3.32574
2.60934
2.91929
2.75466
3.35404
3.16371
2.83186
3.11647
3.13363
2.45497
3.7081
3.16862
2.57252
2.9399
2.87357
2.94309
3.01557
2.88118
3.18844
3.0935
3.78102
4.14465
2.89029
3.01362
3.5956
3.35616
3.22377
2.8777
3.04129
3.6824
3.29366
3.07314
3.49303
3.39613
3.12631
3.28351
3.27623
3.69584
1.81386
2.49573
2.3067
2.00031
2.20797
2.4143
3.11577
3.09353
1.8204
3.20706
3.01748
3.29747
1.99966
2.93797
2.94171
2.34072
2.58322
3.81992
2.76181
2.42375
2.99218
3.08272
2.66724
3.02445
2.92834
4.19747
3.42757
3.37445
3.49607
3.90712
3.40034
3.57753
3.54369
3.90968
3.17517
2.52878
2.72938
3.12294
2.59363
3.15616
3.13093
2.7841
3.81366
3.49774
2.70714
2.94211
2.93387
2.37288
2.51937
2.69461
2.81494
2.64208
2.33247
3.4943
3.56935
3.68092
3.56746
2.58881
3.29399
3.51182
3.35918
3.74637
3.61399
3.05628
3.12148
3.03542
3.34534
3.07044
3.73769
3.63328
2.96513
3.38729
3.2001
3.54657
3.18477
3.22228
3.75634
3.14371
3.26466
3.33629
2.90945
2.86079
2.97354
3.23442
3.19928
3.05157
3.40266
3.5092
3.30945
3.14729
3.64095
3.30073
2.67873
3.44938
2.83621
3.2394
3.2165
3.30173
3.82857
3.55427
3.30381
3.26099
2.45656
2.79944
3.14487
4.16405
3.10577
3.43659
3.67812
3.39972
3.31964
2.80366
3.79325
3.13476
3.49544
3.12473
3.0169
3.43012
2.58612
3.6877
3.52401
3.6198
4.30289
2.61668
3.9888
3.06226
3.27698
3.60228
2.98529
3.10638
3.48076
3.43723
3.50769
3.57363
3.17109
3.45848
3.37601
2.89616
2.94517
3.19383
3.14008
2.68895
3.1935
3.06143
2.84775
2.66276
3.39768
3.24009
3.24599
3.22899
3.34706
2.36613
3.15854
3.00672
2.55384
3.17552
2.91977
2.7388
2.25855
3.4821
3.09719
4.13588
3.90383
4.31276
3.19543
3.30299
3.99261
3.80069
3.24186
3.08019
3.01514
3.94031
2.83219
2.65002
3.16414
3.67112
3.21057
3.11966
3.80255
3.1897
