1.83547
2.68479
2.38653
2.32482
2.546
2.56138
2.79426
2.98649
1.78352
2.97463
2.87664
3.07914
2.57552
2.31131
2.79426
2.70175
2.63511
3.0921
2.61919
2.47669
3.08905
3.06684
2.86007
3.42678
3.37274
3.71796
2.98725
3.0581
3.08057
2.99651
3.15501
4.00083
3.60917
4.36245
3.21262
2.99567
2.74856
3.11521
2.68488
3.23594
3.08524
2.65731
3.61108
3.64541
2.669
2.90116
2.48036
2.46725
2.66141
2.85826
2.48239
2.56974
2.30248
2.85652
3.10757
3.15853
3.40132
2.15595
3.77953
3.36327
3.26892
3.66383
3.67328
3.03046
3.12757
3.14944
3.46006
3.07897
3.51759
3.3816
3.33107
3.69238
3.25113
3.06277
3.3882
3.1968
3.37514
3.1161
2.99416
3.40423
2.88698
3.08578
3.01361
3.0838
3.06506
2.98657
3.47788
3.76698
3.11448
3.65027
3.98285
3.53698
2.89935
3.49966
2.57384
3.0799
3.21013
3.46975
3.25695
3.15495
3.06062
3.25325
2.9031
3.10212
3.04312
3.55177
3.13244
3.38116
3.57367
2.5951
3.22269
3.52555
3.43307
3.10616
2.96199
2.79664
2.80512
3.05227
1.97695
2.78001
2.74383
3.47259
3.94807
3.0189
3.52761
3.27784
2.91451
3.24158
3.44696
3.3996
3.89835
3.85924
3.48565
3.36613
3.21314
3.18694
3.25833
2.73152
3.13535
3.37064
2.87575
2.81377
3.14197
2.72638
3.08151
3.39387
2.9311
3.02139
3.13308
3.05716
3.19421
2.56285
3.14562
3.05173
2.57947
3.11478
2.48687
3.16074
2.91972
2.81826
2.74733
3.2247
3.32255
3.4232
2.99008
2.62151
4.11392
3.27892
3.26131
3.13369
3.00008
3.78078
3.08046
3.15131
3.40966
3.09207
3.50573
3.05038
3.54759
3.58085
1.83296
2.51983
2.60043
2.17152
2.4866
2.64804
2.9214
3.04336
1.82556
2.97854
3.29502
2.86784
2.19488
2.35072
2.89992
2.36647
2.46685
3.37718
2.34652
2.94547
3.06969
3.457
2.93914
2.9709
2.90153
3.65452
2.72329
3.14253
2.99977
3.33068
3.1822
3.9827
3.52873
4.14647
3.23378
2.93899
2.71738
2.84644
2.53912
3.46245
3.64221
2.67556
3.261
3.33705
2.71196
2.87897
2.30592
2.30802
2.77946
2.78771
2.40894
2.45987
2.22445
2.94037
2.88379
3.29291
2.99841
3.19654
2.86765
3.34531
3.4342
3.53897
3.7282
3.42456
3.18478
3.0753
3.13647
3.22459
3.86306
3.72578
3.28554
3.55984
3.00598
3.22205
3.2482
3.35687
3.29264
3.13671
3.14434
3.04113
2.81821
2.96615
3.01597
3.05914
3.20254
3.05182
3.37847
3.7432
3.4267
3.63714
3.34889
3.06707
2.71184
3.18691
2.71157
3.22396
3.24893
3.59753
3.14639
3.17638
3.23326
3.51316
2.97764
2.95601
2.88583
4.01399
3.07787
3.39922
3.96986
3.22698
3.03142
4.18567
3.38844
3.13748
3.42519
2.98349
2.75321
2.91936
2.32124
2.98615
2.62287
3.27243
3.47948
2.63553
3.17402
3.27459
3.20045
3.05013
2.99012
3.02428
3.89165
3.74266
3.36914
3.38819
3.18828
3.39993
3.28741
2.81384
3.2102
3.33068
2.96634
2.57562
3.25579
2.88408
2.89844
2.77137
3.60296
3.07238
3.26134
3.29761
3.14221
2.42865
2.98672
3.5267
2.43914
2.76169
2.56444
2.39531
3.16585
2.65821
3.08695
3.48551
3.40565
2.65487
2.79184
2.95485
4.02937
3.30908
3.19219
3.49948
2.80395
4.1099
3.05242
2.94837
2.75459
2.89089
3.07582
3.28692
3.68647
3.43498
