1.76482
2.97871
2.48636
2.22091
2.51944
2.869
3.13499
2.93952
1.93518
2.95892
2.9227
2.85371
2.34367
2.63285
2.83574
2.80809
2.64387
3.21346
2.7634
2.83365
3.02502
2.75082
2.82721
2.79491
3.59301
3.74747
2.95828
3.07815
2.9915
3.13258
3.21356
3.46104
3.64149
3.4767
3.10473
2.67927
2.83966
2.90207
2.71668
2.99139
2.96038
2.41437
3.26225
3.28351
3.23731
3.10923
2.77948
2.48819
2.52301
2.46438
2.53858
2.60643
2.12593
3.06859
2.95364
3.12198
3.66049
2.23577
3.67338
3.23822
4.01317
3.55335
4.08994
3.13473
2.75793
2.89397
3.1074
3.06677
3.41747
3.5043
3.1079
3.05376
3.00899
3.04525
3.33663
3.5463
3.23561
2.91681
2.85153
2.94136
2.86967
2.84068
3.06144
3.0669
2.88027
2.96206
2.93516
3.15771
2.87815
3.32604
3.74156
3.46865
2.84463
3.96345
2.50675
3.07754
3.23167
3.29708
3.19561
3.08097
3.37339
3.10734
2.64397
2.87866
3.12556
3.74358
3.45935
3.20704
3.99376
2.8363
3.70447
4.01628
3.30241
3.14651
3.11974
2.98809
2.97646
2.89023
2.2105
2.5636
2.84493
3.60894
4.44774
3.03665
3.65668
3.43667
2.73625
3.2305
3.22807
3.50425
3.68896
3.52764
3.28545
3.30387
3.27981
3.30097
3.07159
2.90782
3.08221
2.75713
3.08158
2.76246
3.16867
3.09713
2.73804
2.61127
3.45888
3.22076
3.26132
3.02735
3.07646
2.75271
2.85742
2.65193
2.64424
3.48508
3.01152
3.0515
3.14226
2.67127
2.7734
3.01478
3.31891
3.24541
2.8085
3.21636
3.4015
3.40324
3.09738
2.91117
2.9645
3.60036
2.88126
3.25864
3.34292
3.21166
3.2158
3.05327
3.36512
3.55191
1.66018
2.69363
2.49571
2.16763
2.51247
2.71626
3.18598
2.91054
1.77963
2.65732
2.68096
3.00686
2.35158
2.66966
3.1005
2.65881
2.70485
3.16578
2.70856
2.87449
2.79222
3.40694
2.61806
3.03898
3.05973
3.87586
3.0511
3.3464
2.68546
3.13029
3.40436
3.73152
3.60693
3.86254
3.16172
2.90373
2.66243
2.75011
2.95647
3.24037
3.00309
2.6419
3.39332
3.39459
3.06355
3.16518
2.92108
2.60486
2.72406
2.69742
2.53338
2.55403
2.06321
3.097
2.89185
3.09265
3.44976
2.28435
3.84539
3.34132
3.73409
3.70893
3.86014
3.13078
2.92803
2.98073
3.27033
3.05035
3.50565
3.55939
3.27901
3.3815
2.98242
2.95446
2.98624
3.07754
3.24134
3.16598
2.96854
3.03784
2.76308
2.98352
2.74373
3.10652
2.9588
3.10971
2.93846
3.2839
2.97388
2.96391
3.49586
3.2305
2.63809
3.88389
2.69792
2.9626
3.31584
2.84577
3.2245
3.28008
3.37679
3.23435
2.57823
2.80383
3.05198
3.69259
3.59288
3.40197
3.4027
3.43156
3.73397
4.10941
3.62331
3.0079
3.04024
2.84206
2.86092
2.81328
2.48688
2.66471
2.34073
3.57095
4.20122
2.65016
2.86192
3.23263
3.1611
3.19928
2.81068
3.2066
3.70544
3.65533
3.39822
3.38706
3.17839
3.15994
3.16855
3.19665
3.25852
3.32319
2.4462
2.78321
3.22652
2.81865
2.97355
2.59737
3.09909
3.2064
3.14828
3.23342
3.06123
2.84569
2.44373
2.99468
2.65307
2.78463
2.79094
2.95367
3.0063
2.76546
2.96055
2.98884
3.33388
4.0247
3.06442
3.65622
3.83277
3.17426
2.94213
2.95961
2.87201
3.74094
2.99275
2.85427
3.02916
3.13384
3.20781
2.96919
3.54501
3.67936
