2.00491
2.79722
2.66447
2.20852
2.34168
2.65649
2.86139
2.96137
1.80017
3.01285
2.92444
3.11281
2.73696
2.44863
2.88357
2.48564
2.62458
3.20069
2.69908
2.89241
3.2452
3.23571
3.02759
3.05158
3.47737
3.94265
2.98335
3.18846
2.9845
3.4752
3.38866
3.48786
3.71462
4.17726
3.27303
2.48113
2.86494
2.88317
2.64315
3.28769
3.28535
2.66362
3.56828
3.85149
2.73086
2.53727
2.61817
2.86407
2.54415
2.65597
2.44868
2.60989
2.18657
3.3556
3.35704
3.2387
3.10254
1.85952
2.80501
3.18483
3.37057
3.52499
3.91274
2.84504
3.25996
3.66981
3.37426
3.12738
3.66073
3.5277
3.36724
3.00749
3.07996
3.31779
3.42896
3.4738
3.21249
2.99614
2.90063
2.98016
2.99256
3.05085
3.21766
2.92259
3.1678
2.93232
3.03894
3.18886
2.66699
3.47622
4.156
3.87287
2.62803
3.49295
2.82936
3.27486
2.88816
3.80812
2.88122
3.238
3.72773
2.99316
2.35893
2.69557
2.91025
3.26839
3.1715
3.18523
3.64184
2.1546
3.42513
3.43841
3.16729
3.06918
3.03777
3.22578
2.80934
3.33407
2.14066
2.88595
2.81194
3.63301
4.1805
3.06699
3.80983
3.25434
2.57144
3.18442
2.97731
3.11397
3.69493
3.64485
3.52003
3.23872
3.23959
3.38896
3.59801
3.65464
2.81828
3.31288
3.39732
2.95287
3.37771
3.23908
2.99221
2.6575
3.43195
3.30021
3.20504
3.38937
3.40125
2.48264
3.37697
3.08118
2.65708
3.0597
3.0276
2.94558
3.32072
2.71041
2.93009
3.09421
3.35156
2.21929
2.76885
2.82358
3.24591
2.87692
3.20242
2.7704
3.28685
3.7192
2.81116
3.03543
3.36067
3.01423
3.07095
2.31078
3.70704
3.10108
1.89747
2.76351
2.68978
2.38753
2.47346
2.63172
2.63461
3.18162
1.70954
3.03379
2.78492
3.02327
2.50099
2.69169
3.06428
2.62857
2.90648
2.97873
2.65203
2.57905
3.10791
2.89977
2.66872
3.01301
2.74048
3.88235
3.13024
3.35758
3.09156
3.25077
3.44386
3.59153
4.04065
3.94639
3.32974
3.01446
2.70123
3.0784
2.44854
3.52138
3.26955
2.67475
3.94183
3.57613
2.7137
2.57019
2.88693
2.47621
2.6811
2.55154
2.71307
2.50446
2.27456
3.08986
3.33592
3.54275
3.58467
2.17415
3.43677
3.56316
3.24588
3.48205
3.76156
2.93789
2.79669
3.42384
3.10933
3.0002
3.48793
3.24693
3.41358
3.30363
2.95323
3.12316
3.40039
3.52277
3.47645
3.11913
3.04457
3.38914
2.95738
3.10731
3.10498
3.25447
3.15821
3.01632
3.09155
3.243
3.25885
3.77836
3.25752
3.59512
2.69158
3.6984
3.07462
2.76131
3.06003
3.28124
3.35241
3.21739
2.85199
3.07655
2.50813
2.92861
2.833
3.44861
3.82673
3.35518
3.44114
2.65071
3.3799
3.10153
3.55612
3.04735
3.39833
2.7654
2.996
3.34787
2.53084
3.31691
2.98338
3.71658
3.7841
3.06855
3.90128
3.66046
3.45001
3.3459
3.48668
3.19961
3.93055
3.54334
3.50964
3.19653
3.14794
3.3209
3.53374
3.25551
3.20878
3.25977
2.96015
2.95005
3.0689
3.09086
2.8019
2.6736
3.24291
3.04513
3.26057
3.15989
3.1276
2.87855
3.67998
2.97965
3.36361
3.15983
2.99166
2.74214
2.51019
2.83655
2.95144
3.83406
3.49407
2.55059
2.25268
2.82158
3.3904
3.18197
3.07753
3.12345
2.88321
3.76842
3.11654
2.82869
3.35371
3.37065
3.62151
2.88042
3.61381
3.51698
