1.74197
2.6322
2.25292
2.22203
2.3618
2.57291
3.25861
2.81978
1.69775
2.92799
2.88732
2.86523
2.40367
3.19967
2.53404
2.31558
2.62237
3.25971
2.46582
2.44871
3.08649
2.91609
2.59504
2.97058
3.23565
3.63456
2.80683
2.87912
2.65191
3.15951
3.233
3.13068
3.61785
3.60693
3.33659
2.87421
2.83063
2.96949
2.50395
3.29898
3.00153
2.53749
3.25275
3.2739
3.01619
2.55939
2.51236
2.16433
2.3191
2.47253
2.47532
2.32625
2.19292
3.10312
3.01748
3.2959
3.79451
2.69508
3.52095
3.06589
3.25165
2.97585
3.39074
2.63005
3.18704
2.8831
3.27961
2.809
3.1255
3.47287
2.67637
3.08342
2.87601
3.26141
2.99655
2.79699
3.28441
3.00985
2.86377
2.83605
2.80573
2.68248
2.80811
2.99297
3.03482
2.63003
3.1569
2.8
3.08333
3.35707
3.40464
3.09274
2.63767
3.5042
2.40973
2.90635
3.12963
3.38985
2.86069
3.01499
2.97735
2.8798
2.49901
2.74418
2.62815
3.66215
3.30725
3.18417
3.49086
2.08458
3.36006
3.56161
3.36835
2.96108
2.93591
2.58443
2.60369
3.10296
2.39384
2.85039
3.06256
3.60801
3.48772
2.57121
3.00899
2.7694
2.74661
2.96985
3.06714
3.37796
3.14238
3.38871
3.08052
3.12882
2.92568
2.92917
3.05858
2.96287
2.90215
2.7836
2.5988
2.53181
2.93796
2.69865
2.74795
2.56657
2.62391
2.74005
2.88562
2.88975
2.85995
2.42598
2.59537
2.75493
2.34737
2.62405
2.8567
2.73795
2.42826
2.82979
2.76418
3.06795
3.28601
3.11089
2.62129
2.58862
2.91536
3.14392
2.90318
2.77979
2.78323
3.42512
3.02228
2.53558
3.09751
3.16093
3.27146
2.71202
3.29673
3.52142
1.76248
2.6095
2.40668
2.16039
2.3433
2.49611
3.30295
2.77189
1.77903
2.95196
2.44715
3.09193
2.43664
2.60964
2.81048
2.62565
2.72759
3.32458
2.75463
2.48097
3.17783
3.11115
3.04177
2.48949
2.69145
3.46473
2.57673
3.50125
2.6374
2.84961
3.32643
3.2726
2.90992
3.56562
3.02905
2.26127
2.77113
3.23168
2.77534
3.32513
3.0225
2.54731
3.16392
3.15363
2.48209
2.45509
2.71434
2.4295
2.06896
2.37468
2.60259
2.44495
2.21238
3.08974
2.94714
3.25156
3.6221
2.42084
3.31022
3.22227
3.30307
3.3815
3.29223
2.89532
2.73485
2.84977
3.34784
2.93513
3.3879
3.62787
3.08396
2.82396
2.68772
2.95886
2.78053
2.80029
2.88196
2.89867
2.96712
2.40136
2.63474
2.6799
2.88716
3.07677
2.85096
3.02171
2.96226
3.02051
2.90381
2.39314
3.23117
3.26753
2.8227
3.30371
2.85148
2.87908
3.16681
3.26704
2.94518
3.20093
2.57333
2.86209
2.70591
2.509
2.80137
3.3594
3.30411
3.06998
3.16945
2.82465
3.18456
3.24595
3.59279
2.86598
3.35467
2.68898
2.51839
2.9043
2.22997
3.24411
2.61317
3.5067
3.64506
2.9047
3.26973
3.25953
3.0774
2.97545
2.94226
2.96053
3.24168
3.39014
3.35253
3.25969
2.80357
2.84795
3.05927
3.01961
3.11298
2.80799
3.11006
2.63765
2.91148
2.5857
2.49518
2.48573
2.88217
2.9524
2.89331
3.06687
2.90962
2.52564
2.54449
2.66028
2.90112
2.75049
2.52297
2.58038
2.44935
2.48751
2.83928
3.39053
3.19486
3.20169
2.54112
3.10581
3.16071
2.94062
2.73119
2.66017
2.50922
3.39741
2.91015
2.62671
3.19211
2.83025
3.40294
2.69341
3.47258
3.20073
