1.74857
3.15405
2.64876
2.19611
2.60372
2.90394
3.27992
2.84217
1.97726
2.65487
2.83367
3.46857
2.6353
3.09812
2.9831
2.80038
2.77447
3.51117
2.78063
2.61029
3.37671
3.26683
3.12355
3.13277
3.70014
3.92113
2.9331
3.17863
2.83455
3.59597
3.81453
4.03861
3.62212
3.60587
3.1163
2.6823
2.73776
3.23373
2.95357
3.3185
3.16948
2.79614
3.46346
3.65621
3.31875
3.27653
3.32137
2.59369
2.86587
3.24085
2.90151
2.66771
2.00934
3.16598
3.23885
3.22261
3.15489
2.51847
3.41403
3.27136
3.04342
3.52408
3.95366
2.93635
2.79725
2.86714
3.45927
3.2698
3.31925
3.83931
3.25551
3.7537
3.17183
3.30994
3.5138
3.61074
3.43672
3.13214
2.99236
2.92202
3.08604
3.15941
3.12612
2.97706
3.50263
3.19092
3.35513
3.53538
2.66129
3.37245
3.81957
3.0701
3.21208
3.59789
2.66946
2.76712
3.29719
3.13986
3.22665
3.40768
3.64702
3.32896
3.06188
3.10076
3.28618
3.52629
3.69002
3.23381
3.97153
2.52964
3.25796
3.88267
2.93869
2.96143
3.37541
3.10837
2.98895
1.90423
2.23604
2.36649
2.75072
3.24218
3.91714
3.66544
3.65093
2.3895
2.89211
3.16382
3.27187
3.74076
3.76798
3.70514
3.14616
3.1174
2.96742
3.43154
3.6769
2.64507
3.29344
3.23681
3.22443
3.01565
3.54355
2.96938
2.92246
2.86779
3.82961
3.37866
3.24667
3.19068
3.41327
2.6968
2.58516
3.01076
2.71619
3.25621
3.436
2.81224
2.49702
2.96916
3.48267
3.02536
3.44681
3.97835
2.9981
2.9383
3.33827
3.43069
3.21469
3.25951
2.76731
3.67623
3.00521
3.2662
3.70613
3.10671
3.15873
3.05923
3.48815
3.1739
1.73874
3.00696
2.56527
2.2854
2.53274
2.74772
3.16577
2.96001
1.92132
3.08364
3.06748
3.31103
2.40722
2.66458
2.98879
2.76134
2.86469
3.3719
2.70471
2.78806
3.11653
3.28402
2.86142
3.0704
3.63189
3.95053
3.2375
3.26446
2.78468
3.40051
3.05827
3.53356
3.42131
3.53162
3.18581
2.61331
3.1553
3.14323
2.80588
3.58882
3.1992
3.00941
3.74562
3.41932
3.09946
3.05565
2.89633
2.69042
2.86921
2.83033
2.94069
2.71705
2.19606
3.25102
3.12646
3.56506
3.54782
2.07604
3.51793
3.58236
3.63846
3.62972
4.36741
3.10195
2.76812
3.21815
3.30192
3.04452
4.09988
3.49386
3.33636
3.68934
2.91747
3.01829
3.30584
3.21773
3.48641
2.8847
3.25783
3.19465
3.34713
3.01807
3.02091
2.91514
2.81902
3.14346
3.24035
3.61958
2.97973
3.72607
3.50291
3.46908
2.8358
3.56048
2.75655
3.07605
3.2268
3.00487
2.93335
3.28254
3.69433
3.38093
2.53527
3.12773
3.27804
3.87958
3.5934
3.31265
3.57145
3.55208
3.69469
4.01492
3.28884
2.98099
3.40234
2.8343
3.0791
2.54444
2.56877
2.74301
2.68834
3.8006
3.81383
3.28131
3.45048
3.47052
3.08869
3.50706
2.754
2.81043
3.67008
3.12731
3.09444
3.14109
3.33302
3.02554
2.96561
3.35005
2.94228
3.12145
2.951
2.74508
3.11582
3.18471
2.87942
2.91417
3.26203
3.08493
3.61831
3.2613
3.42871
2.64883
2.77485
2.81692
3.104
2.93331
3.0064
2.64126
2.53961
3.0388
3.20751
3.32595
3.39674
3.12863
3.03927
2.86711
3.39049
3.34832
3.53497
3.23182
2.99871
3.39717
2.72361
3.08486
3.81075
3.19485
2.87354
3.75212
3.20283
3.93156
