1.82389
2.49225
2.5605
2.16731
2.32007
2.51415
3.13901
2.97267
1.79565
3.3804
3.16556
3.16575
2.2802
2.23115
2.66975
2.64694
3.0238
3.01196
2.87623
2.41391
3.62562
2.8535
2.53918
2.88878
3.47055
3.4954
2.84411
3.3482
2.76194
3.25062
3.39379
3.80169
3.59955
3.96954
2.98258
2.88754
2.66073
3.21853
2.68584
2.95305
3.26961
2.7661
3.51778
3.16196
2.90325
2.73358
2.9337
2.62555
2.73053
2.73785
2.61509
2.72225
2.11838
3.14174
3.07253
3.15057
3.56593
2.4458
3.64823
3.0661
3.29735
3.46574
3.59336
3.18106
3.16502
3.0852
3.22798
3.01093
3.50312
3.48641
3.01044
2.79374
3.18344
3.32196
3.11749
3.10858
3.22898
3.1169
3.10437
2.88844
2.81816
2.94924
2.86432
2.95105
2.70032
2.91453
2.92712
3.38051
2.75216
3.23615
3.0673
3.27068
2.31039
3.5241
2.84709
3.14286
3.22178
3.35017
2.77326
2.87646
3.50253
3.2908
2.31235
2.73155
3.32905
4.26728
3.31287
2.98515
3.36021
3.25247
3.46217
4.50939
3.01718
2.93033
2.97682
2.85952
2.83354
2.90049
2.2893
3.10273
2.36385
3.3202
3.81309
3.01056
3.18583
3.33752
2.57979
2.98922
3.15592
3.16548
3.25354
3.49375
3.30406
3.16476
3.0096
3.06115
3.27947
3.12733
3.36998
3.01374
2.94524
2.78258
3.00302
2.79194
3.05718
2.94443
3.24722
3.22905
3.05362
3.24272
3.14279
2.79991
2.88771
2.62616
2.49698
3.16337
2.62292
2.82667
2.67667
2.44426
2.82611
3.39448
3.22351
3.31223
3.00621
2.79074
3.41194
3.13914
3.00478
2.7803
2.62811
3.30453
2.79935
2.79655
3.57923
3.03521
3.36493
2.86543
3.17554
3.23558
1.84996
2.82529
2.50728
2.16704
2.38394
2.80343
2.8377
3.04095
1.70673
3.016
2.90771
2.88127
2.38007
2.61803
2.695
2.72669
2.89666
3.30506
2.62184
2.8457
2.73574
2.98494
2.86136
2.88758
2.72474
3.71727
2.57134
3.30339
3.03107
3.23513
3.48291
3.62062
3.56282
3.70427
3.06264
3.09146
2.69899
2.84105
2.68224
3.23091
3.21666
2.70761
3.24725
3.00292
2.7931
2.47919
2.66612
2.58467
2.83233
2.6278
2.58308
2.67795
2.05737
3.18809
3.27426
3.06042
3.2924
2.28309
3.15824
3.32033
3.14567
3.56117
3.38423
2.86931
2.51897
3.19623
2.85307
2.92157
3.41033
3.4605
2.90988
2.94206
3.04557
2.94383
3.01375
3.03738
3.02605
2.96844
3.03528
3.05227
2.81922
2.92141
2.8956
3.00882
2.78369
2.84184
2.7158
3.04432
2.93912
3.30067
3.22911
3.2173
2.13705
3.42252
2.82972
3.0064
2.91858
3.38442
3.06163
3.28033
3.51176
2.96662
2.23075
2.83411
2.8691
4.08732
3.61187
3.10332
3.35803
3.58955
3.46006
3.53156
3.52192
3.11294
2.96323
3.08349
2.86836
3.03224
2.33758
3.22593
2.58268
3.50792
3.40661
2.6423
3.19817
3.72243
2.91122
3.00756
2.97048
3.03228
3.50204
3.3676
3.27203
2.74487
2.89957
3.16833
3.13272
3.28228
2.90473
2.92416
3.08227
2.72813
2.89747
3.14311
2.67559
2.8056
3.2009
2.89083
3.29074
3.14762
2.9071
2.7288
3.3333
2.9131
2.43816
2.97579
2.81006
2.91535
2.56987
2.3463
2.82489
3.06676
3.55306
2.81913
2.45387
3.06454
2.99807
3.37541
3.19156
3.10234
2.76788
3.371
2.79613
2.55511
3.26548
2.82194
3.55693
2.68242
3.50932
3.66599
