1.88802
2.97631
2.13269
2.03728
2.363
2.84325
2.94717
2.8351
1.80773
2.75518
2.93086
2.89599
2.26413
2.7424
2.68335
2.87419
2.41062
3.64655
2.79984
2.43237
3.71097
3.39003
2.65661
3.63662
3.43075
3.41673
3.11545
3.59902
2.77705
3.18035
3.63684
3.99074
3.36817
3.8988
3.15919
2.21498
2.65715
2.93281
2.4968
2.87927
3.22852
2.56121
2.82503
2.90001
2.63693
2.59198
2.63434
2.52937
2.49662
2.61701
2.61065
2.52076
2.07145
2.99575
3.05617
2.73221
3.73938
2.74483
3.86321
3.42197
3.69922
3.35094
3.12905
3.49916
3.21322
3.1106
3.1227
2.93903
3.28213
3.12525
2.95379
3.45113
2.99467
2.74028
3.20294
3.13761
2.99427
2.65573
2.9889
2.95994
2.99712
3.26947
2.73507
2.9311
2.98532
2.88234
3.06537
3.63095
3.01312
3.58171
3.53711
3.41204
3.05252
3.33931
2.71598
3.11665
2.97616
3.30224
2.6565
2.9131
3.13203
2.81919
2.43491
3.07823
2.99667
3.54135
3.15114
3.20485
4.43033
2.77023
3.56794
3.69519
3.07103
3.04431
3.03754
2.69899
2.83843
3.27507
2.58587
3.00124
2.49051
3.51463
3.76239
3.37201
3.59998
4.24826
3.2404
3.20801
3.28815
3.55588
3.5903
3.63781
3.97718
3.48383
3.29962
3.25946
3.39351
3.01779
3.38281
3.07765
2.85896
2.74271
3.43763
3.02874
2.54894
2.73459
3.12128
3.23462
3.17884
3.16292
3.22404
2.27509
3.20078
3.14975
3.69743
2.63672
2.98097
2.90345
3.0661
3.20647
2.89407
3.17671
3.10942
2.74451
3.45631
2.67306
3.32204
3.20549
3.09531
3.09043
2.8924
3.71358
3.19613
3.50583
3.66445
3.12451
3.85503
3.09119
3.64417
3.43583
1.78646
3.15242
2.2012
2.31362
2.36065
2.78626
2.97386
2.95208
1.91965
2.78242
2.92438
3.19931
2.63789
2.55214
3.0543
2.71868
2.47841
3.71617
2.6985
2.87796
3.23405
3.0832
3.0769
3.37785
3.19058
3.33113
3.03152
4.2122
2.62569
3.03595
3.59449
3.60653
3.07813
4.09944
3.39107
2.41005
2.43791
2.90744
2.28834
3.04431
3.1102
2.57947
3.05644
3.25613
2.39699
2.7758
2.68573
2.57087
2.25479
2.91403
2.66075
2.64665
2.22906
3.08484
2.93717
3.34206
3.21014
2.81072
3.33974
3.05827
3.64541
3.50115
3.34408
3.37543
3.03328
3.64566
3.15256
3.10321
3.56954
3.40625
2.97813
3.07949
3.07376
3.32179
3.37802
3.31175
3.4636
3.38793
3.41908
3.20437
3.10614
3.02891
3.25831
3.22964
3.09583
3.12373
2.89014
3.56074
3.19965
3.74285
3.73819
3.23251
3.08069
3.38295
2.92466
3.07931
2.93717
2.89379
3.16546
3.5133
4.15608
3.41469
2.71414
3.19761
3.00244
3.88458
3.1516
3.34195
4.30736
2.72996
3.56703
3.28421
3.87276
3.17882
3.54597
3.00374
2.80946
3.06511
2.89656
3.22118
2.81614
3.65333
4.16228
3.0489
3.91473
3.91715
3.31446
3.53488
3.11548
3.03846
3.80939
3.94233
3.56127
3.26262
3.18254
3.17204
3.5255
3.29542
3.48363
3.40448
3.28549
2.48751
3.29311
2.94128
2.80756
2.83107
3.36503
3.21561
3.44167
3.26249
3.157
2.93741
3.55623
2.87802
3.59058
3.35403
3.3034
3.12515
3.5261
3.21703
3.16869
3.92044
3.06798
3.28683
3.0872
2.74905
3.62005
3.61403
3.40287
2.8369
3.06204
3.36792
3.10536
3.11618
3.7506
3.67234
3.83825
2.96341
3.25016
4.21563
