2.0549
3.12729
2.51628
2.49642
2.77816
2.89368
3.32569
2.89646
1.71778
2.91346
2.61024
3.02018
2.34252
2.78486
2.84813
3.14323
2.87975
3.52404
3.03347
2.53439
3.07549
3.70159
3.07425
2.93507
3.47326
3.60217
3.21764
3.10839
2.76907
3.60878
3.87593
3.86739
3.34135
4.12065
3.35284
2.60475
2.64681
3.2311
2.60651
3.2264
3.43857
2.86194
3.20058
3.48315
2.68491
2.36972
3.0998
2.76459
2.54593
2.69594
2.75715
2.72274
2.00153
3.34487
3.12954
3.08188
3.38532
2.53223
3.36813
3.12317
3.57879
3.62041
3.54605
3.1459
3.13488
3.03714
2.95727
3.06859
3.74768
3.35871
2.72942
3.31064
3.12177
3.03755
3.15988
3.49573
3.54809
3.27354
2.83329
3.0371
2.79113
2.85129
2.97871
2.931
3.33305
2.89863
2.80135
3.55027
3.32846
3.8718
3.82081
3.23988
3.18547
4.01962
2.86731
3.07734
3.09408
3.58162
3.07353
3.13825
3.64711
3.40848
2.73787
2.99036
3.47012
3.89829
3.38063
3.28985
3.18935
1.90999
4.0305
4.0132
3.56132
3.19796
3.36119
3.22393
3.11875
3.25775
2.3772
3.1399
2.91382
4.01374
3.89026
3.27195
3.75798
3.33552
3.24229
3.38029
3.54605
3.53658
3.96489
3.67822
3.38508
3.43534
3.0412
3.15533
3.60038
3.33124
3.19551
3.07522
3.64587
2.63222
3.47867
2.81338
2.89355
3.09151
3.69724
3.31505
3.33106
3.47229
3.52855
2.77115
3.31369
3.00807
2.87988
2.79366
3.03946
3.068
2.91876
3.08888
3.09034
3.45284
3.4616
4.0775
3.93994
3.74491
3.43498
3.74127
2.96521
2.86374
3.24731
4.00041
2.79359
2.72502
3.92037
3.12951
3.42518
2.98274
3.40537
3.65768
2.04819
3.12507
2.69823
2.49975
2.80885
2.9328
2.99172
2.96975
1.97308
3.03422
2.80966
3.06453
2.60213
2.93365
2.964
2.68153
2.82879
3.16815
2.90812
3.0385
3.6767
3.28226
3.10145
3.09017
2.98921
4.00674
3.3156
3.22175
2.87981
3.2704
3.35033
3.60658
3.58097
4.11512
3.02739
2.52715
2.56236
2.92674
2.72777
3.32755
3.20455
2.73809
3.81959
3.37083
3.02923
2.54877
2.90174
2.57859
2.67274
2.8096
2.59264
2.7082
2.16225
3.37124
3.26122
3.25911
3.66009
2.4405
3.71789
3.29594
3.58925
3.5357
3.92468
3.0224
3.35671
2.8502
3.11366
3.54035
3.77288
3.37548
3.20929
3.10779
3.18712
3.23661
3.14615
3.29338
3.64115
3.3833
3.0233
3.16393
3.08912
3.0655
3.08484
3.05294
3.02116
3.31406
3.28844
3.24198
3.06836
3.14376
3.50128
3.33807
3.1062
3.96188
3.07325
3.05725
3.69378
3.16944
3.0659
3.13
3.75758
3.58719
2.70124
2.80808
3.2008
3.8394
3.38032
3.53248
3.80913
3.16503
3.85007
4.22659
3.16679
3.36545
3.54127
2.94204
3.14412
3.05483
2.54777
2.87566
2.68097
3.81044
4.0684
2.71346
3.19555
4.11098
3.4284
3.35428
3.08717
3.07509
3.96234
3.77906
3.36119
3.11615
3.16949
3.20533
3.66501
3.22129
3.03172
3.50105
2.9139
2.732
3.26406
3.21843
2.92101
3.02023
3.07073
3.22451
3.14569
3.15626
3.37104
2.97107
2.91723
3.01222
3.52046
2.95173
2.88081
3.03994
2.8047
3.09287
3.05419
3.29161
3.61076
3.88011
3.34934
3.28554
3.22687
3.83301
3.13991
2.85064
3.03006
4.11392
3.1092
2.72529
3.31592
3.38724
3.38573
2.82369
3.37742
3.88846
