1.85838
3.07142
2.60235
2.30455
2.58553
2.80688
2.91882
2.84034
1.71207
2.94221
2.46616
2.839
2.41915
2.48988
3.13335
2.89553
2.5106
2.99839
3.00281
2.49768
3.01196
3.32297
3.19352
3.57903
3.58411
3.63834
3.09089
3.15583
2.71644
3.41224
2.99912
3.73983
3.33056
3.74681
2.70576
2.35238
2.68565
2.9252
2.63905
3.11087
2.78308
2.60137
3.35857
3.22129
2.7625
2.46241
2.72097
2.87727
3.32728
2.70415
2.40605
2.51709
1.99956
2.90493
3.04052
2.86743
3.66335
2.01598
3.43678
3.22781
3.39109
3.38075
3.8767
3.01546
3.13242
2.78624
3.04252
3.05303
3.57511
3.27829
3.13115
3.04951
3.21507
2.96462
3.07401
3.27345
3.16107
3.19515
3.34929
3.38378
2.88069
2.99697
3.12209
3.16089
2.97666
3.21259
3.67164
3.36482
3.2635
3.7567
3.5498
2.97794
2.77709
3.60469
2.87715
2.88032
3.05282
3.45077
2.97049
3.24053
3.69396
3.22072
3.03378
3.30096
3.16894
3.92769
3.21528
3.42544
3.75777
3.07651
3.30974
4.08499
3.66202
3.24076
3.6308
2.75596
2.69287
3.05619
2.21865
2.74691
2.48642
3.68028
3.13817
3.0683
3.35171
3.47655
3.06067
3.35726
3.08725
3.47433
3.63503
3.55416
3.35969
3.20639
3.20912
3.42355
3.17173
2.73344
3.16469
3.24241
3.03167
2.88115
3.07733
2.97745
2.89129
2.74424
3.28609
3.08082
3.12803
3.08816
3.18439
2.5338
3.11209
2.89555
2.86334
3.24086
2.88351
2.58289
2.85868
3.2089
3.12378
3.26459
3.54033
3.16009
3.17491
3.41089
3.29288
3.49377
3.3822
2.81472
2.95442
3.58414
2.85677
3.20444
3.48957
2.92041
3.73679
2.75925
3.53152
3.16542
1.82837
3.00117
2.53039
2.35484
2.48066
2.67054
3.51037
2.8326
1.68694
3.06736
2.84162
2.74707
2.29635
2.54869
3.1054
2.95275
2.84896
3.0447
2.73324
2.32384
2.85722
2.72514
2.90677
2.64634
3.34839
3.50988
2.95119
3.19346
2.8448
3.51879
3.27223
3.88666
3.73712
3.51232
2.91215
2.63335
2.86584
3.27783
2.91416
2.89179
3.41336
2.89125
3.19511
3.25998
2.74356
2.80314
2.77228
2.64432
2.96535
2.72758
2.64889
2.59027
1.93979
3.28982
3.37077
3.49224
3.95813
2.46898
3.15191
3.14401
3.89693
3.2949
3.59618
3.13177
3.12442
2.74624
3.35739
2.93484
3.57085
3.53337
3.43416
3.37341
2.98193
3.0738
3.04678
3.57616
3.23763
2.96031
3.07273
2.90299
2.8252
2.8312
3.12159
3.27605
3.08204
3.0825
3.24033
3.5208
2.96087
2.84378
3.55782
3.1287
2.63192
3.37549
2.89715
2.84222
3.03059
3.48993
3.25278
3.54344
3.61329
3.05459
2.97817
2.86604
3.07537
4.35862
3.30679
3.46404
3.97101
3.51116
3.10884
3.97703
3.08661
3.05081
3.36384
2.94728
2.80449
3.3186
2.35206
2.87002
2.47429
3.42981
3.71872
3.28545
3.14478
3.02568
3.1513
3.06795
2.85361
3.18328
3.72735
3.52708
3.38858
3.38241
3.33837
3.08609
3.46461
3.0008
3.1477
2.92898
2.75976
3.14638
3.31193
2.75675
3.07312
2.85919
3.15504
2.94377
3.1544
2.97183
3.35012
3.06818
3.24081
3.02515
2.8867
2.90399
2.72233
2.50602
3.00574
2.89298
2.83221
3.2974
3.75057
3.51831
2.73446
3.59257
2.99572
3.29944
3.10332
3.16978
2.74378
3.76196
2.74354
2.99897
3.40629
3.08973
3.20386
2.78969
3.4492
3.37168
