1.74894
3.15997
2.63343
2.23552
2.44373
2.82711
3.02345
3.13509
1.79825
3.22744
3.02896
3.42211
2.43329
2.31477
2.81541
2.75098
2.64011
3.4011
2.48963
3.32522
2.81204
2.94141
3.02383
2.62307
3.05218
3.95508
3.15773
2.99734
3.08075
3.63433
3.24449
3.62991
3.17984
4.17134
3.1824
2.84493
3.08916
3.47252
2.47996
3.40992
3.20349
2.77976
3.41426
3.25957
2.97724
3.04913
2.92982
2.60981
2.62276
2.89352
2.65099
2.6671
2.179
3.27055
3.30939
3.36682
3.64595
2.09895
3.84677
3.42961
3.46229
3.39789
3.89361
3.15554
2.84583
3.00947
3.42132
3.07176
3.47187
3.6146
3.4426
3.40036
3.16012
3.48742
3.47265
3.64647
3.41189
3.0496
3.10554
3.37553
2.75987
2.82676
3.03801
3.01875
2.93409
3.14313
3.77809
3.39905
2.87484
3.49088
3.67119
3.60707
2.72207
3.88548
2.59112
3.14962
3.2454
3.80535
3.42167
3.3571
3.77743
3.15311
2.46952
2.91829
2.98894
3.9058
3.54086
3.45757
3.67231
1.78498
3.55496
3.86176
3.18975
3.06447
3.22763
2.64036
2.85293
2.72043
2.19433
2.54778
2.55945
3.31042
3.56282
3.43242
3.49407
3.44703
2.90892
3.25962
3.19907
3.80792
3.56478
3.90285
3.25137
3.10624
3.39662
3.34346
3.3801
3.05078
3.2692
2.93707
3.08665
3.00584
3.33066
2.93026
3.0226
2.69308
3.04125
3.14888
2.92865
3.19617
3.14719
2.32408
3.3523
3.21685
2.81303
2.96973
3.24003
3.13504
3.20668
2.92325
2.84843
3.3654
3.29249
2.80124
2.90451
3.18841
3.52725
3.57841
3.1272
2.97195
3.15993
3.51417
3.0692
3.07588
3.64274
3.23473
3.48553
2.77607
3.30287
3.50641
1.80525
3.33823
2.96708
2.36439
2.44604
2.67646
3.17796
3.08194
2.03143
3.25621
3.02685
3.48681
2.29493
2.36657
2.97708
2.27352
2.64268
2.73462
2.72458
2.47322
3.1181
2.76014
3.09205
2.86876
2.49913
4.01304
3.02828
2.8325
3.3103
3.41265
3.61601
3.37494
3.74979
3.89202
3.15431
2.84663
2.87422
3.40483
2.65636
3.48316
3.44492
2.98964
3.4277
3.57154
3.16661
3.00336
2.81084
2.54834
2.66064
2.92314
2.87752
2.71416
2.15214
3.20156
3.37666
3.43381
3.40984
2.68661
3.13565
3.33659
3.57296
3.57877
3.59833
2.90767
3.00253
3.15431
3.4026
3.28591
3.5702
4.05161
3.33343
3.10674
3.05336
3.27968
3.23258
3.13388
3.13538
3.06789
3.21384
3.33586
2.99519
2.81581
3.07032
3.09879
3.05548
3.22326
3.26935
3.70821
2.83119
3.54097
3.61518
3.71649
2.82772
3.42947
2.76844
3.03592
3.28098
3.65687
3.26846
3.17013
3.50209
3.47026
2.74528
2.91914
2.83018
3.90378
3.45969
3.3242
3.62358
2.95867
3.72809
4.20524
3.20779
3.32139
3.20357
3.25411
2.90459
2.65135
2.07172
2.97138
2.76046
3.71255
3.81348
2.94344
3.44911
3.40254
3.1629
3.25136
3.0778
3.24468
3.75501
3.58975
3.4273
3.19974
3.89511
2.82589
3.44059
2.63434
3.03133
3.19637
2.74783
3.26528
3.13701
2.96563
3.04287
2.75163
3.09787
3.18027
3.22
3.07358
2.90213
2.51487
3.24416
2.91824
2.90856
3.10809
3.06073
2.71885
3.07118
2.78468
3.28368
3.47227
3.65949
3.35396
2.49544
3.12506
3.59228
3.32181
3.29639
2.81503
3.14124
3.3619
2.98564
2.7199
3.44442
2.84275
3.38992
2.70032
3.6247
3.35123
