1.78291
2.41029
2.36091
2.09459
2.25307
2.50928
2.51176
1.8499
1.33366
2.7916
2.8966
3.10983
1.80687
2.47429
2.27584
2.23813
2.75209
3.17124
2.67635
2.97353
3.34053
2.59503
2.30197
3.25995
2.82166
2.01198
3.1146
2.79123
2.41566
3.30834
2.77603
3.55469
2.91716
3.67887
2.98446
1.75692
2.55186
3.30557
1.11526
3.46883
3.85305
1.26163
2.4887
1.3452
2.20271
2.26604
1.71005
1.93998
2.29386
2.75588
1.50471
2.10761
1.8723
1.22857
1.2858
3.1023
2.99254
2.83527
3.87154
3.60483
3.95834
3.84911
4.02445
3.24517
3.36645
3.57442
3.20809
3.24841
4.08282
3.76392
3.46139
3.80206
3.0104
3.11584
3.36963
3.53686
3.50476
3.19193
2.99138
3.34324
2.84253
3.10812
2.88943
3.46084
2.98159
2.91331
3.71611
3.86869
2.71154
4.1888
3.9444
4.08068
3.10523
3.48801
2.53767
2.54538
3.31066
2.50998
3.44882
2.85786
3.8895
3.55497
2.27965
2.81492
2.92013
4.29734
3.40667
3.24968
3.87302
3.01154
3.63602
4.3576
3.23098
3.20708
3.04963
2.55535
2.1398
3.56388
2.09291
2.76947
1.59216
3.80274
4.08726
2.7527
3.1532
3.34171
2.52272
2.86863
3.37524
3.36191
3.49458
3.7135
3.46234
3.45236
3.05528
2.76897
3.11823
2.85866
2.71506
2.97481
2.53576
2.35943
3.05194
2.56031
2.84411
2.68473
2.8642
2.82463
2.80549
2.63892
2.43924
2.20631
2.59155
2.20435
2.82627
2.73556
2.43073
2.8584
2.88573
2.29251
2.91043
3.64828
3.06024
3.51481
3.56365
3.93521
3.30289
3.54704
3.09446
2.73301
2.95968
3.74846
2.86369
2.69468
3.13617
2.73759
3.14918
2.90613
3.27242
3.79395
1.95358
2.63636
2.337
2.47116
2.35994
2.48503
3.25595
2.15864
1.53165
2.84832
2.72308
3.17598
2.28856
2.90767
2.6086
2.88144
2.77174
3.05075
3.06122
2.39776
2.95633
2.90664
2.86085
2.83028
2.31444
1.82292
2.97518
2.66817
3.11466
3.3515
3.18362
3.92194
2.89335
4.40145
3.36523
1.65403
2.91034
3.33247
1.25899
3.49055
3.53731
1.95587
2.40265
2.018
3.04506
2.54725
2.57792
2.29127
2.45599
2.71655
2.27198
2.43585
1.93486
2.31733
1.42437
3.2385
4.10447
2.80518
3.91898
3.19902
3.73335
4.11635
3.86176
3.20968
3.54459
3.7816
3.39286
2.85499
3.97605
3.96482
3.64035
3.5464
3.15073
3.21425
3.11967
3.09237
3.67129
2.92034
3.24528
3.19047
2.81948
3.15751
3.2563
3.58706
3.45083
3.59707
3.73149
3.757
3.01203
3.81262
3.85258
3.74133
3.05626
3.2332
2.85452
3.08337
3.08703
2.90054
3.71699
3.34499
3.17672
3.72695
2.72237
3.14702
2.37776
3.69222
2.97804
3.55909
4.26812
3.9724
3.67789
4.50034
3.09121
3.32584
3.39609
2.8107
2.57195
3.65747
2.47453
2.78918
2.69909
3.61049
3.86762
2.36154
3.09633
3.49193
3.52842
3.29597
2.75752
3.34739
3.6434
3.35746
3.26332
2.95533
3.18813
2.85541
3.38558
2.9081
2.89256
3.1108
3.09743
2.67188
3.11571
2.58635
2.66211
2.90054
2.65285
2.89764
3.16014
2.82398
2.66221
2.11558
2.84763
2.76646
2.946
3.18266
2.78753
3.20426
2.87368
3.3213
2.99507
4.22784
3.2667
3.69624
3.56664
3.70716
3.36883
3.71886
3.11727
3.20346
3.45482
3.71787
2.83541
2.66143
3.0735
3.05011
3.44724
2.91776
3.20726
3.81151
