1.87634
2.98608
2.30717
2.22262
2.64026
2.90434
3.01978
2.88272
1.59022
2.93464
3.04825
3.21406
2.57255
2.06294
3.20152
2.96381
2.63299
3.50906
2.68283
2.89904
3.53609
3.36128
2.86911
3.28256
3.28003
3.93299
3.24637
2.86689
3.56979
3.51667
3.79808
3.36661
3.16879
3.80534
3.14823
2.59643
2.79731
2.76477
2.57237
3.13728
3.00965
2.51558
3.36483
3.45086
2.7688
3.0164
2.88516
2.41331
2.95061
2.95783
2.51531
2.56857
2.05854
3.10975
2.95194
3.60428
3.27279
2.00115
3.74649
3.18096
3.89964
3.641
4.2897
3.47464
3.22542
3.07121
3.24529
3.15323
3.81581
3.78221
3.65691
3.10579
3.03547
3.09292
3.25718
3.36327
3.09798
3.18516
2.97696
3.1133
2.91186
3.0703
3.20182
3.1551
3.40113
3.08629
3.66365
3.40631
3.20301
2.98502
3.29815
3.48041
2.63986
3.95885
2.5823
3.10379
2.89855
3.56909
3.19603
3.86712
4.14187
3.45011
2.98597
3.32896
3.18854
3.44441
3.43732
3.67384
4.00831
2.01085
3.91658
3.73922
3.70478
3.40072
3.53498
3.01331
2.74604
2.50949
1.86953
3.00792
2.4294
3.96857
3.8692
3.3471
3.46473
2.96479
2.9191
3.5709
2.90574
3.42237
3.89913
3.81791
3.45327
3.35237
3.34784
3.11681
3.50367
3.59836
3.15038
3.11908
3.05493
2.87746
3.23031
2.80225
2.945
2.89418
3.29628
2.97192
2.99399
3.1605
3.0682
2.71298
3.30154
2.98682
2.64076
3.40375
3.35975
3.01689
2.95207
2.84241
2.71754
2.7796
3.58156
3.52255
3.86433
3.39764
3.77756
3.59795
3.33245
2.97077
2.94135
4.096
3.01848
3.14896
3.48934
3.28282
3.66475
3.13976
3.35326
3.86684
1.93397
3.16604
2.68821
2.34071
2.48789
2.60519
3.70906
2.94901
1.64839
3.06076
3.04899
2.97686
2.66475
2.51916
2.87306
2.61632
2.80869
3.05384
2.73679
2.45037
3.0408
3.23559
2.55413
3.00742
3.07501
3.51831
2.67066
3.82437
2.92168
3.25036
3.47734
3.3966
3.77975
3.52668
3.02289
2.27271
2.53854
3.09649
2.28343
3.07975
3.17714
2.4632
3.83804
3.35602
2.61816
2.94504
2.78433
2.71372
2.78734
2.99866
2.49985
2.49453
2.08144
3.01111
2.95356
2.85293
3.62395
2.53677
3.64277
3.40342
3.68869
3.95817
3.81712
3.3173
3.03549
2.81245
3.27971
2.97453
3.54312
3.61304
3.25265
3.31534
2.9816
3.18314
3.06699
2.9545
2.99515
3.04951
2.5912
2.88145
2.79453
2.90166
2.83221
3.25164
2.9313
3.12113
3.14814
3.15347
3.04865
2.93563
3.36961
3.02022
3.0394
3.44239
2.6875
3.14752
3.10207
3.51286
3.35493
3.1512
4.2386
3.70322
3.46114
3.10107
3.16653
3.84506
3.31134
3.58247
3.95252
3.09505
3.60397
4.41626
3.44368
3.41995
3.9383
2.80041
2.77146
2.96176
2.10775
2.72858
2.74091
3.7566
3.85841
2.78056
3.36331
3.24344
3.03625
3.19955
3.00855
3.20353
3.84574
3.89912
3.4929
3.43636
3.46602
3.27179
3.75482
3.17392
3.44079
3.2681
2.86901
2.9338
3.08859
2.80306
2.78838
2.84712
3.16828
3.1939
3.15129
3.13456
3.44631
2.62403
2.40059
2.51826
2.80168
2.68728
2.92941
2.76523
2.5812
3.02828
3.17594
3.23538
3.27539
3.56159
3.13395
3.6034
3.78424
3.55369
3.30561
3.12397
2.82403
3.89088
2.64211
2.66994
3.00795
3.58035
3.30603
3.26567
3.62489
3.47131
