2.17342
2.89276
2.66076
2.34064
2.6371
2.64344
3.01519
2.97095
1.89757
3.12337
3.03893
2.90655
2.84976
3.02682
3.09854
3.32924
2.60433
3.35182
2.83153
3.12043
3.20215
2.95375
3.03328
3.62864
3.23036
3.78983
3.36209
2.8468
2.67166
2.81451
3.25419
3.53867
3.83589
3.13713
3.07807
2.79119
3.35983
3.60136
3.08135
3.65175
3.3499
3.06706
3.83727
3.35424
3.08898
3.46561
3.03101
2.86406
3.12886
2.97959
2.87613
2.71649
2.29612
3.45242
3.5017
3.73435
3.64895
2.3008
3.49907
3.39876
3.38348
3.5458
3.59384
3.24963
4.05322
3.14787
3.34295
3.55926
3.51018
3.61449
3.61652
3.43064
3.32619
3.44582
3.20757
3.32236
3.15226
3.28281
2.67759
3.07622
3.09276
2.89427
3.02706
3.32685
3.2595
3.37248
3.14672
3.50841
3.05195
3.6494
3.38765
3.58767
2.83598
3.78893
2.7181
3.48003
3.41377
2.91328
3.35848
3.71282
3.9594
3.76073
2.93476
3.18615
3.34306
4.08794
3.38049
3.64662
4.27458
2.80588
3.30618
3.62224
3.32035
3.11377
3.39008
3.12368
2.90478
3.09714
2.20261
3.10396
2.27578
3.98335
3.99243
2.89073
3.40411
3.68117
3.27351
3.18021
3.21259
3.75405
4.02274
4.02931
3.41941
3.57571
3.77756
3.02806
3.31836
3.13648
2.90787
3.38792
3.02734
2.60612
3.15975
2.77103
2.84847
2.54738
3.62873
3.43335
3.29348
3.34196
3.52149
3.14724
2.41604
2.54166
3.05834
2.96342
2.68492
2.76126
2.63658
2.27678
3.02892
2.5792
3.54559
2.83562
3.66017
3.12977
3.89509
3.87029
3.05682
3.29371
3.07502
3.81622
3.12304
3.6208
3.39767
3.51776
3.34053
3.15998
3.6038
3.64041
2.21208
3.17871
2.38566
2.3009
2.57497
2.79896
3.25952
3.03227
1.82364
3.34267
2.92785
3.28253
2.66993
2.62382
3.02121
2.71978
2.76067
3.31561
2.50629
2.77148
3.1857
3.56008
3.22508
3.51768
3.55099
3.6867
3.57554
4.16295
2.87884
2.91682
3.56706
3.76887
3.46086
3.97806
3.15105
2.63487
3.0523
3.33621
2.64247
3.32333
3.11351
3.047
3.74385
3.22935
3.15021
3.22714
3.09245
3.13155
2.7004
3.08503
2.70702
2.60808
2.28129
3.55872
3.39914
3.5771
4.00769
2.47389
3.7078
3.25917
3.54628
3.22909
4.03585
2.84355
2.54202
3.45432
3.3288
3.34592
3.69887
3.97047
3.25892
2.94322
3.39791
3.58767
3.7576
3.71824
3.39863
3.48552
2.92844
3.30337
2.93934
3.03423
3.65996
3.35208
3.29788
3.05488
3.07208
2.65187
3.10741
2.62177
3.82811
3.72587
2.9815
3.91589
3.23562
3.038
3.29276
3.12178
3.06771
3.49856
3.45057
3.71072
3.1142
2.98602
3.31735
4.55319
3.84739
3.29288
3.61489
3.62768
3.9447
4.08947
3.48804
2.83565
3.25697
3.11572
2.58902
3.53016
2.16179
2.73275
2.44895
4.22802
4.37543
3.22825
3.48557
3.74429
3.69123
3.25715
3.06591
3.2961
4.05297
3.82442
3.75193
2.92011
3.88193
3.32555
3.63172
3.35081
3.2245
3.16805
3.00373
3.02281
3.39692
2.89766
3.15731
2.82516
3.47055
3.49416
3.12824
3.26245
3.56137
2.6698
2.18383
2.47414
3.43999
3.35914
3.15879
2.61801
2.93765
2.80348
3.07766
3.24235
3.10115
3.39284
3.0676
3.50097
4.27835
3.231
3.44336
2.66141
3.05435
3.84748
3.70768
3.14929
3.73329
2.7801
3.82177
3.34422
3.42577
3.14391
