1.93482
2.56069
2.3598
2.26067
2.46223
2.77075
2.81559
3.07376
1.65157
2.93355
3.22197
3.13969
2.1934
2.73943
2.7194
2.49185
2.44469
2.94779
2.56234
2.86488
2.84431
3.22151
2.85349
3.10638
3.50824
3.49936
3.2233
2.87908
2.67465
3.11444
3.42316
3.97866
3.51897
3.74232
2.92942
2.89537
2.80864
2.88793
2.56087
3.19736
3.42608
2.49837
3.04478
3.39868
2.3779
2.53914
2.72349
2.74115
2.63858
2.47982
2.56672
2.57177
2.37849
3.00731
3.09693
3.18443
3.31155
2.33183
3.31291
3.38526
3.62854
3.44788
3.63372
3.00107
3.01279
2.53822
3.10011
2.96227
3.69817
3.37274
3.00761
3.3686
3.37983
2.90191
3.01851
3.02746
3.10021
2.99098
3.07841
3.22153
2.80682
3.1114
3.16848
2.9124
2.91883
2.77842
2.84216
3.46387
2.906
3.2247
3.61016
2.99465
2.62379
3.18501
3.02499
3.11194
3.35295
3.16563
3.17188
3.26068
2.96553
3.33018
2.51315
3.02977
3.04957
4.19303
3.0836
3.40627
4.16702
3.40494
3.51394
3.55371
3.74814
3.07271
3.29082
2.9396
3.02551
3.29911
2.78438
2.86316
2.80594
3.24295
2.93184
3.55401
3.2117
3.32701
2.86822
2.99356
3.30594
3.25792
3.27847
3.61793
3.2714
3.13451
3.19588
2.60801
3.17926
3.13266
2.83272
3.27317
2.84099
2.92637
3.04924
2.77119
2.71737
2.76369
3.74344
3.45322
3.02509
2.83748
2.88602
2.43887
3.07041
3.20152
2.61143
2.76395
2.63696
2.84897
2.94712
3.17963
2.54354
3.00399
3.23312
3.70972
3.0948
2.66212
3.42044
3.30717
3.13527
2.93174
2.77257
3.19886
2.88964
3.30285
3.47249
3.20721
3.18649
2.66939
3.28471
3.34215
1.86385
2.70422
2.36602
2.36177
2.49655
2.57015
3.00227
2.92025
1.75888
2.84132
3.03498
3.22068
2.17764
2.75778
2.95939
2.50242
2.59186
2.96319
2.47378
2.76566
2.94184
3.0307
2.62245
2.61564
3.88838
3.3806
2.83193
2.73698
2.4028
3.30075
3.45624
3.58584
3.62188
3.83415
3.10964
2.3499
2.42976
3.1031
2.22789
3.0792
3.92373
2.37206
3.77914
3.34762
2.65866
2.20422
2.58519
2.41103
2.4638
2.69931
2.5387
2.58974
2.21065
3.16775
3.16803
3.04636
3.37467
2.27867
3.54187
3.53847
3.59807
3.79426
3.49906
3.22137
3.35176
2.82161
3.51146
2.93392
3.56363
3.45751
3.03137
3.29789
3.23619
3.03066
3.14771
2.9876
3.01237
3.27414
2.98872
3.03839
3.10314
2.96038
3.02862
2.98439
2.77481
2.92744
2.80724
3.01234
2.88005
3.17064
3.35871
3.07618
2.72174
3.45742
2.91579
2.95462
3.1092
3.12839
2.78401
3.46142
3.16459
3.50529
2.67357
3.01591
3.17637
3.8648
2.89578
3.07759
3.68073
3.42436
3.50939
3.82131
2.8576
3.00801
3.33915
3.00061
2.56157
3.13273
2.73955
2.93694
2.91428
3.51679
3.57816
2.72483
3.08937
3.76056
3.4843
3.29095
3.06352
3.23374
3.34185
3.26121
2.99669
2.90546
3.01159
3.18919
2.83132
3.1943
2.99209
3.23103
2.52404
2.71382
3.00926
2.72645
2.68716
2.92746
3.12877
3.41275
2.94123
3.02205
2.81497
2.3819
3.2291
3.14263
2.71087
2.77973
2.75796
2.72019
2.97089
2.94676
2.58288
3.4432
3.62086
3.86505
3.2406
3.29547
3.21232
3.3763
3.25591
3.12527
2.59396
3.15035
2.73255
2.69768
2.87028
3.42454
2.98155
2.51316
3.49107
3.9095
