2.06629
3.03008
2.81053
2.31624
2.4638
2.55425
2.9766
2.86423
1.92144
2.88126
2.85514
3.56607
2.33342
2.14446
2.67423
2.54986
2.53426
3.05358
2.63082
2.64944
3.55897
2.75311
2.7966
3.02576
3.55602
3.71345
2.72649
2.92435
2.56294
3.32255
3.59944
3.6646
3.29681
3.93383
3.23123
2.48483
2.80222
3.11117
2.56502
3.3965
3.17811
2.53581
3.44945
3.23305
2.90478
3.10054
2.55697
2.55599
2.64682
2.8445
2.6212
2.64824
1.9894
2.8543
2.82227
3.06864
3.13894
1.82433
3.34484
3.42898
3.47174
3.44892
3.77686
2.77934
2.8951
2.94983
3.10301
2.99634
3.49334
3.41908
3.3172
3.12128
3.02041
2.98562
3.37758
3.27908
3.33082
2.98779
2.94042
2.97206
2.76916
2.80982
2.97141
2.97141
2.98387
2.92423
3.07636
3.507
3.16887
3.1675
3.41828
3.46713
2.52719
3.47272
2.76429
3.19758
2.96919
2.73409
2.98929
3.10073
3.41346
3.40115
2.54977
2.80651
3.11729
3.74623
3.27221
3.1159
3.93896
3.1616
3.23228
4.56793
3.17242
3.06722
2.80719
2.96112
2.75068
3.11112
2.41921
3.24775
2.97161
3.63399
4.17576
3.20419
3.44374
3.67476
2.95245
3.21208
3.61386
3.39014
3.70846
3.79792
3.33891
3.39895
3.3727
3.09952
3.31074
2.69011
2.9061
3.11316
3.03686
2.95688
3.02894
3.06135
2.82631
2.83757
3.0594
3.04795
3.06948
3.22298
3.20198
2.09376
2.77582
2.75138
2.8543
3.60654
2.94059
2.65049
2.51969
3.06003
2.84294
3.53803
3.23721
3.4283
3.6026
2.80136
3.18186
3.38783
3.26189
2.90515
3.09602
3.65788
2.8848
2.79642
3.40575
3.27431
3.32475
2.86097
3.34813
3.39014
1.90349
2.69736
2.35552
2.21109
2.4413
2.62582
3.0283
2.88386
1.83468
2.99948
2.55258
3.09351
2.44233
2.70215
2.487
2.63782
2.72406
2.9524
2.68793
3.07013
3.00269
2.76323
2.83657
3.17849
3.30612
3.45822
2.98446
3.73541
2.51259
3.02715
3.61966
3.67997
3.28695
3.80457
3.26564
2.57551
2.54241
3.1046
2.51878
3.19637
3.41522
2.68369
3.18185
3.00676
2.75334
3.06784
2.92875
2.64541
3.17054
2.97574
2.77381
2.68542
2.18475
3.26067
2.90908
3.19254
3.3187
2.12527
3.08268
3.21278
3.97169
3.47348
3.69192
2.82301
3.21951
2.99955
3.1578
2.90311
3.46579
3.09898
3.12527
3.03693
3.04419
3.45674
3.1346
3.15159
3.10405
3.02591
3.04936
3.37975
2.78217
3.21982
3.01089
2.9524
3.00802
2.94199
3.20097
3.40034
2.92125
3.02001
3.32523
3.44917
2.74382
3.44499
2.66654
3.16579
2.85037
3.55626
3.14074
3.256
3.60129
3.0994
2.67638
3.04268
3.39693
4.14997
3.21274
3.3208
4.00444
3.37839
3.48822
4.39248
3.27018
3.23715
3.35725
2.86125
2.73149
2.85836
2.40386
3.08207
2.8773
3.436
3.88325
3.03776
3.64833
3.79011
3.07046
2.7901
3.02279
3.18826
3.80717
2.95508
3.37831
3.05983
3.48977
3.35523
3.43311
2.76718
3.26318
2.84267
3.16759
2.77139
3.19373
2.66288
2.80134
2.66144
3.05514
3.46159
3.15802
3.13145
3.22826
2.2118
3.28841
3.03804
2.88527
3.3767
2.88473
2.84112
3.10084
3.31933
2.95443
3.61361
3.25972
3.88124
3.24835
3.29577
3.68188
3.21496
2.89247
2.64185
2.82594
3.82311
2.98048
2.86842
3.55233
3.04661
3.02118
2.94084
3.58598
3.73267
