2.18286
3.1586
2.67017
2.32896
2.54014
2.77606
2.97317
2.93828
2.02657
2.73517
2.95962
3.17944
2.57337
3.00053
2.91144
2.89447
2.67946
2.87844
2.87685
3.23241
3.13033
2.85559
2.63224
2.97743
2.78914
3.21106
3.16524
3.18439
3.24446
3.25444
3.31493
3.43502
3.35281
3.42383
3.13479
2.85704
3.03253
3.5362
3.08843
2.97262
3.20839
2.79085
3.62291
3.08623
2.92194
2.99659
2.78343
2.63425
2.49485
2.58513
2.62395
2.59395
2.18692
3.03167
3.124
3.16793
3.68516
2.19745
3.93664
3.06914
3.46946
3.37567
3.79716
3.5622
3.29123
3.06638
3.12475
3.02211
3.47092
3.2024
2.90215
3.28155
2.9792
3.04745
3.19857
3.22528
3.10179
3.08859
3.10788
3.11099
2.80231
2.70138
2.95515
3.06635
2.94729
2.8588
2.88512
3.29954
2.955
3.17681
3.52489
3.48585
2.42727
3.3939
2.90256
2.83888
3.00125
2.9608
3.20224
3.16828
3.28965
3.31755
3.10793
3.095
2.8167
3.18802
3.31107
3.13765
3.42779
3.16536
3.28995
4.04215
3.39771
2.86309
3.27394
2.51148
2.8959
2.42185
1.89964
2.63617
2.74428
3.37207
3.80511
3.06138
3.65001
2.73856
2.81347
3.36799
2.97658
3.25199
3.62134
3.72227
3.33117
3.27612
3.23607
2.9025
2.98903
2.96682
3.03968
3.66688
3.05512
2.86702
2.66713
2.75423
2.53768
2.93045
2.68311
2.75208
2.99699
3.11352
3.14959
2.45776
2.69188
3.05744
2.65362
2.94734
3.13505
3.07629
2.65766
2.97305
2.94877
3.0208
3.56864
2.68437
3.36456
2.60454
3.43821
3.22252
2.79759
2.809
2.85433
3.59148
2.95969
3.1455
3.43102
3.08447
2.73903
3.04677
3.35659
3.64729
2.24785
2.83907
2.65915
2.46404
2.52879
2.61042
2.8023
2.89294
2.08475
3.02934
2.79728
3.09763
2.37828
2.35545
2.66067
2.46282
2.57158
3.19402
2.65869
2.53283
3.12156
2.82518
2.82444
3.40773
2.91637
3.65397
3.59825
2.80903
3.14958
3.56299
3.59207
3.60519
3.43262
3.99821
3.14315
2.94404
3.22178
3.04307
2.87283
3.3327
3.38734
2.75267
3.94394
3.02049
2.91335
2.78269
2.64312
3.02027
2.8037
2.778
2.70181
2.69787
2.15624
3.09687
3.13868
3.05918
2.9101
2.24124
3.37127
3.18465
3.25412
3.66599
3.68447
3.36184
3.4007
3.2906
3.24859
3.03607
3.69853
3.27809
2.89263
3.02587
3.26411
3.03221
3.18952
3.09723
3.17258
2.96882
2.98703
2.61347
3.02197
3.16675
3.1043
2.97147
2.8716
2.8515
2.59357
3.00169
2.81516
2.64732
3.50965
3.2115
2.21424
3.45568
2.89808
2.97055
3.19554
2.94102
2.77939
3.01877
3.61034
3.53045
3.0261
2.84491
3.21763
3.83482
3.59879
3.47417
3.80364
3.9457
3.34805
3.97771
3.40609
3.37166
3.20053
3.0925
2.96856
1.73354
2.19103
2.05389
3.35768
3.05257
4.21791
2.91183
3.57087
3.03758
2.86541
3.24386
3.25893
3.02318
3.69417
3.50729
3.03722
2.67947
3.5187
2.94496
3.01694
3.06255
3.27903
2.89325
2.76785
2.88673
3.10011
3.32641
2.8395
2.82507
3.09695
2.7971
3.31804
2.97768
3.09326
2.57151
2.71681
2.78468
2.37221
3.38911
2.88984
2.89427
2.59189
2.79663
3.22562
4.01957
3.26611
3.32071
3.07479
2.50343
3.34259
3.65689
3.33959
2.76611
2.85678
3.412
3.28779
3.41346
2.97709
3.24134
2.80708
3.10568
3.41356
3.24603
