1.78028
2.7732
2.15177
2.06095
2.35561
2.7578
2.98252
2.7287
1.57272
2.85332
2.6963
2.66443
2.47442
2.80504
2.75885
2.60487
2.85356
3.16852
2.76854
3.05246
3.28756
2.71342
2.67313
2.61015
3.16738
3.4598
2.77278
2.80307
2.74106
3.08802
3.30696
3.82377
3.27691
3.82423
3.09294
2.54691
2.55353
2.99535
2.28534
2.74424
3.11726
2.68785
3.09346
3.03159
2.96091
2.32183
2.79022
2.34536
2.61606
2.60794
2.4914
2.53572
2.07979
2.89305
2.85111
3.04651
3.74768
2.60825
2.95683
3.17692
2.95081
3.6166
3.4009
3.23094
2.99063
2.77501
2.86195
3.12524
3.50547
3.28616
3.21422
3.07213
2.56575
2.93996
3.21119
3.40459
3.14299
2.93795
2.95034
2.98412
2.48257
2.65191
2.73747
2.78888
3.04452
2.62491
3.31737
3.62289
2.55564
3.21545
3.75728
3.19317
2.64222
3.46921
2.65504
3.00773
2.9109
3.04906
3.06949
3.31965
2.86173
2.68378
2.47039
2.62454
2.90035
4.00719
2.97228
3.07749
3.69252
2.50984
3.24818
4.04396
3.18882
2.99492
3.40353
2.62967
2.82813
3.32978
2.45206
3.04449
2.49676
3.13347
3.69183
2.67322
3.1249
3.66192
2.9041
2.76068
2.69448
3.10517
3.45595
2.9648
3.53437
3.15849
3.24352
2.93889
3.10564
3.22706
2.81451
2.60233
2.81155
2.55431
2.99111
2.84436
2.7649
2.61564
3.2659
2.94108
2.90319
3.07183
2.82087
2.39311
2.83485
2.77329
2.69054
3.28211
3.02202
3.10839
2.94993
2.80664
2.59413
3.18767
3.34032
3.14348
3.65885
2.95358
3.24253
2.84345
3.01168
2.60643
2.69937
3.34936
2.32009
2.91151
3.26766
3.31058
3.4757
2.67047
3.36014
2.91895
1.6335
2.63608
2.37616
2.00161
2.32905
2.51763
3.04386
2.8666
1.60028
2.7894
2.6268
2.65537
2.34465
3.2336
2.53927
2.64559
2.61802
2.99647
2.44978
2.50064
2.80528
2.9036
2.84822
2.88706
2.67627
3.22229
2.57926
2.78157
3.41227
2.95528
3.11547
3.98026
3.11078
3.94921
3.01736
2.28947
2.52927
2.975
2.21822
2.83269
2.87481
2.55301
3.34604
3.32517
2.58641
2.5832
2.44025
2.09397
2.60058
2.63709
2.35066
2.32166
2.04082
2.87107
2.99493
3.38515
3.81218
2.9652
3.10216
3.24122
3.47143
3.72181
3.47411
2.90085
2.67565
3.01379
2.96993
3.00494
3.45114
3.41321
2.77769
3.22059
2.64742
2.79133
3.21411
3.03418
3.0571
2.85917
2.69817
2.64423
2.64415
2.59407
2.65832
2.73582
3.15996
2.76079
3.0319
3.38035
2.9816
3.34642
3.486
3.41047
2.47732
3.16404
2.28673
2.8892
2.93229
2.67819
2.71574
2.76302
2.68133
2.69083
2.42518
2.63573
2.7098
3.39408
2.5958
2.69842
3.53931
3.56924
3.47732
3.8451
3.35053
2.56497
3.44175
2.73168
2.5447
3.03512
2.44307
2.83775
2.99036
3.16449
3.1901
2.5043
2.84943
3.27267
2.8599
2.64943
3.16721
3.03765
3.16186
3.46327
3.48617
3.58932
3.11796
3.12645
3.14776
2.63923
2.81837
2.90295
2.76203
2.75849
3.06985
2.5033
2.9415
2.80799
2.70071
2.85919
2.9159
2.86465
3.05137
2.52803
2.26648
2.41741
2.71954
3.06639
2.63463
2.64971
2.52315
2.5163
2.76807
3.25518
3.09745
3.13821
3.38661
3.09636
2.89866
2.95845
3.04854
2.70004
2.74829
3.18216
2.55905
2.69407
2.70451
2.88231
3.45324
2.4275
3.24085
3.01371
