2.02956
2.75018
2.33046
2.26549
2.39843
2.62669
2.87411
2.98428
1.86021
3.04888
3.07889
3.17326
2.51367
2.68406
2.53536
2.50463
2.55679
3.17439
2.62831
2.19362
3.00526
3.2227
2.62156
2.56089
3.03714
3.7998
3.00174
3.15523
2.89423
3.19435
3.23812
3.48077
3.21066
4.00461
3.12923
2.51551
2.60151
3.20333
2.3879
3.01311
3.06435
2.36042
3.39264
3.0185
2.81555
2.37607
2.52796
2.3303
2.55661
2.4155
2.76342
2.48316
2.29395
3.28449
3.05036
3.44578
3.31148
2.17816
3.5114
3.27807
3.38369
3.76333
3.40595
3.04992
3.25668
3.3269
3.14347
3.03192
3.42991
3.58108
2.92452
3.61358
2.93695
3.24538
3.19209
3.38126
3.14236
3.14397
3.47145
3.362
3.00561
3.13485
2.95383
2.94882
3.02696
3.03851
3.18831
3.48797
3.1044
3.52409
3.41633
3.31012
2.8835
3.7855
2.51564
2.83601
3.05431
3.19602
3.45618
3.38401
3.453
3.22137
2.48068
3.04751
2.90361
4.04681
3.36908
3.34183
3.78507
3.38595
3.44271
3.85313
2.99933
3.20681
3.13654
2.83527
2.69493
3.31555
2.42091
3.21793
2.44406
3.55935
4.51703
3.21391
3.10126
3.63679
2.62698
3.03969
3.10511
3.40207
3.72688
3.76124
3.27341
3.201
3.23283
3.14777
3.15242
3.34838
3.04233
2.92154
3.06766
2.6003
2.94175
2.71904
2.53016
2.55399
2.65495
3.06764
2.96319
2.98921
2.75444
2.36
3.09135
2.89037
2.68351
2.59642
2.63238
2.35909
2.71459
2.68994
2.65201
3.56533
3.29823
3.61426
4.20245
3.17507
3.98247
3.23929
3.00613
2.88319
3.65561
3.56906
2.78022
2.61849
3.46667
3.09269
3.63088
3.09636
3.11325
3.58481
1.8412
3.17008
2.28723
2.01434
2.36233
2.71102
2.75725
2.95075
1.84311
2.98968
2.67072
2.7839
2.42044
2.69553
2.58297
2.55639
2.51938
3.27946
2.73157
2.81486
2.68715
3.12339
2.70351
2.95665
2.87714
3.56897
2.98933
3.16387
2.73122
3.01196
3.30542
3.58083
3.20355
3.44823
3.13606
2.53123
2.60877
3.0805
2.45259
3.07225
2.9143
2.59655
3.1568
3.18785
2.91074
2.64342
2.65712
2.1721
2.71529
2.5849
2.6274
2.43062
2.27777
3.29231
3.14653
3.36561
3.38379
2.10993
3.23679
3.19249
3.27214
3.46614
3.42555
3.2009
2.71355
3.13839
3.24302
3.0506
3.56012
3.80502
3.16014
3.35041
2.93198
2.88501
3.10585
3.24103
3.28548
2.84025
3.0312
2.78243
3.11768
2.8963
2.87546
3.0618
2.91883
2.96768
3.02211
3.14066
2.77809
2.89277
3.47584
3.69722
2.90584
2.88063
2.34957
2.99155
2.99209
2.93773
3.43038
3.23827
3.08419
3.18172
2.82474
2.72142
2.75269
3.65276
3.12491
3.40177
3.84892
3.25332
3.27589
3.63452
3.1184
3.05586
3.06137
2.64752
2.58146
3.45233
2.47279
3.19039
2.29827
3.45079
3.51915
2.74029
3.24248
3.87097
3.15835
2.97071
3.04046
2.89181
3.78804
3.35029
3.07694
3.22957
3.3512
3.11992
3.15094
3.06314
2.64132
3.51796
2.79842
2.33326
2.79617
2.60476
2.57213
2.75784
2.86839
2.80033
2.91414
2.88747
2.80296
2.16874
3.50581
2.60983
2.89118
2.76271
2.9401
2.43366
2.82213
2.56398
2.96477
3.18073
3.39115
3.92898
3.16672
3.06564
3.3324
3.35527
3.16033
2.79762
2.79821
3.91655
2.77044
2.854
2.8015
3.3496
3.37206
3.49044
3.11049
3.50707
