1.99178
2.90362
2.64655
2.13658
2.31593
2.60991
3.14658
3.03955
1.80949
3.06553
3.0724
3.50567
2.5418
3.20925
3.05256
2.76034
2.85204
3.24506
2.71278
2.80608
3.05529
3.0357
2.94796
3.11326
3.3741
4.12354
3.28414
2.93405
2.85167
3.18792
3.2262
3.54228
3.57766
3.63032
3.17834
2.8682
2.55301
3.21015
2.43315
3.26423
3.44267
2.73854
3.81932
3.32236
2.97163
2.96323
2.98872
2.36745
2.64199
2.74643
2.53103
2.60542
2.06058
3.51419
3.37593
3.59249
3.20834
2.01899
3.86525
3.29876
3.69672
3.54622
4.09146
3.07422
3.74746
3.27934
3.17017
3.11512
3.72305
3.77527
3.26138
3.6234
2.99584
3.3191
3.40589
3.53257
3.36838
3.32989
2.93032
3.04436
2.78809
2.90273
3.0953
3.20467
2.93027
2.99182
3.38265
3.34685
2.97376
3.4791
3.46201
3.51665
2.68351
3.5101
2.68434
3.14428
3.30116
3.48714
3.32218
3.81157
4.39652
3.81323
2.63353
2.87394
3.18311
3.85003
3.10888
3.58422
3.80577
3.21043
3.49716
4.44154
3.32873
3.29183
3.2392
3.05644
2.84312
3.28592
2.37118
2.94317
2.5461
3.801
3.82765
2.99428
3.48289
3.66939
2.93527
3.05439
3.20032
3.38404
3.64922
3.93651
3.59758
3.05735
3.63915
3.31052
3.03912
2.92025
3.20953
3.29775
2.94383
2.69521
3.29247
2.961
2.92768
2.82811
2.97022
3.23395
2.97022
3.03
3.22493
2.71067
3.16267
2.58222
2.90085
3.33743
2.56462
2.94782
2.88154
2.93051
3.23752
3.13135
3.04713
3.84903
3.28341
3.48158
3.20855
3.56482
2.9829
2.74969
3.21705
3.52938
2.58428
3.28164
3.48604
3.09503
3.43348
2.77508
3.54478
3.67296
1.95159
2.82429
2.47932
2.14234
2.37692
2.65382
2.80315
2.96683
1.94284
2.89396
2.76086
3.02405
2.55971
3.14833
3.25799
2.8709
2.53892
3.28042
2.38498
2.90365
3.08213
3.12378
2.35612
2.91453
2.93629
3.99539
3.08622
3.24301
3.80238
3.69849
3.83502
3.57934
3.41257
4.00303
3.20306
2.47613
2.57937
3.12431
2.66417
3.60873
3.29527
2.79672
3.70326
3.13916
2.81032
3.1175
2.77716
2.5507
2.8454
2.93021
2.58394
2.65773
2.12127
3.37105
3.12433
3.09857
3.33004
3.0053
3.28513
3.44434
3.70167
3.53154
4.18081
3.55344
3.06162
2.94796
3.44792
2.97402
3.85361
3.41244
3.46842
3.76512
3.00182
3.28177
3.24589
3.25931
3.14042
2.99823
2.9722
3.33539
2.80986
2.93118
2.93598
3.01553
2.94821
2.80426
3.11688
3.48463
2.9879
3.13211
3.27242
3.48702
2.34456
3.53728
2.8783
3.2436
3.43427
3.29583
2.78441
3.63313
3.80346
4.17607
2.75201
2.73189
2.92243
3.8361
3.24385
3.50872
3.67341
3.72569
3.51385
4.16622
3.62543
3.2887
3.35324
2.93404
2.93177
2.86595
2.07472
3.04934
3.22258
3.33155
3.8356
2.7676
3.21944
3.18542
2.92508
3.17091
3.40763
3.38313
3.66348
3.45822
3.68946
3.33308
3.6092
3.69749
3.30533
2.94229
3.28324
3.09147
3.07556
2.70264
2.89638
3.05839
2.90738
3.01697
3.62189
2.97157
3.32133
3.3594
3.37238
2.74439
3.04963
3.32797
2.68658
3.36957
3.41065
2.85214
3.13505
3.23489
2.92153
3.37988
3.48623
3.6761
2.68972
2.98065
4.02626
3.55335
2.98652
2.85297
3.01236
3.52047
2.57234
2.71643
3.26953
3.09732
3.74868
2.94087
3.86075
3.70373
