1.84937
2.66312
2.20086
1.98884
2.30564
2.58157
2.99336
2.79142
1.68702
2.89238
2.95319
3.26321
2.13204
2.84563
2.613
2.57329
2.38274
2.91735
2.30702
2.53618
3.32323
3.2964
2.45158
2.71231
2.8372
4.00935
2.94885
2.69193
2.46827
2.89206
3.20529
3.88604
3.61816
3.92012
3.13669
2.13713
2.31867
3.08962
2.43467
3.23289
2.9944
2.65729
3.53956
3.14317
2.68302
2.63006
2.7007
2.0446
2.62446
2.48575
2.54323
2.63107
1.87468
2.90477
3.15617
3.32193
3.85803
3.1433
3.40631
3.11473
3.01993
3.08435
3.33032
2.89282
3.15141
3.06513
3.05175
3.06574
3.33704
3.32146
2.83946
2.9816
2.84512
3.02359
2.69956
3.03347
2.89722
2.98183
2.97667
3.09291
2.58667
2.49005
2.88445
2.88972
2.58321
2.73237
2.99335
3.59024
2.7497
3.21229
3.62858
3.24522
2.72068
3.06137
2.43575
2.91636
3.11518
3.10893
2.93742
3.52933
3.36181
3.23142
2.35597
2.83027
2.83886
3.76863
2.90853
3.23423
3.47512
3.56771
2.87348
3.79794
3.02004
2.89858
3.05202
3.26735
2.56385
3.58869
2.28032
2.92746
2.75175
3.8712
3.33373
3.19449
3.09151
3.64717
2.83433
2.98892
3.20273
3.39744
3.27889
3.52659
3.33155
3.60455
3.23194
3.75533
3.02534
3.33429
3.09502
2.85678
2.58474
2.4177
2.94584
2.812
2.51373
2.59149
3.005
2.97638
3.17926
2.79184
2.81138
2.01708
2.83013
2.70123
2.79394
2.71163
2.38052
2.63274
2.68405
2.77046
2.77922
3.24279
3.2788
3.15974
3.17396
3.27012
3.28969
3.51363
3.02478
2.56134
2.82217
3.94875
2.46985
2.96705
3.31348
2.79453
3.63329
2.48166
3.51397
3.64201
1.77348
2.29481
2.22912
2.03884
2.2433
2.55718
2.92684
2.78133
1.642
2.76468
2.60196
2.79933
2.01809
2.7453
2.43114
2.59895
2.42978
3.29225
2.82087
2.33832
3.10271
3.14234
2.79881
2.5301
2.9781
3.51358
2.44805
3.51419
2.56943
3.19678
3.307
3.51796
3.64405
3.59861
3.129
2.07459
2.28639
2.88354
2.22132
2.96648
3.34069
2.38906
2.99215
3.07665
2.32665
2.46233
2.557
2.09337
2.35944
2.24786
2.62634
2.37487
1.96031
2.93394
2.98479
3.2109
3.84577
2.40293
3.14375
3.53773
3.33943
3.21171
3.21577
2.89031
2.66315
2.52919
2.99337
3.14855
3.30379
3.67043
2.89572
3.19177
2.96762
2.76554
2.57945
2.81796
3.40051
2.99359
2.92959
2.79961
2.45906
2.80537
2.82623
2.95238
2.77464
2.73595
2.8921
3.33755
2.86789
2.83337
3.71908
3.17691
3.0996
2.79997
2.57095
2.9269
2.97629
3.38936
2.86189
3.07588
3.08982
3.10011
2.24684
2.65781
2.85134
3.64222
2.60049
3.12512
3.44307
3.53834
3.47151
3.57531
3.58987
3.01965
3.13337
3.1392
2.59207
3.65734
2.28339
3.04048
2.92576
3.5913
3.3378
2.54029
3.0209
3.43956
3.07198
3.30942
2.91899
3.14213
3.44581
3.41199
3.30514
3.514
3.41111
3.44883
3.06331
2.71897
3.11848
3.03791
2.54534
2.44287
2.82058
2.45478
2.38192
2.70958
3.41112
2.98395
2.80022
3.20001
3.27004
1.9971
2.70753
3.08782
3.18646
2.62714
2.79856
2.7928
2.63883
3.08491
2.66595
3.45166
3.01678
3.09902
2.3477
3.37593
3.28486
3.14352
2.7331
2.51262
2.93195
4.21067
2.46747
2.51076
3.41866
3.02271
3.34356
2.34794
3.48485
3.30673
