2.09726
2.58508
2.26621
2.26651
2.57206
2.7343
3.11118
2.98143
1.80723
2.87378
3.07066
3.06508
2.59337
2.68328
2.82131
2.70111
2.6466
3.18193
2.7655
2.61142
3.15672
3.2193
3.10624
3.22623
3.4374
3.45039
3.08385
3.06695
2.69362
3.16739
3.60385
3.42779
3.27895
3.6294
3.3272
2.74191
2.94639
3.24383
2.6551
3.37745
3.53577
2.60153
3.66037
3.28313
2.83658
2.86685
2.63254
2.53149
2.61208
2.73205
2.47658
2.50649
2.07875
3.04382
3.05667
3.17578
3.72627
2.43365
3.71972
3.30309
3.74099
3.52929
3.61737
3.1711
3.02597
3.37808
3.6137
3.2627
3.48448
3.37245
2.99726
3.11656
3.12364
2.80243
3.06381
3.1936
3.30579
3.10007
2.98738
3.21881
3.15898
2.9565
3.02032
3.05664
2.95463
3.04583
3.30614
3.82184
2.89546
3.18012
3.80582
3.43519
2.62296
3.44137
2.82679
3.15785
3.49171
3.10822
2.99339
3.49806
3.43509
3.62908
3.15677
3.03593
2.80468
3.72554
3.51885
3.30576
3.51546
2.35778
3.48312
4.14663
3.82092
3.35589
3.33503
2.87574
3.20805
3.00974
2.14287
2.7209
2.8506
3.19649
3.99986
3.53476
3.35536
3.24858
2.80089
3.36599
3.07561
3.60507
3.59507
3.72487
3.28774
3.43826
3.28849
2.98828
3.41151
2.96771
3.20571
3.22345
3.30851
2.45731
3.29851
2.84908
3.0568
2.97478
3.43813
3.17953
3.13841
3.02024
3.09106
2.39161
3.27925
3.00021
2.67003
3.12997
2.94446
2.88523
2.88986
3.04998
2.88681
3.27628
3.50333
3.85969
3.21486
3.09425
4.06527
3.52725
3.02447
2.87479
3.06231
3.47417
3.1272
2.56645
3.76776
3.1436
3.19247
2.76798
3.35506
3.73139
1.95512
2.78655
2.46
2.30651
2.67552
2.85453
2.94832
3.06122
1.8979
3.16346
3.14617
3.31024
2.6887
3.03783
2.75468
2.67341
2.56685
3.33291
2.96515
2.6897
2.72401
2.69803
3.11959
3.27974
3.23296
3.43083
2.90446
3.06432
3.05436
3.09424
3.19826
3.16057
3.30351
3.26221
3.2373
2.47146
2.80058
3.24844
2.5067
3.4945
3.57978
2.73321
3.52355
3.4861
2.7518
2.92214
2.92227
2.85486
2.74463
2.458
2.55974
2.61875
2.09029
3.08035
2.95827
3.47097
3.62045
2.95149
3.53103
3.63211
3.2035
3.89341
3.84977
3.22944
2.77493
3.30029
3.16724
3.26159
3.53328
3.34449
3.13463
2.94683
3.06226
2.80136
3.03748
3.65557
3.361
3.0187
2.99764
3.28675
2.94178
2.82139
2.91871
2.98799
2.93278
2.94817
3.11827
3.66938
2.81003
2.97301
3.47532
3.55514
2.64079
3.73228
3.10846
3.11575
3.21742
3.38886
3.127
3.44304
3.42982
3.78529
2.91605
2.8169
2.91831
3.72899
2.92098
3.47827
3.5112
3.06072
3.31583
3.35998
3.52227
3.23932
3.50193
2.96026
2.87811
2.95385
2.00414
2.70415
2.87815
3.58915
4.09424
2.80962
3.31397
3.79467
3.18547
3.01003
3.16346
3.16967
3.60985
3.48524
3.44056
3.32774
3.26591
3.31607
3.08483
3.02189
3.03239
2.95238
2.97942
2.8848
3.22391
2.89607
2.9861
2.78998
3.12759
3.14141
3.01667
2.84501
3.10504
2.7967
3.15157
2.98355
3.00441
2.86778
2.51776
3.03789
3.07775
3.45203
2.74442
3.69978
3.3971
3.01683
2.36856
2.90964
3.7958
3.3492
3.32367
2.92117
2.87531
4.02678
3.11486
2.81868
3.30925
3.15158
3.34061
2.61122
3.69984
3.61552
