1.9137
2.72761
2.08389
2.13702
2.47249
2.74125
3.12576
2.86311
1.53468
2.90895
2.83383
2.89547
2.16256
2.40187
2.68124
2.38541
2.57166
3.64752
2.42371
2.54219
3.13467
3.24122
2.80587
2.81376
3.29913
3.50669
2.80102
2.90044
2.89537
2.99497
3.47572
3.88489
3.61536
3.39566
3.20174
2.21823
2.59951
3.12275
2.30066
2.85332
3.17228
2.31173
2.89358
3.18728
2.56324
2.35148
2.52823
2.35758
2.38256
2.45725
2.38065
2.41913
1.85804
2.66858
2.94054
3.41226
3.82169
1.98789
3.35332
3.52039
3.265
3.45528
3.66897
3.42035
3.21163
2.87306
3.11964
3.10062
3.80767
3.62643
3.72416
3.63707
3.03298
3.234
3.1902
3.26527
3.16662
3.25949
2.92407
3.10479
2.81797
2.94448
3.11915
3.15572
3.29344
2.97935
3.3871
3.27855
2.87386
3.61478
3.68794
3.7646
2.705
3.54168
2.87878
3.06065
2.77109
3.14181
3.34232
3.24252
2.75018
3.24268
2.61909
2.51244
2.91342
3.84448
3.02808
3.5065
3.9568
3.02231
3.53705
4.09214
3.46078
3.39206
3.16198
2.73744
2.634
3.39022
1.99226
3.30905
2.65453
3.78501
3.31882
3.04322
3.35989
2.88301
2.94719
2.71963
3.09144
3.38123
3.70279
3.3853
2.92564
3.11345
3.11204
3.3445
3.16018
3.03187
3.33767
3.14918
2.77288
2.65859
3.17458
2.77639
3.02385
2.66041
2.70137
2.96854
2.97588
3.21351
3.23801
2.50494
3.33214
2.81416
2.826
2.83519
2.57683
2.8176
2.94856
2.84286
2.8458
2.72547
3.3656
3.46581
3.0556
3.87848
3.86036
3.31127
2.92107
2.93544
3.21312
3.82183
2.89258
3.02057
3.00562
3.39581
3.26313
3.18125
3.62015
3.64372
1.98194
2.69696
2.25575
2.12104
2.33489
2.64475
2.71812
2.77623
1.61913
2.77566
2.69782
2.71901
2.20073
3.28702
2.7086
2.57469
2.58375
3.20838
2.71404
2.40028
2.89087
3.14368
2.77855
3.17073
2.54542
3.44172
2.81028
2.9773
2.73477
2.98796
3.46317
3.50598
4.06505
3.86855
2.97089
2.03082
2.54996
3.05448
2.34978
3.04496
3.37847
2.33201
3.41558
3.03326
2.58303
2.68419
2.50345
2.64552
2.71513
2.56289
2.37193
2.34118
1.94846
3.12497
2.75707
3.29163
3.12124
3.03205
3.25297
3.3438
3.16215
3.6892
3.76332
3.34821
2.84056
3.25571
3.08169
3.10249
3.38227
3.41503
3.2572
2.97863
2.98652
3.19286
3.00126
3.35014
3.28276
3.24523
2.94697
3.12987
2.84075
2.98599
3.00308
3.29176
2.92343
2.86273
2.97205
3.18608
2.73514
3.16968
3.65566
3.2649
2.55182
2.88697
2.86027
2.9296
2.88587
3.23313
3.21867
3.39824
3.36263
2.85252
2.79268
2.78879
3.27616
3.68515
3.16307
3.19302
3.62535
3.51059
3.67858
4.3606
3.60224
3.07827
3.49264
2.93597
2.57984
3.13588
2.30977
2.72483
2.97519
3.36786
3.64678
2.85221
2.87695
3.62319
3.03685
3.01132
2.83195
3.55785
3.80949
3.77922
3.17335
2.98895
3.24788
3.30017
3.28818
3.05742
3.08694
2.6881
2.76133
2.82531
3.00883
2.98569
2.89719
2.73539
2.98507
2.92139
3.07883
2.89262
3.03614
2.58569
2.8765
2.81705
3.03851
2.91323
2.97291
2.35152
2.57112
2.46207
2.94691
3.19692
3.64958
3.55693
2.5943
3.03094
3.00627
3.22879
3.01548
2.85196
2.79412
3.3665
3.13935
2.95153
3.11873
3.3064
3.05109
3.05353
3.55708
3.67627
