1.87592
2.70496
2.49261
2.03334
2.29954
2.40889
2.82449
2.86983
1.71804
2.78949
2.60184
3.04728
2.6025
2.72088
2.75477
2.5464
2.57962
3.12403
2.6903
2.72188
2.96333
2.80606
2.61661
3.18423
3.2112
3.46317
2.99014
3.03987
2.98256
2.91687
3.53111
3.81094
3.44159
3.67032
3.28262
2.82152
2.98084
2.97198
2.59298
3.06071
2.97886
2.46903
3.51308
3.15621
2.92839
3.02499
2.62044
2.40826
2.46958
2.89689
2.18061
2.24036
2.23899
2.98009
3.1899
3.09788
3.38523
1.9946
3.21815
3.21181
3.48121
3.32926
3.84167
3.08676
3.25405
3.17539
3.1031
3.19731
3.43772
3.34888
3.12357
3.68225
3.14299
3.13368
3.22774
3.48085
3.36201
2.96533
2.93371
3.21651
3.21807
2.96016
3.01634
2.8581
3.07683
3.00919
3.00107
3.37969
2.81114
3.07302
4.02448
3.61066
2.86138
3.31531
2.55543
3.01486
3.12103
3.03432
3.22453
3.13521
3.23883
3.60455
2.74955
3.03641
3.15847
3.37477
3.27738
3.48549
3.38612
3.09758
3.4092
3.82608
3.23649
3.05505
3.01384
2.56839
2.61499
2.99841
2.0401
2.8887
2.87486
3.53722
3.87274
3.23849
3.70743
3.17197
2.93291
3.12406
3.47839
3.43596
3.57456
3.58087
3.48098
3.48355
3.22349
2.97039
3.02633
2.76678
3.35602
3.05357
3.01182
2.48392
3.17505
2.71213
2.88244
2.87448
3.34564
3.04911
3.08379
3.03325
3.33421
2.38456
2.57443
3.04481
2.50365
2.87541
3.12605
3.20307
2.9521
2.95631
2.8486
3.04715
3.55602
3.6425
3.10838
3.19179
3.34602
3.48401
3.18731
2.81931
2.76233
3.2383
2.90355
3.32456
3.27307
3.27707
3.48144
2.82703
3.24997
3.62672
1.8161
2.61741
2.48192
2.21016
2.31237
2.44888
3.06157
2.84459
1.84649
3.14839
2.73475
2.95782
2.33668
2.94056
2.72792
2.36398
2.68147
3.09047
2.70013
2.30266
2.78223
2.92036
2.7135
3.16593
2.7388
3.6361
3.06486
2.55654
3.06672
2.96902
3.47343
3.71643
3.85744
3.80073
3.16851
2.69878
2.83711
3.35226
2.50837
3.20541
3.18529
2.47297
3.6793
3.49282
2.87345
2.54786
2.59433
2.25477
3.0201
2.38767
2.47772
2.47049
2.18995
3.12749
3.02428
2.92309
3.95657
2.5583
3.35845
3.05004
3.60129
3.54521
3.99362
3.13293
3.05661
3.01283
3.44658
3.08304
3.5816
3.43846
3.03185
3.16777
3.101
3.26813
3.21464
3.35818
3.46984
3.30616
2.8536
3.08077
2.84762
2.80621
3.24393
3.00737
3.04056
2.85548
2.92596
3.46832
3.08942
3.43104
3.567
3.10889
2.63749
3.70446
2.46011
3.03493
2.98079
3.0141
3.24863
3.15387
3.12648
3.39687
2.78878
2.83297
2.65316
2.92827
3.11255
3.11495
3.60844
2.58128
3.6109
3.08585
3.25942
2.89056
3.28486
2.88076
2.9652
2.96523
2.06511
2.51174
3.35909
3.09535
3.75566
2.83965
3.10585
2.62883
3.26203
3.30045
2.79651
3.10862
3.44154
2.96992
3.22962
3.51122
3.62394
3.10732
3.28921
3.17786
2.54378
2.95254
2.95803
2.49067
3.13327
2.75114
2.8458
2.75508
2.83969
3.10867
3.00823
2.89135
3.16493
2.34696
2.44696
2.81607
2.66436
2.82384
3.3367
3.02024
3.34306
2.73942
2.97143
3.12643
3.50671
3.65477
3.04354
2.90405
3.48808
3.39035
3.10491
2.86116
2.76218
3.52211
3.17198
2.99787
3.23474
3.17041
3.31338
3.0355
3.32338
3.73438
