1.87509
2.98104
2.49239
2.23226
2.43345
2.78729
2.83374
2.68377
1.79306
2.88393
2.99103
3.40995
2.30859
3.11092
2.68096
2.40734
2.82497
3.6237
2.72709
2.70282
2.75336
3.28105
3.08441
2.92328
3.25659
3.51471
2.87485
3.27316
2.71717
2.97357
3.16778
3.92844
3.04611
2.93772
2.8975
2.35185
2.64094
3.03289
2.41662
3.19293
2.9037
2.49485
3.39904
3.06088
2.57545
2.57149
2.79731
2.6958
2.97986
2.73103
2.41907
2.57879
2.06579
3.11699
2.80442
3.6422
3.44817
2.96979
2.83412
3.00886
3.49653
3.22939
3.34625
3.18446
2.75153
2.76377
2.94529
3.13065
3.44283
3.45847
3.04271
3.18112
2.9885
3.05988
3.09456
3.08328
3.31818
3.04334
3.18306
3.12973
2.63562
2.68094
2.9877
3.07288
2.97239
2.80958
3.05144
3.55009
3.16158
3.35594
3.18247
3.31273
2.81586
2.92833
3.17975
2.81693
3.0155
3.13634
3.59342
3.16885
3.26781
2.80518
2.69408
3.16008
2.89336
3.81945
3.11347
3.41268
4.18192
2.41913
3.64073
4.13211
3.18869
3.05
3.33742
3.20909
2.79899
3.45636
2.32388
3.35997
2.60451
3.57938
3.63266
2.81133
3.15824
3.76875
2.84199
3.09268
3.16178
3.32709
3.67634
3.92428
3.21079
3.03047
2.92483
2.99695
3.19859
3.17694
3.19557
3.26533
3.02986
2.62527
3.45008
2.90863
2.82993
3.30527
2.87959
3.03104
2.89403
3.06482
3.35561
2.77773
3.17444
3.50383
2.83784
2.95137
2.84019
2.91439
3.15269
2.84975
2.99268
3.03731
3.57514
3.8796
3.36691
2.77703
3.40537
3.11419
3.02446
3.16436
3.101
3.51541
2.67894
2.97344
3.17061
3.0676
3.6467
2.74868
3.47606
3.40334
1.8757
3.07153
2.51871
2.21333
2.41778
2.50805
2.64896
2.86358
1.86598
2.86797
2.70906
3.06798
2.32188
3.35194
2.55975
2.65591
2.5771
3.20896
2.80494
2.86589
2.9786
2.51005
2.54838
2.85241
3.28802
3.06661
2.70907
3.02255
2.56857
2.86361
3.37368
3.73976
2.83384
3.76492
2.96063
2.39614
2.68822
3.10645
2.55221
3.22655
2.97057
2.63021
2.93056
3.23381
2.49689
2.41213
2.58618
2.53192
2.63671
2.51236
2.63741
2.72618
2.0197
2.86361
3.06952
3.44558
3.76714
3.48876
3.68768
2.93186
3.57627
3.10852
3.54074
2.91701
2.85943
3.00091
3.15708
3.07377
3.22582
3.15909
3.202
3.04239
2.87406
3.04101
2.77677
2.96984
3.67655
3.30536
2.74707
2.95828
2.82031
2.88939
2.97052
3.06605
2.92311
3.22826
2.87224
3.6321
3.30121
3.30741
3.5592
3.41404
2.71031
3.16943
2.54418
3.02392
3.16966
3.05395
3.18714
2.93523
3.30223
3.21451
3.05547
2.85873
3.07474
3.8105
2.98728
3.27905
3.74762
2.94213
3.40847
4.18933
3.09376
2.91144
3.20952
3.02937
2.89843
3.29592
2.44491
3.49421
2.92203
3.54088
3.4433
2.61969
3.39518
3.32283
3.15106
3.24762
3.16197
3.48695
3.58688
3.81088
3.3746
3.03555
3.10325
3.87719
3.43337
2.92267
2.8701
3.09047
2.8533
2.56067
3.18484
2.7187
2.69116
2.87572
2.95974
2.93351
3.12357
2.82489
2.77136
2.31363
2.74347
2.82524
2.69861
2.67712
2.82059
2.88489
2.81243
2.97726
2.49754
3.65848
3.45097
3.65185
2.59561
3.32756
3.65971
3.2543
3.06877
3.04066
3.22595
3.76464
2.60354
2.59962
3.23746
3.38554
3.21633
2.8339
3.39144
3.66722
