2.05895
2.94411
2.6104
2.25651
2.45767
2.73456
3.10137
3.20524
1.68913
3.33132
3.27101
3.8538
2.54325
2.32225
2.90558
2.94702
2.78507
3.1974
2.8315
2.54828
3.12119
2.73998
2.84549
3.18877
2.86626
4.14628
2.80664
2.63893
3.1083
3.21562
3.66315
3.35765
3.31976
3.44511
2.82958
2.76266
2.68286
3.20738
2.89793
3.29487
3.58019
2.94022
3.85224
3.89567
2.78068
2.73587
2.77674
2.38104
2.66886
2.82689
2.64329
2.44857
2.23411
3.57561
3.59921
3.20201
3.45553
2.04419
3.22018
3.89761
3.62189
3.12802
4.01237
3.01815
3.07811
2.89455
3.51703
3.20115
3.62115
3.62165
3.121
3.45067
3.27207
3.28477
3.10893
3.24414
3.2668
3.10568
3.1331
3.32021
2.9186
2.93794
3.29873
3.25037
3.022
2.92379
3.25915
3.17665
3.35181
3.18373
3.43245
3.09897
2.87191
3.99543
2.84348
3.34311
3.3746
3.8474
3.48127
3.79464
3.59927
3.15305
2.54432
2.88963
3.38816
3.83275
3.17285
3.47092
4.34224
3.55687
3.75673
4.53015
3.5801
3.40565
3.25631
2.78983
3.02091
3.33785
2.40864
2.59809
2.57334
4.31067
3.70817
3.04141
3.6812
3.62968
3.00832
3.40921
3.02355
3.29236
3.82496
3.83574
3.31269
3.35793
3.22923
3.22193
3.2086
3.06998
2.99163
3.31338
2.91215
3.09639
3.06238
2.99869
3.14808
2.873
3.35024
3.32799
3.34034
3.15724
3.46531
2.52849
2.97332
2.76936
3.19822
3.32941
2.79857
2.85352
2.73873
3.03698
2.88767
2.65989
3.7919
3.7126
2.94616
3.84348
3.49889
3.58325
3.12593
2.96754
2.99678
3.94538
2.76682
2.9274
3.93186
3.22126
3.60009
2.69218
3.92911
3.72816
1.96358
2.84756
2.33517
2.3078
2.43434
2.63794
2.91749
3.03039
1.7524
2.96902
3.19039
3.24035
2.46973
2.36233
2.76796
2.74206
2.72553
3.33615
2.72435
2.6455
3.18451
2.49964
2.90571
3.09561
3.04825
3.40151
3.18874
3.24023
2.7138
2.91583
3.24565
3.56131
3.51373
3.92328
2.95752
2.90105
3.0221
3.16771
2.68352
3.61421
3.19402
2.74
3.95771
3.40016
3.21721
2.94241
2.81002
2.66598
3.04318
3.13784
2.713
2.83505
2.13066
3.38477
3.60074
3.63377
3.68632
2.28178
3.72334
3.28908
3.48782
3.61131
3.94847
3.54383
2.59735
3.24513
3.31599
3.1613
3.76935
3.56811
3.27104
3.35338
3.22766
2.90581
3.1653
3.58002
3.35427
3.13196
3.16099
3.36912
2.88948
3.03343
3.1643
3.06656
2.86443
2.97967
2.96974
3.04862
3.05545
2.97366
3.29858
3.44588
2.79533
3.86
2.78209
3.25499
3.15886
3.56364
3.59674
3.14352
3.5991
3.16759
2.53269
2.88734
2.85148
3.76486
3.22911
3.47489
3.74521
3.49536
4.01279
4.32625
3.27503
3.2914
3.37287
3.18115
3.12466
3.28148
2.65888
2.77056
2.4996
3.79484
3.2794
2.77111
3.66499
3.47566
3.12967
3.32496
3.2668
3.14752
3.71979
3.71321
3.13597
3.25375
3.16173
3.29816
3.28858
2.88819
2.86276
3.15396
2.7646
2.79782
3.06001
2.80868
2.8799
2.82326
2.94114
2.86999
3.22467
3.17623
2.99166
2.91551
3.17011
2.93752
2.8327
2.83327
2.9857
2.99327
2.86304
3.04141
3.22852
3.60234
3.42502
3.69979
2.84652
3.82383
3.15845
3.17264
3.24492
2.88126
2.85888
3.20784
2.79743
2.97113
3.22511
3.05826
3.1681
3.04245
3.61619
3.91386
