1.93178
3.119
2.60849
2.34256
2.61697
3.05119
2.90279
3.01428
2.09412
3.16135
2.91564
3.48873
2.67128
2.56554
2.6749
2.98511
2.74338
3.0384
2.53892
3.0624
2.78548
2.83397
2.7017
2.89808
3.2881
3.94894
3.21669
3.52715
3.35015
3.86657
3.48553
3.91176
3.90994
4.17436
3.53298
2.54684
2.8489
3.30652
2.7452
3.45313
3.24182
2.50357
3.7015
3.78863
2.59025
2.61764
2.93204
2.39958
2.88211
2.73741
3.13018
2.86865
2.25837
3.15926
3.2969
3.28866
3.68877
2.41606
3.46694
3.43625
3.61717
3.55251
3.45138
3.3916
3.17098
3.2653
3.05232
3.06734
3.40914
3.3598
2.86967
2.8344
2.9246
3.00642
3.03689
3.40264
3.59021
3.17213
2.96498
2.86231
2.81183
3.22825
3.08917
2.89029
2.65316
2.63871
2.60926
3.47124
3.0671
3.39496
4.16488
3.90314
2.99991
3.48996
2.58818
3.13541
3.07498
3.27755
2.95666
3.46363
3.90485
3.86132
2.83552
3.02202
3.31609
3.17477
3.4532
3.51472
3.9244
2.94935
3.52339
4.312
3.68898
3.1367
3.33365
3.2644
3.25995
2.82974
2.56174
2.81815
2.85627
3.88251
4.08028
2.99629
3.49165
3.591
3.02968
3.44917
3.47361
3.40868
3.8888
3.92828
3.39563
3.26719
3.32677
3.27569
3.20924
2.93718
3.36045
3.36461
2.79143
2.93168
2.87779
3.32685
3.2179
2.95619
3.48106
3.46714
3.3788
3.41385
3.64565
2.38637
3.56969
3.37314
3.07654
3.23046
3.17229
3.07171
2.95162
3.22975
3.1709
2.9947
3.10585
3.442
3.45472
3.10487
3.72327
3.64341
3.22187
2.71025
3.64565
3.75694
3.35
2.96077
3.31158
3.1292
3.43147
2.9652
3.32712
3.63533
1.72141
2.77033
2.32467
2.15477
2.64724
2.59365
2.80287
3.06424
2.27624
3.01996
3.42689
3.28813
2.56765
2.79333
3.03874
2.68851
2.81686
3.14997
2.62904
2.51072
2.92526
2.97045
2.9426
3.34937
3.17954
3.84336
3.15546
3.30078
3.57572
3.06226
3.58173
3.43945
4.3561
4.06075
3.21134
2.63245
2.63873
3.25064
2.90429
3.36316
2.89633
2.63808
3.57621
3.3977
3.2497
2.79952
3.17405
2.32207
3.18015
2.86075
2.95584
2.74132
2.356
2.92454
3.13947
3.52255
3.08407
2.54471
3.66937
3.27932
3.38367
3.4509
4.128
3.32754
2.87019
2.85007
3.36742
3.09939
3.44123
3.68113
3.07313
2.83593
3.21834
3.70422
2.97721
3.52678
3.29411
2.95719
3.1385
3.54751
2.93561
2.77546
3.0796
3.15278
3.08967
2.91315
2.56694
3.48855
2.96822
3.65515
3.8135
3.85981
2.42221
3.62306
2.62178
3.03184
3.09977
3.70127
3.57248
3.32774
3.61038
3.60891
2.69598
3.2228
3.14647
4.00638
3.37999
3.39078
3.74052
3.59021
3.64188
3.99876
3.3224
3.0885
3.38578
3.24921
3.11908
3.37738
2.5612
3.03989
2.90145
3.72798
3.92731
3.05588
3.32294
3.47586
3.051
3.41709
2.97318
3.37115
3.99252
3.3455
3.24329
3.45878
3.60859
3.42005
3.11316
2.71085
3.11389
3.11591
2.80014
3.11521
3.37009
3.24434
2.82101
2.85029
3.12674
3.38503
3.24763
3.0799
3.30834
2.79165
3.1366
3.05045
2.98539
3.1895
2.94039
2.62662
2.60495
3.54687
3.03895
3.40051
3.10474
3.03215
2.48646
3.05761
3.13043
3.4362
3.49966
2.68962
3.29239
3.86679
3.44031
3.29027
3.20587
3.0205
3.15698
2.79348
3.41184
3.48624
