1.84858
2.75376
2.43694
2.28827
2.61706
2.74268
2.96011
2.91688
1.62625
2.85287
3.12823
2.70208
2.34653
2.77751
2.86914
2.49983
2.92994
3.17029
2.65005
2.873
3.1548
2.6113
2.78264
2.98924
3.07517
3.09408
2.47493
2.79509
3.1986
3.04831
3.39571
3.06504
3.32151
3.43898
3.03618
2.41011
2.66407
2.98121
2.09911
3.21221
3.24753
2.18202
3.34418
3.24848
2.72734
2.43061
2.54493
2.49791
2.52926
2.57828
2.36219
2.46889
2.14403
2.72167
2.84697
3.07044
3.3743
2.27811
3.58009
3.01598
3.31769
3.34963
3.64624
3.11668
2.69156
2.74086
3.22843
3.02925
3.23193
3.24767
3.25166
3.23544
3.14371
2.89266
2.93688
3.50013
3.16207
2.75089
2.99019
2.89395
2.79365
2.81404
2.95332
3.13131
3.12484
3.04293
3.19286
3.2021
2.87799
3.12435
3.39709
3.04392
2.7714
4.15299
2.83161
3.08774
2.91443
3.23482
3.42061
3.52509
4.3176
3.50194
2.46286
2.76443
3.00003
3.70169
3.12402
3.25466
3.71386
3.5359
3.76103
4.52873
3.42615
3.1909
3.33542
2.85018
2.63807
3.29219
2.58249
3.06949
2.68373
4.02246
3.94099
3.23635
3.36729
3.6048
3.09968
3.38178
3.21808
3.26465
3.57356
3.95645
3.45844
3.28174
3.35574
3.09691
3.60068
3.1655
3.05795
3.301
3.0575
2.78457
3.38133
2.738
2.82383
3.05827
2.80745
3.14706
2.89279
2.89387
3.37944
2.62079
3.24324
3.18625
2.68269
2.67728
2.66548
2.81355
2.93027
3.00395
2.69658
2.62318
3.8975
3.52952
3.12415
3.87263
3.20345
3.31904
2.83427
3.24278
3.05623
3.5314
2.78946
3.01539
3.4716
3.28481
3.24608
2.98761
3.24842
3.47523
1.7756
2.81443
2.28045
2.18354
2.69117
2.657
3.10607
2.92182
1.76972
2.89282
2.66408
2.87829
2.19288
2.70749
2.91228
2.65653
2.48344
2.98069
3.02368
2.9266
2.56914
2.56444
2.75451
2.77654
3.09413
3.26729
2.88465
2.79345
2.4509
3.10396
3.34968
3.88994
3.31825
3.88885
2.6631
2.64818
2.60709
3.01805
2.31092
3.04313
3.0425
2.32528
3.03899
3.29694
2.66439
2.49799
2.42096
2.51286
2.40502
2.45873
2.54626
2.57312
2.03544
3.19076
2.78529
3.16229
3.48915
2.34118
3.24614
3.25971
3.37733
3.81719
3.39469
3.05287
3.07217
2.72748
3.3797
3.11507
3.48271
3.6913
3.17486
3.26629
2.91148
2.834
3.20904
3.18275
3.09653
2.89499
3.06851
3.46443
2.86
2.78758
2.70475
2.87764
2.94475
2.93914
3.17213
3.25862
3.07537
3.06472
3.42196
3.43978
2.6278
3.68766
2.64878
3.14257
2.89082
3.34417
3.17159
3.2004
3.4713
3.72698
2.74517
2.77006
3.06297
3.81934
3.15514
3.39319
3.32951
4.05893
3.70764
4.39414
3.70664
3.07808
3.04982
3.1982
2.77742
3.38242
2.03776
2.75253
3.06583
3.80163
3.38987
2.61012
3.14261
3.75911
3.17937
3.18367
2.96479
3.05646
3.58292
3.55782
3.51694
3.47067
3.2009
3.26138
3.60576
3.21381
2.78779
2.95532
2.88734
2.81303
3.32867
2.9344
2.71579
2.88571
3.0575
3.05829
2.91203
2.89956
2.85618
2.6051
2.95417
2.73943
2.83036
3.20629
2.83073
3.39591
2.95718
2.61917
2.84082
3.07201
3.70285
3.17704
2.8407
3.64167
3.4013
3.25074
3.39555
2.76887
2.90921
3.83194
2.72737
2.50704
3.23263
2.95858
3.80879
2.84136
3.25396
3.52743
