2.15249
2.53421
2.71503
2.59598
2.76476
2.78081
3.70893
2.89811
2.05439
2.95699
2.88975
2.63606
2.59646
2.43472
3.31826
2.82048
2.77989
3.33673
2.47728
2.90194
2.72008
2.60726
2.46876
3.31775
2.54081
3.71982
3.33818
2.82483
2.87952
3.12399
3.2419
3.86999
3.52835
3.41878
2.83115
2.79965
2.57863
3.05248
2.84464
2.95329
3.41903
2.76953
3.31529
3.85846
2.88571
2.76493
2.51102
2.64287
2.93658
2.79491
2.70709
2.56019
2.24172
2.81498
3.03589
2.97363
3.91677
2.46834
2.66258
3.42611
3.28408
3.54465
3.18947
3.03311
2.98155
3.18484
3.38288
2.98839
3.51263
3.81836
3.16065
3.2509
3.15834
3.14412
3.2385
3.23898
3.3785
3.23448
3.15326
3.1549
2.81402
2.8999
3.20877
3.27425
3.40989
3.00375
3.26244
3.37078
3.12657
2.80032
3.82614
3.2597
2.76069
3.53853
2.47095
2.7532
2.91206
3.5684
2.66146
3.44411
3.80696
3.33238
3.06026
3.176
3.14007
3.74279
3.22314
3.42086
4.27701
2.56024
3.41173
3.99958
3.49013
3.48123
3.05859
3.08276
2.68622
3.25613
2.38557
2.83157
2.27322
3.47252
4.21992
3.53528
3.55597
3.31458
2.62366
3.76133
3.11513
3.07361
3.82788
3.8866
3.07001
3.65439
3.21885
3.16038
3.03018
2.78561
2.99715
2.92441
2.94632
2.75276
3.22563
2.81632
2.85761
2.72806
2.78405
2.87948
2.81268
2.96589
2.69693
2.12592
3.11061
2.92215
2.56286
2.85296
3.11399
2.85923
3.26092
2.7332
2.76068
2.84845
3.28522
3.12371
3.12313
3.55042
3.66436
3.52085
3.07616
3.03417
2.99956
3.66433
3.16555
4.15994
3.17766
3.58131
3.07835
3.00684
3.05582
2.87219
2.19452
2.94697
2.36205
2.56598
2.67511
2.84522
3.33501
2.91728
1.9593
3.03674
3.21737
3.08325
2.43584
2.78223
2.96784
2.63002
2.76224
3.57722
2.80702
2.69483
3.0268
3.22091
2.89647
3.32762
2.91524
3.72834
3.05328
2.92933
3.42755
3.29154
3.27263
3.89526
3.35701
4.14315
3.11449
2.6449
2.80448
2.92876
2.43672
3.34811
3.74279
2.96255
3.60537
3.72921
3.10867
2.91051
3.02729
2.87654
3.01639
2.55591
2.77857
2.473
2.11211
3.0987
2.90255
3.26003
3.75515
2.44573
3.83145
3.72935
3.23316
3.77105
3.94412
3.09632
2.9232
3.01418
3.55096
3.17716
3.41619
3.54569
3.26566
3.27829
3.33085
3.21678
3.21966
3.1387
3.48882
3.03599
2.96118
2.98352
3.22022
2.89384
3.34615
3.48188
2.95834
3.07683
2.92908
3.44777
2.91532
3.6314
3.65981
3.60302
2.49242
3.45767
2.64912
2.98356
3.40969
3.1611
3.007
3.79469
3.83492
3.6745
3.26967
3.48328
3.33043
4.14985
3.36985
3.35622
4.04747
3.09748
3.71494
3.98752
2.85649
3.17347
3.17279
2.94222
2.66871
2.98129
2.36984
2.85721
2.49809
3.75332
3.76879
3.52012
3.64945
3.43661
3.01046
3.57596
3.18352
3.49681
3.75855
3.34343
3.26757
3.66972
3.18557
3.60808
3.4501
2.86354
2.9367
2.98447
3.15349
2.84095
3.34021
2.78449
2.81173
2.9938
2.96472
2.95791
3.33382
3.41336
3.18335
3.00128
3.38993
2.88946
2.88307
2.93197
3.12139
3.1459
3.00952
3.06232
3.19271
3.29726
3.59135
3.66994
2.87727
3.00828
4.46281
3.61126
3.35996
3.15893
3.02176
3.9312
2.94051
3.09002
3.67763
3.4923
3.19195
3.17902
3.44102
3.76828
