1.69322
2.81585
2.41372
2.09773
2.08989
2.56182
2.73921
2.73877
1.45077
3.15318
3.00161
3.21367
1.85982
2.88026
2.51888
2.07871
2.38863
3.1669
2.09343
2.46662
2.64445
2.79852
2.46644
2.51967
3.21918
3.62955
3.18205
3.15821
3.06737
3.04087
3.37424
3.93169
2.82783
3.67862
2.98966
2.37149
2.4762
3.19703
2.52223
3.21854
3.21837
2.49997
3.26806
3.09804
2.68606
2.82362
2.4519
2.798
2.98035
2.79741
1.97037
2.10121
1.98858
2.9913
2.74958
2.99617
3.50932
3.18037
3.89346
3.41311
3.76841
3.44159
3.90235
2.83104
3.25354
2.88042
3.21948
3.27143
3.70106
3.93053
3.23352
3.17708
3.25424
2.91135
3.28088
3.44643
3.1671
3.04534
2.96442
3.05454
3.40494
2.68974
2.97041
2.87985
3.15952
2.912
2.94701
3.59319
2.45988
3.18519
3.58268
3.46748
2.96249
3.18524
2.50889
2.78583
2.93219
3.40814
3.3214
3.36355
3.17361
3.18198
2.34946
2.60035
2.91357
3.84767
2.73311
3.57615
4.26356
3.82749
3.63685
4.56376
3.56199
3.03498
3.3716
2.58127
2.84555
3.39072
2.22836
3.47918
2.38379
4.20747
3.10351
2.55792
3.1816
3.24182
2.70546
2.92386
3.07214
3.16763
3.88838
3.71755
3.35498
3.12052
3.05359
2.87553
3.03454
3.10597
3.10011
2.65319
2.74973
2.9935
3.08681
2.78912
2.84581
2.51314
2.72148
3.08436
2.96779
3.19743
3.20409
1.89726
3.04014
2.83558
2.52952
2.99998
2.47908
2.46746
2.62888
2.55994
2.71751
3.12074
3.16694
3.82044
3.34621
3.50462
3.19499
3.12116
2.91867
2.70128
2.7462
4.05205
2.11236
2.31425
3.1857
3.16213
3.96415
2.74776
3.05725
3.7656
1.81469
2.35212
2.30676
1.90495
2.09399
2.39478
2.93401
2.79439
1.62343
2.92409
2.97461
3.18015
2.38788
3.63949
2.62498
2.40993
2.46896
2.94161
2.18718
2.69323
3.7609
2.38249
2.224
2.61525
2.77193
3.51441
2.81358
3.95634
2.83372
2.76537
3.35126
3.8854
3.58989
3.53773
3.09657
2.09952
2.4858
3.00202
2.34515
3.04419
3.25105
2.49611
3.60687
3.05339
2.65335
2.60759
2.54252
2.3233
2.49049
2.67445
2.18667
2.23082
1.93608
2.85721
3.09379
3.29521
4.38789
4.15983
3.68457
3.17854
3.65835
3.79425
3.95655
3.18238
3.43047
3.12765
3.12598
2.97169
3.765
3.60677
3.16897
3.76596
2.97287
3.0189
3.21907
3.38927
3.38408
3.12719
3.04667
3.02885
2.76782
2.94876
2.77344
2.9981
2.84092
2.80459
3.23804
3.75088
3.05542
3.07318
3.5066
3.38037
2.76215
2.7575
2.80926
2.80961
2.99249
3.0465
3.12122
2.94167
2.97582
2.99114
2.1887
2.757
2.64242
3.55187
2.76565
3.37607
3.70418
3.69328
3.60342
4.06594
3.343
2.69221
3.38351
3.11936
3.28765
3.06967
2.31013
3.10278
2.45572
4.11959
3.32382
2.38558
3.37122
3.40795
2.9543
2.83552
2.82816
3.10065
3.83773
3.7956
3.51257
3.32278
3.23424
3.17895
3.43007
2.96865
3.29801
3.05213
2.62527
2.48069
2.82444
3.04685
2.81091
2.43351
3.07985
2.82451
3.0879
3.19691
3.23107
2.7116
2.51335
2.55113
2.90011
3.02567
3.0206
2.47272
2.42962
2.71055
2.7007
2.97758
3.17059
4.45907
4.05339
3.18055
3.3106
2.84399
2.94119
3.35086
3.18827
3.27162
2.38158
2.66134
2.91663
3.11139
3.83341
2.6219
3.24132
3.4028
