1.78933
2.7523
2.4095
1.9804
2.15379
2.42143
2.9417
3.0452
1.64387
2.94604
2.95934
3.26522
2.47602
2.94032
2.72166
2.40367
2.52972
3.01411
2.78373
2.75349
2.93652
2.24309
2.85971
3.16739
3.37569
3.99773
2.7797
3.17938
2.60046
3.31919
3.56259
4.03327
3.50003
4.03407
3.17988
2.73349
2.70904
3.18032
2.6167
3.09086
3.44449
2.58821
3.44711
3.78514
2.74936
2.51704
2.67853
2.27322
2.80439
2.66352
2.40791
2.49897
2.22051
3.12052
3.18836
3.16326
3.84908
2.07343
3.52242
3.61533
3.16539
3.66228
4.02012
3.30369
2.52709
2.64729
3.22719
3.04103
3.70851
3.62591
3.44487
3.04944
3.08132
3.10349
3.38846
3.21289
3.30701
3.15683
3.0029
3.39148
2.93709
3.25568
3.11083
2.94836
3.13009
2.87176
3.36458
3.51071
3.07486
3.2685
3.66045
3.12185
2.50489
3.72161
2.11295
3.01375
3.33992
3.50718
3.58562
3.50124
3.42443
3.02304
2.63211
2.96863
2.79937
4.11828
3.14869
3.45494
3.56128
3.51841
3.46695
4.15684
3.44941
3.14632
3.6712
2.77428
2.64955
3.27708
2.50346
3.23063
2.75777
3.91237
3.62699
3.48839
3.57831
4.01026
2.87707
3.39311
3.28524
3.50321
3.78027
4.13043
3.50128
3.38661
3.20053
3.2532
3.02656
3.42548
2.76749
2.90047
2.81819
2.55442
3.39409
2.60369
2.75681
2.82142
3.06137
3.09748
2.98933
3.21855
2.99207
2.7257
3.00447
3.05093
2.89709
2.88465
2.53779
2.83413
3.08229
2.45596
3.07823
3.12929
3.79194
3.76758
3.02988
2.94076
3.51875
3.40285
3.03508
2.88413
2.80281
3.63029
3.02184
3.38751
3.69928
3.3196
3.74357
2.76044
3.70624
3.61402
1.64599
2.92258
2.5915
2.13905
2.38414
2.5482
2.80333
2.95035
1.64281
3.16154
2.47888
2.78549
2.37575
2.60697
2.94563
2.60083
2.45915
2.60017
2.65353
2.43412
2.27217
3.05254
3.12925
3.14658
3.33745
3.63254
3.00639
3.36901
3.18559
3.14005
3.37306
3.41279
4.0896
4.17666
3.16657
2.3868
2.53468
2.93252
2.58309
3.09891
3.22639
2.50534
3.96613
3.61198
2.63641
2.87345
2.72103
2.45026
2.74136
2.63656
2.61002
2.59618
2.05123
3.35978
3.1521
3.38297
3.4839
2.26932
3.4664
3.56803
3.34813
3.94824
4.22131
3.05081
2.91838
3.15952
3.17874
3.1128
3.6002
3.45991
3.3169
3.3206
2.92203
3.11533
3.27775
3.05996
3.25619
3.30288
2.93239
3.21024
2.8093
2.90748
3.00265
3.1103
2.87929
2.9579
3.19748
3.45064
2.62661
2.93942
2.87635
3.37279
2.78847
3.23068
2.46198
3.15526
3.20308
3.26473
3.4782
3.73052
3.88194
3.21369
2.53988
3.31439
3.26243
4.33484
3.21053
3.36251
4.09812
3.24068
3.43738
4.21866
3.56555
2.88322
3.05777
3.01642
2.80393
2.51611
2.53715
2.98117
2.70202
3.70673
3.90924
3.10135
3.68207
4.11627
3.37085
2.97801
2.85947
3.03918
3.60181
3.82854
3.25858
3.46705
3.0395
3.25642
3.18891
3.25972
3.29205
3.15524
3.52293
2.7452
2.82381
2.80952
2.75525
2.65309
3.16807
3.03077
3.16649
3.23905
3.12674
2.41167
2.74249
2.89463
3.41165
2.48044
3.00742
2.41309
3.33508
2.76484
2.91872
3.58684
3.1777
3.59481
2.86768
3.20903
3.60494
3.27665
3.33906
2.69439
2.9989
3.85774
2.90273
2.95856
3.36782
3.47173
3.5313
3.14645
3.67913
3.84565
