1.75838
2.83552
2.38269
2.13137
2.39572
2.53568
2.75598
2.93305
1.72487
3.068
2.7867
3.37051
2.54398
2.65596
2.83348
2.62619
2.54715
2.98236
2.8326
2.60531
2.76054
2.87913
2.73066
3.18191
3.23372
3.54427
2.93651
3.16784
2.5723
3.28046
3.27925
3.45468
3.48805
3.77709
3.24763
2.79323
2.65898
2.86451
2.36856
2.92159
2.977
2.50329
3.44574
3.55272
2.8144
2.85175
2.85574
2.40991
2.54455
2.66478
2.50982
2.60564
2.08101
3.03547
3.17921
3.28979
3.39781
2.49307
3.53419
3.18251
3.94925
3.53495
3.64065
3.33827
2.64819
3.78862
3.11623
3.47188
3.65885
3.63835
3.3678
3.17077
3.04402
3.06588
3.13027
3.20328
3.3839
3.14801
2.84565
3.1345
2.71418
3.20933
3.09017
3.1814
3.00864
3.08606
3.25629
3.46445
2.94766
3.93954
4.00031
3.33188
2.50464
3.56905
2.73199
2.9536
3.61909
3.27332
2.9493
3.28612
3.15169
2.8472
2.61648
2.85688
3.21353
4.17682
3.62994
3.35732
3.51155
3.40233
3.18838
4.44899
3.20969
3.10822
3.26081
2.85891
2.81765
3.14093
2.42292
2.64808
3.12872
3.83284
3.44462
2.84975
3.17306
3.49064
2.94265
2.92258
2.80335
3.18901
3.5881
3.66524
3.37916
3.09753
3.04049
2.99296
3.24179
3.48635
3.01832
3.11235
2.75163
2.67599
3.32159
2.86057
2.77356
2.60474
3.16789
2.98855
2.89042
2.91654
2.94996
2.17348
2.91809
3.44297
2.7594
2.9427
2.88351
2.72705
3.1226
2.73838
3.21443
3.17781
3.32314
3.48976
2.90391
3.32654
3.60253
3.31335
2.75443
3.37465
3.2523
3.42442
3.00916
2.79067
3.12632
3.17532
3.88462
2.5955
3.25877
3.37572
1.70612
2.61272
2.21802
2.16675
2.48702
2.67344
2.76146
2.93178
1.75985
2.5638
2.78355
2.99969
2.5467
3.12084
2.68386
2.88411
2.67658
2.86715
2.75
2.46696
3.00946
3.17211
2.58221
3.04257
2.81674
3.8334
3.13394
3.33
3.1537
2.93129
3.50767
3.63297
3.24294
3.88744
3.06536
2.44999
2.92248
3.3144
2.44662
3.35927
3.03774
2.41999
3.60107
3.50406
2.67713
2.88093
2.83678
2.58405
2.62073
2.81176
2.44858
2.61799
2.13453
2.97995
3.03816
3.37018
3.40706
2.24265
3.31426
3.08438
3.96969
3.7915
3.9631
3.5742
3.8001
3.06795
3.62487
3.26403
3.69635
3.46543
3.25181
3.61403
3.09798
3.33341
3.1927
3.3525
3.32753
2.81588
2.97967
2.83916
2.8065
3.02588
3.10105
3.40637
3.38559
3.32929
3.57668
3.86992
3.31002
3.04765
3.69517
3.27551
3.06621
3.39165
3.0818
2.97024
3.29581
3.21816
3.35091
3.0518
3.06029
2.79853
2.58398
2.68352
3.07229
4.24726
2.96392
3.27451
3.70028
3.80136
3.37134
4.23698
3.1364
2.98946
3.54382
2.96422
3.00518
3.18818
2.25927
2.44543
2.94422
3.74603
3.51695
2.66204
3.02651
3.08516
3.15048
2.93512
3.02338
3.07354
3.49843
3.41883
3.25918
3.07859
3.49009
3.29821
2.94316
3.07105
2.928
2.96323
2.89544
2.69841
3.14129
3.33347
2.78944
2.74487
2.96589
2.86139
3.18121
3.19989
3.12373
2.56485
2.9214
3.32777
2.95684
2.86081
3.0846
3.20292
2.74941
2.97795
2.82034
3.50683
3.53339
3.69651
4.04571
3.3923
3.50286
3.39419
2.941
2.91377
3.01695
3.95061
2.84405
2.98747
3.00955
2.94954
3.28138
2.82343
3.14046
3.6296
