2.07725
2.73204
2.42223
2.41917
2.62978
2.90203
3.22757
2.84197
1.81156
3.02866
2.77672
2.9636
2.55134
3.19129
3.05517
2.6939
2.76546
2.62847
2.41467
3.00105
3.14804
2.74007
2.68152
2.87803
3.11063
3.37554
2.99927
2.99655
2.81706
3.2767
3.4031
3.71414
3.76443
3.79873
3.0319
2.64169
3.02905
3.32587
2.6151
3.2602
3.21286
2.63479
3.24409
3.08985
2.89916
2.75913
2.81468
2.68303
2.59493
2.72809
2.50395
2.55071
1.99331
3.12634
2.94395
3.10155
3.16712
2.55824
3.24955
3.03581
3.30938
3.80565
3.59388
2.88564
3.63515
2.68677
3.28714
3.30796
3.64818
3.50057
3.32371
3.16462
2.97648
3.42689
3.29418
3.24012
3.44393
3.08595
2.75815
3.11823
2.89465
2.95076
2.83408
3.16652
3.07756
3.00073
3.10884
3.62792
3.2988
3.27627
3.46172
3.28266
2.60627
3.55941
2.61054
2.97325
3.18795
3.29941
3.14649
3.7002
3.71377
3.27156
2.80661
2.82829
3.17379
3.98823
3.03022
3.19228
3.89038
2.60423
3.56403
4.28526
3.18978
3.05834
3.1738
2.83485
2.68863
2.91594
2.81515
2.85786
3.25116
3.44231
3.70492
2.87222
3.28278
3.14384
2.83038
3.26737
3.02692
3.4146
3.62113
3.841
2.97253
3.06918
3.15171
3.01638
3.21438
2.95373
3.08374
2.95052
2.90786
2.73111
3.0785
2.84237
2.86121
2.59054
3.08877
3.3369
3.07619
3.30601
3.08474
2.59627
2.70118
3.37108
2.88646
3.10508
2.975
2.9115
2.56293
2.96066
3.08772
3.09615
3.41283
3.86352
3.52172
3.52809
3.44436
3.59332
2.96095
3.00492
3.15333
3.96554
2.96059
2.68403
3.31937
3.18903
3.40696
2.87135
3.1803
3.10481
1.9282
2.95559
2.40053
2.42105
2.80067
2.88664
3.23182
2.8841
2.07404
2.85188
3.03089
3.50528
2.2755
2.91003
2.88722
2.84986
2.73273
3.02772
2.59904
2.74593
3.48146
2.55335
3.05168
2.7978
2.74752
3.58608
3.02173
3.25451
2.91326
2.83475
3.20524
3.53135
3.06967
4.01743
2.86236
2.75966
2.87108
3.05568
2.85801
3.0695
3.01284
3.01375
3.67109
3.32636
2.77838
2.97366
2.75136
2.38696
2.68252
2.95023
2.75778
2.63965
2.15807
2.90782
3.03576
3.19951
3.75178
2.8067
2.65805
3.18151
3.38682
3.58752
4.04598
3.25989
3.39543
3.25397
3.21169
3.09421
3.63755
3.36753
3.28917
3.19841
3.08542
3.20717
3.03368
3.50083
3.37408
3.36457
3.15481
2.9878
2.85588
2.99225
3.27833
3.1714
2.99389
3.01741
3.30102
3.36659
3.38023
3.42528
3.69691
3.34761
2.62163
3.19684
2.75731
2.98999
3.00925
3.22812
3.57392
3.79151
3.54954
3.17125
2.8349
2.81745
2.65282
4.16331
3.13482
3.13446
3.57741
3.73724
3.79692
4.43683
3.39428
2.55795
3.01031
2.95915
2.89743
3.08382
2.58547
2.93471
2.65774
3.43122
3.51753
2.85612
3.47767
3.10945
3.01275
2.93354
3.0244
3.10644
3.70623
3.64407
3.07007
3.48316
3.44591
3.14134
2.83235
3.02864
3.00912
2.99856
2.94318
2.78292
3.2629
2.78483
2.88889
2.65349
2.86286
3.08489
3.12621
3.15258
3.19397
2.72399
2.94915
2.81171
2.68117
2.98423
2.71925
3.13742
3.10122
2.88458
3.17286
3.1746
3.67098
3.76704
2.97858
3.3623
3.68805
3.28281
3.37743
3.16398
3.20532
3.86589
2.92682
2.98208
3.35629
2.9903
3.24908
3.01525
3.29149
3.17478
