2.21588
3.04006
2.46594
2.26817
2.45938
2.90261
3.4174
2.95275
2.06279
2.80651
3.07109
3.21587
2.78415
2.51985
2.85287
2.83008
2.76091
3.29706
2.73429
3.15187
2.29998
2.89735
2.90852
2.38953
2.92042
3.45516
2.85333
2.93961
3.36267
3.2475
3.5125
3.29367
3.10676
3.81162
2.99243
2.60635
2.59366
2.90124
2.96159
3.46539
2.95524
2.77014
3.28097
3.18346
3.07152
2.7018
2.93955
2.81888
2.96526
2.77066
2.96941
2.73694
2.21292
2.94401
2.90939
3.17045
3.35053
2.03821
3.74901
3.20776
3.35067
3.19741
3.58855
3.41755
3.7974
3.36249
2.98554
3.16136
3.46492
3.63368
3.00078
3.0503
3.04827
3.06706
3.09672
3.2054
3.51313
2.94521
2.84847
3.04246
2.74907
2.78244
3.06848
2.94636
2.55331
2.88991
3.12136
2.89554
2.76157
3.38188
4.0053
3.33551
2.36132
3.12643
2.99455
2.99793
3.02657
3.12827
3.36449
3.04066
3.5151
3.34979
2.77153
2.64298
3.07265
3.82803
3.1966
3.22073
3.66444
2.36829
3.44729
4.31966
3.47808
3.06612
3.3714
2.84946
3.07592
3.27195
2.19827
3.19546
2.4879
3.92221
4.26591
2.85492
3.24352
3.59962
2.89992
3.214
3.16
3.28428
3.47095
3.33272
3.35436
3.39228
2.97209
2.95001
3.29999
3.02965
3.01518
3.07862
2.79597
3.18169
3.28474
2.85702
3.12994
2.95295
3.09024
3.13806
3.04789
3.24907
2.92444
2.88538
3.4871
2.96442
2.70206
2.75928
3.29319
3.03766
3.06517
2.67658
3.09376
2.95508
3.52649
3.53927
2.95243
3.14854
3.25143
3.37011
2.80631
2.91903
2.79331
3.67678
2.79618
2.74057
3.36154
3.27897
3.16117
2.70705
3.49744
3.39696
2.11618
2.99317
2.49859
2.30954
2.40957
2.74939
2.99884
3.09549
1.93991
3.10575
3.64666
3.39247
2.99907
2.47188
2.85575
2.41021
2.76106
3.10319
2.93027
2.34457
2.66442
2.95857
2.69383
3.25224
3.04137
3.81114
2.87626
2.94352
2.92507
3.09999
3.37663
3.49297
3.49408
3.82397
2.99957
2.73302
2.88586
3.33586
2.66643
2.92124
3.08746
2.75849
3.54253
3.23635
2.96327
2.99754
2.96534
2.67948
2.54246
2.9213
2.87463
2.62266
2.23445
3.57275
3.12079
3.46156
3.51278
2.40322
3.51691
3.1333
3.26246
3.42378
4.01767
3.37587
3.31188
3.0019
3.08103
3.14362
3.54544
3.53401
3.11921
2.95292
2.93433
2.7543
2.98662
3.09068
2.87683
2.93296
2.83799
2.93923
2.57451
2.97834
3.04716
3.10724
3.0142
2.96245
3.20905
3.29155
3.1653
2.70194
3.43151
3.41921
2.56714
3.42919
2.99731
3.11514
3.09201
3.10249
3.25321
3.17495
3.3974
3.27576
2.50567
2.80231
3.0241
3.72589
3.23721
3.50105
3.91145
3.09649
3.36379
3.98532
3.38969
3.16204
3.60654
3.0718
2.99791
3.02225
2.2612
3.02478
2.72095
3.32962
3.92165
2.94792
3.17366
3.55122
3.56366
2.84492
3.0162
3.35959
3.46971
3.41078
3.09464
3.18605
2.91528
3.65423
2.88436
3.03064
3.23707
2.97367
3.15504
3.14255
3.12409
3.14413
2.76776
2.80523
3.01899
3.05889
3.13163
3.1339
3.19717
2.55865
2.9595
2.93739
3.3314
2.6867
2.61079
2.72393
2.78779
2.57531
2.82778
3.70411
3.54864
3.2134
2.48821
3.46345
3.15258
2.9972
3.13831
2.99184
2.75946
3.48602
3.28279
2.63452
3.17349
2.92483
3.18767
2.82691
3.40556
4.02609
