1.9252
2.72011
2.73268
2.29535
2.56281
2.82435
2.69762
3.07237
1.91951
3.02679
3.03237
3.22383
2.57101
2.91131
3.13238
2.40185
2.84694
3.33048
2.54333
2.66275
3.5054
3.06793
3.11009
3.2343
2.60447
3.86992
3.01894
2.79837
3.14753
3.51845
3.51208
4.04472
3.62279
3.40904
3.11512
2.51572
2.97151
3.12164
2.71051
3.30121
3.48281
2.61687
3.85258
3.37209
2.90265
2.94868
2.77008
2.63827
2.6461
2.84318
2.5712
2.62631
2.13132
3.55348
3.45017
3.35336
3.6273
2.01868
3.82869
3.47289
4.21751
3.82783
3.95136
3.94899
4.28775
3.11881
3.42781
3.22477
4.07667
3.62633
3.26995
3.7603
3.00115
3.29716
3.41256
3.78158
3.4828
3.23762
3.34818
2.52212
2.98867
3.0186
3.03197
3.26956
3.40284
3.20502
3.32827
3.93685
3.34706
3.83275
3.70657
3.24032
3.05437
3.57195
2.68199
2.96514
3.18739
3.81356
3.35674
3.42316
4.24135
3.30375
3.46528
3.07694
3.10503
4.4738
3.64788
3.61242
3.8065
3.38468
3.84763
4.32989
3.29313
3.2251
3.41929
2.93802
2.54691
3.69856
2.83886
3.26786
3.01431
3.79846
4.67277
3.45451
3.16398
3.18513
2.89654
3.30771
3.33104
3.51449
4.08338
3.88785
3.25711
3.78947
3.28453
3.41698
3.21394
3.24795
3.12187
3.20017
3.04101
2.97404
3.18482
2.83878
2.80719
2.7452
3.33662
3.44331
3.21576
2.99532
3.53445
2.79011
3.2177
3.26644
2.39828
3.18381
2.60273
2.88906
3.02926
2.6323
2.59188
3.33692
3.48942
4.29375
3.18327
3.47862
3.72147
3.83327
3.09404
3.31835
3.16158
4.0189
3.30938
3.26276
3.45055
3.32187
3.77291
3.457
3.53526
3.67807
1.91461
2.84076
2.76474
2.28659
2.53599
2.9374
2.98285
2.92866
1.68172
2.98173
2.97499
3.54625
2.37889
3.18886
3.0182
2.50052
2.71771
3.39854
2.57424
2.85159
2.95388
3.08872
3.00269
3.11318
3.20114
3.90185
3.08981
3.234
2.81302
3.33129
3.68912
4.04066
3.71046
3.79249
3.13476
2.44284
2.82335
3.0752
2.87628
3.32226
3.25018
2.91527
3.5689
3.59494
2.84189
2.82238
2.67332
2.86775
2.82908
2.79012
2.40496
2.72309
2.15516
2.8892
3.43252
3.82703
3.34238
2.77828
3.86075
3.11973
4.02353
3.62059
3.99695
2.86677
3.67106
3.63411
3.68587
3.36317
3.90541
3.63657
3.03637
3.81666
3.41116
3.5902
3.46659
3.2554
3.56511
3.23535
3.35773
3.41114
3.2374
3.27538
3.241
3.19167
3.45631
3.08925
3.2451
3.35183
2.77219
3.81173
3.55371
3.26592
3.14243
3.3547
3.01989
3.11266
3.01106
3.75127
3.55892
3.22124
2.97367
3.08432
3.0212
3.09258
3.42449
4.58921
3.44507
3.47734
3.89387
3.82565
3.57439
4.02023
3.32255
3.22982
3.44696
3.34894
2.82535
3.15397
2.52726
3.14922
2.9159
3.80935
4.22979
3.05692
3.94852
3.09362
3.01059
4.14922
3.2201
3.21264
3.74938
3.74283
3.60864
3.81679
3.25052
3.27783
2.8433
3.2791
3.36049
3.16573
3.06013
2.99304
3.31613
3.07688
3.05593
2.90339
3.3072
3.27898
3.38016
3.15903
3.40979
2.72262
2.45304
3.7039
2.55604
2.70876
2.75232
2.98503
2.7385
2.98311
3.04485
3.54597
3.41178
4.2611
3.78773
3.40797
4.0816
3.47971
3.50316
3.18268
3.23751
3.82968
3.04757
2.77152
3.6009
3.47334
3.27393
3.2338
3.26161
3.90247
