1.93638
2.81466
2.04956
2.12325
2.21341
2.29455
3.13845
2.65111
1.93167
2.95162
2.89564
2.86412
2.01214
2.2575
2.61471
2.46995
2.5789
3.27337
2.49377
2.37795
2.36379
3.08006
2.63326
3.08015
3.00559
3.26821
2.99057
3.03173
2.95626
3.03934
3.4697
3.46812
3.2528
3.67141
2.99097
2.59094
2.78775
3.03585
2.39973
2.87461
2.83334
2.2449
3.386
2.96991
2.32413
2.65473
2.73558
2.44026
2.46428
2.67479
2.90823
2.73842
2.13045
2.85465
2.9938
3.3512
3.42994
2.48287
3.35573
3.07187
3.07914
3.84918
3.58147
2.96045
2.60206
2.89984
2.95956
3.04228
3.38921
3.30618
2.9296
3.03468
2.82253
2.83363
3.10844
2.86325
2.96455
2.99602
2.96587
2.96906
2.90599
2.86268
2.88887
2.85164
2.8586
2.81164
2.76529
3.04655
2.6334
3.45882
3.35483
3.2053
2.4607
3.3514
2.53819
2.99822
3.11295
2.93944
3.35742
3.40192
3.17908
3.34923
2.57523
2.95103
3.13575
3.66808
3.90138
3.59217
3.9321
2.30845
3.43836
3.53914
3.89282
3.17621
3.39799
2.97115
3.03941
3.78896
2.33773
3.24912
2.61175
3.66888
3.30894
2.89117
3.42906
3.69956
2.65146
3.10262
3.21478
3.42806
3.35135
3.45203
3.10282
2.74792
3.21544
2.7495
2.99326
3.21804
3.52389
2.64153
2.97792
2.75753
3.12895
2.82421
2.6744
2.54253
3.31302
3.03105
2.93006
3.05428
2.91286
2.5199
3.34375
2.62968
2.79977
2.53462
3.12776
2.2755
2.5517
2.65342
2.58884
3.01984
3.31086
2.8855
2.41362
2.75409
3.29624
3.18095
3.23655
2.66044
2.82159
3.24245
3.27825
3.01932
3.54958
2.95432
3.37718
3.30484
3.48897
3.12564
1.89799
2.71941
2.05166
2.25301
2.38322
2.46301
3.15507
2.85773
2.14907
2.71989
2.79867
3.18009
1.89432
2.88861
2.61006
2.34661
2.38777
3.44257
2.41677
2.66308
2.78042
3.27934
2.67502
3.02398
2.91362
3.01469
3.06245
2.90934
2.71102
3.095
3.32056
2.91371
3.51359
3.00896
2.88345
2.45814
2.32226
2.87192
2.41394
3.04848
3.0657
2.3879
3.4692
3.03039
2.54533
2.41665
2.80034
2.4046
2.59847
2.59333
2.98558
2.81904
2.17658
3.15718
3.22383
3.22097
3.17921
2.60605
3.5872
3.26742
3.51222
3.39334
3.50727
2.95724
3.34653
3.01911
3.23883
3.17537
3.31957
3.26605
2.74965
3.16787
3.09323
3.08947
3.27989
3.14916
2.92343
2.96678
3.11046
3.15117
2.71018
2.9735
2.80244
2.86674
2.76588
2.78563
2.95724
3.2357
2.86797
2.99775
3.31422
3.2526
2.60256
2.96474
2.59862
2.888
3.14891
3.03004
3.39033
3.23118
3.4093
3.5122
2.77826
2.90816
3.06999
3.44945
3.42594
3.3812
3.64448
2.67897
3.33138
3.71851
3.845
3.29782
3.52225
3.07199
2.65045
3.56524
2.55374
2.99037
2.33218
3.22636
3.06387
2.64557
3.16043
3.64527
2.92134
3.08108
3.16947
3.16993
3.42778
3.07539
3.20685
3.12916
3.10391
3.20022
3.52903
2.83482
2.94345
2.78281
2.49728
2.82096
2.94369
2.7301
2.80093
2.39577
3.47222
3.04563
2.92518
2.70723
2.9076
2.20716
2.61908
2.56398
2.6954
2.52246
2.81203
2.81049
2.90234
3.12974
2.71497
2.62474
3.39602
3.46684
2.84775
3.20077
3.15281
3.43855
3.19791
2.97168
2.85216
3.76707
2.91275
2.62202
3.38961
3.16612
3.18438
3.30552
3.21667
3.38183
