1.98054
3.14675
2.20303
2.16187
2.2923
2.63683
2.90621
2.83952
1.63346
2.83047
2.57903
2.94457
2.42542
3.14095
2.64831
2.42886
2.66558
2.92986
2.55792
2.70472
2.95394
2.72356
2.55278
2.55152
3.4082
3.50608
2.66045
2.86894
2.86709
3.01899
3.38472
3.59942
3.12358
3.5076
2.94963
2.43693
2.50305
2.87518
2.47985
3.11024
2.9677
2.49956
3.03228
3.37697
2.77783
2.11165
2.69652
2.00807
2.70048
2.64722
2.55064
2.51076
2.09725
3.00576
2.78103
2.98863
3.27275
2.9926
3.40662
3.03839
3.34711
3.14038
3.53196
2.7726
2.79178
3.2814
2.95074
3.02649
3.05393
3.53695
2.68281
2.82735
2.75403
3.46196
3.11982
3.39503
2.97003
2.83259
2.95608
2.80268
2.6165
2.7089
2.66792
2.68941
2.48463
2.48189
2.67595
3.38944
3.00338
3.41954
3.2104
3.28892
2.87263
3.25473
2.67768
2.86813
2.9674
3.35775
3.08554
3.22186
3.08757
3.00272
2.82072
2.75307
3.07306
4.53168
2.82435
3.29784
3.97009
3.73463
3.09436
3.89435
3.32468
3.00582
3.3669
3.20426
2.67703
3.0312
2.30445
3.11411
2.71252
3.66427
3.26154
2.63063
3.31693
3.42157
2.70028
2.95447
2.84113
3.36464
3.44911
3.37674
3.20993
3.33659
2.80976
3.16152
3.83152
2.97905
2.9643
2.94321
3.26746
2.42652
3.36057
2.88063
3.02187
2.66383
3.68537
3.61329
3.26319
3.0666
3.0107
2.35647
2.52996
2.61104
2.61105
3.15238
2.81692
2.79059
2.62454
2.86314
2.78533
2.74799
3.19731
3.55986
2.99719
2.74982
3.48844
3.44544
3.00562
2.57431
2.79052
3.26452
2.97039
2.2375
3.31445
3.23682
3.50498
2.86
3.24661
3.03955
1.78456
2.61918
2.07015
2.12286
2.29958
2.51009
2.52724
2.83686
1.74605
3.04109
2.54098
3.00463
2.58163
2.95912
2.93909
2.51879
2.4337
2.8983
2.54325
2.66356
3.41298
2.94127
2.50198
2.78511
3.13905
3.64444
2.73711
3.36254
2.69134
2.80511
3.29811
3.4675
3.34854
3.99441
3.02868
2.08155
2.64964
2.98186
2.15821
3.26136
3.14621
2.3581
3.14206
3.36237
2.73367
2.5117
2.51203
1.90752
2.66412
2.76707
2.61686
2.63257
2.07489
3.08852
2.93124
3.16521
3.29657
2.89235
3.52791
3.1285
3.56292
3.37745
3.26209
3.02826
2.73602
2.62265
3.31479
2.92694
3.62451
3.47087
3.08757
2.96363
2.89236
2.71692
2.74087
3.32575
3.10359
2.83323
2.68238
2.86108
2.66155
2.78115
2.81553
2.9043
2.76174
2.72926
2.86395
3.12072
2.56888
2.97636
3.08579
3.26409
2.73845
2.92585
2.493
2.7964
2.91683
3.17728
3.13438
3.3205
3.25302
2.82087
2.79407
2.84438
2.92998
4.26635
2.90706
2.86326
3.47375
3.89111
2.93186
3.8153
3.41595
2.81469
2.92766
3.08188
2.66742
3.43837
2.33749
3.1088
2.65928
3.74817
3.46717
2.7637
3.19095
3.37402
2.92473
2.77127
2.92499
3.21993
3.40547
3.20873
3.29385
3.0938
3.04194
3.40821
3.35881
2.88484
3.03032
2.98382
2.76626
2.308
3.02762
2.64471
2.82368
2.85183
3.29541
3.20444
3.24784
3.12002
3.23854
2.28395
3.12258
2.44748
2.5822
3.17716
2.78412
2.97409
2.6265
2.89766
2.83361
3.35686
2.83941
3.44146
3.15638
2.75669
3.52358
3.17642
2.82418
2.74838
2.71013
3.20116
2.88605
2.74878
3.35989
3.12513
3.2792
2.69917
3.22215
3.30543
