2.04786
2.90108
2.36966
2.24383
2.41729
2.70929
3.24835
2.97775
1.77743
3.26634
3.20123
3.19408
2.50195
2.02653
2.99378
2.86952
2.9105
3.39336
2.91971
3.0427
3.40199
3.21385
2.76675
2.92633
3.38838
3.98187
2.82696
3.04107
2.90281
3.34001
3.46713
3.74431
3.31076
4.08789
3.13814
2.54434
2.60292
2.90903
2.43378
3.17589
3.08829
2.47242
3.72669
3.48832
2.92258
2.54614
2.69055
2.5926
2.71554
2.94717
2.59034
2.63747
2.20064
3.56183
3.45424
3.64004
3.37861
2.11738
3.60628
3.52737
3.27845
3.46574
3.77457
2.76457
2.9864
3.24618
3.07034
3.06546
3.49884
3.52923
3.51607
3.90416
3.05435
3.252
3.19115
3.52467
3.49516
3.29857
3.06224
3.00409
3.08312
3.39307
3.02746
3.09791
2.89098
3.04223
3.38048
3.50937
3.07533
3.67502
3.70405
3.35779
2.84607
3.26086
2.62241
3.0852
3.21501
3.60185
3.54799
3.49935
3.63577
3.39062
3.42904
3.13439
3.29687
4.05742
3.70322
3.78716
4.00604
1.90024
3.53175
3.97896
3.5015
3.39152
3.41631
2.76842
2.72521
3.25879
2.60009
2.83884
2.87751
3.62008
4.45674
3.37628
3.5201
3.60817
2.80074
3.30578
3.22541
3.56272
4.00168
3.92122
3.44259
3.31944
3.52388
3.15107
3.44423
2.70684
2.98029
3.03621
3.32909
2.75858
3.12161
2.75083
2.9661
3.03425
3.27869
3.1744
2.90842
3.16291
3.06464
2.46734
2.95314
3.04679
2.83878
3.05465
2.9796
2.84403
2.85125
2.89788
2.89947
2.78015
3.59796
3.45297
3.39823
2.75532
3.79831
3.48114
3.24668
3.09565
2.88601
3.76868
2.9354
3.43664
3.61019
3.20022
3.53357
3.68468
3.30213
3.7679
2.08761
2.57973
2.2938
2.18811
2.51811
2.79499
3.32715
3.02905
1.88813
2.99165
2.88019
3.28179
2.59528
2.99934
2.89086
2.56809
2.77092
3.27802
2.47504
2.71782
3.04307
2.7386
2.92606
3.65128
3.06847
3.65564
2.9017
2.97135
2.73694
2.94152
3.24462
3.61595
3.32392
3.63698
3.23478
2.39487
2.81394
3.13272
2.78658
3.52826
3.83987
2.60765
3.57172
3.40491
2.81268
3.05039
2.76374
2.40459
2.78293
2.7014
2.73732
2.607
2.31904
3.42967
3.05367
3.50392
3.03686
2.98612
3.1573
3.51497
3.39872
3.63323
3.72879
3.16906
2.85952
3.7989
3.25461
3.2227
3.74332
3.61296
3.50883
3.55212
3.59694
3.16868
3.10166
3.36343
3.55651
3.25077
3.63065
3.44409
3.1013
3.3865
3.10235
3.21562
3.22207
3.14529
3.17573
3.54142
3.08925
3.41115
3.70335
3.21906
2.7953
3.27005
2.61687
3.12484
3.05345
3.88138
3.35927
3.28995
3.80997
3.66229
2.93146
3.0104
3.16738
4.29409
3.72654
3.6558
3.91624
2.67401
3.45061
4.31512
3.73931
3.18812
3.49893
3.05421
2.79162
3.03384
2.6175
2.58829
3.14946
3.54695
4.24461
2.77457
3.28994
3.10406
3.00138
3.05308
3.1265
3.22713
3.9584
3.57576
3.684
3.27758
3.66117
3.15161
3.07658
2.91932
3.03942
3.06738
2.57297
2.60564
3.19514
2.76844
2.63611
2.62854
3.38925
3.0242
3.02644
3.14092
2.88461
2.76022
2.54277
2.81982
2.64939
3.10697
2.58602
2.8358
3.15471
2.75671
3.35325
3.24479
3.67881
3.70429
2.86336
2.92099
3.92546
3.54733
3.34286
3.10307
3.15248
3.8625
3.2986
2.78982
3.4063
3.6719
3.00821
3.70028
3.43538
3.91371
