2.02521
2.72226
2.44621
2.26723
2.19862
2.39799
3.19729
2.79373
1.76957
3.06835
2.99109
2.94519
2.37298
3.1628
2.88276
2.33299
2.19706
3.60085
2.46528
2.30212
2.72159
2.48025
2.63872
2.95072
2.88522
3.79991
2.96923
3.06102
2.82817
2.73571
3.38307
3.65647
3.09611
2.99294
2.81468
2.59176
3.04672
3.07294
2.68581
3.2285
3.21005
2.83404
3.50749
3.21141
2.94718
2.83266
2.45209
2.55729
2.94732
2.82337
2.51316
2.60588
2.16987
2.99562
2.84235
3.48101
3.7183
2.32306
3.33204
3.29347
3.07789
3.58697
3.39298
2.981
2.94563
3.287
3.32466
2.95253
3.35027
3.85515
3.08693
3.34732
3.07184
3.03087
3.21464
3.00745
3.22519
2.96572
3.206
2.8535
3.07607
2.85056
3.07493
3.20044
3.10857
2.94163
3.59887
3.75448
3.05026
3.62817
3.6261
3.7458
2.79265
3.30058
2.51585
3.09822
3.2609
3.38485
3.28211
3.04464
3.34324
3.12907
2.67177
3.02349
3.11323
4.13696
3.37339
3.29651
3.79717
3.37742
3.56048
4.72909
3.17441
3.06701
3.36459
2.71912
2.58167
3.1242
2.13398
2.9913
3.14292
3.57071
3.55786
3.19162
3.07183
2.96099
2.95192
3.26658
3.25362
3.71563
3.77942
3.62851
3.12753
3.43362
3.28864
3.35656
3.08106
2.94974
3.22782
3.00374
2.67508
2.72113
2.99457
2.90494
2.71597
2.74579
3.1061
3.22217
2.91342
2.88434
2.90872
2.42497
3.05972
3.2017
2.62484
2.825
2.85584
2.41257
2.66272
3.04654
3.1095
2.90204
3.11555
3.82578
2.87987
3.66603
4.06199
3.46171
3.02054
3.27193
3.00815
3.48938
3.27786
2.79807
3.23259
3.33763
3.4719
2.78203
3.4514
3.59385
1.97408
2.9353
2.31996
2.29058
2.43814
2.75764
3.21069
2.72929
2.15692
3.31944
2.48793
2.8207
2.48073
3.27978
2.64568
2.64985
2.2986
3.2701
2.84813
2.83116
2.99602
2.70024
2.81699
2.93812
2.91898
3.687
2.8221
2.90416
2.99747
3.1738
2.94084
3.09097
2.80739
2.77204
2.65261
2.71473
2.90924
3.1361
2.54414
2.79744
3.35323
2.39681
3.1702
3.17487
2.8042
2.42827
2.63192
2.76029
2.46089
2.71292
2.60575
2.63371
2.0348
2.86063
2.93318
3.18831
3.0595
3.81658
3.5164
3.35762
3.02874
3.74251
3.40776
3.10028
3.12946
3.31222
3.15288
3.09
3.48274
3.82222
3.33813
3.46875
3.05757
3.07424
3.16996
3.16024
3.24647
2.94384
2.73089
3.00595
2.51192
2.92205
2.87938
3.00909
2.92471
3.14574
3.29238
3.41775
2.89646
3.57326
3.6807
3.15373
2.57599
3.32179
2.60977
2.83101
2.73199
3.46915
2.94815
3.12694
3.36726
3.38758
2.79027
3.19693
2.84415
3.81546
3.22462
2.99869
3.74728
3.16963
3.60166
4.20191
3.30928
3.07845
3.47976
3.00789
2.81348
2.80011
2.5455
3.37469
3.1945
3.34185
3.67098
2.98111
2.65965
2.96499
2.81601
2.94891
2.84966
3.25916
3.51613
3.69678
2.85473
3.15695
3.22651
3.4133
3.11558
2.97248
2.71381
2.8722
2.97858
2.73931
3.1326
2.82529
2.75176
2.81697
3.17123
2.79962
2.90022
2.7533
3.06061
2.5776
2.76035
2.50357
2.5852
2.86769
3.16418
2.64629
2.69978
2.91038
2.89199
2.77181
3.05619
2.99398
2.54487
3.53302
3.4969
3.50251
3.0687
2.84521
3.11185
3.98224
2.96356
3.32235
2.93569
3.55151
2.96148
3.09657
3.65873
3.66332
