1.92139
2.79173
2.32906
2.37506
2.59022
2.69146
3.40156
2.94256
1.7319
3.01806
3.01041
2.75752
2.3632
2.73583
2.86603
2.64429
2.65516
3.71416
2.59659
2.71446
3.17633
3.12033
3.58153
2.54709
3.62499
3.55866
3.00271
2.94376
2.70589
3.25023
3.34809
4.03514
3.77559
3.6203
3.12325
2.37768
2.63024
3.39433
2.4005
3.25018
3.23416
2.64044
3.68239
3.2214
2.70547
2.75155
2.63462
2.35447
2.46887
2.52338
2.41838
2.5402
2.19956
3.16469
2.8806
2.88839
4.00955
2.55364
3.96635
3.47669
3.57933
3.67493
3.59228
2.99405
2.58324
3.3809
2.96965
3.09687
3.14146
3.52132
2.98327
2.88284
2.93071
3.3822
3.39216
3.45521
3.06054
2.94017
3.0538
3.01683
2.87703
3.15538
2.82481
3.05079
3.10375
2.83654
2.823
3.13621
3.02623
3.48983
3.34907
3.60728
2.59626
3.66979
2.51688
3.03489
3.03127
3.14813
3.23997
3.10259
3.35388
3.30966
3.06867
3.02454
3.10079
4.39443
3.29072
3.08791
4.14703
3.91674
3.69711
4.37567
3.42315
3.25456
3.53206
2.8765
2.71179
3.63816
2.21167
3.38
3.24465
3.78805
3.65234
2.99106
3.63301
3.75182
2.87823
3.22243
3.33556
3.38657
3.43902
4.04828
3.44442
3.62082
3.1338
3.41926
3.78787
3.25739
3.20666
2.98483
2.8257
2.70269
3.49323
2.75081
2.87269
2.54295
2.8407
3.18791
3.17711
3.19314
3.19753
2.54722
3.02611
2.98561
2.87159
3.02061
3.02746
2.628
3.44541
3.24706
3.03455
2.83494
3.79698
3.8461
3.35786
2.80606
3.6887
3.36779
2.971
2.68735
3.58514
3.61832
2.76257
2.74052
3.52559
3.13942
3.46388
3.09206
3.32146
3.868
1.91412
2.92599
2.54788
2.44551
2.68196
2.90602
3.40501
2.94102
1.81376
3.12676
2.64245
2.92054
2.56489
2.75155
2.90648
2.79555
2.65318
3.38502
2.643
2.77104
2.97696
3.36233
3.02505
2.93171
2.98604
3.42263
3.0645
3.55986
3.04506
3.28888
3.41169
3.82795
4.28336
3.99367
3.04825
2.18458
2.70121
3.15152
2.48017
3.3502
3.29706
2.58468
3.74481
3.49267
2.73971
2.49449
2.35495
2.74468
2.6183
2.83126
2.54227
2.74669
2.15043
2.99736
3.06307
3.28425
3.76517
2.74364
3.74271
3.65542
3.31588
3.76969
3.52174
3.01876
3.02088
2.99779
3.16681
2.99825
3.14953
3.38375
2.98727
2.65672
2.99647
2.8427
2.91269
3.04712
3.03364
2.89599
2.95657
2.93973
2.71897
2.72509
2.88892
2.90144
2.87444
2.90994
2.72375
3.36919
2.85164
3.34073
3.54666
3.04217
2.68811
3.37385
2.7318
3.04544
2.99138
3.03417
2.67205
3.00326
3.07786
3.04444
3.09188
2.89336
2.96528
4.19948
3.05034
3.23537
3.71523
3.82013
3.65299
4.34723
2.9406
3.04532
3.2408
2.71631
2.65838
3.78399
2.83511
3.09198
2.54275
3.90814
3.4265
2.96943
3.07052
3.6453
3.41623
2.92537
2.78387
3.27069
3.31747
3.39185
3.27784
3.36445
3.30396
3.17875
3.70634
2.97168
3.17906
3.40699
3.25335
2.91765
3.17068
2.72204
2.68187
2.6506
3.27097
3.17168
3.34375
3.10028
2.9348
2.68473
3.2012
2.84017
3.50322
3.2464
2.81902
3.33607
2.81344
2.90037
2.93898
2.95515
3.62005
3.39938
3.32793
2.98179
3.49211
3.1435
2.97697
2.92137
2.7978
3.67734
2.83543
2.84814
3.46622
3.42353
3.21491
2.91834
3.40602
2.94595
