1.81094
2.74343
2.41355
2.05608
2.09468
2.52513
2.50999
2.46382
1.6468
2.86825
2.66497
3.23795
2.18562
2.5676
2.70382
2.15654
2.33042
2.8757
2.58645
2.72625
2.55016
2.97805
2.40971
2.9833
3.29458
3.71083
3.02311
3.24803
2.48976
2.99008
3.5483
3.62239
3.29802
3.59719
3.02908
2.42991
2.72688
2.82588
2.51082
2.79975
3.04536
2.35769
3.50553
2.97366
2.55359
2.7218
2.39495
2.60553
2.39326
2.28677
2.36055
2.42956
1.80558
2.87564
2.90514
3.0473
3.69308
1.92389
3.80037
3.04632
3.37919
3.46033
3.92396
3.09662
2.85895
2.82127
3.11666
2.79201
3.54096
3.49683
3.10807
3.01214
2.92648
2.66585
2.89225
3.06479
3.05193
2.83066
3.00278
3.1342
2.84533
2.84017
2.98193
2.93576
2.95587
2.7622
3.06586
2.84709
2.78326
2.45417
3.5021
3.46921
2.31907
3.6077
2.51292
2.8994
2.95845
2.93705
2.95929
3.00936
3.05579
2.67069
2.70925
2.93295
3.27512
3.29937
3.02446
3.18543
3.72971
2.37977
3.05032
3.21629
2.9822
2.79307
2.64513
2.77541
2.61707
3.60061
2.21053
3.37258
2.25996
3.43652
2.89765
2.80519
3.00887
3.76562
3.08386
2.86056
2.86609
3.3711
3.58319
3.25368
3.28904
3.22275
3.01273
2.98416
2.89142
2.85226
2.99704
2.94494
2.74884
2.9442
2.83396
2.58822
2.80797
2.80409
2.97802
3.3258
2.9915
2.89451
2.88882
2.62185
2.95036
2.98082
3.04035
2.48436
2.67284
2.60779
2.75982
3.04218
2.83538
2.82688
3.22949
3.42048
2.9161
3.19163
2.96514
2.75581
3.02687
2.70484
2.85488
3.51217
2.65989
2.69816
3.08934
2.96822
3.13807
2.64555
3.6212
3.43056
1.66112
2.53538
2.53608
2.21188
2.45283
2.55117
2.6181
2.55566
1.68273
2.97504
2.92099
3.01746
1.91276
2.59073
2.8061
2.84363
2.50228
2.63133
2.59517
2.33315
2.91792
2.64986
2.66452
2.9778
3.23833
3.63828
2.72804
3.27732
2.55514
2.91203
3.04999
3.62833
3.23041
3.20529
3.10533
2.19245
2.63935
3.08359
2.63164
3.03473
3.1461
2.47394
3.41501
3.08126
2.59473
2.64093
2.811
2.52958
2.44497
2.53827
2.63151
2.60276
1.71685
2.9408
2.85274
3.26546
3.36381
2.10441
3.39634
3.23799
3.25913
3.25404
3.73726
3.43357
2.97292
2.85541
3.00164
3.00077
3.57563
3.1225
3.03144
3.02503
2.80905
3.03577
2.99998
2.97768
3.08276
2.99034
3.24433
2.92163
3.1696
2.85085
3.06781
2.80599
3.04228
2.83444
2.75076
2.77859
2.73893
2.61617
3.03814
3.35512
2.39717
3.25575
2.71005
3.00891
3.11399
2.98449
3.09
3.02939
3.52388
3.1998
2.50901
2.89751
3.2303
3.89373
2.87095
3.05055
3.19727
2.93945
3.06557
3.15361
3.46861
2.67468
3.2189
3.02118
2.60227
3.31645
2.41294
2.87783
2.35407
3.27057
2.97741
2.34477
3.1242
3.60773
3.16372
2.93961
3.06175
3.37308
3.61143
3.53154
3.12351
3.1636
3.01659
3.26342
3.15387
2.69258
2.91219
3.15206
3.09986
2.6407
2.86872
2.67493
2.83058
2.83592
2.90293
3.00829
2.85099
2.89954
3.0897
3.05456
3.10664
2.89649
3.02339
2.97639
2.5656
2.85674
2.90226
3.06463
2.79195
2.57127
3.12738
3.10537
2.63105
3.09994
3.15158
3.20501
3.13857
2.71989
2.78245
3.29781
2.43915
2.44373
2.80238
2.73982
3.43988
2.5902
3.61144
3.62647
