1.88411
2.64496
2.46834
2.57296
2.88356
2.98957
3.60816
3.05919
1.85581
3.2953
2.63358
3.21759
2.86064
2.74781
3.00498
2.91429
3.03797
3.71516
2.92984
3.10416
3.17299
3.48189
3.0124
3.03968
3.5874
3.75124
2.96006
2.9888
2.77045
3.01546
3.75272
3.92672
3.36184
3.55563
3.15037
2.66392
2.83941
3.24466
2.79936
3.08341
2.88523
2.52781
3.23733
3.67174
3.52129
2.50969
2.86927
2.5576
3.10058
2.71132
2.55948
2.57352
2.22772
3.17197
3.15331
3.44849
3.46353
2.37976
3.60382
3.78772
4.06383
3.40099
3.72118
3.69996
2.78943
3.21874
3.3915
3.06656
3.61004
3.52464
3.26768
3.56598
3.15078
3.17867
2.98335
3.1802
3.12815
3.14608
3.1241
2.98089
3.07572
3.04064
3.28485
3.26362
3.32948
2.91908
3.37026
3.60551
3.11975
3.60819
3.27457
3.18405
2.5715
3.41837
2.70078
3.29334
3.46973
3.48302
3.16372
3.33537
3.26674
3.10155
2.56066
2.68169
2.90969
4.06372
3.03166
3.24487
3.48771
3.49855
3.36443
4.20343
3.64264
3.31502
3.20839
3.21657
2.71171
3.66826
1.91156
3.13256
2.80684
3.75843
3.4775
2.70785
3.3989
3.05757
2.92833
3.25182
3.18919
3.65522
3.61036
3.88343
3.24142
3.56038
3.02595
3.05485
3.63375
2.90726
3.0471
3.07752
3.02794
2.72956
2.82187
2.95214
2.71776
3.09266
3.37395
3.20977
3.18606
2.98419
3.09061
2.6896
2.9804
3.3305
2.65055
2.57168
2.95001
2.97479
2.71334
2.73309
2.95969
3.17295
3.74327
3.59284
3.32686
3.0507
3.49577
2.94558
2.69675
3.28919
2.90749
3.59914
2.58548
2.702
3.12037
3.3264
2.91437
2.80386
3.40743
3.55107
1.90796
3.08841
2.42389
2.46705
2.73422
2.84182
3.26637
2.97879
1.89806
2.92552
3.02788
3.34302
2.64227
2.99637
2.89971
2.63728
2.96459
3.59896
2.55541
2.89813
3.01978
3.27852
2.90116
2.85376
3.07571
3.94416
2.72379
3.53651
2.93758
3.0824
3.52328
3.68201
3.84753
3.61058
3.02002
2.49812
2.74841
3.09694
2.79596
3.25281
3.07105
2.62334
3.64943
3.69063
3.02649
3.02632
2.72257
2.82291
2.88111
2.81849
2.74724
2.65722
2.1528
3.13454
3.28468
3.71354
3.46125
2.87531
3.60572
3.43365
3.65575
3.73676
4.05142
3.1886
2.88579
3.38565
3.37768
2.93872
3.58816
3.65254
3.1326
3.51353
3.34278
3.04484
3.19257
3.27108
3.39696
3.12358
3.1099
3.44542
2.70969
2.96191
2.97284
3.22527
2.80565
2.99402
3.18832
3.61473
3.07823
3.37954
3.67075
3.26856
2.81286
3.67214
2.70559
3.04397
3.01541
3.20541
3.12393
3.27645
3.04424
2.80249
2.13896
2.60596
2.6145
3.45721
2.72632
3.28147
3.27964
3.32738
3.51577
3.82917
3.0873
2.9824
3.07869
3.3044
2.66949
3.83585
2.29421
2.98637
2.85411
3.67551
3.53295
2.80911
2.82098
3.47042
3.14566
2.97285
2.94044
3.35505
3.55631
3.08588
3.17761
3.06362
3.0443
3.42006
3.61401
2.95461
2.93647
2.97258
2.76082
2.69251
2.73496
3.10168
2.6587
3.05871
2.94205
3.17611
3.09785
2.89607
2.92451
2.93378
2.70624
3.0717
2.73075
2.66203
2.79912
2.89722
2.97048
3.29158
2.67617
3.05673
3.6961
3.84796
3.20696
3.54391
2.99414
2.90319
3.03835
2.96342
3.22151
4.13778
2.66159
2.75852
2.99515
3.27328
2.95601
2.85272
3.4423
3.97894
