2.02675
2.63305
2.44997
2.19304
2.44592
2.76725
3.421
3.12882
1.76353
3.18923
2.911
2.94427
2.05289
2.59765
2.70474
2.49426
2.58356
2.96336
2.4943
2.51044
3.49908
3.31831
2.9441
2.90676
3.25078
3.75263
2.88267
2.8467
3.11661
3.6936
3.1989
3.78549
3.70804
4.02098
3.39645
2.55654
2.86052
3.32126
2.46183
3.56193
3.37878
2.76729
3.83997
3.59797
2.83336
3.08359
3.29982
2.64435
2.92077
2.96553
2.59466
2.68708
2.31284
2.86441
3.26391
3.19446
3.63273
2.09762
3.3977
3.25507
3.65163
3.6999
3.57861
3.27515
2.9181
3.22382
2.9664
3.20988
3.72537
3.9925
3.68041
3.18952
3.07074
3.49947
3.42062
3.52076
3.50546
3.08141
3.02311
3.29159
3.00737
3.03138
3.09069
3.00589
3.15127
3.03938
3.25395
3.4435
3.19491
3.81354
3.97977
3.51263
2.79292
3.73291
2.82766
3.12599
3.13248
3.55585
3.4329
3.54967
3.58664
3.18596
3.03767
3.15431
3.33227
3.38801
3.06573
3.27638
3.69538
1.78884
3.43824
3.944
3.13088
2.93293
3.03159
2.84458
2.90371
3.73478
2.36178
3.00354
2.4028
4.07777
4.26108
3.17681
3.51133
3.67851
2.69731
3.21925
3.09528
3.33074
3.72893
3.87058
3.21823
3.63001
3.19617
3.68494
3.2777
2.91854
2.88427
2.81834
2.81514
2.87639
2.93992
2.93452
3.0368
2.85331
3.18409
3.14026
3.0622
3.19374
3.25602
2.47843
2.91457
2.97168
2.37508
2.74492
3.02244
2.91357
3.11955
2.69752
2.79362
3.79077
3.34206
3.88064
3.068
2.93743
3.19765
3.00959
3.09623
3.10239
2.92624
3.67138
2.77735
2.96487
3.7299
3.01077
3.64993
2.82236
3.32181
3.40999
1.88624
3.02239
2.4681
2.13166
2.39899
2.62437
3.23835
3.09775
1.9335
3.2023
2.75103
3.37956
2.18646
2.56543
2.92863
2.4687
2.64727
2.70533
2.46363
2.39688
2.79197
2.51569
3.15763
2.80516
3.01633
3.82183
3.26184
3.6375
3.20815
3.00451
3.10155
3.76569
3.66841
3.82106
3.06662
2.47576
2.8113
3.41932
2.50452
3.56688
3.2091
2.90918
3.62448
3.38098
2.88195
2.77232
2.86813
2.62797
3.0487
2.811
2.91496
2.70901
2.22455
3.22215
3.3274
3.27375
4.14606
2.50633
3.91056
3.3928
3.89976
3.62672
4.10516
3.42052
3.60091
2.97669
3.23776
3.13595
3.73502
3.62708
3.04873
3.40296
3.21902
3.02385
3.3566
3.05396
3.70479
3.0063
2.93113
3.22865
2.96078
3.00511
2.95084
2.95078
3.19486
3.11016
3.1286
3.46057
3.00055
3.37117
3.56564
3.46809
3.0113
3.86355
3.12346
3.17996
3.45374
3.45748
3.31649
3.44422
3.31347
3.29128
2.80459
3.15445
3.11857
3.50818
4.0356
3.04405
3.7956
2.99597
3.61
3.61105
3.21495
2.94623
3.14495
3.02771
2.7514
3.5002
2.06801
2.85065
2.25002
3.96314
4.14193
3.08503
3.11924
3.16243
3.36237
2.90888
2.94831
3.07377
3.95952
3.59943
3.39818
3.01018
3.27164
3.18388
3.28554
2.79095
3.09869
3.18426
2.95625
2.63382
2.70924
2.93271
2.9262
2.64909
3.19058
3.1225
3.0424
3.21232
3.31211
2.66735
2.94483
3.13905
2.71614
2.95705
3.3647
2.62403
2.5687
2.56539
3.04383
3.32092
2.73761
3.17797
2.69975
3.24222
3.25613
3.43511
2.96151
3.0122
3.41643
4.09725
2.73645
3.05812
3.20025
2.82681
3.62988
3.36049
3.33664
3.73544
