1.86773
3.05331
2.57428
2.16467
2.41991
2.76802
3.4463
3.00737
1.56929
3.10288
3.1006
3.1225
2.54312
1.88598
2.73941
2.56323
2.54212
3.33986
2.50381
3.23425
2.38201
2.95069
2.64915
2.84977
3.34064
3.79748
2.87377
3.26622
3.31959
3.24438
3.56372
3.46643
3.36387
3.28085
2.89426
2.63193
2.91353
3.10813
2.57786
3.19267
3.38469
2.49204
3.70755
3.38654
2.88267
2.75697
2.944
2.27606
2.72417
2.75875
2.46766
2.51964
2.16639
3.20746
3.16149
3.34897
3.34707
1.94063
2.77418
3.02843
3.79661
3.70067
3.95927
3.35655
2.94961
2.89187
3.31842
3.03694
3.77584
3.84945
3.25007
3.53262
3.13999
2.85066
3.24877
3.2209
3.10931
3.06274
3.08046
2.87678
2.67965
3.0878
3.12305
3.07069
3.39732
2.96415
2.98906
3.20438
3.01077
3.271
3.85964
3.5119
2.84311
3.64372
2.7614
3.02969
3.11623
3.24639
3.29436
3.65012
3.90973
3.71208
3.12215
3.18847
3.33481
3.97318
3.50997
3.41851
3.96222
1.85191
3.63782
4.28383
3.1029
3.17891
3.38502
3.34932
3.06174
3.39641
2.4816
3.12048
2.50116
3.82013
3.62337
3.32991
3.63141
3.06842
2.74517
3.33381
3.40839
3.41208
3.77054
4.14269
3.5337
3.16359
3.33529
3.16792
3.21956
3.03076
3.21097
3.26949
2.73224
2.91936
3.15748
2.73032
2.78218
2.55057
3.0184
3.0341
3.04329
2.9538
3.17466
2.50138
3.12768
2.81999
2.39466
2.75925
2.88953
2.79666
2.96345
2.88469
2.72191
2.74889
3.68307
3.69161
3.39254
3.39563
4.04542
3.38565
3.14117
2.73269
3.19681
3.92586
2.87263
2.7211
3.49818
3.35482
3.8771
3.10859
3.26476
3.46011
1.78695
2.69393
2.60413
2.07164
2.40642
2.63442
3.56163
2.96502
1.65249
3.08661
2.96084
3.15933
2.65877
2.3972
3.07272
2.85911
2.72806
3.52575
2.81866
2.7064
2.77182
2.70804
2.84805
2.79921
2.89911
3.72155
2.86029
3.4643
2.57195
3.08846
3.31051
3.54029
3.27731
3.75008
3.00413
2.46532
2.6468
2.94959
2.55621
3.49727
3.37583
2.54485
3.91176
3.1889
2.73575
2.92004
2.66692
2.68224
2.96771
3.31747
2.55819
2.40253
1.94836
3.18673
3.1084
3.1918
3.61575
2.49087
3.30865
3.38948
3.70843
3.81958
4.0944
3.23161
3.14016
2.91951
3.39016
3.30463
3.82124
3.88589
3.28718
3.10773
3.12309
2.95405
2.99043
3.20041
2.9256
3.10561
3.0173
3.22645
2.96741
2.87843
2.9396
3.19578
3.02052
3.00842
3.16646
3.50607
2.83299
3.13308
3.82557
3.38318
2.9294
3.76788
3.32967
3.10934
3.1123
3.43503
3.33459
3.4314
3.52283
3.82837
3.11023
3.12825
3.27378
3.85884
3.26763
3.48508
4.24099
2.83519
3.50524
4.17181
3.52423
3.42864
3.5136
3.1106
2.97048
3.18909
2.46239
2.33342
2.60858
3.57343
3.48121
3.19711
3.82277
3.19986
2.93296
3.46417
3.07952
3.17591
3.6678
3.80002
3.40647
3.90546
3.62163
3.15637
3.23585
3.02845
3.12605
3.24873
2.99782
3.18697
3.23533
3.03268
2.80724
2.93006
3.112
3.31202
3.26849
3.20396
3.05501
2.74499
2.09167
3.06319
2.62594
2.84268
2.82581
3.11665
2.90123
3.01947
2.86206
2.82257
3.92306
3.64951
3.14323
3.36438
3.86484
3.41473
3.08657
2.83587
2.87918
3.46297
2.99836
2.6746
3.47467
3.21965
3.63022
3.32006
3.76833
3.58613
