1.88737
3.05589
2.41725
2.26911
2.44403
2.62334
3.19722
2.98596
1.65939
2.79935
2.85781
3.52884
2.46842
2.93602
2.81501
2.67028
2.52599
3.11097
2.62178
2.63023
3.22501
3.16821
3.02762
3.00368
3.54764
3.47421
3.32084
2.99825
2.9763
3.21531
3.82347
3.79412
3.68605
3.63703
2.6893
2.58602
2.87259
3.26004
2.30407
3.29904
3.1599
2.33559
3.1471
3.42613
2.81164
2.46492
2.65759
2.32588
2.81206
2.71557
2.5037
2.5833
2.10257
3.0768
3.17474
3.54473
3.77475
2.5594
2.49627
3.18966
3.26392
3.30272
3.81725
2.86083
2.93535
2.62392
3.22502
3.11596
3.50341
3.39068
3.29944
3.16435
3.04762
3.21977
3.29493
3.26192
3.18021
2.93022
2.83702
3.14785
2.76082
3.00936
3.26178
3.00731
3.11953
2.94541
3.19368
3.333
2.49734
3.29751
3.24507
3.35083
2.68579
3.18384
2.46997
3.05134
3.2008
3.27741
3.17884
3.2517
3.59941
3.10988
2.77904
3.01251
3.38321
3.84349
3.35462
3.46071
4.00551
2.9412
3.65462
3.59368
3.45777
3.17102
3.51669
2.75862
2.7301
3.24349
2.05128
2.90448
2.61948
3.86833
3.59235
2.72381
3.4765
2.54728
2.7865
3.47714
3.14239
3.26665
3.64509
3.39653
3.61198
3.01105
3.16168
3.40717
3.2448
3.23663
2.90308
3.03429
3.00632
2.32863
3.36349
2.87801
2.67847
2.61933
3.33277
3.31303
3.01456
3.16739
3.22321
2.41721
2.73159
2.97017
2.30958
3.18288
2.91097
2.73955
3.33178
2.95941
2.68562
3.41793
3.63148
3.61895
2.79046
2.86891
3.20864
3.64398
2.90788
2.87997
3.29581
3.90337
2.81505
2.9842
3.25604
3.28405
3.2337
2.48524
3.24297
2.88263
1.84279
2.76725
2.40147
2.39758
2.54443
2.45544
3.37011
2.90272
1.70161
2.80762
2.70604
3.00821
2.25812
2.74292
2.94576
2.5687
2.44121
3.38204
2.66847
2.28123
3.07066
3.1583
3.14707
2.97356
3.24756
3.68784
2.81414
3.00921
3.25525
3.07303
3.52417
3.67184
3.85482
3.9323
3.08819
2.42489
2.81294
3.12687
2.29723
3.19326
3.24688
2.53716
3.31436
3.23223
3.04684
2.62321
2.81529
2.62287
2.80278
2.8227
2.61843
2.57101
2.0906
3.24535
3.15098
3.3062
3.15558
3.10106
3.42585
3.09578
3.36243
3.86494
3.69979
3.01686
2.79806
2.80135
3.20057
3.30078
3.56843
3.56058
3.18082
3.31381
2.98786
2.99608
2.95537
3.2876
3.00095
2.84043
3.01588
3.294
2.91557
3.05738
2.68008
3.2159
2.91555
3.00348
3.11706
3.09699
2.78271
3.01879
3.83459
3.31669
2.77603
3.71348
2.66623
3.03604
3.2554
3.22814
3.10426
3.36264
3.30702
3.15417
2.63891
2.83227
3.19951
3.96376
3.3346
3.44975
4.01912
2.77247
3.51573
3.67596
3.12509
3.20845
3.55192
3.01803
2.72102
3.3469
2.17735
2.80758
2.764
3.75577
3.93175
2.76174
3.53142
2.88012
3.39616
3.25011
3.30908
3.53097
3.78308
3.62195
3.43486
2.90117
3.07958
3.25258
3.25322
2.99868
3.40816
3.14042
2.68322
2.5509
3.20171
2.88928
2.71285
2.60515
3.49051
3.05867
3.15044
3.34927
3.22545
2.49851
2.87625
3.42361
2.73753
2.98622
2.78887
2.79516
3.00219
3.28974
2.98867
3.62692
3.79239
3.51002
3.33092
3.10927
3.28267
3.40167
3.1221
3.24699
2.80882
3.25183
2.98896
2.94704
3.43725
3.15429
3.23472
2.81522
3.45212
3.5955
