1.74941
2.7925
2.56801
1.86958
2.29612
2.47065
2.80086
2.87011
1.82771
2.96441
2.97147
3.34209
2.45388
2.38187
2.8348
2.63454
2.61915
2.92902
2.70351
2.44489
3.0222
2.63126
2.85137
3.00435
3.33043
3.47866
2.93769
3.09181
3.33158
3.06736
3.01419
3.41797
3.46311
3.81796
3.24596
2.53577
3.05587
2.93554
2.89447
2.81421
2.82642
2.48642
3.50466
3.29247
3.12447
3.16257
2.53195
2.49193
2.58613
2.75074
2.48796
2.55462
2.19006
3.07487
2.77769
3.27203
3.40608
2.49722
3.12616
3.01028
4.09606
3.46092
3.3963
3.08326
2.54409
2.90184
2.92157
3.07455
3.46828
3.40302
3.06794
2.94805
2.96715
3.05141
3.19602
3.10491
2.92395
3.36668
3.00335
3.07083
2.96563
2.98353
3.10618
3.05523
2.58607
3.10476
2.87859
2.78442
2.5293
2.82918
3.26115
3.1557
2.8644
3.12813
2.82232
2.83116
3.19447
2.96924
3.35232
3.48519
3.15249
3.34645
2.73751
2.91256
3.0643
4.28731
3.55752
3.21009
3.63968
3.75884
3.56092
4.37382
3.67937
3.09014
3.45588
2.87998
2.72705
3.04549
2.1166
2.96951
2.88423
3.88064
3.60477
3.3145
3.42094
3.46343
2.78144
2.99311
3.05836
3.38723
3.80857
3.86303
3.442
3.05547
3.24403
2.61531
3.56614
2.89614
3.16776
3.38809
3.10918
2.94442
3.32979
2.79923
2.7635
2.5748
3.75689
3.18467
3.05712
3.12187
3.35108
2.61627
2.11171
2.64135
2.68467
2.53232
3.31623
2.47741
2.72097
2.86785
2.68043
2.95018
3.79848
3.77096
2.79222
4.05106
3.41542
3.39646
2.7765
2.81574
2.67672
3.56806
2.89321
3.01897
3.41157
2.98776
3.27022
2.87945
3.3576
3.20432
1.87248
2.79414
2.71965
2.07015
2.57027
2.86437
3.455
2.99846
1.84982
2.98311
3.33662
3.24316
2.4777
3.00527
2.87167
2.41192
2.70321
3.25605
2.52348
2.88513
3.09678
2.6395
2.48688
2.73486
3.23465
3.23784
2.97528
2.95702
2.60112
3.25609
3.457
3.51456
3.13012
3.71142
2.97372
2.46624
2.54194
2.87687
2.29456
3.12997
3.40527
2.50434
3.34792
3.04819
2.86612
2.76336
2.62547
2.56343
2.36346
2.63658
2.54345
2.59253
2.09374
3.30859
3.31168
3.55563
3.4668
2.98226
3.22366
3.2407
3.27417
3.47259
3.70677
2.8206
3.00639
3.24332
3.32432
3.32828
3.32846
3.4756
3.15955
3.02308
2.9978
3.04576
3.08255
3.21931
3.13897
3.20289
3.02946
3.29052
3.29767
2.73741
3.07661
2.75302
2.7681
2.95699
2.82517
3.2619
2.63677
2.93027
3.20455
3.33474
2.75208
3.28212
2.51649
2.987
3.33058
3.03191
3.1032
3.51568
2.72729
3.26502
2.73639
2.68596
3.11179
4.0999
3.46581
3.39079
3.49453
3.61899
3.29861
4.31028
3.42215
3.25481
3.46535
2.85339
2.73551
3.09004
2.08192
2.53346
2.61859
3.79928
4.27674
2.95413
3.30538
3.39456
3.27474
3.2863
3.12789
3.22432
3.82472
3.4266
3.28306
3.04972
3.4732
3.03442
3.25878
2.98219
3.29477
2.95991
2.61273
2.78799
3.36202
3.06352
2.61948
2.69927
3.49408
3.24544
2.92433
3.03123
3.18921
2.98823
2.18428
2.94008
3.0424
2.65999
3.14947
3.09847
3.05081
3.02262
3.00131
3.00063
3.54151
3.59677
3.20931
3.52016
3.47335
2.9267
3.08999
3.04407
2.98683
3.60271
2.79261
2.88587
3.31132
3.14465
3.00451
3.32443
3.56945
3.53618
