1.9143
2.70353
2.29084
2.15056
2.49465
2.65102
3.10069
3.01288
1.78232
3.09647
2.47223
2.68403
2.45572
2.28034
2.9532
2.53864
2.37281
3.59283
2.48109
2.69649
2.55007
2.8639
2.61678
2.82782
2.77388
3.54074
3.65402
2.91692
3.32848
3.2154
3.27521
3.76573
3.78827
3.6661
2.97834
2.7303
2.85554
3.25157
2.60702
3.21408
3.15179
2.49963
3.451
3.41014
2.55899
3.00069
2.92206
2.62372
2.7791
2.4569
2.80975
2.6184
2.09458
3.00345
3.15774
3.18783
3.38034
1.89693
3.47718
3.41484
3.4526
3.56454
3.73466
2.91374
3.34474
2.81708
3.16601
2.99239
3.4158
3.54436
3.27217
3.30221
3.08848
3.51311
3.2894
3.31571
3.17005
2.84376
2.95372
3.02729
2.60667
3.17747
3.1023
2.97979
2.96706
2.72394
3.13745
3.27595
2.90761
2.71144
3.92009
3.13343
2.26624
3.63237
2.83963
2.95119
3.12344
3.42291
3.14029
3.38913
3.35378
3.08742
2.57095
2.6173
2.96646
3.73529
3.09918
3.17834
3.46531
3.36878
3.50921
4.26707
3.1288
2.96523
3.31247
3.19608
2.8532
3.10214
2.05085
2.95642
2.28626
3.22772
3.65009
2.83837
3.54723
2.90526
2.76672
3.24294
2.98973
3.31726
3.69957
3.47959
3.09438
3.04473
3.37467
3.00353
3.69105
3.03581
2.87804
3.18749
2.6705
2.50531
3.12589
2.88785
2.9792
2.40972
2.72231
3.11618
2.83261
2.88865
3.17996
2.60979
3.11694
2.79448
2.446
3.13539
2.88863
2.74228
2.79284
3.201
2.96891
3.31153
3.08449
3.35377
3.09071
3.53363
3.16534
3.43146
2.90038
2.68179
2.79896
3.57451
2.85654
2.72552
3.442
2.92938
3.1714
2.65993
3.25485
3.5748
1.81726
2.4643
2.48019
2.08616
2.54734
2.46955
3.23252
3.02809
1.77345
2.79001
3.02328
3.3667
2.58519
2.62615
2.98207
2.49463
2.36801
3.27423
2.37975
2.62955
2.62633
2.76721
2.47574
2.53174
2.79677
3.81599
3.00581
3.23819
3.14842
3.36477
3.30167
3.67732
3.67426
3.95668
3.21769
2.96929
2.50279
2.84825
2.66149
3.35091
3.29625
2.80035
3.54232
3.21008
2.93541
2.90351
2.91084
2.69601
3.33112
2.64383
2.75212
2.63641
2.19805
3.18043
3.28823
3.44036
3.1209
2.38906
2.96283
3.39419
3.02872
3.64755
3.69106
2.94883
2.85314
3.29974
2.97417
2.86127
3.67994
3.68447
3.02449
3.34227
3.00862
2.89689
3.07603
2.95807
3.22998
3.1324
3.06137
3.05259
2.6753
3.03486
3.13393
3.10023
3.00755
2.97899
3.09297
2.96019
3.00721
3.13137
3.11074
3.41344
2.43845
3.40193
2.61208
2.74889
2.67306
2.88097
3.20225
3.24617
3.24639
3.15755
2.56819
2.72956
2.97062
4.19697
2.9329
3.3166
3.85277
3.55155
3.4766
4.17081
3.5378
3.05857
3.19565
2.87137
2.65713
2.98737
2.49024
2.81085
2.78436
3.04018
3.94937
2.6718
3.50051
2.7764
2.94946
2.90743
2.91868
3.18391
3.61624
3.19012
3.0315
2.9699
3.77399
3.13492
3.22835
2.79008
2.71946
2.90988
2.37551
2.55582
3.00594
2.58832
2.48472
2.72707
3.03713
3.03448
2.7971
2.92614
2.958
2.77474
2.66704
2.52677
2.5672
3.0115
2.75682
2.4205
3.16289
2.97805
3.09623
3.59888
3.75671
3.04807
2.73155
2.85702
3.36769
3.36583
3.03729
2.82059
2.77281
3.02573
2.55858
2.40846
2.98712
2.93246
2.94389
3.1123
3.8452
4.22911
