2.03652
2.89865
2.69253
2.21279
2.58503
2.85326
3.21125
2.93876
2.04002
3.14506
3.5008
3.33842
2.49708
2.98926
2.6122
2.69269
2.73044
3.29935
2.68668
2.74184
3.01372
3.22015
2.97798
3.13722
3.13873
3.8179
2.85731
3.0931
2.4528
3.25006
3.72668
3.41522
3.31147
3.92623
2.90598
2.14564
2.71156
3.17144
2.39899
3.19784
3.30779
2.26072
3.75389
3.53894
2.76416
2.42169
2.59935
2.59181
2.60573
2.90344
2.59785
2.63846
2.00216
3.1441
3.14582
3.00487
3.56894
2.0936
3.55952
3.17329
3.22951
3.75484
3.9998
3.33921
2.99001
3.23958
3.27923
3.22552
3.34096
3.49285
3.10995
3.63957
3.06644
3.13433
3.13472
3.52417
3.30711
3.00289
3.1126
3.47293
3.04802
2.94187
3.15407
3.03809
3.34216
3.00519
3.15612
3.57815
3.12027
3.4845
3.58083
3.11059
2.64519
3.75438
2.90211
3.27618
3.34567
3.25517
3.04236
3.05203
2.99512
3.69616
3.00773
3.01979
3.06811
4.00854
3.74054
3.34672
3.87999
3.3867
3.64034
4.42146
3.21421
3.15643
3.17701
2.97607
2.96771
3.22236
2.34488
3.37533
2.72466
3.55488
4.18413
3.22154
3.5271
3.47088
3.31365
3.64818
3.46137
3.53184
3.7329
3.85451
3.51983
3.27839
3.38294
3.07493
3.26765
2.8896
3.16447
3.05842
2.98691
2.62168
3.10802
2.84081
2.81308
2.8213
3.15079
2.965
3.0085
3.16756
3.07248
2.59703
3.01081
3.12613
3.02355
3.05013
3.16256
2.92213
2.83407
2.91855
3.02067
3.12904
3.30937
3.15975
2.66078
3.58217
4.25366
3.58284
3.13563
3.44387
2.99984
3.93046
3.02696
2.78511
3.50801
3.58422
3.56384
3.22203
3.618
3.56325
1.98478
3.21511
2.63885
2.32388
2.61133
2.84226
3.31788
3.01833
1.93785
2.77083
2.94608
3.14263
2.48988
3.01615
2.89838
2.62362
2.54673
3.62265
2.55208
2.74957
3.03571
3.01764
3.28447
3.02089
3.35597
3.36719
3.0433
3.20441
3.30481
2.79665
3.62475
3.68374
3.55946
3.693
3.02464
2.42899
2.66064
3.00185
2.20426
3.33883
3.36229
2.6809
3.63368
3.45081
2.70964
3.12203
2.64709
2.49203
2.46897
2.40608
2.48913
2.61986
2.25775
3.26221
3.40096
3.20741
3.78466
2.63051
3.70587
3.49283
3.70288
3.43263
3.61318
3.45212
2.99271
3.05082
3.24807
3.08261
3.60585
3.52133
3.15444
3.4404
3.06388
2.93617
3.2643
3.47924
3.26137
3.23613
3.12944
3.19546
2.90431
3.09885
3.0121
3.15938
3.13521
3.21422
3.23994
3.59216
3.13994
3.27406
3.64817
3.23945
2.76757
3.33366
2.66576
3.24324
3.33187
3.1452
3.23733
3.26722
3.57409
3.47292
2.84768
2.87836
3.18653
3.81645
3.465
3.38657
3.74205
3.8011
3.91118
4.69023
3.46645
3.08987
3.52998
3.05003
2.87574
3.22122
2.53345
2.64239
3.25477
3.67086
4.37773
2.7472
3.37911
3.3924
2.9963
3.40963
3.29625
3.20268
3.77494
3.70418
3.36066
3.23839
3.43098
3.26197
3.23262
3.14046
2.88495
2.96268
2.84883
2.90506
3.48612
2.9914
2.77411
2.97886
3.02619
2.98047
3.20181
3.24228
3.07375
2.51055
2.80372
2.7689
2.88187
2.78731
3.03667
3.03795
3.419
3.22055
2.84014
2.98895
3.34709
3.48348
3.03861
3.95126
4.22048
3.56946
3.23481
3.3103
3.23729
3.31633
2.96919
2.82086
3.28129
3.37765
3.59376
3.54788
3.62471
3.61385
