1.66447
2.8199
2.50062
2.03888
2.07398
2.32582
2.96076
2.89378
1.71784
2.98437
3.23027
3.28498
2.07588
2.25831
2.39114
2.06951
2.57543
3.29157
2.36432
2.50666
2.81501
2.50007
3.21074
3.08902
2.79886
3.91483
2.97961
2.86398
3.24447
3.25964
3.71762
3.57315
3.36755
4.08881
2.94514
2.01471
2.79746
3.12571
2.31259
3.4316
3.289
2.62252
3.49473
3.21323
3.03201
2.2612
2.3599
2.42831
2.28549
2.58588
2.46364
2.66754
2.06908
2.97702
3.22498
3.26819
3.57429
2.02551
3.76652
3.14586
3.29543
4.06767
4.12528
2.86792
3.15308
3.03413
3.34158
3.23265
3.57918
3.35989
3.23515
3.45378
3.17954
3.45887
3.61908
3.42463
3.50438
2.95804
2.89694
3.15089
2.83535
2.92198
3.13225
3.03464
3.08778
2.74212
3.26876
3.15567
2.69418
3.53458
3.48327
3.50855
2.86106
2.92868
2.64501
3.11775
2.98664
3.68034
3.29876
3.25422
3.34029
3.47579
2.58926
2.68719
2.89811
3.94585
3.01009
3.2136
3.42237
2.7347
3.70013
3.62856
3.74127
3.05471
3.73154
2.62931
3.1203
2.91482
1.85779
2.67614
2.43408
3.42565
3.41495
2.87337
3.65182
2.82233
2.65808
3.24576
3.48575
3.53837
3.50758
3.41139
3.31906
3.50545
3.09591
2.83746
3.27283
2.96168
3.34733
3.51739
3.01212
2.90687
3.05992
3.24256
2.95282
2.70313
2.78879
2.6804
2.84406
2.97119
3.17213
1.98038
2.38604
2.66578
2.40676
2.56723
2.88148
2.6189
3.00782
2.87793
2.73094
3.76966
3.18012
2.66869
3.51859
3.16365
3.31425
3.77182
3.0324
3.06527
2.96709
3.37768
2.6777
2.69546
3.17599
3.22205
3.72655
2.52453
3.46791
3.52605
1.71877
2.54605
2.72564
2.27231
2.35488
2.50376
3.27961
2.78976
1.68241
2.88715
2.85749
3.0004
2.32822
2.36437
2.34035
2.06415
2.35383
3.08015
2.204
2.94134
3.21735
2.81833
2.67979
3.01293
3.08846
3.69259
2.40631
3.40866
2.82603
3.60414
3.48613
3.24932
3.58027
3.46793
2.92843
2.48409
2.55745
3.04956
2.32112
3.38424
3.4415
3.13889
3.40517
3.67035
2.53563
2.84993
2.69329
2.52022
2.69793
2.54455
2.32011
2.67094
1.98248
3.00271
3.18834
3.47214
3.39244
1.86783
3.83487
3.50827
3.10102
3.7605
3.81149
3.01705
2.94633
3.09251
3.39597
3.54999
3.62865
3.47226
3.2945
2.91187
3.15071
3.1032
3.19207
3.14238
3.16157
2.96285
2.89025
3.37115
2.86397
2.85482
2.97361
3.23384
3.06395
3.10783
3.00381
3.3898
2.57442
2.78772
3.27722
3.28129
2.69296
3.10653
2.7709
3.2108
3.55126
3.77653
3.03612
3.18178
3.59796
3.49979
2.19764
2.87101
3.54704
3.92238
3.09821
3.28241
3.75598
2.52244
3.47729
3.58564
3.77327
3.13163
3.49006
2.94344
2.82146
3.23397
2.259
2.75394
2.76903
3.45086
3.25873
2.82362
3.05789
2.91256
2.82189
3.11086
2.94848
2.95444
3.54744
3.58786
3.40883
3.2214
3.48264
3.53589
3.03841
2.86327
2.8891
2.6723
2.39961
2.93177
2.86167
2.63794
2.65459
2.67506
2.89195
3.29133
3.14788
2.92295
3.1071
2.13022
2.92278
2.7364
2.60001
2.57754
2.65972
2.54964
3.30979
2.83189
2.89143
3.44766
3.46635
3.05268
2.94964
3.18118
3.70293
3.26673
3.5797
2.92479
3.28692
3.28699
2.69214
3.10655
3.10386
3.1392
3.74708
2.60104
3.45078
3.79055
