1.95793
3.06979
2.54139
2.18849
2.33811
2.89752
2.96671
2.95994
1.66351
3.06182
3.31386
2.97476
2.28496
2.60249
2.75374
2.40052
2.33708
3.63987
2.72023
2.844
2.90011
3.03059
2.62235
3.41986
3.27248
3.46073
3.01062
3.02533
2.51459
3.34614
3.30534
3.76843
3.7762
4.34155
3.02972
2.36641
2.87427
3.08761
2.68977
3.1843
2.96118
2.62514
3.60558
3.26068
2.90142
2.92252
2.60432
2.6048
2.67832
2.4057
2.59052
2.75748
2.09591
3.36035
3.10788
3.25773
3.38119
2.14233
3.79717
3.2985
3.25576
3.53726
3.95178
3.35997
2.6372
2.98019
3.29177
3.09405
3.45323
3.48782
2.98554
3.18042
3.14178
3.10708
3.1594
3.23459
3.31308
3.10126
3.44573
3.13991
2.97006
3.06873
3.05294
3.02692
3.19179
3.02557
2.98806
3.32373
2.86682
3.46241
3.62777
3.05321
2.77176
3.55619
2.69788
3.25324
3.31526
3.64169
3.40645
3.62499
3.55462
3.14371
2.72746
2.89663
3.28402
3.80883
4.1223
3.40655
4.0694
2.59111
3.29792
3.94256
3.47177
3.00538
3.16275
3.11312
2.80215
3.62085
2.57048
3.14671
3.45439
3.81092
4.05809
3.23834
3.678
3.36877
2.84967
3.25592
3.3545
3.91219
3.77646
4.18669
3.51258
3.53747
3.42664
3.35176
3.35128
3.18131
3.29214
3.31149
2.91401
2.68958
3.07277
2.86982
2.7241
2.91339
3.49153
3.29585
2.97464
2.87893
3.13068
2.2688
2.75274
3.18757
2.61259
2.72317
2.96749
2.99501
3.06671
2.55479
3.02621
3.25145
3.70266
3.39026
2.26223
3.46857
3.97692
3.37488
3.24641
2.69375
3.14642
4.0595
3.07613
2.9881
3.71647
3.6761
3.73006
3.11608
3.56769
3.62644
1.75677
2.64012
2.41644
2.10074
2.46441
2.69588
3.23299
3.13487
1.7868
3.14852
2.82129
3.38044
2.43025
3.07449
3.07599
2.63126
2.67224
3.54037
3.04698
2.98452
3.00262
3.51507
2.97018
3.29006
3.50849
3.28917
3.23525
3.86516
2.82318
3.30325
3.23045
3.84437
3.1602
4.05009
3.16116
2.4734
2.45792
3.13402
2.19743
3.24314
3.45222
2.28641
3.23166
3.11366
2.70172
3.14491
2.75076
2.63052
3.05611
2.50324
2.67526
2.54245
2.27692
3.06555
3.0482
3.08465
3.31324
2.3241
3.51492
3.23176
3.43334
3.56852
4.16488
3.09364
3.25641
3.32966
3.47623
3.1529
3.84445
3.58922
3.23238
3.0787
3.22783
3.01006
2.92292
3.44536
3.23413
3.10901
3.24476
3.31857
3.01649
2.84285
3.05094
3.13789
2.97491
2.96894
2.90871
3.28872
3.03193
2.94106
3.36007
3.07508
2.64477
3.75869
2.89548
3.16237
3.00541
3.28308
3.22892
3.29093
3.60361
3.09827
2.51432
3.048
3.34959
3.94989
3.36477
3.22752
4.1712
2.85109
3.55628
4.14508
3.10216
2.96475
2.99859
3.20084
3.03166
3.71199
2.63623
3.304
2.78008
4.06104
4.13934
3.16991
3.58678
3.80273
3.3193
3.63585
3.16776
3.06259
4.06879
3.40674
3.50966
3.42902
3.33163
3.43421
3.44379
3.12999
3.31838
3.07174
3.07094
2.61955
3.24792
2.98491
2.80793
2.9581
3.26322
3.19906
3.00868
3.05013
3.18098
2.88087
2.49401
2.76717
2.62663
2.98527
2.67599
3.28462
2.83426
2.65344
2.74301
4.17904
3.74825
3.19623
2.9259
3.09458
4.11681
3.48099
3.33468
2.91281
2.904
4.4186
3.34774
3.10964
3.68477
3.55747
3.3634
3.20882
3.47813
3.83364
