1.95641
2.69264
1.96206
2.13738
2.36109
2.52531
2.96768
2.88323
1.82383
2.87275
2.96467
3.95415
2.21158
2.58205
2.8573
2.36088
2.25409
3.31541
2.28034
2.44186
3.05314
2.86016
2.83569
3.70824
3.2564
3.79486
2.99744
2.88996
2.75522
2.67193
3.29211
3.46532
3.27759
3.58484
3.05246
2.00901
2.59969
2.93609
2.78334
3.07281
3.30071
2.47839
3.55808
3.41634
2.91304
2.61171
2.58082
2.09173
2.34775
2.42827
2.66456
2.47794
1.84094
3.10589
3.03053
3.569
3.25859
2.34086
3.78461
3.46763
3.31419
3.36576
3.97122
3.19042
3.14187
2.49919
3.09872
2.86152
3.57764
3.58221
2.99674
3.67967
3.0083
3.30172
2.84516
3.22507
3.07864
2.93004
2.78945
2.9584
3.19391
3.19367
3.03957
2.74335
2.88473
2.86606
3.41344
3.30837
2.97916
3.00227
3.60252
3.0836
2.71869
3.47815
2.35417
3.0828
3.03576
3.03961
3.32361
3.42612
3.85872
3.33814
2.76398
2.95665
2.92517
4.32499
3.52067
3.53849
4.16217
2.92696
3.82227
4.22771
3.28661
2.87891
3.59005
2.90794
2.62292
3.162
2.24403
3.08778
2.53306
3.59477
3.74185
3.50505
3.34967
3.02936
2.69122
3.03517
3.19498
3.37253
3.68162
3.56924
3.3286
2.94352
3.22661
3.02043
2.94776
2.75792
2.85383
2.86409
2.87235
1.96923
2.89438
2.61015
2.68514
2.36635
3.09389
2.9387
2.83222
2.96506
3.0563
1.86749
2.65858
2.69005
2.46483
2.86458
2.86324
2.50423
2.71248
3.22944
3.11795
3.18473
2.95841
3.19184
2.83386
3.23954
3.62284
3.35746
3.05263
2.7875
2.72892
3.24511
3.25576
2.96933
3.66154
2.8917
3.15132
3.06054
3.74919
3.59351
1.95628
3.09128
2.24968
2.24316
2.52404
2.75471
3.02119
2.72221
1.87855
2.85015
2.75356
3.32745
2.59219
2.34977
2.79914
2.72544
2.52615
3.00551
3.27922
2.50359
2.64352
3.38823
2.84528
2.65313
3.50588
3.92341
2.93149
3.56985
3.22859
3.23229
3.3938
3.68225
3.16809
3.69257
3.15107
2.56754
2.68883
2.88377
2.7605
2.95021
3.59756
2.50829
3.29655
3.30802
2.9115
2.78818
2.61589
2.33374
2.61406
2.36016
2.72326
2.45332
1.97819
2.99583
3.11972
3.14754
3.83465
2.19334
3.51412
3.3526
3.34128
3.16578
3.64131
3.15544
3.23751
2.95499
3.53591
3.08998
3.90006
3.65952
3.66109
3.16142
2.9504
3.182
3.19305
3.18479
3.2626
2.99229
3.19104
2.56939
3.59611
2.87557
3.30966
3.06695
2.83502
2.93574
2.87408
3.31853
3.09692
3.35099
3.19498
3.19969
2.57333
3.33423
2.51411
3.0158
3.79321
3.568
3.40912
3.27785
3.60825
3.57023
3.00565
2.89471
3.37182
4.06131
3.80664
3.57849
3.98665
2.95555
3.08334
3.85293
3.08828
3.0637
3.23873
2.80706
2.74958
3.24264
2.36789
2.79639
2.44875
3.58873
4.30968
2.84014
3.26994
3.69635
3.02423
3.08675
2.9614
3.2673
3.84869
3.66563
3.37447
2.55223
3.77772
2.96062
3.21114
3.08383
3.21774
2.82168
2.76763
2.58823
3.09829
2.43471
2.60974
3.33755
3.07936
2.97792
2.9798
2.70412
2.76199
2.65705
2.50061
2.77907
3.27546
3.00118
3.23465
3.25946
3.06672
2.78421
2.58643
2.70693
3.41395
3.6261
3.09092
3.32131
3.41458
3.18674
3.07545
3.22995
2.56402
3.98001
2.52731
2.36237
3.25154
3.38209
3.26102
2.87688
3.43637
3.65807
