2.13179
2.61021
2.51573
2.42897
2.52892
2.90716
3.04683
3.08875
1.88646
3.11472
2.62344
3.15474
2.54666
2.46218
2.74984
2.47109
2.59703
3.53763
2.5987
2.88372
3.58136
3.13708
2.81455
3.29602
3.19758
3.93365
3.22876
3.14034
3.37707
3.27291
3.82496
3.62306
3.70337
3.75971
3.08013
2.82811
2.90063
3.27367
2.8247
3.45663
3.53117
2.68833
3.89197
3.35925
2.61248
2.89992
2.57336
2.66194
2.36007
2.99896
2.70228
2.43412
2.27035
3.19737
3.32609
3.60641
3.64374
2.04227
3.95979
3.37867
3.21676
3.63115
4.01207
3.00507
2.86069
3.04088
3.62099
3.17374
3.62334
3.99277
3.38242
3.3099
3.22662
3.13337
3.62574
3.4843
3.28612
3.20491
3.02048
3.15937
2.82738
3.10951
3.11109
3.11268
3.32757
3.00131
3.44395
3.65675
2.78509
3.31906
3.69975
3.23326
2.83297
4.04369
3.29851
3.15104
3.20748
3.77964
3.53736
3.81566
3.64681
3.17479
2.84864
3.03452
3.38702
4.28885
3.94024
3.55247
4.24653
3.15016
3.80615
3.842
3.5502
3.48121
3.61222
3.40946
3.22089
3.64177
2.1942
3.3541
2.76337
4.03257
4.56919
3.11049
3.68894
3.31165
3.04654
3.48564
3.3294
3.48638
3.72023
4.14394
3.72311
3.50594
3.36011
3.20053
3.82744
3.76735
3.49889
3.30808
2.76472
2.88249
3.28495
3.09594
3.18691
2.80749
3.59931
3.55432
3.55994
3.49265
3.55354
2.93891
3.01148
3.01663
2.93097
3.4842
2.84501
3.0851
2.80447
2.70398
3.23673
3.27384
3.71959
3.64414
2.91245
2.96571
3.7427
3.41499
3.25336
2.89017
3.07588
3.42509
3.25727
3.12528
3.66357
3.39395
4.32607
3.03528
3.36628
3.57037
2.05169
2.98483
2.75845
2.38717
2.57733
2.76379
2.94091
3.14854
1.88896
3.04531
3.59797
3.32252
2.48426
2.76997
2.97844
2.79837
2.56333
3.56167
2.50963
3.40103
3.19951
3.2251
2.96171
3.03658
3.29594
3.63463
2.84042
3.4036
3.18402
3.11267
3.4691
3.77498
3.38925
3.99811
3.08586
2.37741
2.48544
3.04189
1.96865
3.72068
3.17366
2.63067
3.34247
3.97318
2.73407
2.68077
3.04691
2.53541
2.55133
2.86076
2.73442
2.72546
2.1019
3.22241
3.68403
3.57454
2.85924
3.36806
3.05197
3.55192
3.29457
3.52847
3.94833
2.9383
2.78398
3.02295
3.50721
3.11
3.71403
3.80115
3.44518
3.23162
3.26215
3.21897
3.33925
3.72388
3.34901
3.07729
3.23635
2.93486
3.1266
3.26954
2.91258
3.17571
3.15342
2.98569
2.88053
3.25631
2.92796
3.36079
3.35083
3.09974
2.59792
3.73982
2.62677
3.27996
3.60112
3.37623
3.47528
3.68582
3.22785
3.27597
2.95425
3.35688
3.48352
4.39925
3.54372
3.5627
4.02984
4.04051
3.64796
4.11694
3.91853
3.1742
3.71652
2.99453
3.03689
3.60439
2.41898
3.16035
3.13506
3.96988
4.12485
3.15284
3.40364
4.0742
3.61111
3.59588
3.32253
3.33342
3.84264
3.3432
3.6451
3.45879
3.19183
3.33631
3.51789
3.23787
3.06077
3.07468
3.03359
2.75185
3.05881
2.8512
3.16308
2.83723
3.39126
3.63054
3.35995
3.27425
3.27647
2.93453
3.08395
2.92836
3.57107
3.72369
3.12815
3.12569
3.30047
2.85222
3.0253
3.74534
3.90379
3.58323
2.58928
3.18695
3.59088
3.1505
3.11756
2.87857
2.93491
3.33237
3.05678
3.62669
3.39524
3.32866
3.73631
3.32236
3.77441
3.32409
