1.89012
2.67065
2.60705
2.37578
2.62724
2.92765
3.36021
2.96174
1.74823
2.86706
2.37084
3.2836
2.61953
2.47431
2.79113
3.00274
2.6902
3.61465
2.58251
3.11634
3.26872
3.28586
2.83463
3.27111
3.43243
3.80426
2.84164
3.31148
3.07881
3.22619
3.40689
3.88513
3.20663
3.89098
3.22737
2.6942
2.89597
3.49718
2.70103
3.03268
3.46464
2.83293
3.26719
3.51747
2.84466
2.6253
2.77425
2.47246
2.65856
3.02824
2.49859
2.74265
1.89229
3.23308
3.34543
3.55033
3.44745
2.29507
2.93552
3.04968
3.30644
3.79601
3.28492
3.02067
2.68653
3.37592
3.23205
3.33684
3.477
3.76253
3.675
3.4391
3.19971
3.50459
3.68054
3.50542
3.29022
3.29826
3.37473
3.31107
2.99416
3.38555
3.09292
3.20369
2.96252
3.25917
3.34211
3.23265
2.99569
3.14078
3.95987
3.25386
2.98727
3.69447
2.69247
3.06699
3.45748
3.65675
3.45775
3.49923
3.62668
3.67987
3.02688
3.24895
3.27119
3.9481
3.52454
3.58278
4.39799
2.53075
3.5662
3.64068
3.42654
3.40358
3.22424
3.04055
3.12399
2.76441
1.94709
2.90448
2.3499
4.07417
3.83152
3.38412
3.58518
3.78286
2.71972
3.38285
3.05571
3.29751
3.69027
3.68537
3.72892
3.29074
3.44107
3.18399
3.72689
3.27855
3.18296
3.1442
2.5308
2.73419
3.23138
2.93144
3.03857
3.14571
3.49888
3.4514
3.15406
3.19296
3.18942
2.78241
2.91527
2.95433
3.59284
3.36884
2.93589
2.89179
2.76333
2.94103
2.86635
3.25304
3.35399
3.65357
3.039
2.93742
3.69521
3.68746
3.45192
3.06801
3.42121
3.77552
3.32703
3.67116
3.79488
3.27798
3.62231
2.96796
3.49521
3.75362
1.91548
3.34171
2.31395
2.26271
2.63419
2.75641
3.38258
2.87247
1.8192
2.98736
2.92865
3.39037
2.3002
2.79356
2.96305
3.01423
2.73727
3.16573
2.70487
2.5627
3.31428
2.43865
2.9146
3.50029
3.07888
3.37332
2.99572
3.32523
2.76555
3.22681
3.51926
3.69692
3.29961
3.60503
3.18368
2.24354
2.91984
3.40745
2.86648
3.57392
3.23628
2.59025
3.53374
3.36062
2.64058
2.83711
2.55449
2.97991
2.63209
2.76594
2.55689
2.69373
1.91741
3.0681
2.92685
3.51632
3.68216
2.28101
3.82498
3.37759
3.69563
3.38079
4.09642
3.12419
2.8384
3.59032
3.14426
3.31879
3.65165
3.26533
3.45097
3.16218
3.36963
3.18407
3.15179
3.30872
2.87315
3.31914
3.18307
3.39075
2.9534
2.97122
3.19406
3.12904
3.1039
2.92233
3.05824
3.47717
2.74356
3.37572
3.87493
3.40727
2.75255
3.62501
2.89451
3.23047
3.19943
3.24524
3.21925
3.43108
3.62605
3.55548
2.62554
3.48392
3.05125
4.0227
3.40607
3.46169
3.44219
2.73447
3.53258
3.65585
3.47779
2.99799
3.54514
2.96888
3.02287
2.82383
2.27691
2.52856
2.65055
3.50061
3.2817
3.29561
3.38123
3.52735
2.88727
3.11496
3.2496
3.18925
3.31885
3.50726
3.4531
3.10114
3.12534
3.57886
3.58543
2.72031
2.96465
3.38972
3.05428
3.03877
3.22698
3.18474
2.91113
2.83405
3.05812
3.15514
3.18871
3.36706
3.30373
3.18387
3.19396
2.75398
2.82075
3.03156
3.05071
3.22545
2.82073
2.9144
3.12981
3.54851
3.35829
3.72254
2.98172
3.15451
3.88292
3.41804
3.40172
2.76925
2.93703
3.32424
3.18164
3.70338
3.37542
2.83302
3.78352
3.0194
3.26421
3.91941
