1.98181
2.83818
2.22474
2.19002
2.3755
2.66473
2.52916
2.49829
2.62594
2.20873
2.27513
2.4004
2.20059
2.94972
2.41918
2.59282
2.85593
2.92507
2.36985
2.42233
3.00606
2.93325
2.67309
3.08317
2.6469
3.24129
2.45737
2.70969
2.47525
2.32165
2.31363
3.07802
2.87352
2.89173
2.76365
2.91157
2.97578
3.04833
2.72913
2.83036
3.15699
2.67558
2.94434
2.8995
2.6211
2.70328
2.79
2.95373
2.84229
2.77715
2.85146
2.77655
2.53448
2.02437
2.08523
2.32724
3.81018
1.65306
3.0038
3.25668
3.52331
3.07366
3.3521
2.91317
2.66385
3.17453
2.84518
2.76028
3.40631
3.10687
2.77594
2.95324
2.96687
3.11938
2.93038
2.86394
2.92045
2.88109
2.74635
2.99769
2.81185
2.77896
2.72704
2.90883
3.29305
2.95049
3.27176
3.16857
3.01438
3.8489
3.89768
3.45275
2.37095
3.70512
2.83304
2.78973
3.06493
2.88945
3.1604
3.15553
3.63353
3.59163
3.46314
3.0388
2.94482
4.17618
3.42953
3.21452
3.88411
2.25208
3.12411
3.92381
3.57952
3.25707
3.17865
2.80739
2.8668
3.21214
2.13869
3.06514
2.47652
3.25861
3.43231
2.74458
3.14077
2.93508
2.49678
3.19587
3.32195
3.55822
3.37184
3.64477
3.02169
2.96049
3.08956
2.67925
2.97572
2.75063
2.92199
3.08412
2.85882
2.35545
2.61219
2.75756
2.91287
2.87501
2.95912
2.78173
2.93716
2.73188
2.87137
2.28576
2.98542
2.86586
2.1006
3.07525
2.72123
2.76527
2.4183
2.65325
2.9415
2.56135
2.84573
3.74394
2.58804
3.26132
3.49142
3.60135
2.94689
2.9385
2.6157
3.45714
3.08671
2.72561
3.12799
2.78811
3.2764
3.14167
3.3039
3.70106
1.86708
2.75711
2.39613
2.27858
2.56613
2.60457
2.90807
2.51052
2.62241
2.2895
2.39461
2.37899
2.30273
2.826
2.66011
2.60641
2.55785
2.89349
3.35592
2.8445
2.55462
2.57468
2.63338
3.12908
3.09692
3.20883
3.08247
2.83437
2.11625
2.74656
3.34012
3.52551
3.39221
3.79885
2.49795
3.2764
2.91062
2.96505
2.9924
2.85162
3.00095
2.52251
3.1329
2.77486
2.76737
2.32719
2.44632
2.58711
2.60773
2.33472
2.8026
2.78674
2.59034
1.89323
2.17268
2.01895
3.42596
2.7358
2.60373
3.48963
3.16949
3.14785
3.33334
2.82404
2.4415
3.22482
2.88555
2.928
3.42054
2.92398
2.8975
3.27465
2.84344
3.51618
3.01869
3.04752
3.03761
2.93341
3.33672
3.12125
3.01922
2.79597
2.97578
3.10786
3.19138
3.02095
2.9911
3.21604
3.11346
2.86545
3.96657
3.55778
2.52485
3.76075
2.70142
2.68
2.80469
3.12
3.0352
3.57104
3.57301
3.53375
3.13696
2.74572
2.85824
3.85954
3.32685
3.35503
3.63914
2.73883
3.61252
4.49286
3.32605
3.28715
3.43061
3.01161
2.60909
2.42733
2.19744
3.00773
2.96239
3.42891
3.36574
2.59741
2.84185
3.00124
2.59669
3.0827
2.89857
2.88463
3.52549
3.39472
3.12708
3.13677
3.38641
3.15269
2.91362
2.74293
2.68623
2.84262
2.88391
2.92462
3.03
3.08616
2.89939
3.11119
2.91332
3.0811
2.76927
2.99919
2.77307
2.04566
2.68651
2.69527
2.19952
2.79437
2.93958
2.67517
2.87248
2.32179
2.96642
3.25639
3.2821
3.45585
2.76327
2.75534
3.31277
2.96522
3.19933
2.90286
2.93213
3.37914
2.93456
2.7512
2.81077
3.17998
3.12219
3.20575
3.3836
2.9742
