1.64736
2.82897
2.2773
2.1662
2.36606
2.56829
3.46731
2.74172
1.43421
2.78389
2.96222
2.73113
2.40542
2.79558
2.75482
2.69539
2.62045
3.46746
2.78807
2.99764
2.88796
2.64805
3.01253
3.05781
2.95265
3.41267
2.93298
2.70589
3.07675
2.9914
3.47503
3.86598
3.595
3.8084
2.86497
2.35404
2.55366
2.8334
2.34443
3.01755
3.36753
2.33689
3.02179
3.0872
2.57581
2.65461
2.44009
2.4632
2.47599
2.79974
2.14203
2.34757
1.97141
3.19866
3.05751
2.99403
3.62047
1.9607
3.32214
3.25112
3.65888
3.35629
4.12062
2.96924
2.90737
3.12391
3.28338
2.93152
3.40697
3.39316
2.86624
2.89269
2.97968
3.07766
2.85409
2.91698
3.19277
2.9047
3.0999
2.78651
2.74435
2.97027
2.76828
2.75842
2.81198
2.91638
2.57848
3.21321
2.77816
2.94932
3.75454
3.53038
2.73142
4.01403
2.76713
3.00933
3.08171
3.25463
3.2567
2.97019
2.98039
3.43713
2.58863
2.85453
2.79634
3.74112
3.07391
3.11162
4.05888
2.49361
3.18292
3.88451
3.38302
3.22248
3.20291
2.71831
2.72578
3.20631
2.25146
2.96788
2.56609
3.51847
3.23995
2.68043
2.97043
3.51099
3.50283
3.01056
3.13977
3.17716
3.38267
3.73777
3.4139
3.41206
3.06755
3.39819
3.34867
3.2241
3.03683
2.98471
3.05713
2.5435
3.16152
2.99064
3.00495
3.00681
3.19005
2.99503
3.11437
3.17168
3.10478
2.50906
2.89736
2.74006
3.49605
2.78264
3.32828
2.79213
2.93671
2.57327
2.88655
2.89966
3.6217
3.91335
3.26717
3.33031
3.13363
3.51334
2.76055
2.69419
2.83482
3.6606
2.81328
3.1017
3.14057
3.08534
3.57684
2.98793
3.1821
3.57724
1.65069
3.23342
2.32772
2.16063
2.45351
2.7729
2.98699
2.76934
1.49514
3.18463
2.69635
2.87632
2.51298
2.43319
3.14614
2.69399
2.70924
3.05186
2.6674
2.66437
2.56862
3.07011
3.17711
2.54395
2.99709
3.45453
3.10694
3.40744
3.41646
2.94797
3.41937
3.90888
3.58024
3.86132
3.20873
2.45295
2.66244
2.9306
2.0759
3.16496
3.28336
2.48931
3.61528
3.0054
2.80985
2.63568
2.58188
2.35214
2.6838
2.71318
2.2646
2.41924
1.94537
2.74493
3.04072
3.02979
3.36013
2.09062
3.0564
3.47793
3.83921
3.90105
4.13649
3.19473
2.53606
2.76004
2.92354
2.9555
3.53549
3.32967
2.94331
2.96948
2.83285
3.22697
2.78496
3.13626
2.82595
3.19166
2.86721
2.93582
2.60756
2.76608
2.66549
2.94557
2.94669
2.79357
2.82826
3.34164
2.80703
3.15166
3.24431
3.15014
2.83578
3.60225
2.95558
3.06707
2.86925
2.98102
3.10928
3.54493
3.02505
3.23603
2.82515
2.8689
3.04228
3.69681
3.08057
3.53984
3.71119
2.92912
3.71596
4.10487
3.40683
3.14401
3.52607
2.79602
2.71451
3.35907
2.28207
3.26919
2.59206
4.00446
3.88991
2.49771
2.62757
3.70416
3.62358
2.86883
2.57685
3.05247
3.62822
3.22504
3.30947
3.4866
2.89736
3.59808
3.10552
3.17573
2.85238
3.29442
3.17071
2.68738
3.40115
2.82581
3.05968
2.79554
3.10897
3.15324
3.11544
3.26705
2.7558
2.53459
2.39889
2.98822
3.80597
2.62964
2.96926
3.27846
2.81128
2.3373
2.88643
3.17518
3.39915
3.41664
2.52357
3.39143
3.36587
3.92405
3.07903
2.41458
2.72841
3.94797
2.89501
2.79236
2.94579
3.03222
3.22052
2.92017
3.38342
3.3823
