1.85574
2.75864
2.16932
2.15513
2.38423
2.47862
3.15417
3.23579
1.61131
3.26007
3.20246
3.35957
2.50244
2.82998
2.7168
2.68073
2.56155
3.25559
2.57206
2.43258
2.59423
2.43416
2.43379
2.88398
3.31291
3.82424
3.76456
2.97105
3.24894
3.41196
3.27436
3.90091
3.9114
3.8645
3.08722
2.58491
2.69762
3.28511
2.49194
3.49212
3.22028
2.42327
3.81102
3.45271
2.79908
2.66283
2.78449
2.76615
3.36895
2.50781
2.62428
2.45725
2.1294
3.49571
3.39194
3.79844
3.25443
3.03101
3.83788
3.66844
3.58751
3.86056
4.48953
2.87777
2.83559
3.08902
3.31904
3.22549
3.54686
4.19291
3.91467
3.71576
3.04486
3.41024
3.56296
3.58679
3.49275
3.24633
2.73876
3.40112
2.8387
2.65503
3.07654
3.20617
3.07047
2.87714
3.77426
3.37773
2.76572
2.9677
3.58573
3.63244
2.92934
3.69534
2.76338
3.26197
3.35621
3.06435
3.94518
3.89052
3.22318
3.5473
2.87268
2.81424
3.05761
3.69686
3.41807
3.42206
4.33575
3.05583
3.44641
3.67264
3.73105
3.41447
3.64328
2.95563
2.72506
3.18618
2.13718
2.81779
2.99118
3.9791
3.5504
3.28505
3.39776
3.28366
2.68393
3.42329
3.06522
3.29355
3.55923
3.4903
3.28007
3.31129
3.14776
3.18674
3.14409
2.88454
2.94539
2.57176
2.81394
2.79955
3.42365
2.79904
2.91352
2.46846
3.3474
3.17322
3.24175
3.29702
3.12536
2.31448
2.28946
3.13189
2.3425
2.44941
2.61046
2.66137
3.22944
3.05776
2.81386
3.37921
3.31467
4.07164
3.1691
2.99128
3.26062
3.76876
3.29624
2.78979
3.18623
3.7182
3.02829
2.77773
3.7425
2.90802
3.4077
3.11605
3.54964
3.92821
1.79359
2.61486
2.18703
2.18554
2.26744
2.57485
3.01463
2.99511
1.57174
2.98696
2.81985
3.40333
2.29405
2.97406
2.6301
2.61393
3.11209
2.81557
2.60496
2.48976
2.37159
2.52529
2.2418
2.97715
3.07464
3.52638
3.28392
3.93347
3.28156
3.02984
3.54372
3.47264
3.44008
4.19815
3.18957
2.61776
2.60537
2.9269
2.30225
3.58718
3.50776
2.72395
3.67237
3.41177
2.64428
2.34374
2.40507
2.67986
3.1891
2.81489
2.55663
2.47954
2.13864
3.32651
3.11209
4.00513
3.83121
2.2524
3.81622
3.13139
3.59847
3.63699
4.52861
2.92895
3.02289
2.82292
3.29212
3.18888
3.9265
3.95919
3.33121
3.72923
2.9952
3.28453
3.23142
3.51909
3.24846
3.51233
3.11306
3.17377
2.84292
2.78204
3.40109
3.42218
2.99109
3.12584
3.05896
3.52229
3.23705
2.74498
3.18351
3.40949
2.55418
3.68434
2.96766
3.14558
3.71073
4.04665
3.66729
3.31224
3.55893
3.53833
2.69787
2.90696
3.18256
4.26647
3.84313
3.55366
3.48927
3.31303
3.48127
4.00577
3.71685
3.19699
3.51349
3.08534
2.8061
3.2526
2.14174
3.04234
3.35884
3.56993
3.64234
3.28969
3.62303
3.35213
3.30027
3.22768
3.04522
3.12477
3.89017
3.64621
3.14796
3.32695
3.53907
3.20167
3.29922
2.77018
2.88586
2.90995
2.56641
2.77607
2.93191
3.18175
3.0657
2.81455
3.66323
3.1399
3.05964
3.22161
3.20063
2.23427
2.50823
2.78325
3.04021
2.90504
2.71842
2.54833
3.07156
2.72018
3.0773
3.89581
3.67866
4.32421
3.20766
3.39748
3.58643
3.49251
3.34825
2.63929
2.81944
3.7412
3.22931
3.40619
3.67219
2.81183
3.71949
3.02285
3.50389
4.3652
