1.80539
3.32684
2.68047
2.35487
2.73609
2.82953
3.35108
2.9514
1.61751
2.84916
2.76881
2.71683
2.86193
2.60567
3.13699
2.80893
2.65494
3.84924
2.81891
3.08406
3.7158
3.5784
2.61514
3.11518
3.22165
3.7369
2.92458
3.04891
3.27888
3.27384
3.27545
3.88322
3.5909
3.39064
2.88939
2.41403
2.83344
3.16141
2.76984
3.25181
3.08642
2.85047
3.80812
3.42386
3.01116
2.81951
2.6725
2.47976
3.06745
2.68731
2.57056
2.45733
2.11637
2.96827
3.04589
3.74511
3.72743
1.99925
3.64534
3.29002
3.88062
3.49937
4.02046
3.40978
2.68846
2.97632
3.13488
2.97153
3.66902
3.4739
3.4025
3.55109
3.17087
3.58916
3.60979
3.61746
3.43503
3.01265
2.90645
2.70804
2.71793
2.8673
3.15106
2.89667
3.16895
2.80906
3.05376
3.78264
3.64712
3.43825
3.85903
3.90589
3.77134
4.17948
2.94027
2.97938
2.89841
3.33971
3.32165
3.63756
3.77644
3.27125
2.6751
2.94486
3.06785
3.34619
3.13124
3.6185
3.53985
3.08306
3.57024
4.25621
3.14967
3.12607
3.41371
2.77899
2.74427
3.10985
2.25108
3.11191
2.70592
3.69287
3.72816
2.97343
3.38724
3.84687
2.97626
2.92922
3.31841
3.62153
3.5925
3.78924
3.50319
3.58878
3.41673
3.56335
3.1421
3.11909
3.22133
3.1406
3.11228
2.75362
3.22914
2.6892
2.84601
2.87977
3.38038
3.22321
2.96986
3.06297
3.32237
2.63741
3.27267
2.80738
2.96026
3.4021
3.44033
2.85153
3.23412
2.97271
2.67365
2.56654
3.53963
4.01972
2.74761
3.21401
3.53592
3.49131
3.38637
3.01514
2.77681
4.06631
2.94571
2.67437
3.58288
3.16792
3.52716
2.87649
3.02829
3.51443
1.84585
2.81454
2.65477
2.27523
2.72491
2.58833
3.40544
2.92848
1.74638
3.01803
3.07508
3.12872
2.74641
3.19203
3.04801
2.87606
2.73662
3.27229
2.88582
2.6361
2.75423
3.02624
2.97408
3.24645
3.07342
3.9063
3.07308
2.99826
3.41455
3.6826
3.29035
4.1891
4.3164
4.10281
3.1894
2.51356
2.66149
3.21523
2.83546
3.23836
3.28921
3.23157
3.82581
3.26411
2.99269
2.94532
2.76537
2.38198
2.77388
2.76138
2.60285
2.48453
2.22362
3.2191
3.09292
3.80351
3.63173
2.36725
3.48575
3.06165
3.5025
3.42962
4.48389
3.37708
3.48887
2.46044
3.01468
3.36708
3.8822
3.66676
3.02498
3.34113
3.16627
3.38404
3.00786
3.38929
3.36756
3.13164
3.27984
2.49545
2.69403
2.60859
2.79373
3.19346
3.12813
3.01688
3.046
3.4845
2.99565
3.13191
3.49974
3.49115
3.63231
3.86179
2.53454
3.07412
3.29693
2.93551
3.10927
3.48724
3.56188
3.70779
2.83713
3.02729
2.97583
4.03431
3.73018
3.44557
3.79863
3.4588
3.86039
4.51947
3.33758
3.22197
3.57258
2.78147
2.76899
3.18053
2.38968
3.1275
2.29722
3.52125
4.0259
2.9621
3.26839
3.51285
2.99046
3.38481
3.07692
3.10193
3.76805
2.99934
3.3944
3.65032
3.38985
3.45768
3.33075
3.0048
3.13159
2.91214
2.43
2.56608
3.36198
2.73599
2.87956
2.86988
3.2395
3.0249
2.85339
3.11122
3.05898
2.9855
3.15467
2.69596
2.92358
3.19244
2.8671
2.9121
2.63441
3.08739
2.80431
4.19933
3.4633
3.67027
3.7616
4.19322
3.31759
3.27967
3.24102
2.93799
2.98093
4.19137
3.39726
3.13571
3.49602
3.16154
2.65207
3.04501
3.66125
4.26907
