2.01014
2.78414
2.63289
2.38264
2.522
2.6692
3.14681
2.89874
1.68937
3.40778
2.80211
2.85771
2.40508
2.32026
2.70669
2.34622
2.76446
2.9636
2.83909
2.8336
3.21959
3.3013
2.8998
2.84533
3.20583
3.35935
2.97544
2.99292
3.17449
3.02539
3.14369
3.84963
3.38756
3.76863
2.9944
2.73509
2.98306
3.09822
2.36579
3.49047
3.16944
2.89468
3.76559
3.29473
2.52479
2.97371
2.67863
2.64552
2.53258
2.78741
2.36105
2.49036
2.09072
3.06182
3.27632
3.1146
3.45615
2.30277
3.49292
3.44767
3.19954
3.29085
3.6329
3.02853
2.74976
2.9085
3.08575
2.95935
3.55612
3.28893
3.11722
3.37429
2.85355
2.8492
3.00731
3.30752
3.21155
3.07048
3.13183
3.08259
2.86019
3.11808
2.93045
3.08226
2.94293
2.97514
3.22666
3.07367
2.98865
3.34893
3.50817
3.30465
2.8179
3.54651
2.59396
3.19769
3.10661
3.0611
3.08223
3.38651
3.49942
3.19018
2.64948
2.88177
3.12345
4.04603
3.11898
3.15358
3.49512
3.28514
3.3433
4.46699
3.3151
2.89677
3.14035
2.81444
2.81124
3.39185
2.20847
3.2055
2.55516
3.61101
3.73879
3.01061
3.11836
3.49005
2.981
2.99291
3.05989
3.31973
3.38674
3.61343
3.36206
3.18372
2.95715
3.13104
3.39475
2.55014
3.03675
3.20508
2.85331
3.00849
3.00349
2.76285
2.84576
2.92193
3.15564
3.02501
3.00831
3.16869
3.50611
2.46492
2.90796
2.8094
2.65949
3.40188
2.67972
2.83974
2.87163
3.34605
3.3867
3.22088
3.08862
3.4405
3.63702
3.26512
3.65938
3.51106
2.9009
3.22043
2.95461
3.4437
2.9793
2.83768
3.35946
3.36733
3.21022
2.82362
3.28757
3.43008
1.98586
2.92264
2.35782
2.24214
2.58676
2.75751
3.02524
3.00019
1.79051
3.09743
2.97254
2.9115
2.53091
2.641
2.52884
2.53743
2.60168
3.13605
2.66899
3.07734
3.21171
3.22245
2.76258
2.62892
3.17512
3.64556
2.76766
3.15208
2.78635
3.31612
3.16271
3.57442
3.90628
4.00153
2.76908
2.30381
2.65553
2.87124
2.19965
3.45682
3.56472
2.88662
3.2758
3.11913
2.68512
2.63538
2.71697
2.60816
2.92867
2.79395
2.43597
2.50482
2.12604
2.98674
3.36208
2.87745
3.21426
2.96439
2.74979
3.62995
3.09611
3.39247
3.63956
3.09657
2.94114
3.00905
2.90531
3.05165
3.72986
3.39081
3.09768
3.05901
2.67532
3.16782
2.79796
3.18524
3.40612
3.18985
3.16213
2.94302
2.78001
2.73555
2.74677
2.76786
2.78672
3.02424
2.86606
3.14521
2.91627
3.29348
3.79791
3.50518
2.78845
3.39229
2.97157
3.05744
3.07697
3.39315
3.28337
3.11571
3.0986
3.29633
2.78385
2.93417
3.17342
3.75138
3.11221
3.18101
3.62449
3.31375
3.25467
4.03743
3.38659
2.7675
3.23435
2.84838
3.0097
3.37042
2.29485
3.04897
2.65377
3.83448
3.72242
2.75651
2.92585
3.75125
3.26813
2.80703
3.0984
3.14488
3.61457
3.42822
3.26623
3.17119
3.319
2.99701
3.35516
2.911
3.12735
3.45878
3.32178
2.79394
2.96194
2.88414
2.9602
2.69541
2.86337
2.9658
3.08042
3.34263
2.89903
2.4338
3.28792
2.94259
2.92709
3.21831
2.95396
2.73613
2.96978
3.45218
3.31918
3.667
3.37185
3.41498
2.90301
2.91559
3.81312
3.30372
3.09444
2.85586
2.82399
3.4967
2.76488
2.74605
3.49205
3.06871
3.37652
2.80286
3.65831
3.65457
