2.05545
2.64981
2.54735
2.39769
2.58531
2.9491
3.04909
2.89488
2.01066
3.2425
2.59699
3.6486
2.5701
2.71576
2.90994
2.66163
2.90788
3.06538
2.67582
2.87477
3.10261
2.94213
2.77271
2.9475
3.01017
3.757
2.7431
2.75837
2.9919
3.11704
3.50042
3.48978
3.24206
4.03403
2.8619
2.4375
2.80686
3.12559
2.54114
3.22821
3.27773
2.56177
3.20745
3.32355
2.91535
2.49866
2.57156
2.51537
2.60793
2.91915
2.62028
2.79069
2.01985
3.30976
3.11424
3.13707
3.74573
2.12987
3.42686
3.21422
3.53101
3.60516
3.07068
3.21844
2.76859
2.92284
3.31807
3.08102
3.5977
3.48659
3.00779
3.17783
3.0864
2.99092
3.12958
3.40051
3.18414
3.03281
3.12717
3.11982
3.03439
2.6977
2.95702
2.92467
2.85134
2.9411
3.0148
3.21126
3.00943
3.09242
3.4301
3.70579
2.87086
3.85214
2.65853
3.24246
3.19436
3.27203
2.86124
3.21428
3.01385
3.04546
2.60083
2.8929
3.19962
3.79922
2.93912
3.3916
4.03455
3.38841
3.32879
3.8862
3.069
3.27291
3.06205
3.18494
2.83196
3.33081
2.0858
2.9046
2.86814
3.63931
3.16891
2.7097
3.31425
2.99169
2.78614
3.08571
3.00296
3.35954
3.67405
3.4729
3.41305
3.36381
3.26406
3.28472
3.36384
2.71462
3.03959
3.19884
2.92213
2.67828
3.05849
2.9793
3.01256
2.87392
2.78745
3.2701
3.17838
3.16981
3.47437
2.64427
3.19794
3.2381
2.53977
2.3815
2.91996
2.92595
3.12408
3.03878
2.91375
2.82105
3.4126
3.32422
3.79789
2.97128
3.41019
3.55464
3.07831
2.85562
3.30987
3.73866
2.90718
3.08097
3.22008
3.02784
3.37421
2.64774
3.51899
3.49043
2.08086
3.07651
2.61464
2.4417
2.55845
2.65818
3.08078
2.96533
1.8358
3.06335
2.58751
3.15267
2.41428
2.58517
2.77055
2.80774
2.58898
3.25292
2.95319
3.10654
2.66235
2.87224
3.26959
3.06574
3.1751
3.41836
3.01501
2.78587
3.06384
3.09356
3.35842
3.8115
3.64216
3.64476
3.00713
2.90996
2.65617
2.85895
2.86192
3.06856
3.2189
2.60722
3.4993
2.95777
2.51878
2.60128
2.9228
2.60007
2.42398
2.52561
2.43882
2.54105
2.07587
2.94132
3.13481
3.22068
3.56338
2.11632
3.11107
3.21608
3.80662
3.38097
3.65412
2.76158
2.96296
3.21439
3.25239
3.2511
3.20091
3.11193
2.82081
2.89265
2.93888
3.25146
3.01113
3.35074
3.30534
2.98002
3.13003
2.82754
2.93545
3.04197
2.77327
3.06366
3.25784
2.75795
2.70196
3.21453
3.09047
3.10053
3.63011
3.17783
2.96425
3.5554
2.69798
3.07008
3.07667
3.27353
3.12616
2.98446
3.46716
3.34789
2.78013
2.73422
2.9092
4.10877
3.3404
3.3062
3.76473
3.80799
3.37627
4.01651
3.57972
2.96737
3.37363
2.64524
2.70676
3.53212
2.10842
3.07996
2.56168
4.02868
3.45176
2.6666
3.31788
3.44544
3.41425
3.15137
3.44081
2.94875
3.82955
3.64148
3.16098
3.2192
3.12487
2.48843
3.40071
3.04512
3.12838
2.98395
3.17655
2.63943
2.99842
2.88089
2.88035
2.96446
2.88838
2.93414
3.10504
3.13614
3.17278
2.41688
2.4032
2.77267
2.94424
2.77587
2.93098
3.29525
3.02889
3.3039
2.83097
3.39395
3.82071
3.80132
3.42558
2.95396
3.49757
3.09903
3.14813
2.53646
2.83738
3.32832
2.86065
2.91479
3.07692
3.02259
3.71594
2.93922
3.63216
3.93363
