1.80701
3.20188
2.84418
1.97641
2.35462
2.61013
3.12172
3.06856
1.85574
2.97081
3.30234
3.26799
2.58589
2.30495
2.89098
2.28382
2.78723
3.21672
2.60766
2.64638
3.18201
3.03001
2.85623
3.0059
3.24618
3.58316
3.35168
3.3317
3.51784
3.55707
3.35715
3.48102
3.84035
4.1731
3.24094
2.76363
2.94331
3.10741
2.99887
3.3776
3.14949
3.19663
3.83532
3.37524
2.819
2.71794
2.89319
2.61664
2.74329
2.81429
2.57978
2.541
2.33251
3.4568
3.24856
3.23875
3.37394
2.4791
3.66556
3.23078
3.57606
3.3629
3.9178
2.84791
3.46485
2.9843
3.55039
3.18872
3.5871
3.55399
3.21094
3.50685
3.03104
3.37204
3.42054
3.63007
3.23857
3.04322
3.38802
3.44581
2.94606
3.18907
2.96959
3.1931
3.09222
2.91908
2.73591
3.20986
3.1394
3.65449
3.51629
2.87336
2.70291
4.23313
2.82336
3.08363
3.26554
3.45332
3.0731
3.60437
3.61979
3.18141
2.70202
2.67023
2.90361
3.54402
3.37952
3.15474
3.93529
3.1708
4.08071
4.22949
3.47026
3.39221
3.29795
2.88283
2.56823
3.10565
2.30041
2.98373
2.42343
3.56852
4.08234
2.99583
3.61213
3.61848
3.06393
3.16189
3.28974
3.61876
3.75842
4.10537
3.30253
3.16447
3.18118
3.56199
3.3677
2.99855
3.72048
3.67769
3.24046
3.00413
3.01056
2.98067
2.77459
2.92867
3.30934
3.26104
3.51725
3.31163
3.31558
2.65789
3.0993
3.012
3.2512
3.13148
3.53318
2.64738
2.8735
3.20982
3.13193
3.62123
3.34757
3.40214
3.13691
3.22117
3.52834
3.51517
3.39647
2.84411
3.07442
3.73753
2.8488
3.04568
3.53566
3.67688
3.7346
2.93071
3.37369
3.76795
1.92703
2.5413
2.65369
2.30163
2.41878
2.54458
3.03948
2.99732
1.90048
3.22668
3.20635
3.34027
2.72667
2.62312
2.92477
2.7111
2.78738
3.16642
2.65429
2.91594
2.98328
2.79126
2.60302
3.15984
3.02427
3.72916
3.06428
3.16824
3.11846
3.32549
3.34175
3.29667
3.54073
4.01783
3.07702
2.6128
2.52332
3.16188
2.70787
3.14466
3.27865
3.09206
3.74107
3.31377
2.79503
3.09415
3.11108
2.65272
2.74923
2.86619
2.60826
2.66692
2.28091
3.16308
3.27444
3.36452
3.50672
2.78055
3.88155
3.46848
3.64801
3.82186
3.79305
3.38227
3.10968
2.93669
3.58929
3.18572
3.4543
3.52722
3.43524
3.09561
3.14847
3.19783
3.43821
3.87952
3.53785
3.04192
2.99665
3.45917
2.74191
2.93403
3.06278
3.33735
2.93955
3.13754
2.90879
3.34871
3.06788
3.11957
3.89875
3.33755
2.76427
3.80047
2.91023
2.99701
3.15076
3.37859
3.18594
3.88869
3.17881
3.48843
2.99631
3.28929
3.26987
4.42588
3.19484
3.26648
4.11771
3.79431
3.75456
4.40363
3.50896
3.15901
3.53946
3.08693
2.76872
2.59276
2.36431
2.95431
2.73197
3.99753
3.97776
2.8296
3.09814
3.41167
3.37675
2.80197
2.79337
3.21511
3.75242
3.55286
3.2253
3.113
3.22679
3.51109
3.15123
2.92404
3.20878
3.08783
3.02344
2.66341
3.27917
3.11891
2.9938
2.76828
3.44035
3.20854
3.28623
3.29913
3.37701
2.81643
2.83855
2.84763
3.57975
2.67059
2.8811
2.97666
2.85485
3.16482
2.93439
4.12786
3.22065
3.47251
3.16601
3.68218
4.14868
3.81114
2.92503
3.05213
2.84738
3.48387
3.10797
2.95221
3.15613
3.15046
2.90622
2.87974
3.83472
3.28002
