1.86929
2.78942
2.44357
2.36193
2.34938
2.69782
3.01898
3.04217
1.76469
3.00192
2.82196
3.32027
2.35646
2.65966
2.71419
2.6713
2.56649
3.25901
2.65077
2.82558
2.902
2.68141
2.49282
2.76403
2.91721
3.67634
3.16944
3.42988
3.0472
3.38544
3.30712
3.50034
3.4455
4.40961
3.15492
2.89327
2.66811
3.04703
3.02416
3.42653
3.13778
2.5203
3.93755
3.26097
2.74957
2.67405
2.87014
2.23721
2.7371
2.43955
2.65935
2.61085
2.16553
3.30182
3.18382
3.32076
3.35722
2.57517
3.4315
3.17851
3.37658
3.48411
3.90596
3.23305
2.81625
2.99901
3.20409
2.85069
3.74564
3.4135
3.28728
3.29038
2.83185
3.13111
3.3144
3.13275
2.83897
3.22318
2.66176
3.36885
2.91236
2.97091
3.37905
3.00641
2.45845
3.03942
3.16368
3.22919
3.003
3.11864
3.3174
3.21157
2.52424
3.66456
2.57745
3.05835
3.23708
3.22608
3.12033
3.30281
4.01946
3.40864
2.76692
3.03241
3.05679
3.8548
3.06125
3.11577
4.04924
2.83944
3.39785
3.99636
3.58557
3.15471
3.26888
2.79081
2.79112
3.00589
2.28712
3.21021
3.13765
3.61402
3.29275
2.76909
3.51631
3.37076
2.77941
3.37862
3.29636
3.4976
3.73093
3.59788
3.67548
3.24741
3.14771
2.76656
3.38687
2.95606
2.84492
3.25332
2.85236
2.81087
3.26087
2.88087
2.85231
2.67332
3.40883
3.04034
3.21325
2.91987
2.94079
2.77883
2.89781
2.97078
2.45693
2.79398
2.81834
2.81802
2.91013
2.89056
2.92693
3.69376
3.59141
3.25859
2.62975
3.75388
2.9459
3.32023
2.68961
2.88115
3.31581
3.42008
2.91821
3.1142
3.47681
3.3732
3.24391
2.83144
3.21511
3.60934
1.8814
2.61149
2.14433
2.24784
2.44531
2.68502
2.86171
3.09599
1.75479
2.84276
2.55356
3.32862
2.41839
2.56331
2.73004
2.47312
2.46347
3.10499
2.77991
3.4419
2.69172
2.58475
2.67574
3.04703
3.20342
3.73215
3.13268
3.11347
2.96671
3.32983
3.07945
3.46353
3.60756
3.72548
3.04317
2.84906
2.59409
3.01594
2.5906
3.26669
3.2807
2.9789
3.67567
3.11083
3.07604
2.63799
2.8134
2.3307
2.62067
2.50755
2.62179
2.55357
2.091
3.33498
3.39713
3.50931
3.08859
2.88599
3.04925
3.25243
3.91852
3.93634
4.14555
3.42664
3.0561
3.15174
3.33602
3.00987
3.78504
3.56515
3.16558
3.40787
3.30353
3.15117
3.09491
3.32232
2.90748
3.00827
3.17753
3.38045
2.64562
2.77886
2.86057
2.99087
2.80141
2.91637
3.40871
3.2972
2.72416
2.74421
3.27507
3.27873
2.47253
3.29855
2.69646
2.9573
3.07797
3.17527
3.57663
3.05526
3.44361
3.53112
2.73661
2.97237
2.78527
3.97177
3.54218
3.17539
3.70975
3.3182
3.37521
3.74438
3.21896
2.90759
3.24449
2.84913
2.74158
3.10621
2.16985
3.18702
2.8199
3.86943
3.96005
2.74568
3.33427
3.20099
3.14858
3.57036
3.00239
3.13454
3.82866
3.50627
3.50045
3.26868
3.17302
3.31728
3.39969
3.00738
2.92489
3.17241
2.5577
2.91221
3.20101
2.80339
2.63339
2.72699
3.0609
3.01947
3.13657
3.07595
3.48336
2.6581
2.61244
2.86229
2.85775
2.90138
2.79276
3.04893
3.11402
2.96711
2.97005
3.59671
3.25066
3.6914
3.22565
3.54657
3.25486
3.11794
3.21937
2.85636
2.83553
3.47465
3.19996
3.15832
3.56868
2.98547
3.37802
2.88628
3.54857
3.38636
