1.96813
2.42585
2.53654
2.33666
2.44778
2.61441
3.51508
2.86604
1.6454
3.1127
2.87708
2.9039
2.60791
2.60571
2.75922
2.91453
2.94476
3.09291
2.62455
2.75531
3.22368
3.38566
3.0985
2.69713
2.90251
3.58384
2.68983
2.90463
2.66561
3.2647
3.51409
4.16977
3.28371
4.04204
2.92727
2.55315
2.87006
3.2918
2.61109
3.09683
3.48634
2.90758
3.44088
3.13715
2.95774
2.7688
3.01257
2.50164
2.52375
2.91519
2.40162
2.55363
2.11641
3.30994
3.05111
2.79249
3.43084
2.93716
3.69005
3.49362
3.33959
3.37568
3.5634
2.84081
2.91698
3.20514
3.27407
3.10592
3.65967
3.51495
3.14237
3.29181
2.92753
2.90447
2.99285
3.19166
3.1555
2.8494
3.08992
2.99375
2.98593
3.0287
3.0343
2.8517
2.7246
2.76302
3.06394
3.4218
2.71709
3.37657
3.30531
4.00912
2.8996
3.25072
2.86769
3.12527
3.01287
3.18646
3.19111
2.78799
3.23675
3.05016
2.9477
2.85478
3.24243
4.3423
2.77374
3.37284
4.18987
3.09092
3.26558
4.08862
3.3422
3.04497
3.19731
3.00949
2.73594
3.08425
2.18111
3.22164
2.93968
3.74993
3.43714
3.15984
3.46285
3.58755
2.9899
3.42318
2.95673
3.31793
3.69769
3.11903
3.45931
3.35218
3.05336
2.8343
3.46923
3.03029
2.98945
2.96751
2.81276
3.05862
3.498
2.97402
2.8467
2.76815
2.88889
3.06381
3.09964
3.01317
3.16974
3.54801
3.35059
3.06437
2.83431
3.08503
2.33059
3.00645
2.74573
3.17469
2.73211
3.68926
3.44606
3.70558
2.39535
3.42916
3.30144
3.27262
2.68603
2.53664
3.40286
3.66169
2.62864
2.61713
3.30846
3.21839
3.27356
2.53347
3.2645
3.16773
1.92446
2.63025
2.40037
2.40857
2.45946
2.69641
3.02626
2.90302
1.92083
2.92227
2.74629
3.0174
2.6513
2.73588
2.89873
2.8293
2.78265
3.14
2.61975
2.73619
3.39114
2.64084
2.71161
2.91885
2.68543
3.51745
2.71621
3.17664
2.99132
3.28494
3.42887
3.90749
3.22303
3.7619
3.0612
2.4921
2.59234
2.98925
2.77409
3.22892
3.14881
3.01423
3.58192
3.1413
2.58859
3.03937
2.69265
2.58282
2.61489
2.68535
2.55383
2.50338
2.26921
2.95675
3.18479
2.94247
3.4297
3.08693
3.65303
3.50637
3.61675
3.5877
3.73812
3.47133
3.49623
2.96408
3.09187
3.1609
3.55207
3.48979
3.51561
3.31693
3.03582
2.91268
2.97645
3.13363
3.29693
2.75963
3.02173
2.99586
2.48912
3.09952
2.72461
2.88625
2.68054
2.93725
3.28769
3.34631
3.06477
3.35428
3.33533
3.32999
2.66885
3.31807
2.99023
2.79435
2.80483
3.54968
3.05706
2.9649
2.59889
3.29492
2.46646
2.53871
2.41063
4.0382
2.74068
3.02093
3.5556
3.77267
3.24554
4.28462
3.63237
2.88622
3.52438
3.03218
2.67869
3.05008
2.14876
2.81309
2.81722
3.78632
3.37792
2.63351
3.08942
3.47531
3.03453
2.55216
2.78935
3.14961
3.41868
3.5881
3.12168
3.2935
2.91482
3.18891
3.27358
3.3379
2.88412
2.93955
2.72455
2.79651
3.2223
2.9772
2.79028
2.90964
3.21704
2.85086
3.01529
2.86352
3.02529
2.81473
3.08774
3.07424
3.15377
2.62629
2.49676
3.12493
2.64214
2.70765
2.88034
3.3762
3.22966
3.66298
3.31318
3.08309
3.09792
3.58626
2.92046
2.86134
3.0206
3.50273
2.39402
2.7617
2.89337
2.71494
3.51924
2.61379
3.20997
3.58803
