1.89487
2.97803
2.57829
2.05377
2.38967
2.75887
3.20283
3.15433
1.7931
3.05083
3.05933
3.4766
2.86379
2.59764
2.79838
2.85504
3.05728
3.45378
2.41321
2.93221
3.15955
3.33418
3.11615
3.15445
2.79888
3.95095
3.26979
3.27835
3.39777
3.32265
3.47187
3.70141
3.54419
3.6778
3.31053
2.7935
3.03686
3.5168
3.20077
3.27725
3.58152
2.94457
3.34269
3.56636
3.0275
3.33142
3.33376
2.88833
3.22834
2.89058
2.77967
2.62795
2.35372
3.64442
3.30042
3.79088
3.04634
1.73566
3.55763
3.36071
3.70819
3.92368
4.18962
3.45575
3.09943
2.9209
3.47406
3.01127
3.62529
3.76773
3.2655
3.09778
3.20357
3.40655
3.19299
3.9495
3.04057
3.45195
3.11434
2.77179
3.19693
3.24438
3.14713
3.07786
3.18283
2.93387
2.73796
2.80879
2.60176
2.24933
3.58102
3.31794
2.55098
3.72545
2.88037
3.14158
2.81092
3.40521
3.94668
3.78528
4.13371
3.711
3.40671
3.30594
3.15838
4.03668
3.78784
3.54411
3.76152
3.35749
3.89389
4.42659
3.08639
3.10944
3.51646
3.27488
3.21861
2.62946
2.16262
2.75829
2.39537
3.18584
4.20472
3.33184
3.73469
2.63314
3.1167
3.37855
3.20482
3.75033
4.05283
3.37403
3.92132
3.44766
3.59952
3.52179
3.76258
3.54159
3.22334
3.77837
2.90022
2.60146
3.48962
3.20245
3.13188
2.63361
3.38834
3.47247
3.46884
3.21314
3.18535
2.95945
3.15356
3.05064
2.57406
3.24402
3.42372
2.69499
3.2163
2.85186
2.95498
3.48717
3.00356
3.69451
3.23334
3.58283
3.93367
3.88597
3.25605
2.85533
2.90015
3.46263
3.04268
3.19451
3.73727
3.09831
3.70903
2.86256
3.66387
3.73832
1.99784
2.61384
2.47241
2.11336
2.47913
2.66718
2.93114
3.18341
1.80306
2.9922
3.2468
3.51828
2.77806
2.86833
2.83701
2.59437
3.15303
3.11553
2.51052
2.89263
3.38181
3.22251
2.85651
3.15641
3.2683
3.72162
2.92127
3.33325
3.65103
3.18803
3.21334
3.90802
3.35407
3.85979
3.10064
2.49204
2.66285
3.09335
2.51942
3.40252
3.22126
2.73983
3.86194
3.50417
3.45173
2.73792
3.28331
2.70465
3.00253
3.02731
2.76285
2.55547
2.35214
3.46677
3.58458
4.13571
3.25004
2.47905
3.54009
3.66116
4.11852
3.57523
3.90878
3.16835
2.96294
3.77959
3.34525
3.00282
3.60279
3.52907
3.10739
3.04583
3.16643
3.21475
3.29234
3.06697
3.27659
3.56449
2.95462
3.3805
2.83529
3.35603
2.92086
2.94807
2.66943
2.86831
2.8057
3.16924
2.95786
3.28461
3.5373
3.39134
2.59954
3.63872
2.73206
3.21876
3.19475
3.14988
3.33024
3.57476
3.6453
3.21171
3.30485
2.94016
3.35706
4.19376
3.63295
3.411
3.44451
3.01677
3.34773
4.1408
3.86977
3.01092
3.37019
3.12695
3.15086
2.47915
2.13315
2.62026
2.74915
3.57753
4.2429
2.75439
3.32318
2.50812
3.01224
3.30848
3.41786
3.17354
3.93968
3.68867
3.5839
3.21729
3.42576
3.39416
3.51717
3.00546
3.02448
3.39273
3.17391
2.52794
3.41761
3.10902
3.21835
2.76183
3.21874
3.50989
3.26285
3.37193
3.55852
2.97478
2.61778
2.80066
2.59969
3.06799
3.37469
2.8644
3.05684
2.5802
3.12007
3.61385
3.34621
3.38913
2.97566
2.85112
4.19183
3.95053
3.28401
2.7558
2.82786
4.25419
3.19398
2.77043
3.11986
3.16212
3.36454
3.42807
3.66099
3.27722
