1.73109
2.56806
2.50056
2.17403
2.62879
2.67194
3.61183
2.94452
1.83529
2.98486
3.04599
3.0484
2.46772
2.09866
2.84343
2.85274
2.96758
3.06591
2.48028
2.82286
4.08723
3.19271
2.88714
3.16906
2.97141
3.37737
2.85969
2.94812
3.19929
3.21677
3.17185
3.19401
3.57215
3.46666
3.17975
2.63156
2.67988
3.35007
2.46914
2.70003
3.10729
2.73709
3.52485
3.19154
2.81619
2.70604
2.90914
2.62841
2.66276
2.649
2.45638
2.61993
2.09075
3.03102
3.10059
3.28475
2.68965
1.27536
2.26534
2.99522
3.42982
3.22076
3.59637
2.92198
2.91704
2.99446
3.1821
3.13438
3.66341
3.47841
3.18381
3.2838
3.02329
3.11262
3.11363
3.70616
3.22715
2.91617
2.81295
2.90383
2.81609
2.65959
2.93534
3.11542
3.05829
2.92334
3.38799
3.60232
2.79467
3.25061
4.08838
3.93754
2.86864
3.65774
2.97526
3.17567
2.97384
3.27661
3.39672
3.07348
3.44113
3.66956
2.74884
2.78999
3.03096
4.05959
3.33536
3.15171
4.45339
3.21963
3.56024
4.1279
3.57981
3.70665
3.4231
2.84206
2.84579
2.84541
2.00736
3.11057
2.11659
3.77515
3.55955
2.73741
3.64793
3.55537
2.90833
3.1236
3.228
3.51731
3.84093
3.75194
3.40344
3.25017
3.08983
3.05308
3.40452
2.92713
3.4051
3.15123
2.77133
2.66663
2.96558
2.88754
2.77931
2.46791
2.85464
2.99683
3.21951
3.14751
3.20827
2.44562
3.0139
2.36222
2.66889
3.23008
2.87233
2.676
2.84287
2.67214
3.09549
3.12037
3.25392
3.32664
2.50041
3.05298
3.43643
3.80115
3.16551
3.05479
3.04222
3.88353
3.14459
3.11932
3.25532
3.12279
3.37406
2.8001
3.53302
3.5503
1.86418
2.52987
2.54567
2.21929
2.3687
2.56945
2.80514
2.97182
1.73378
3.00986
2.73425
2.87973
2.3597
2.70449
2.87638
2.41792
2.65942
3.17211
2.55104
2.15126
2.945
3.3556
2.57634
2.85701
3.11588
3.26294
3.1755
2.93516
3.25916
3.3571
3.32123
3.31526
3.3961
4.24923
3.17483
2.29081
2.53186
2.71182
2.36428
2.96319
2.80655
2.57361
3.43532
3.14437
2.8361
2.49466
2.68758
2.68064
2.60756
2.63408
2.43755
2.46697
2.19358
2.98324
3.10679
3.39158
2.92396
2.24417
3.51505
3.16627
3.47832
3.58541
3.72772
2.71274
2.76935
3.39317
3.34126
2.96881
3.41846
3.50446
3.05463
3.14949
2.96926
2.86797
2.76474
3.23213
3.29939
2.87489
2.7588
3.09806
3.05832
2.66886
2.84408
2.92083
2.9556
2.91954
3.26638
3.508
3.02915
3.06572
3.95662
3.88082
2.94667
3.43886
2.61763
2.94624
2.99877
3.23832
2.96745
3.4733
2.96947
3.30326
2.60187
2.85205
2.91267
4.55043
3.05695
3.10773
4.08712
3.63941
3.35763
4.06401
3.71835
3.38296
3.29524
2.80272
2.58186
3.30619
2.01384
3.14021
2.38201
4.19506
3.66577
2.83164
3.3263
3.81313
3.26094
3.04198
2.9973
3.27348
3.86182
3.52231
3.14816
3.01437
3.12089
3.12942
3.24423
2.92179
2.77242
2.9425
2.76292
2.66651
2.85651
3.00517
2.76149
2.55948
3.46016
2.77544
3.03943
2.86131
3.01286
2.58772
2.99815
3.43173
3.10995
2.9839
2.85718
2.03813
2.93397
3.07462
2.738
3.85608
3.51252
3.97792
2.97166
3.41836
3.92744
3.63041
2.85932
2.78313
2.88102
3.86202
3.04582
2.81095
3.33312
2.76259
2.71796
2.67488
3.09354
4.10345
