2.2845
3.21078
2.4676
2.48348
2.47366
2.77268
2.93514
2.75296
1.90087
2.96082
2.68185
2.91928
2.7337
2.56861
2.92804
3.15751
3.02575
3.38929
2.9468
2.6111
3.08766
3.35472
3.00647
2.82479
3.26043
3.7537
3.02818
3.22489
3.11244
3.23291
3.89179
3.59594
3.56531
4.28103
3.43429
2.61959
3.06363
3.12148
2.79852
3.12809
3.35118
2.5131
3.28364
3.53093
3.16166
3.56728
2.95364
2.77129
2.95966
2.73934
2.83538
2.55108
1.88679
3.06251
3.26067
3.58615
3.31162
1.91296
3.15573
2.98949
3.22257
3.89357
3.74562
3.52305
2.89954
3.38457
3.20372
3.00506
3.51319
3.44156
3.06731
3.39364
2.9232
3.56187
3.2187
3.74742
3.51492
3.57596
2.9452
3.1861
2.76975
2.96583
3.29058
3.10127
3.16255
2.93963
3.20964
3.59344
3.15297
3.94933
3.37978
3.45584
2.62805
3.66981
2.88953
2.98168
3.2885
3.42875
3.36112
3.49324
3.45202
3.39087
2.81669
2.81024
2.88413
3.8059
3.17448
3.63699
4.05701
3.69145
3.3826
3.75073
3.47715
3.19117
3.33413
2.95029
2.79231
3.14322
2.69956
2.99602
2.86803
3.53634
4.06356
2.961
3.41439
2.98408
2.78447
3.21215
3.21406
3.19565
3.90289
3.90686
3.65089
3.48563
3.3332
2.90814
3.02611
3.59176
3.03818
3.03531
2.83313
2.72624
3.0341
2.92989
3.17582
3.04533
2.83297
3.31683
3.09725
3.23531
3.24116
2.75111
2.91772
3.06969
2.61887
3.09122
3.18073
2.99398
3.02807
2.72026
3.04128
3.52516
3.52045
3.46992
3.37484
3.04067
3.50626
3.55881
3.23771
2.82178
3.05689
3.88462
2.87204
2.94004
3.14921
3.40011
3.49206
3.27217
3.25944
3.48235
2.16102
2.89927
2.48972
2.50758
2.48258
2.69082
2.80992
2.90439
1.79802
2.88952
2.90476
3.09844
2.53418
2.98041
2.83852
2.6876
2.85954
3.33166
2.6581
2.7282
2.80739
2.91314
2.8389
2.89663
3.08411
3.956
3.06614
3.81702
3.32418
3.1079
3.55219
3.76199
3.38493
3.75544
3.56817
2.70416
2.96893
3.30088
2.42133
3.23795
3.03707
2.6698
3.26573
3.52903
2.7596
3.01074
2.91915
2.75982
2.66023
2.67193
2.74154
2.51313
1.94706
3.17514
3.06884
3.31197
3.44781
2.31327
2.84247
3.1917
3.56238
3.4496
3.85004
2.8106
3.13921
2.77646
3.19015
3.15937
3.56007
3.7448
2.97217
3.41943
3.0198
3.1775
2.99063
3.21779
3.90636
3.23684
2.92405
3.04259
2.96825
2.85198
3.02483
3.12204
3.11668
2.82968
3.04064
3.60633
2.95155
3.33198
3.49374
3.06062
2.56763
3.54429
2.53999
2.93761
3.37477
3.23694
3.43554
3.35384
3.41251
3.32813
2.82702
2.76734
2.65722
4.28783
3.2067
3.38658
3.53555
3.33582
3.26811
3.82377
3.6294
3.07029
3.6013
2.9517
2.71748
2.87648
2.30973
2.59625
2.94536
3.42899
4.1334
2.80001
3.57982
3.13399
3.12437
3.40142
3.01713
3.24943
3.82688
3.84079
3.42813
3.37588
3.53793
2.97318
3.08493
3.14137
3.00086
3.28542
2.80589
2.86472
3.58363
2.69761
2.6064
2.75477
3.01779
3.20672
3.1754
3.17401
3.26552
2.67323
2.36472
2.76844
2.70781
2.8075
3.03549
2.86916
3.0603
2.82032
3.12173
3.88756
3.51262
3.39853
2.74037
2.98654
3.55863
3.45533
3.1268
2.76214
2.88625
3.68202
2.69318
2.788
3.49241
3.26078
3.52941
3.39541
3.49043
4.09497
