2.0093
2.65761
2.40461
2.34607
2.35687
2.66411
2.57776
2.61808
2.03179
2.80043
2.395
3.21916
2.3359
2.32385
3.12789
2.57026
2.72127
2.83343
2.89185
2.46123
2.74986
2.59188
2.67958
2.78799
3.08823
4.24809
3.07829
3.00209
3.32182
3.08055
3.4655
4.00343
3.32089
3.55543
2.86827
2.18704
2.95051
3.20177
2.93176
3.16075
3.582
2.50995
3.42846
3.3215
3.42169
3.04929
2.77338
2.43487
3.24567
2.57208
2.61566
2.51591
1.73667
3.30772
2.88956
3.30582
3.60092
1.91539
3.53139
3.74205
3.83094
3.32395
3.90688
3.33305
3.28142
3.04566
3.28986
3.32702
3.47248
3.6056
3.08914
3.45234
3.0522
3.63492
3.43998
3.23821
3.05073
3.11026
3.07686
3.11925
2.69004
3.00467
3.2038
3.05706
3.23901
3.16186
3.23872
3.60351
3.2379
3.88072
3.51389
3.02638
2.80859
3.85805
2.52639
3.03461
3.26351
3.31391
3.10477
3.3219
3.54589
3.47015
2.39661
2.99132
3.01977
4.50913
3.63389
3.44535
4.06662
2.26298
3.77227
3.97721
3.1593
2.8069
3.35878
3.11858
2.93296
3.24912
2.21174
2.97768
2.84003
3.38652
3.86867
2.88676
3.25484
3.04168
2.78236
2.98259
2.89404
3.15034
3.76824
3.61171
3.54212
3.25502
3.28382
2.95639
3.53265
2.78559
2.99995
3.06045
2.98193
2.6823
3.14715
2.77928
2.77221
2.7772
3.00526
3.30502
2.74931
3.24638
3.06918
2.96828
2.30657
3.20797
2.47627
3.27041
2.99693
2.75053
3.32523
2.87714
2.9257
3.0162
3.30976
3.63453
3.00736
3.38406
4.09997
3.81899
3.2065
2.8938
3.26121
3.44857
2.93937
2.90616
3.11202
2.89193
3.18066
2.8993
3.42619
3.85238
1.87898
2.56966
2.18371
2.27987
2.21097
2.4337
3.1425
2.71475
1.68571
2.87436
2.72805
3.11899
2.54522
2.67894
2.8101
2.81662
2.50823
3.18737
2.48106
3.25469
3.13975
2.93924
2.66926
2.46517
2.99731
3.95422
3.28969
3.08474
3.22345
3.16699
3.54321
3.94012
3.09265
4.08683
3.23627
2.54659
2.84226
3.22292
2.58421
3.3203
3.33213
3.38106
3.56166
3.44987
3.10429
3.27859
2.62173
2.25483
2.65558
2.71355
2.50237
2.4067
1.92806
3.32228
2.90212
3.53404
3.22669
3.61199
3.62881
3.17608
3.69173
3.46997
3.82833
3.26476
3.19623
3.09041
3.03868
3.26267
3.5486
3.5647
3.18277
3.5831
3.13892
3.64786
3.49254
3.6592
3.29095
3.09432
2.92932
3.08621
2.74284
2.75906
3.07676
3.23273
3.12445
3.03065
3.22895
3.64789
2.65137
3.65495
3.41236
3.40346
2.83908
3.79392
2.78167
3.13195
3.29739
3.27343
3.12138
3.38389
3.61198
3.04844
2.62271
2.69571
3.03365
4.31651
3.6277
3.13303
3.94932
2.65185
3.55157
4.29527
3.18307
3.25999
3.38929
2.74584
2.66144
2.81878
2.16493
2.7612
2.68972
3.13893
3.74862
2.55949
3.17983
2.61515
2.66699
3.05154
2.84218
3.2386
3.56518
3.29648
3.16887
3.36209
3.21805
2.98753
3.22862
2.928
2.96273
2.91045
2.79222
2.82548
3.63451
2.8466
2.87403
2.7506
2.88725
3.04873
3.31756
2.9911
3.10531
2.67737
2.0807
2.75674
2.29333
3.25586
2.96104
2.94407
3.44015
2.99475
2.62955
3.54657
2.98526
3.68693
3.75411
3.11263
3.25814
3.20517
3.5141
3.02962
2.79678
3.86252
2.79511
2.67229
3.09187
2.6266
3.55
2.81082
3.65002
3.38391
