1.96776
2.9429
2.59842
2.43421
2.54484
3.06458
3.26672
3.14932
1.96101
3.04049
3.08174
3.352
2.58707
2.93426
2.97698
2.74469
2.6457
3.3661
2.70302
3.21944
2.78973
3.43617
3.02414
3.15009
3.41491
3.9706
3.4045
3.24866
3.5716
3.55383
3.76583
3.72823
3.71302
3.99702
3.03329
2.927
3.03008
3.20836
3.08769
3.19216
3.80205
2.98527
3.58243
3.79302
2.97555
3.10882
2.81344
2.66325
2.28383
2.87512
2.67007
2.7134
2.23107
3.74907
3.25272
3.72987
3.70795
2.10729
3.94338
3.39545
3.1745
3.78764
3.69207
3.24111
3.22724
3.22673
3.15443
3.10102
3.59896
3.78755
2.79524
2.80923
3.01557
3.29473
3.3445
3.31407
3.10823
2.85505
3.21126
2.99916
3.087
3.0807
2.94436
2.90283
2.8667
3.06926
2.82451
3.51688
2.90053
3.33629
3.55349
3.2004
2.39538
4.08837
2.70864
3.26127
3.45145
3.22996
3.23028
3.72107
4.16508
3.32701
2.9343
2.92311
3.46996
3.86313
2.65665
3.41856
3.8902
1.92983
3.58807
3.30092
3.60251
3.01583
3.24658
3.42989
2.79064
3.5312
2.50921
3.23559
2.79613
3.66773
3.39222
3.15469
3.64867
3.78068
2.85619
3.30568
3.17033
3.67213
3.5878
3.80877
3.80741
3.15398
3.19509
3.02134
3.49856
3.20245
3.28627
2.82092
2.8488
2.99783
3.02959
3.06782
2.96084
2.84243
3.20124
3.37389
3.18988
3.3701
3.66161
2.37247
3.22673
3.0913
2.86536
3.11968
2.92272
2.76972
2.95934
3.38954
2.97957
2.82186
3.46331
2.82427
2.95418
2.77502
3.2996
3.4076
3.14582
2.93327
3.1474
3.53332
2.82367
2.90442
3.82433
3.38145
3.59732
3.11616
3.5121
3.65208
1.74428
2.77584
2.71167
2.26972
2.51878
2.80169
3.77907
3.15928
2.0324
3.10688
2.81561
3.37736
2.43108
2.71165
2.8073
2.74155
2.44262
3.31691
2.81707
3.09981
3.16555
2.52741
2.59994
3.11966
3.5652
3.75063
3.70315
3.54029
2.82104
3.43919
3.50798
3.82655
3.76231
3.99325
3.43491
2.6789
3.00586
3.48045
2.54876
3.52761
3.3161
2.79029
3.74679
3.68712
3.36139
2.7981
3.02978
2.71295
2.48907
2.6386
2.92183
2.67222
2.23647
3.26622
3.65931
3.50082
3.89925
2.34703
3.8726
3.91539
3.61224
3.31373
4.04845
2.92126
3.23709
2.91588
3.59913
3.31997
3.65718
3.59489
2.99605
3.15407
3.32528
3.13559
3.4324
3.73334
3.45165
3.10863
3.05448
3.19646
2.9794
3.00929
3.3186
3.3037
2.97763
2.95807
3.06585
3.37338
3.15661
3.11033
3.73565
3.1845
2.9067
3.92914
2.9566
3.13566
3.25405
3.86959
3.22722
3.62553
3.45873
3.21731
2.826
2.94873
3.36887
3.52762
3.10041
3.38598
3.64734
2.62828
3.68656
3.34282
3.10324
3.10875
3.26358
3.06907
2.87298
3.57977
2.75842
3.0587
3.15443
3.50976
4.02558
3.313
3.58632
3.90096
2.99782
3.24162
3.07752
3.48068
3.59404
3.82176
3.28963
3.33347
3.25513
2.89998
3.34187
2.74513
3.3808
3.0485
2.98208
2.71178
2.88406
2.98969
3.15061
2.80426
3.51882
3.1861
3.59085
3.11468
3.2912
2.08909
3.27973
3.03127
2.88928
2.86893
3.30812
2.79504
3.12685
2.91244
3.45312
4.25415
3.51744
3.97653
3.66649
3.23078
3.18803
3.36244
3.19775
3.00874
3.13685
3.44165
2.88616
3.1577
3.83608
3.33018
3.22137
2.56378
4.00733
3.92491
