1.83125
2.88072
2.40497
2.37884
2.63478
2.8456
3.09316
2.86339
1.90602
2.86584
2.81619
2.81384
2.29877
2.69643
3.03079
2.89077
3.06443
3.11542
2.96967
2.93575
2.59124
2.98426
2.86668
2.78382
3.47446
3.296
2.89056
2.73526
3.05128
3.28986
3.47801
3.56712
3.05194
3.36935
3.03227
2.26661
2.64756
2.97406
2.44673
3.19559
2.9705
2.74484
3.06883
3.39718
2.65808
2.62703
2.69144
2.55365
2.42903
2.75405
2.68265
2.50887
2.15298
2.90233
3.16266
3.14561
3.40061
2.25442
3.06215
2.97814
3.08356
3.16365
3.59239
3.22533
2.71238
2.97011
3.3301
3.18065
3.23325
3.32989
3.13097
2.74229
3.05832
3.13836
3.22429
3.23136
3.06134
2.83411
3.4259
3.11032
2.6444
2.73291
2.88752
2.91085
2.85579
3.1253
3.08909
2.83969
2.49641
2.94615
3.25412
3.33451
2.17906
3.82887
2.76511
3.18877
3.37388
3.21042
3.21934
3.21526
3.32492
3.35492
2.81897
2.74536
2.98181
3.77606
3.10165
3.38658
4.21801
2.62669
3.66958
4.52271
3.23375
3.07301
3.00828
3.18048
2.82101
3.70017
2.03398
3.19742
2.91321
3.73209
3.6322
2.87218
3.11519
3.1671
3.08282
3.27476
3.01454
2.8976
3.68118
3.83104
2.77838
3.3256
3.09404
3.08482
3.1913
3.05317
2.79428
2.87225
3.27743
2.67254
2.96873
2.80789
2.69372
3.17321
3.31902
3.09108
3.05529
2.89211
3.01309
2.98741
3.02848
2.94018
3.17936
2.76736
3.12169
3.07946
2.67175
2.77812
2.7507
3.43328
3.46985
2.94854
2.58586
3.0661
3.73971
3.67985
3.12686
2.69313
2.95213
3.80415
3.03414
2.60122
3.4187
3.41764
3.20054
2.53645
3.25028
3.18544
1.88767
2.70244
2.19751
2.25705
2.57804
2.65421
2.81063
2.79621
1.97049
2.79794
2.54686
3.06669
2.29874
2.82398
2.54866
2.69107
2.59499
3.06247
2.51926
2.83965
3.01989
3.13503
2.91089
2.76172
3.0101
3.36409
2.84711
3.25756
3.01113
2.86163
3.38523
3.48795
3.08586
3.74781
2.95237
2.32304
3.04584
3.01933
2.5098
3.17286
3.50796
2.42078
3.37012
2.99026
2.65905
2.73349
2.57084
2.39374
2.44696
2.65412
2.57127
2.66505
2.05086
2.97342
2.96513
3.10882
3.13756
2.80002
3.25884
3.2783
3.21182
3.28926
3.5699
3.18985
2.87454
2.99569
3.18466
3.21272
3.40459
3.48753
2.76251
2.97925
3.06733
2.65264
3.03295
3.11364
3.12169
3.07033
2.98299
3.12473
2.6983
2.91731
2.78757
2.98804
2.88348
2.94171
2.96387
2.99938
2.77106
3.04683
3.44123
2.97857
2.62133
3.57917
2.67121
3.02935
3.06799
2.92921
2.91142
3.55419
3.63811
3.67571
2.84361
2.70534
3.15758
3.6634
2.84518
3.22522
3.35625
3.21554
3.30941
4.06908
3.45169
2.86899
3.40261
2.7917
2.91412
3.59398
2.36849
3.23825
3.19665
3.77556
4.00132
2.43241
3.18471
3.25218
3.05254
3.18016
2.98081
3.12606
3.57079
3.32051
3.06102
3.21801
3.07805
3.23151
3.31805
2.77276
3.17862
3.28747
2.97694
2.6038
3.25611
2.91854
2.94964
2.78456
2.90223
2.75572
3.12759
3.09422
3.07733
2.5395
2.87959
2.62371
3.23814
2.88816
2.80657
2.79792
2.81825
2.65869
2.84564
3.17442
3.35475
3.39686
2.87251
3.04746
3.65783
3.45958
3.09149
2.78185
2.9487
3.76834
2.85629
2.48622
2.86506
3.20762
2.87446
2.99817
3.41848
2.9808
