1.88879
2.84122
2.23999
2.10496
2.34582
2.7011
3.36262
3.05134
1.82408
3.36321
2.75305
3.1029
2.67953
2.1841
2.68547
2.68447
2.53204
3.29807
2.52391
2.91143
2.30717
2.60186
3.01385
3.43463
3.23104
3.5218
2.95139
2.85668
2.65689
3.10227
3.22815
3.31133
3.54561
3.82954
3.06044
2.61293
2.83107
3.09577
2.51641
3.07488
3.20228
2.37494
3.46756
3.28126
2.67272
2.6541
2.57293
2.26197
2.48098
2.84064
2.49238
2.55154
2.21924
3.00883
3.0956
2.99966
3.694
1.94277
3.19118
3.5223
3.05416
3.33716
3.60473
3.17887
3.09391
3.09636
3.23075
2.96069
3.44019
3.18373
2.98079
3.18114
2.99133
3.03919
3.04638
3.02893
3.21159
3.02638
3.00136
3.00856
3.04471
3.03256
3.08677
2.90586
3.06326
2.96548
2.82048
3.69111
3.22161
3.06711
3.51673
3.52024
2.95349
3.33705
2.5673
3.16213
3.10758
3.14662
3.45049
3.21469
3.17047
3.34039
3.1149
3.14377
3.13577
3.53999
2.99327
3.26292
3.54571
3.03546
3.05357
4.10252
3.04648
3.13032
3.2633
3.23178
2.82658
3.24183
2.3654
3.4315
2.54743
3.73103
3.5149
2.87551
3.56958
3.70823
2.88919
3.29033
3.32602
3.56158
3.5962
3.26306
3.37448
2.82747
3.33392
3.2714
2.86067
3.34866
3.17887
3.08205
3.32826
2.77108
3.12169
3.02792
2.89089
2.86909
3.09698
3.24176
3.08972
3.13514
3.07093
2.30032
3.07662
2.74466
2.74478
2.58932
3.21063
2.83993
3.03746
2.68991
2.96754
3.04628
3.87883
3.58468
2.50557
3.62656
3.67668
3.73712
2.87838
2.90532
3.3347
3.20179
3.16356
3.23425
3.72548
2.89516
3.43929
2.66838
3.92363
3.33327
1.90302
2.75398
2.32305
2.09752
2.39559
2.61575
3.01155
3.0503
1.77411
2.99657
2.65012
3.1673
2.50688
2.21929
2.60785
2.40766
2.58129
3.21263
2.63813
2.68052
2.88861
2.80914
2.8474
2.8014
3.23461
3.23158
3.29671
3.37163
3.17976
3.21381
3.57072
3.99631
3.42591
4.05828
3.09547
2.75919
2.68229
3.2145
2.41661
3.5284
3.31656
2.73913
3.61983
2.85433
2.90475
2.54202
2.80998
2.62542
2.31471
2.6999
2.533
2.67843
2.15288
3.0541
3.00898
3.30683
3.52617
2.18677
3.29296
3.47057
3.63399
3.24574
3.73885
3.59991
3.37859
3.24683
3.21783
3.17337
3.44577
3.24686
2.98391
3.14963
3.02733
3.00295
3.0045
3.30603
3.20442
3.13456
2.86744
3.19447
2.86507
2.9571
2.84935
2.97949
2.86453
2.80709
2.97936
3.16802
2.81904
3.33397
3.69448
3.34562
2.7044
3.13579
2.56011
3.12081
3.32605
3.30147
2.91612
3.34799
3.73228
3.62514
2.6984
2.73108
3.076
4.15422
3.09383
3.47215
3.66178
2.71401
3.62433
4.19721
3.30114
3.1357
3.33494
2.89885
3.00039
3.35287
2.16927
3.29368
2.70649
3.8922
3.67383
2.84855
3.18656
3.48736
2.98593
3.49335
2.92806
3.15628
3.85965
3.60486
3.11093
3.24755
3.13059
3.24694
3.46708
3.06839
3.25442
3.06252
3.36949
2.664
3.07253
2.94657
2.75447
2.71004
3.05123
3.06334
3.08651
3.09948
2.91016
2.40324
2.80586
2.55165
2.71114
2.53942
2.82148
2.92276
2.82057
2.6951
3.18514
3.57932
3.47291
4.06349
2.82965
3.34916
3.56708
3.40863
3.28517
2.84524
2.78664
3.7836
2.72284
2.68907
2.97268
3.16972
3.25805
2.9076
3.42229
3.91465
