1.93507
2.90571
2.17227
2.26776
2.39268
2.77749
2.92165
2.67343
1.73967
3.01271
2.79657
3.07089
2.73277
2.31895
2.5293
2.65099
2.56525
3.19274
2.95391
3.01551
2.98373
2.61369
2.80751
3.63512
2.99342
3.66051
2.66373
2.70512
3.2555
3.1109
3.48999
3.72498
3.42004
3.94398
3.01789
2.94287
2.99459
2.87478
2.86684
2.85016
3.02277
2.60249
3.6833
3.35312
2.75021
2.30326
2.73497
2.45243
2.43908
2.56566
2.42734
2.52278
1.92091
2.95946
2.7855
3.09347
3.5971
2.31491
3.80689
3.09583
3.56793
3.34449
3.55174
3.18077
2.50043
2.54683
2.9907
3.07479
3.44599
3.21779
3.14329
2.93771
3.03878
2.93484
3.31439
3.27029
3.02531
3.0027
2.9959
3.10561
2.80727
2.81946
2.85256
2.91206
3.13457
2.8584
2.96006
3.71891
2.85357
3.32238
3.53026
2.91308
3.38041
2.95711
2.99925
2.86814
3.37601
3.42689
3.10722
3.16851
3.63814
3.11245
3.7986
2.79011
3.12981
3.99111
3.99153
3.50569
3.86254
3.02183
3.48834
3.65244
3.91992
2.98787
3.10886
2.72894
2.75318
2.81402
2.21027
3.59044
2.47176
3.68881
4.14633
3.14751
3.2287
3.20672
2.62981
3.24597
3.03524
3.46592
3.77
3.40931
2.9818
3.28274
2.99676
3.65819
3.63237
3.10718
3.11118
3.17624
3.0302
2.45634
3.43859
2.78118
2.69336
2.80996
3.01957
3.0337
2.98188
2.86355
3.49168
2.71443
2.82363
2.89864
2.58838
2.72453
3.33008
2.876
3.0781
2.80342
2.93598
3.16899
3.26131
3.87847
4.07088
2.63491
4.16854
3.3017
3.13532
2.89894
3.07468
3.69793
3.80705
2.99415
3.25745
3.00392
3.54711
3.30709
3.28681
3.2322
1.99615
2.70717
2.4103
2.46963
2.57323
2.82456
2.63173
2.72743
1.59379
2.86506
2.83877
3.092
2.39828
3.1863
3.18859
2.66202
2.69867
2.89237
2.68376
2.68121
3.09709
2.9797
2.7768
3.02495
2.8568
3.72965
2.8479
3.15366
3.09841
2.61376
3.27721
3.40886
3.0357
3.45707
2.78428
2.48005
2.64031
2.76971
2.4491
3.38656
3.03227
2.53308
3.81491
3.19054
2.83952
2.69522
2.72195
2.56812
2.40926
2.92469
2.29445
2.43309
1.81697
2.751
3.0387
3.21079
3.4132
3.0489
3.00984
3.52229
3.35904
3.22607
3.91474
3.08458
3.1951
2.90039
3.40809
2.98726
3.38784
3.77462
3.42172
3.52179
2.90513
3.04628
3.08977
2.702
2.99143
2.87654
2.9369
3.13092
2.87101
2.80955
2.80399
3.06805
2.89735
3.02601
2.97062
3.63887
3.11932
3.13099
3.63483
3.35896
2.89301
3.07354
2.8303
2.98418
2.99712
3.17177
2.89494
3.18313
2.90366
3.38606
3.32242
3.13762
2.66545
4.22611
4.11377
3.40741
3.46088
3.25404
3.28508
3.01833
3.65298
3.0653
3.43069
3.00972
2.76421
3.08745
2.32113
3.04373
2.84436
3.74965
3.92334
2.86405
3.13842
3.30264
3.16976
3.24111
3.37762
3.06771
3.66895
3.47293
3.2981
3.39506
3.12875
3.29336
3.54101
2.95741
3.16228
2.75061
2.84604
2.81998
3.18722
2.81897
3.00549
2.60859
2.83994
3.08439
2.96301
3.22612
3.17762
2.52011
3.03731
3.04593
2.7097
3.22383
2.94203
3.16686
2.95072
2.97801
2.66624
3.02194
3.15283
3.32012
3.54051
2.87755
3.89078
3.53044
2.79069
2.91268
2.95751
3.36388
3.64871
2.98327
2.98867
3.03498
3.45453
3.58572
3.79837
3.14007
