1.99119
2.60446
2.19871
2.32283
2.42448
2.71743
2.668
3.0036
1.70584
2.95509
2.52429
3.00697
2.54714
2.96868
3.04153
2.62312
2.72113
2.94193
2.55992
2.47947
3.40828
3.28902
2.53703
3.03468
3.36571
3.72376
3.08189
2.96325
3.07531
3.33746
3.23316
3.7063
3.47205
3.82991
3.10407
2.77337
2.74579
3.00961
2.50107
3.21346
3.31372
2.52905
2.90824
3.12458
3.06827
2.75304
2.51289
2.67851
2.86391
2.53371
2.60822
2.46537
2.03155
2.95068
3.15998
3.38627
3.54359
2.8459
2.92025
3.31286
3.52812
3.62579
3.52658
3.36054
3.36063
2.83628
3.32599
3.2437
3.77012
3.71753
3.27161
3.22118
3.06851
3.38744
3.62289
3.46125
2.93974
3.16118
2.81187
3.23637
2.77119
2.9031
3.12501
3.04811
2.6381
2.82651
3.12143
3.19028
2.70648
3.08313
3.27525
3.40926
2.91912
3.3642
2.67484
2.97004
3.10976
3.5074
3.61003
3.50161
3.69797
3.51967
2.84525
2.7874
2.94925
3.44978
3.01549
3.59028
3.75306
3.91688
3.37851
4.3688
3.27552
3.05502
3.92752
2.97069
2.55524
3.60814
2.41311
3.12513
2.57566
3.931
4.29839
3.04135
3.39846
3.43391
3.13935
3.46179
3.34086
3.46235
3.91522
3.7771
3.42339
3.55087
3.32693
3.09159
3.33203
3.06396
2.93549
2.95611
3.10276
2.66277
3.11194
2.82033
2.74465
2.86632
2.91239
2.86462
3.06013
3.04686
3.43794
2.43272
3.07599
3.58058
3.01195
2.87316
3.11058
2.78209
2.5963
2.93942
2.9445
2.98834
3.68871
3.64946
3.35222
2.84709
3.34547
3.46183
3.41248
2.72025
3.03341
3.72984
2.83004
2.94773
3.51735
3.29447
3.4864
2.87153
3.30742
3.71097
1.90861
2.76372
2.32783
2.29351
2.569
2.80607
3.28748
2.91672
1.82779
2.96587
2.75534
3.28639
2.45097
2.91668
3.05482
2.49885
2.73192
3.08294
2.84951
2.7435
2.85192
3.07261
2.99063
3.00867
3.1433
3.77317
2.86223
3.64998
3.18571
2.75823
3.52769
3.36763
3.39037
4.03425
2.99428
2.67501
2.71141
3.07099
2.48671
3.1791
3.52329
2.43395
3.2346
3.22769
2.95686
2.78188
2.61574
2.36944
2.59482
2.42501
2.60224
2.35337
2.13719
3.09901
3.0571
3.39273
4.00014
3.23669
3.48399
3.37742
3.45215
3.47082
3.83094
2.8854
2.90698
3.21389
2.98551
2.99317
3.6166
3.5117
2.94146
3.12626
3.22633
3.29124
3.37555
3.30785
3.24575
3.1608
2.98034
2.96628
2.73353
2.79086
2.92009
3.12745
3.1433
2.82753
2.7913
3.39025
2.785
2.81866
2.9928
3.27636
2.8519
3.26798
2.4112
3.06549
3.14805
3.12468
3.09875
3.51462
2.92565
3.46281
2.7792
2.88395
2.87391
4.11239
3.2386
3.4543
3.82333
3.9525
3.66612
4.48409
3.5488
3.04377
3.7053
2.75685
2.69584
3.34774
2.86785
2.67769
2.47422
3.82803
4.12504
2.5721
3.44158
3.55113
3.47927
3.16022
2.9352
3.02766
3.63506
3.90034
3.79606
3.30127
3.45387
3.0582
2.93207
3.03012
3.05114
3.11313
3.06957
2.64915
3.46494
2.61422
2.86798
2.87195
3.51062
3.11303
3.25344
3.13081
3.35877
2.28422
3.12931
2.95566
3.14113
2.72487
2.55435
2.77868
2.67453
2.76173
2.74947
3.2655
3.43364
3.37688
2.45715
3.18403
3.35252
3.25667
3.14929
2.61584
2.9139
3.8379
2.66698
2.80679
3.29914
2.79945
3.26187
2.77004
3.25339
3.37162
