1.9638
2.62986
2.31615
2.42526
2.44923
2.75984
3.26613
2.73385
1.76304
3.05263
2.75093
3.18353
2.43376
2.36592
2.905
2.74328
2.38544
3.08734
2.90782
2.66302
3.12669
2.59089
2.82413
3.01828
2.97105
3.43468
2.87114
3.21413
2.50627
3.06181
3.24256
3.55905
3.76852
3.48536
3.04002
2.18458
2.69412
3.18379
2.25147
2.96019
3.06586
2.38445
3.04129
3.14648
2.77353
2.43239
2.66985
2.38775
2.27434
2.52038
2.5605
2.57244
2.0859
2.73116
2.9318
3.24514
3.44259
1.97102
3.52042
3.12346
3.27386
3.4683
3.28185
2.8246
2.88143
2.96306
3.1433
3.22594
3.3514
3.19953
2.99508
3.15249
3.01622
2.92334
3.3113
3.23164
3.05257
3.11268
2.9894
3.06656
2.7435
2.92178
3.22315
3.00167
3.11909
2.96282
2.87907
3.60107
3.04395
3.68984
3.44532
3.34314
2.49964
3.7887
2.61633
2.99466
3.31817
3.36541
2.99508
3.08547
3.72621
3.16807
3.21285
2.85545
3.20869
3.99367
3.28232
3.32168
3.95791
2.82804
3.64419
3.62563
2.85617
3.06541
3.07604
2.76126
2.75305
3.06814
2.56544
3.31076
3.22711
3.40122
3.27007
3.16274
3.0433
2.94292
2.98491
2.80803
2.95919
3.16627
3.46077
3.3735
3.11003
3.23441
3.08773
2.69408
3.12331
3.13522
2.92672
2.93724
2.78858
2.69846
3.16497
2.91266
2.80379
2.66278
2.93439
3.00556
2.82652
2.87977
2.9307
2.21863
3.12962
2.82622
2.61733
3.11403
3.34616
2.96015
2.61568
3.00343
2.94992
3.0228
3.36865
3.16123
2.55865
3.38914
3.75204
3.15011
3.53155
2.93029
3.36468
3.30114
2.83688
3.2408
3.42384
3.26803
3.09302
2.7441
3.31113
3.18623
1.95604
2.60999
2.45709
2.31848
2.39085
2.54612
3.01579
2.72774
1.92242
3.14755
2.76188
3.40825
2.09519
2.65862
2.73674
2.46141
2.4333
2.95819
2.61552
2.3656
3.07998
2.4841
2.92501
2.98214
2.98471
3.26476
2.71652
3.30863
2.53333
3.05465
3.57755
3.8796
3.64982
3.7286
2.87093
2.49827
2.5005
2.97893
2.20367
3.1855
3.0825
2.40796
3.34239
2.99956
2.47538
2.50211
2.49934
2.55745
2.59026
2.56333
2.73417
2.52345
2.03988
3.11626
2.93565
2.98262
3.33269
2.29114
3.59091
3.2967
3.33104
3.28168
3.58234
2.98914
2.89554
2.9726
3.43161
3.20058
3.37068
3.27425
3.16485
3.0023
2.90817
2.87125
2.97987
3.43068
3.23244
3.01851
2.77204
3.0823
2.84593
2.94128
2.89394
3.20955
3.11885
3.12489
2.76189
3.40086
3.44957
3.30782
3.71107
3.70363
2.74137
3.70667
2.72201
3.03745
3.27463
3.03671
3.10509
3.53168
3.04521
3.088
3.20762
3.02112
2.89385
3.76634
3.24567
3.24154
3.78681
3.47789
3.33677
4.3637
3.1693
3.0509
3.73298
2.77898
2.75372
3.44895
2.26431
3.06604
3.06526
3.62571
3.43388
3.0696
3.40083
3.3354
3.0338
3.09239
3.04543
3.25482
3.42003
3.03819
3.33752
3.18528
3.13322
2.91807
3.26564
2.88432
2.87432
2.79696
3.03873
2.87257
3.1143
2.85997
3.0295
2.85183
2.83174
2.99963
2.84777
3.06974
2.99246
2.52188
2.77112
2.88773
2.78749
2.82309
2.85918
2.6329
2.76437
3.22838
2.85193
3.43843
3.39656
3.61235
2.85114
3.01308
3.69544
3.40112
3.13162
2.88222
3.22599
3.28976
3.0356
2.80472
2.99843
3.19666
2.96337
3.02833
3.32346
3.56502
