2.14552
2.67568
2.27499
2.27067
2.4676
2.66123
2.78462
2.75816
1.72068
2.95217
2.94431
3.00425
2.32962
2.80186
2.60502
2.43142
2.24331
3.34858
2.67001
3.09381
2.65143
2.32466
3.10938
3.02245
3.0858
3.27692
2.71143
2.79389
2.47564
3.0411
3.22561
3.72111
3.36872
3.93507
2.86332
2.44765
2.69672
2.87084
2.15693
3.06642
2.9849
2.44489
3.20857
3.10584
2.2919
2.40905
2.76467
2.45879
2.47716
2.70701
2.42486
2.50601
2.16976
2.77032
2.73619
2.99645
3.55597
1.7806
3.4194
2.9703
3.47128
3.34134
3.46869
2.82081
2.31356
3.07841
3.09591
3.07059
3.13234
3.0958
2.94883
2.60663
2.89002
3.49554
3.04859
3.12382
3.06078
3.09316
3.01913
2.70939
3.03321
2.76657
2.80922
2.82388
2.59844
2.70177
2.89582
2.90961
2.89059
3.47882
3.35218
3.0525
2.54651
3.29106
2.4218
2.87772
2.98424
3.06662
3.33954
2.96501
3.37204
3.36299
2.80215
3.42076
3.22568
3.80688
3.07303
3.40938
3.65014
2.40773
3.34349
4.2873
3.14184
2.99032
3.04413
2.42856
2.85508
2.94188
2.70564
2.87127
2.50004
3.59445
3.00401
2.87785
3.40788
3.54955
2.76152
2.9588
3.01757
3.32245
3.51473
3.32099
3.27218
3.12089
2.79887
3.55237
3.09506
2.70229
2.961
2.83919
3.18292
2.94291
2.78048
3.03148
2.96812
2.71949
3.04791
3.28868
2.70493
3.10574
3.24209
2.36234
2.80192
2.8106
2.43622
2.76189
2.59629
2.8427
2.41092
2.80921
2.7133
3.10348
3.09426
4.39614
2.89108
3.43811
3.21223
3.27097
3.03645
2.59383
2.74874
3.28591
2.93631
3.30597
3.15671
2.80459
3.45421
2.50606
3.32114
3.26917
1.90388
3.16663
2.47362
2.26788
2.49216
2.70701
2.89536
2.95189
1.8791
2.81733
2.98246
3.04246
2.14748
2.66766
2.65056
2.4054
2.61373
3.09773
2.5392
2.62375
3.2127
3.23633
3.12338
2.96503
2.93051
3.18091
2.80082
3.21546
2.72959
2.95218
3.25303
3.15526
3.56108
3.99246
3.20046
2.28595
2.97522
3.19903
2.29224
3.3139
3.3151
2.39837
3.33324
3.08382
2.53885
2.44036
2.64758
2.65796
2.72208
2.84055
2.57992
2.62964
2.04827
3.2022
3.03037
3.06968
3.53028
2.51352
2.86835
3.50671
3.85739
3.67185
3.80332
3.08487
2.57904
3.18757
3.02124
3.00924
3.33436
3.41518
3.02511
2.87308
2.89204
2.83001
2.72486
3.11195
2.97022
3.0315
2.9293
3.18259
2.8574
2.89201
2.83603
2.91907
2.82393
2.88831
2.7349
3.43765
2.73516
3.05278
3.37501
3.37301
2.70967
3.58955
2.7114
2.8493
2.98105
3.50673
3.39048
2.76658
3.02814
3.46839
2.96713
3.20884
3.20708
4.31413
3.14393
3.2794
3.37069
3.24125
3.4715
4.28012
2.95434
2.82116
3.12182
3.15172
2.90945
3.22323
2.65677
2.90323
2.63137
3.86438
3.28084
3.2985
3.52065
3.29411
3.10922
3.45627
3.04873
3.16863
3.72134
3.6157
3.03444
3.26951
3.05947
2.8503
2.97879
2.88369
2.84058
2.85174
3.12934
2.64532
2.93831
2.90258
2.81221
2.89008
3.22779
2.83192
3.09936
2.96411
2.95321
2.31255
3.10068
3.01311
2.39285
3.00745
3.07995
2.79009
2.89139
3.38131
2.88987
3.50098
3.4731
3.84724
2.34641
2.92071
3.94215
3.63956
2.9901
3.28655
2.60288
3.29375
3.09715
3.04261
3.33073
3.28281
3.08044
3.18973
3.46138
3.26367
