1.84532
2.95159
2.39851
2.3359
2.41383
2.60657
3.12421
2.85121
1.67226
3.00225
3.19991
3.05931
2.48131
2.58565
3.16783
2.71044
2.46731
3.59586
2.67586
2.46267
3.3014
2.51935
3.07847
3.27008
3.4536
3.3479
2.71388
3.03256
3.21072
3.33563
3.85891
3.84424
3.41352
4.33011
3.28976
2.44167
2.66524
3.40107
2.24256
3.1903
3.6898
2.32431
3.46636
3.30029
2.92158
2.93612
2.14273
2.0853
2.60873
2.28117
2.49266
2.65604
2.09881
2.85646
3.13374
2.76825
3.55589
2.31203
3.89338
3.21052
3.07741
3.69358
3.87696
3.24507
3.06047
2.82851
2.96007
3.25435
3.64039
3.29332
3.10187
3.54824
3.18911
2.98158
3.22952
3.1072
2.92705
3.24865
3.32942
3.09638
2.88933
2.97733
2.98872
2.97843
3.19405
2.88429
2.89146
3.51719
2.61743
3.08155
3.31734
3.09217
2.718
3.49034
2.8353
3.17545
3.29137
3.36506
3.33651
3.61995
3.92002
3.17137
2.73069
3.20033
3.06032
3.92171
3.62063
3.42305
3.60779
2.73971
3.8499
4.18928
3.7353
3.23202
3.85491
2.83022
2.54504
3.11919
2.34713
2.976
2.68808
3.37853
3.76171
3.26406
3.69545
2.91058
3.05123
3.45316
3.289
3.28627
3.74042
4.21573
3.64282
3.67688
3.4832
3.24525
3.50529
3.24646
3.21945
3.20556
3.20728
2.7274
3.14468
2.62946
3.01154
2.9722
3.47394
3.31919
3.17166
3.15577
2.87625
2.78458
2.61036
2.90102
2.6842
3.24064
2.82944
2.67088
3.01014
2.56035
2.84168
3.08316
3.34432
3.87341
2.83043
2.84513
3.65312
3.48551
3.15197
2.70979
2.94269
4.05198
3.09363
3.39829
3.53506
3.19461
3.88516
3.29162
3.55927
3.56677
1.7397
2.6592
2.03721
2.23448
2.45741
2.70353
3.10338
2.9354
1.69
2.79576
2.86834
3.13145
2.47477
2.78191
2.80577
2.69156
2.77011
3.56368
3.06944
2.48014
2.20705
2.55684
3.13739
3.17247
3.06293
3.22101
2.75375
3.27128
2.94281
2.93069
3.47717
3.9622
3.43665
4.31778
3.10009
2.34468
2.59464
3.44404
2.57814
3.03371
3.2704
2.56283
3.67815
2.4815
2.97321
2.72031
2.38026
2.39744
2.13074
2.48969
2.65572
2.67276
2.13571
3.0043
3.00745
3.30493
3.87021
2.67161
3.78741
3.50602
3.14494
3.45321
3.39716
3.25114
2.87934
3.59225
2.99651
3.04261
3.45209
3.28573
2.99773
3.14002
3.12813
3.0895
3.42233
3.61321
2.97706
3.26676
3.30687
3.28926
3.00508
2.96943
3.06864
3.18475
3.23842
3.01129
3.15355
3.07757
2.64408
3.04793
3.61595
3.53252
2.68057
3.31916
2.47931
3.01245
2.59951
2.69711
3.21811
3.38694
3.46149
3.38261
2.65234
3.15839
3.09097
3.84844
3.69305
3.4717
3.50942
3.63722
4.03078
4.24983
3.59905
3.09492
3.36986
3.1091
3.38003
3.40868
2.77973
3.12662
3.14641
3.4557
3.76008
3.29022
3.83999
3.57362
3.15902
3.19297
3.18278
3.2611
3.8247
3.94819
3.54565
3.74627
3.60525
3.79536
3.72091
3.23274
3.04864
3.07493
2.82178
2.87615
3.23517
2.85265
2.85651
3.29503
3.37805
3.29993
2.96793
3.08752
2.97646
2.68626
2.40006
2.75237
2.76369
2.87967
3.08613
3.13655
2.97288
2.7714
2.6503
4.09804
3.70001
3.89641
2.96977
3.72933
3.45978
3.48293
3.42728
2.6762
3.1643
4.20371
3.29963
3.1356
3.87745
3.28736
3.94859
3.08069
3.56293
3.74815
