2.08335
2.8458
2.25952
2.48972
2.49063
2.75629
3.02557
2.89728
1.86985
3.02552
2.56784
3.20518
2.29421
2.96188
2.8648
2.43743
2.87139
3.16781
2.36344
2.44354
3.04866
3.33948
2.94767
3.15679
3.63533
3.84857
2.81467
3.26941
3.52082
3.61318
3.86459
3.70307
3.98693
4.08345
3.09794
2.64637
2.96825
2.97046
2.67395
3.28551
3.16381
2.95139
3.59245
3.20982
2.91322
2.604
3.17358
2.87739
2.56021
3.10778
2.9511
2.63824
2.04082
3.08195
2.97396
3.19594
3.37923
3.22683
3.47894
3.0554
3.2852
3.4346
4.00661
2.90223
3.09108
2.99756
3.66864
3.24306
3.50734
3.83145
3.45279
3.36432
2.94993
3.21422
2.8799
3.25246
3.39069
2.89725
2.78852
2.77533
3.1197
2.85897
3.13406
3.19369
3.16879
3.19186
3.44996
3.58556
3.34315
4.08428
3.67934
3.41941
3.2332
3.77768
2.94646
2.99802
3.0528
3.92968
3.24843
3.40981
3.19899
3.12684
2.87472
3.3376
3.55291
4.04054
3.2462
3.39213
3.72968
2.75817
3.75337
4.20849
3.41839
3.10687
3.32677
2.83867
2.78253
2.91665
1.87057
2.94857
3.3637
3.8105
3.53403
3.21853
3.95037
2.98395
3.04153
3.40888
3.30259
3.43164
3.67271
3.88311
3.08628
3.1821
2.98882
3.10648
2.98339
2.99635
3.34619
3.46634
3.02903
2.96833
3.22423
2.72232
3.02293
2.78677
3.12847
3.45367
3.05613
3.24196
3.41845
2.53855
3.23649
3.13546
2.7299
2.63618
2.49433
2.79283
2.75747
2.43915
2.99225
3.44403
3.5722
3.21775
3.52512
2.70993
3.11304
3.42879
3.00672
3.17404
3.25512
3.56586
2.94682
3.30366
3.47424
3.40749
3.60042
2.62018
3.37599
3.62419
2.02664
3.11115
2.78687
2.51469
2.47893
2.71546
2.7601
2.9526
1.82036
3.13754
2.64003
2.93418
2.3965
3.09978
2.89367
2.67732
2.94439
3.10546
2.70157
2.66997
2.7663
2.80678
3.30657
2.96599
3.10082
3.96946
2.88569
3.40421
3.39031
3.43761
3.76588
3.585
3.20263
3.85368
2.72484
2.16673
2.76608
2.82662
2.45361
2.92778
3.14161
2.67649
3.11114
3.04191
2.68097
3.32604
2.88765
2.73978
2.95209
2.71241
2.65963
2.65571
2.13795
3.27936
3.06194
3.38967
3.44139
3.10225
2.70427
3.20634
3.36654
3.16517
3.79972
3.10337
3.13424
3.1775
3.11871
3.02258
3.83133
3.76906
3.15803
3.89672
2.84066
3.18111
3.37243
3.21009
3.47569
3.1286
3.22143
3.15687
3.16138
2.88689
2.91589
3.20112
3.11826
3.19385
3.67523
3.7013
3.1241
3.5696
3.34012
3.42001
2.99483
3.34597
2.76289
3.17462
3.33223
3.04355
3.37681
3.37645
3.55716
2.91669
3.07104
3.05805
3.3261
4.31895
3.08319
3.25278
3.74269
3.76936
3.58191
4.30538
3.25285
2.96258
3.3469
2.8779
2.84621
2.88305
2.11875
3.07956
3.63724
3.84425
4.04687
2.82415
3.25831
3.99002
3.57513
3.02377
3.18829
3.24767
3.75352
3.8194
3.37546
3.0028
3.18444
2.90977
2.97263
3.13685
3.14662
2.83477
2.94342
2.90261
3.27512
2.83561
2.67809
2.86504
3.1859
3.11037
3.19674
2.83247
3.27087
2.86374
2.75467
2.86925
3.96505
2.65466
2.98635
2.73178
2.68579
3.05352
3.13787
3.5667
3.52873
3.55671
2.572
2.96943
3.5197
3.45721
3.17157
3.28916
2.98103
4.02381
2.95304
2.73272
3.43218
3.06378
3.4582
2.99976
3.20778
3.23715
