1.98522
2.61924
2.25346
2.47688
2.67083
2.55658
2.86872
2.37406
2.61271
2.19506
2.54103
2.01228
2.4037
2.90158
2.65194
2.84223
2.67188
3.27192
2.84277
2.91546
3.39618
3.16372
2.92265
2.79396
2.69633
3.54301
2.65258
2.97767
2.8109
3.37336
3.56435
3.71287
3.35851
3.59682
3.0211
2.4703
2.73637
2.9907
2.73904
2.78552
3.04162
2.66126
3.27269
3.30193
2.84462
2.5206
2.20514
2.49898
2.20947
2.37623
2.81586
2.69156
2.43213
1.8107
2.49781
1.97373
3.65511
2.87067
2.86452
3.30357
3.63546
3.44592
3.79403
3.41326
3.41097
3.11055
3.04181
3.00261
3.49521
3.20629
3.16849
3.18479
2.98193
3.27129
3.05916
3.29847
3.11688
3.01426
2.75578
3.08853
2.93956
2.88475
2.89047
3.03205
3.39341
3.06699
3.24388
3.48481
2.89723
3.27352
3.63469
3.14065
2.6537
3.31111
2.47441
2.92832
2.74663
3.34403
3.26183
3.09539
3.57558
3.15958
2.48961
2.84098
2.78257
4.16963
3.29164
3.20621
3.77072
3.2474
3.1874
3.47829
3.064
2.97421
2.92582
3.24758
2.90776
3.13287
2.00492
3.13192
2.65492
3.66273
3.34791
2.67118
3.17695
3.25164
3.36391
2.97408
3.14295
3.57033
3.39005
3.90327
3.42014
3.67763
3.10476
2.97977
3.15269
3.13112
2.95246
3.12843
2.82025
2.74503
3.25916
2.86993
2.70118
3.12142
3.58136
2.91119
3.01727
2.79495
3.05888
2.76051
3.35756
3.37277
2.68086
2.62992
2.87268
2.9541
2.72466
2.78629
3.01394
2.90806
3.76164
3.39858
3.18682
2.83724
3.3961
3.50183
2.97583
2.95012
3.28593
3.72121
2.85355
2.65547
3.31578
3.23109
3.71794
2.73421
3.74037
3.17728
1.90029
2.84705
2.4969
2.50784
2.63591
2.74248
2.95919
2.17142
2.43969
2.39648
3.16489
2.40843
2.69682
2.68971
2.60004
2.55765
2.44553
3.48724
2.37628
2.84313
3.14851
3.24876
3.156
2.89593
3.46082
3.22076
3.0035
3.35018
2.63274
3.02722
3.4969
3.61736
3.24303
3.78719
2.81816
2.62952
2.58169
3.19684
2.63703
2.64998
3.19641
2.39485
3.40293
3.22951
2.44471
2.63275
2.5327
2.8222
2.50193
2.62514
2.80202
2.53109
2.35566
1.84299
1.99949
2.87088
3.58953
2.51526
3.49876
3.2078
3.56872
3.94011
3.32212
3.31161
3.04976
2.92064
2.98672
2.85569
3.48886
3.42452
3.38392
3.41755
3.16705
3.11384
3.25268
2.97845
3.35288
3.11799
3.02293
3.08564
2.74278
2.88174
3.19714
3.21197
2.82015
3.1656
3.25539
3.25387
3.03632
3.27586
3.68668
3.3898
2.69438
3.0654
2.50843
2.83237
3.11996
3.36739
2.81998
3.30186
3.09937
3.12164
2.54614
2.91811
3.35714
3.69803
2.92313
3.36081
3.85415
2.72643
3.14922
3.03897
3.40075
2.99011
3.30722
2.9693
2.61885
3.12205
2.07902
2.92367
2.92627
3.87452
3.67848
2.97047
3.49849
4.10457
3.49358
3.10265
3.01612
3.14196
3.38277
4.04898
3.37888
3.7837
3.03965
3.33012
3.34815
3.05413
2.76536
3.20229
2.85232
2.67228
3.35083
2.89325
2.72791
2.77238
3.53766
3.52319
3.05703
3.00069
3.15524
2.77233
3.17295
2.8905
2.97502
2.89338
2.68102
3.08095
3.24735
2.49937
2.82693
2.70132
3.52443
3.32405
2.57388
3.50575
3.29966
3.12555
2.90574
2.76197
3.12191
3.67834
2.77912
2.59114
3.77333
3.25626
3.97023
2.67849
3.4208
3.76229
