1.86273
3.00915
2.3105
2.31631
2.701
2.8051
3.37216
2.98134
1.88025
3.09653
3.46958
3.20657
2.43817
2.25351
3.0341
2.73308
2.77935
3.78441
2.65985
2.94484
3.35169
3.1929
2.80668
3.56361
3.42814
3.53382
2.881
3.12436
3.19856
3.46499
3.64737
3.89557
3.48685
3.85383
3.08017
2.45599
2.61827
3.2559
2.12124
3.36669
3.06195
2.25352
3.62477
3.24693
2.47911
2.45384
2.58433
2.2447
2.58641
2.59131
2.76062
2.72296
2.31168
2.85601
3.33584
3.17939
3.65818
3.01843
3.70449
3.50871
3.39991
3.58022
3.86576
3.12983
3.09785
2.8996
3.30998
3.10109
3.65187
3.78697
3.65129
3.56296
3.26403
3.25036
3.44877
3.64552
3.33238
2.98771
3.04783
3.35273
2.78157
3.11521
3.25172
3.25659
2.66537
3.04801
3.26456
3.60428
2.94106
3.67297
3.69266
3.40541
2.70463
2.79714
2.61418
3.00897
3.41116
3.53859
3.95672
3.57117
3.62541
3.4469
3.38843
3.28602
3.51455
3.72118
3.87991
3.60224
4.10181
2.53323
3.81858
4.05357
3.92823
3.48075
3.65717
3.10769
2.92086
3.28255
2.00693
3.25706
2.87217
3.57682
4.19178
3.55503
3.72234
3.75131
3.0219
3.46632
3.2356
3.74206
3.80469
3.9138
3.69322
3.32239
3.40953
3.2665
3.34468
2.96438
3.19532
3.00568
3.05157
2.78355
2.96
2.86084
3.06714
3.14295
3.14273
3.14414
2.87505
3.22162
3.04746
2.62125
3.13484
2.94445
3.21011
3.14828
3.29846
3.1468
3.34282
3.2336
3.01664
2.62083
3.42476
3.6306
3.15747
3.63029
3.46429
3.68912
3.57404
2.9407
3.30729
3.99821
3.44822
3.28823
3.71989
3.51796
3.74058
3.73007
3.51596
3.7994
1.92856
2.88123
2.33318
2.28119
2.47255
2.63842
3.06427
3.03759
2.02737
2.90438
3.115
3.28944
2.38147
2.25835
2.85303
2.44107
2.5995
3.56737
2.6644
2.81365
2.91667
2.71133
2.81125
3.46085
3.09186
3.36287
2.76866
3.35012
2.70091
2.98015
3.83768
3.6757
3.53744
3.95653
3.26927
2.28087
2.67143
3.38179
2.26056
3.27026
2.9897
2.22637
3.1825
3.04776
2.72434
2.52056
2.52322
2.3575
2.14405
2.46496
2.67582
2.67348
2.28898
2.78046
2.78729
3.53324
3.34907
2.60491
3.33089
3.38438
4.0551
4.03462
3.66024
3.36655
3.29493
2.90434
3.40063
3.19925
3.69633
3.63506
3.32934
2.99324
3.04556
3.30443
3.56689
3.29767
3.58142
3.43316
2.96298
3.46129
3.29301
3.16714
3.00515
3.07403
3.03007
3.05613
3.35652
3.8222
3.04086
3.42423
3.56963
3.09981
2.7429
3.89064
2.47979
2.90411
3.29426
3.2019
3.5015
3.15994
3.63571
3.6113
3.32672
3.01069
3.17614
3.69152
3.8732
3.764
4.36892
2.8104
3.75435
4.14638
4.28135
3.17821
4.18252
2.95915
2.93996
3.34804
2.45463
3.15157
2.96301
3.69704
3.32501
3.01599
3.55144
3.7273
3.45105
3.6401
3.12236
3.55587
3.88836
3.93743
3.38011
3.39162
3.57716
3.39116
3.41276
2.89575
3.11226
2.9962
2.87173
2.7457
3.3053
2.93128
2.84576
2.83148
2.94195
2.91822
2.90856
3.28087
3.05988
2.52705
2.54391
2.83281
2.98224
2.71838
3.049
2.77316
3.18504
3.11308
2.92328
3.59069
3.64278
3.61545
3.03348
3.76783
3.59158
4.09174
3.44629
3.01401
3.08538
3.93831
3.95052
3.14937
3.62543
3.32057
3.84207
3.97347
3.21056
3.74154
