2.06203
2.80606
2.75586
2.35633
2.55262
2.75885
3.09711
2.73086
1.77289
3.16468
2.59264
3.17628
2.70827
2.50649
2.88012
2.88409
2.84691
2.98878
2.82781
2.78653
2.68496
3.11128
3.09915
2.35813
2.89938
3.74811
3.23036
2.67603
2.78949
2.96844
3.16019
3.45819
3.44266
4.23547
3.41749
2.60202
2.58968
2.75307
3.28037
3.11908
2.99721
2.67879
3.50762
3.39557
3.02981
2.71756
2.84216
2.77782
2.59705
3.02422
2.53049
2.50277
1.98914
3.10346
3.00561
3.10886
3.44156
2.76377
3.80711
3.26909
2.96365
3.27275
3.86114
3.00992
3.32293
2.95359
2.88605
2.89105
3.44486
3.61627
3.10391
3.2001
2.76144
3.43285
3.23963
3.34449
3.43977
3.19555
2.86262
2.84531
2.70261
2.83401
2.6689
2.94059
2.97581
2.88461
3.02219
3.03139
3.10848
2.72088
3.69429
3.46687
2.63869
3.76333
2.75528
2.84745
2.92111
3.1286
3.22531
3.25282
3.40391
2.90544
2.87621
2.9137
2.94969
3.89678
2.83342
3.6607
4.1327
3.5402
3.67343
4.56712
3.05979
3.22596
3.53378
2.97303
2.61396
3.11089
2.16883
3.42725
2.44806
3.54869
3.80557
2.57283
3.21564
3.55039
2.69179
3.28106
2.93239
3.02817
3.80629
3.99832
3.07291
3.7512
3.10554
2.87233
2.90665
2.92391
2.77819
2.9743
2.51595
2.7724
3.1131
2.77732
2.90608
2.542
3.16181
3.34307
2.99016
3.24802
3.37019
2.41811
3.10688
3.20731
2.575
2.71985
3.00792
2.76088
2.98597
2.49617
2.96342
3.02966
3.75855
3.16447
3.02905
2.85915
3.29565
3.41805
3.16072
3.00668
2.96033
3.82681
2.56382
2.2099
3.36137
3.14461
3.69762
2.64253
3.63687
3.68598
1.99492
2.8747
2.72786
2.15296
2.58514
2.61674
2.97772
2.9089
1.78167
2.7372
2.43857
2.70054
2.5702
2.82261
2.80522
2.61177
2.79562
3.49736
2.68387
2.71874
2.9645
2.93738
2.98952
2.04503
3.32124
3.35837
2.8808
3.47035
2.45742
2.70681
3.05259
3.55029
3.3272
3.05795
3.2599
2.74577
2.81802
2.65027
2.33347
2.88792
3.02991
2.6153
3.22108
2.98629
2.79775
2.76057
2.87842
2.69858
2.7983
2.76373
2.68884
2.52144
2.15708
3.18435
2.98727
3.03162
2.89381
3.03296
3.40611
3.74716
3.31422
3.67839
3.21268
3.25979
2.5254
3.16497
2.97435
3.00746
3.24025
3.53761
2.91319
3.0787
2.80294
3.07842
2.97783
3.49762
3.30479
2.95483
2.95495
3.05359
2.6218
2.63745
2.887
2.78313
2.95979
2.76887
2.8864
3.10337
2.41537
3.05865
3.40174
3.42643
2.60216
3.48443
2.68595
3.04717
3.04542
3.14264
3.26001
3.04197
2.67068
3.80238
2.9837
3.06104
2.88927
4.09484
2.96692
3.31139
3.85906
3.71418
3.45094
3.81827
3.42106
3.21702
3.31997
2.99839
2.96382
3.13486
1.92893
2.85108
2.30693
3.18734
3.85831
2.57215
3.38449
3.37736
3.01713
3.25895
3.0198
3.23426
3.80288
3.76441
3.3507
3.19958
3.68817
3.15451
2.92357
2.98255
3.11824
3.04345
3.06737
2.49265
2.76293
2.87999
2.64511
2.55497
2.90091
3.18396
2.98809
3.11675
3.40013
2.7106
2.66287
2.8167
2.75736
3.14635
3.20515
2.23925
2.70314
2.98119
2.93094
3.1854
3.58098
3.15169
2.2293
3.14329
3.28812
3.80224
3.01922
2.85383
2.92117
3.48862
2.40279
2.43147
3.25285
3.35571
3.33901
3.13809
3.79631
3.56716
