1.78247
2.70476
2.13744
2.16378
2.25787
2.5505
3.24936
2.6138
1.69459
2.93463
2.62667
3.44885
2.193
2.62648
2.84725
2.5752
2.64581
3.28441
2.17352
2.56403
2.93868
2.6977
2.43449
2.91298
3.15275
3.64166
3.09815
3.21428
2.5444
3.62038
3.36585
4.02129
3.40683
4.05177
3.25245
2.2783
2.72316
2.94226
2.70091
3.13277
3.28245
2.29056
3.50332
3.36832
2.43208
2.64989
2.59241
2.11085
2.16157
2.4607
2.37689
2.52463
1.80161
2.90506
3.08187
3.30657
3.59381
2.39775
3.61918
3.48698
3.17892
3.64322
4.19507
3.01143
2.86722
2.85433
3.11769
2.99311
3.5758
3.44261
3.08451
3.20446
2.9923
2.85342
3.01613
2.83769
2.82585
3.09981
2.89142
2.90891
2.72849
2.67068
3.24613
3.00131
2.73591
2.97107
2.95449
2.96501
2.80584
3.05749
3.73082
2.92435
2.43371
3.51176
2.4685
2.87713
3.05934
3.57412
3.4265
3.13608
3.59863
3.50372
2.29218
2.85917
3.17706
4.58638
2.84758
3.47587
4.30903
2.48095
3.67418
4.18358
3.12099
3.13211
3.43759
2.73938
2.9511
3.69733
2.43695
3.00838
2.42804
3.33835
3.67504
3.21982
3.09167
3.16018
2.97509
3.00971
3.30745
3.46038
3.48891
3.57311
3.38446
3.32273
3.38366
2.88064
3.24552
2.94953
3.11559
2.9268
2.86942
2.83424
3.04046
2.82595
2.717
3.05663
2.89351
3.06201
2.99957
3.12776
3.20046
2.68871
3.10063
2.76048
2.69038
2.48644
2.52669
2.65749
2.77866
2.8334
3.14955
3.2338
3.63329
3.66041
3.0106
2.75088
3.24818
3.68692
3.04752
2.93658
2.64768
3.47621
2.89015
2.86127
3.06631
2.91117
3.39077
2.70813
3.58295
3.44261
1.60508
2.63566
2.16228
2.01996
2.38903
2.46534
3.01027
2.72864
1.86562
3.14554
3.01087
3.22283
2.37287
2.5
2.95074
2.34382
2.58164
3.49453
2.86645
2.27014
3.02714
3.02088
2.70561
2.67796
3.51585
3.41028
2.72244
3.38201
3.09815
2.85749
3.23753
3.92887
2.99091
3.80523
2.97094
2.45054
2.54114
2.98057
2.07179
3.57427
3.41158
2.48331
3.26879
3.17998
2.89723
2.5591
2.77415
1.98976
2.74894
2.64126
2.48431
2.51858
2.00134
3.33832
3.02768
3.53181
3.29188
2.37307
3.21776
3.39219
3.21616
3.82015
3.90178
3.0035
2.86386
3.18236
3.21626
3.04984
3.49357
3.51221
3.01368
3.14914
3.02374
3.16928
3.27017
3.59359
3.04562
3.37668
2.81842
3.02129
3.01051
3.31147
3.3459
2.94709
2.6369
2.84934
3.0059
3.1694
2.7065
2.90854
3.09219
3.2654
2.49849
3.45164
2.40171
2.99909
3.30842
3.10137
3.3547
3.54456
3.6241
3.52288
2.63683
3.04699
3.51967
4.0479
3.03269
3.18182
3.6453
3.25871
3.91161
4.13933
3.60158
2.83599
3.15461
2.78853
2.70991
3.38083
2.50195
2.96479
2.71708
3.51511
3.56129
2.74223
3.61934
3.37759
2.98286
3.30265
3.39403
3.51989
3.43873
3.80941
3.38023
3.3283
3.27033
3.22739
3.49203
3.33953
3.42802
2.94539
2.81944
2.69835
2.8443
2.92656
2.61977
2.85684
2.96249
3.35294
2.93184
3.09627
3.03634
2.12346
2.81698
2.76676
2.53112
2.88483
2.72252
2.79811
2.61758
3.15228
2.92124
3.68739
3.55201
3.64441
2.86053
3.04335
3.27131
3.43101
3.49741
2.90345
2.99545
3.94049
2.6529
2.97504
3.35515
2.99152
3.75892
2.99705
3.78098
3.18784
