1.88857
2.86075
2.67133
2.3439
2.53737
2.65728
2.97446
2.96889
1.7588
3.0238
3.33891
3.17253
2.37701
2.56677
2.5208
2.6359
2.86959
3.18202
2.61074
3.18439
3.20106
2.5315
2.99533
3.19566
3.03794
3.66528
3.04927
3.21675
2.92441
3.09923
3.01148
3.67663
3.66366
3.66913
2.99802
2.49243
2.81152
2.80298
2.30308
3.17119
3.48518
2.3967
3.21325
3.62344
2.40857
2.83642
2.71423
2.88501
2.54494
3.05509
2.73686
2.51857
2.15675
3.17914
3.2367
3.42264
3.46256
2.08744
3.5055
3.34116
3.27649
3.62001
3.7942
3.08563
3.29548
2.91831
3.34171
3.31787
3.4472
3.78321
3.30456
3.1148
3.07705
2.93823
3.25192
3.48731
3.38349
3.09232
3.32538
3.33475
2.92942
3.05086
2.81536
2.94834
2.72054
3.12455
3.23492
2.94861
3.24032
3.48545
3.475
3.48192
2.85306
3.19592
2.84668
3.15139
3.14299
3.51035
3.48074
3.88213
3.67779
3.05049
2.78478
3.23242
3.30978
4.14996
3.7908
3.09918
3.57236
2.96962
3.50617
4.46689
3.76181
3.19183
3.39887
2.89517
2.78505
3.03522
2.20319
3.08449
2.30637
3.84164
3.43093
2.90261
3.53172
3.47237
3.07316
3.16372
3.29791
3.70382
3.628
3.56933
3.47804
3.17909
3.07761
2.97203
3.10993
2.84104
3.12652
3.04234
2.92095
2.68746
3.08377
2.9913
3.02243
2.90193
3.37002
3.43408
3.3021
3.13035
2.95918
2.49099
3.19181
3.08183
3.01178
3.12432
3.11752
2.73223
3.1272
2.88444
2.72337
3.67345
3.28328
3.25768
3.38641
3.07488
3.70573
3.38962
2.98973
3.02156
2.99249
3.56053
3.39879
3.18156
3.25005
2.98756
3.35658
3.17573
3.38606
3.33624
2.07591
2.94844
2.44677
2.37184
2.5556
2.74697
2.62492
3.08661
1.94146
3.45393
2.61759
3.12113
2.56605
2.47192
2.95346
2.63788
2.78631
3.53271
2.94411
2.5406
2.97042
3.18051
3.21479
3.47448
3.4698
3.3157
2.9316
3.24518
2.75081
3.0607
3.26042
4.07567
3.09108
3.78853
2.6891
2.54163
2.65978
3.13034
2.4808
3.23963
3.47948
2.70016
3.47319
3.5776
2.77214
2.62075
2.82751
2.58664
2.42004
2.95287
2.71203
2.70767
2.30816
2.93444
3.4389
3.25523
3.28063
2.88306
3.51318
3.19836
3.61007
3.21607
3.90526
3.09488
3.25464
3.17584
3.10656
3.18932
3.67075
3.47218
3.24649
3.56499
2.96678
3.2448
3.08317
3.49989
3.5527
3.11952
2.80433
3.04565
2.74097
3.01116
2.97867
2.89638
3.00333
3.06134
3.2038
3.54267
2.90982
2.9722
3.33342
3.31152
2.78734
3.23796
2.96335
2.95526
2.9867
3.86478
3.37316
3.22099
3.20322
3.18947
3.02615
3.27103
3.34302
4.1699
3.45476
3.5096
3.73387
3.30524
3.26583
4.37957
3.6498
2.95459
3.4049
2.73555
2.64102
2.96876
2.29784
2.79053
2.29951
4.14372
4.10055
2.96835
3.38427
3.19067
3.725
3.46008
2.99793
3.28881
3.60566
3.22835
3.33367
3.55222
3.3192
3.01058
3.49931
2.95088
2.96307
3.20456
2.82237
2.76877
3.19496
2.61872
3.07742
2.78181
3.0195
2.97117
3.50083
3.01088
3.27938
2.67734
3.13358
3.04947
3.51301
2.95911
3.02963
2.92455
2.68813
3.15655
2.91293
3.51757
3.4426
3.52145
2.78957
3.23754
4.12388
3.25419
3.3542
2.97637
2.95401
3.10245
3.21077
2.89212
3.24269
3.47409
3.74584
3.26981
3.18483
3.61581
