1.74547
2.86045
2.52103
2.11108
2.5072
2.90295
3.16338
2.89144
1.89044
2.93937
3.20877
3.55953
2.49323
2.39437
3.224
2.77467
2.88085
3.29565
2.93813
2.47287
3.68454
3.28287
2.99427
3.11393
3.55779
3.63197
2.6917
3.55209
3.39053
3.099
3.48441
4.00007
3.25539
3.765
3.02728
2.13866
2.68896
3.13945
2.80186
3.07056
3.23086
2.68975
2.80502
3.46833
2.84589
2.89347
2.84147
3.25838
3.3423
3.12599
2.76847
2.73357
2.1308
3.22361
3.17024
3.90778
3.50515
1.90823
4.27519
3.512
3.5557
3.59481
3.52742
3.36767
3.07117
2.91725
3.28529
3.1823
3.60418
3.87247
2.99636
3.95855
3.16193
3.174
3.70944
3.87903
3.90779
3.55124
2.75847
3.31793
2.9188
3.32694
3.22278
3.27971
2.98422
3.07195
3.31845
3.34561
3.42835
3.54842
3.92539
3.40313
2.99878
3.52759
3.1836
3.25292
3.20423
3.42358
3.50169
3.37399
3.62807
3.71344
2.94415
2.85335
3.29708
4.42559
3.54692
3.37723
4.44224
3.86179
3.9008
4.58418
3.55966
3.53668
3.52944
3.4088
2.77866
3.27563
2.45473
3.69125
2.59098
4.01343
4.40599
2.88098
3.72574
3.72626
3.25885
3.50092
3.37689
3.69321
3.99723
4.25268
3.5834
3.43764
2.99315
3.62473
3.27126
2.89594
3.41538
3.40676
3.18661
3.0419
3.73491
2.86197
3.23528
3.08772
2.95905
3.29889
3.38981
3.30246
3.41436
2.68214
2.79735
2.96307
3.02385
3.28312
3.45803
2.89392
2.67003
3.03237
2.78759
3.0079
3.47314
3.80768
4.01544
2.94761
3.46094
3.43692
3.41149
3.0974
3.00401
3.74551
2.94625
3.17617
3.26822
3.42808
4.05977
2.91681
3.38798
3.63006
1.75389
2.9545
2.32209
2.13418
2.4179
2.74843
2.7685
2.78132
1.7111
3.18302
2.9567
3.02861
2.56473
2.9309
3.2881
2.942
2.79007
3.132
3.09013
2.71082
2.68736
2.8171
2.64162
3.0634
3.21126
3.62567
3.03408
3.25433
3.16962
3.23508
3.37271
4.31778
4.24023
3.86238
3.32895
2.24221
3.00518
2.96826
2.516
3.18972
3.22133
2.73254
3.17876
3.44711
3.01717
2.91389
2.77565
2.57565
2.76256
3.26719
2.7879
2.57013
1.90017
3.40891
2.89439
3.72441
3.84657
3.13716
3.35787
3.41347
3.37697
3.96145
3.90227
3.26296
3.58926
2.99064
3.10809
3.44756
3.70023
3.63463
3.04405
3.59622
3.30015
3.072
3.35004
3.1403
3.46807
3.01655
3.17924
3.14852
2.95442
2.98174
3.02534
3.17663
2.86087
3.1327
3.00247
4.01889
3.15192
3.59047
3.5335
2.98052
3.10446
3.26146
2.84009
3.2814
3.36763
3.32484
3.41608
3.38825
3.60299
3.55184
2.77656
3.18598
3.08897
4.62779
3.56894
3.63036
3.99055
3.63967
3.7712
4.08554
3.63918
3.46806
3.86669
3.02396
2.7893
2.97438
2.29731
3.29423
3.03027
3.68608
3.93978
2.62143
3.31594
3.22609
3.44527
3.18772
3.22252
3.54293
3.81801
3.99085
3.52975
3.23432
3.5823
3.27084
3.4078
3.0559
3.1489
3.36343
3.05623
2.66025
3.48188
2.90175
2.93162
2.84444
3.43395
2.89697
3.43886
3.33768
3.49573
2.65992
2.63741
2.8133
3.25258
2.47927
2.85202
3.03715
3.08263
2.89419
3.0079
4.04517
3.29061
3.82733
3.28692
3.02084
3.78824
3.61405
3.34534
2.9899
3.23633
3.84106
3.04131
2.83021
3.21927
3.30716
4.0344
2.64158
3.66204
4.09537
