1.72361
2.58929
2.42169
1.97723
2.27107
2.60769
2.69905
2.73483
1.74152
3.07816
3.34571
3.01021
2.37565
2.02925
2.77769
2.4081
2.21937
3.07174
2.44473
2.75056
2.89592
2.79253
2.60289
2.57127
3.14408
3.68764
2.60276
3.00779
2.63446
3.30006
3.27023
3.87983
3.38501
4.13134
2.95144
2.27732
2.65123
2.94335
2.63951
2.85574
3.32906
2.36626
3.28248
3.04016
2.90738
2.38488
2.51337
2.48779
2.66003
2.50768
2.2389
2.56474
2.00104
2.98255
3.31396
3.36535
3.25005
2.41725
3.13112
3.32796
3.63393
3.259
3.61101
2.91983
3.23448
3.07166
3.11093
3.15307
3.41119
3.26813
2.96932
3.48747
3.07951
3.15871
3.04898
3.32179
3.67014
2.99291
2.99337
3.0925
2.93323
2.62536
2.89404
2.77808
2.56612
3.03091
2.94027
3.71698
3.07232
3.9631
3.89454
3.28977
2.677
2.85358
2.40932
3.0724
3.53114
3.32238
2.99358
3.19801
3.18775
3.05232
2.49395
2.79029
2.90678
4.15824
2.90231
3.2282
3.65648
2.33155
3.03225
3.40453
3.35855
3.1086
2.75378
2.76789
2.61652
3.36029
2.01765
2.70354
2.51724
3.18003
3.65441
2.6687
3.59736
2.49703
2.2903
3.05235
3.28413
4.11259
3.35959
3.95041
2.97192
3.04853
3.04984
3.00372
3.00118
2.72264
3.26458
2.79531
2.71834
2.7483
3.02127
2.7832
2.6755
2.8057
2.80629
3.13693
2.88798
2.90649
2.91348
2.32716
2.211
3.32878
2.20923
2.56973
2.82019
2.78
2.76379
2.01496
3.17528
2.72095
3.13314
3.34641
2.69575
3.17674
3.24166
3.40714
2.60611
3.12973
3.10809
3.28801
2.85561
2.6091
3.62179
2.93179
3.41483
2.57069
3.33928
3.8288
1.84043
2.59806
2.57226
2.11542
2.23322
2.64015
3.27517
2.70138
1.78943
2.53357
2.87938
3.20884
2.42042
2.59397
2.96657
2.58542
2.16444
3.14439
2.55953
2.48239
2.86604
2.51096
2.51148
2.94725
3.0127
3.15692
3.33088
3.23489
2.9225
3.17214
3.15863
3.75083
3.288
3.8564
2.66326
2.71466
2.97804
3.21896
2.51905
3.39939
3.10439
2.60139
3.59175
3.04932
3.02689
2.71664
2.53531
2.61929
2.53856
2.58434
2.43759
2.47342
2.01258
3.08627
3.07793
3.28048
3.32306
2.98378
3.10066
3.29929
3.44519
3.51697
3.69149
3.11297
2.72577
2.85245
2.71713
2.80003
3.38534
2.97059
3.26279
3.76426
2.75969
2.99865
2.9423
3.15199
3.26111
3.28477
3.1952
3.11907
2.75924
2.71812
2.98317
2.78443
2.67761
2.69993
2.96588
3.39886
3.17733
3.91173
3.85951
3.52897
3.1048
3.11366
2.50327
2.82677
3.19121
2.73554
2.86414
3.11009
3.80032
3.20404
2.595
3.09387
2.98704
3.99531
3.42702
3.2792
3.49044
3.34996
3.0776
2.93473
3.06866
3.13803
3.35556
2.63301
2.6386
3.22796
2.45975
2.61647
3.03129
2.61164
3.69083
2.89129
3.22451
2.71178
2.69563
3.08632
2.86761
3.16313
3.59601
3.4774
3.42461
3.36569
3.09774
2.9445
3.47697
2.6766
3.24545
2.97033
2.78483
2.58505
3.03608
2.76016
2.99716
2.66171
3.19735
2.99233
2.97868
3.17844
2.99733
2.07388
2.22042
2.51199
2.66527
3.2735
2.83694
2.83292
2.85538
2.34505
3.03697
3.12093
3.37863
3.02327
3.14022
2.8217
3.45714
3.33933
2.9981
3.22216
3.2708
3.26544
2.83962
2.8003
3.11048
2.87024
3.76801
2.86856
3.68674
3.64244
