1.84671
2.73148
2.32152
2.09178
2.20106
2.65848
2.75484
3.01647
1.8187
2.95275
2.92557
3.31176
2.24514
3.13508
2.70238
2.56145
2.60886
2.92884
2.43251
2.4292
2.30796
3.08407
2.70602
3.17395
3.17904
3.39803
2.87585
3.16672
2.8878
3.41815
3.21274
3.77757
3.16881
3.97419
2.90404
2.85536
2.77483
3.30474
2.57404
3.13887
2.88636
2.87089
3.43927
3.59106
2.96982
2.99063
2.8297
2.74472
2.48615
2.61948
2.39397
2.55795
2.27243
3.17536
3.55946
3.45376
3.59267
2.88706
4.04085
3.39381
3.4134
3.36603
3.81727
3.05397
2.77615
2.30411
3.11561
3.05712
3.6559
3.52912
3.11466
2.76645
2.92321
3.44185
2.90211
3.00195
3.14328
3.19608
2.84342
2.91082
2.94925
2.9341
2.97871
2.86742
3.12018
2.83523
2.82913
3.2751
3.28822
3.32282
3.37315
2.86956
2.82378
3.32303
3.08065
3.1904
3.06803
3.29751
3.47487
3.10144
3.53023
2.97262
2.64534
2.84023
2.98938
3.66416
3.10586
3.33011
3.84936
3.06974
3.01424
3.70849
3.55345
2.94003
3.39524
2.68214
2.52905
3.01036
3.0053
3.59995
2.68681
3.80628
3.69144
2.85097
2.90495
3.65596
3.04102
2.91213
3.11512
3.26479
3.67344
3.76488
3.29707
3.55026
2.84482
2.76847
3.31789
3.19233
3.14562
2.72655
2.66454
2.81078
3.23292
2.80061
3.02771
2.7749
2.70027
2.77711
2.9179
2.90896
3.49162
2.29203
3.06622
3.26495
2.64192
2.24284
2.75175
2.37457
2.87401
2.65241
2.5725
3.13953
3.15317
3.48922
2.9348
2.65019
3.5848
3.16693
3.0709
2.74264
3.00641
3.7681
2.74827
3.22458
2.94718
3.36701
3.41736
3.01809
3.29227
3.67317
1.92395
2.96717
2.31757
1.95963
2.23362
2.46381
2.82045
3.00178
1.81058
2.9739
3.1064
3.20718
2.10444
2.83684
2.77204
2.22989
2.38471
2.79406
2.24363
2.44446
2.74165
3.02697
2.4476
2.90525
2.78602
3.61788
2.98773
2.81805
2.9839
3.19252
3.22053
3.55483
3.03743
3.77326
2.85807
2.57616
2.73585
3.05168
2.55291
3.24652
3.22498
2.47909
3.26082
3.30859
2.93939
2.68111
2.80954
2.61406
2.74949
2.47482
2.33051
2.46717
2.12911
2.81194
3.29111
3.74702
3.1749
3.1171
2.91376
3.47002
3.35732
3.19739
3.6102
3.07244
2.83769
2.60264
3.14142
2.9967
3.53132
3.53551
3.21719
2.90638
3.05075
3.26762
2.89948
2.9666
3.08204
3.00658
3.02417
3.11587
2.69518
2.94161
2.70221
2.78175
2.7197
2.88386
2.91841
3.09179
2.8223
2.78246
3.30114
3.07198
2.91656
3.70956
2.6251
3.07458
3.42262
3.04427
3.3426
3.15378
3.35509
3.13094
2.74876
2.79947
2.77281
3.48085
3.26052
3.2584
3.48457
3.54024
3.63832
4.33181
4.07332
3.05226
3.42456
2.98733
2.48318
3.16896
2.42969
3.2777
2.67829
3.4803
4.11048
2.63304
3.03546
3.58986
3.40601
2.9266
3.03118
3.22125
3.71434
3.53981
3.52178
3.25503
2.79638
3.02995
3.21527
3.21117
3.03483
2.58452
2.55397
2.92309
2.86273
2.49945
2.80563
2.57884
3.53131
3.2246
2.89143
2.92989
2.99783
2.39106
3.49926
3.03404
3.18515
2.91418
2.9566
2.52232
2.70455
2.93355
3.14422
3.14006
3.29034
3.53429
2.67332
3.11492
3.3787
3.07819
3.10638
2.71209
2.75433
3.38727
3.08304
2.55252
2.96991
2.95292
3.2847
3.3586
3.57402
2.89805
