1.69002
2.95391
2.36029
2.26896
2.36638
2.63636
2.6662
2.90929
1.93085
2.95665
3.01467
3.05038
2.46492
2.897
2.68214
2.6283
2.43712
2.96687
2.63743
2.74807
3.03048
3.05528
2.90876
2.67953
3.05808
3.24094
2.98028
3.03783
3.15875
3.16626
3.79059
3.63475
3.678
3.8479
2.85894
2.6506
3.10033
3.08542
2.7944
3.29914
3.12742
2.61097
3.6167
3.67947
2.8131
2.76785
2.82818
2.57607
2.74829
2.64421
2.60777
2.50775
2.10116
3.21772
2.88071
3.05632
3.59514
2.52806
3.74343
3.20443
3.02597
3.15922
3.79384
2.8422
2.62604
2.56105
3.18777
3.02382
2.90798
3.14163
2.92946
2.31508
2.86626
2.94313
2.83003
2.8026
2.77579
2.80538
2.84573
3.018
2.84845
2.5831
2.75859
2.85775
2.56068
2.55117
2.47466
2.71864
2.53823
2.72169
3.15016
3.0577
2.22887
3.32922
2.48896
3.08869
3.20731
3.46608
2.99615
3.17861
3.76656
3.07814
2.37894
2.90014
2.97256
3.21714
3.24406
2.94873
3.3986
2.0344
3.17772
3.28194
3.14936
2.84529
3.23808
2.98713
2.76103
2.55096
2.46899
3.11495
3.30887
3.12207
3.59453
2.97281
3.19969
3.14835
2.91234
3.2505
2.9634
3.10694
3.23141
3.53012
3.06923
3.42774
3.04942
3.23228
2.50382
3.25346
3.00793
2.80595
2.93169
2.57497
3.15445
2.60633
2.73662
2.89902
2.96147
3.1449
3.01757
2.92965
2.88392
2.68507
2.79244
2.98979
2.59233
2.67715
2.97378
2.8219
3.10745
2.91796
2.81317
3.2519
3.39653
3.52046
2.9801
2.84497
3.41769
3.18311
2.90576
2.39192
2.77639
3.70492
2.80448
3.18434
3.40051
3.13541
3.07776
2.45501
3.32471
3.59971
1.87825
2.69332
2.5059
2.27827
2.47148
2.38788
3.26156
2.83071
1.80434
2.82299
2.9346
3.16522
2.1518
2.96028
2.57386
2.06565
2.2651
2.78801
2.56487
3.47189
2.88189
2.78848
2.76314
2.66113
3.16055
3.18787
3.05069
2.92046
2.95683
3.11797
3.37337
3.59864
3.47624
3.47341
2.6253
2.70404
2.9988
2.93503
2.6206
3.4075
3.50761
2.53169
3.4705
3.20468
2.74065
2.71668
2.62348
2.72847
2.63753
2.50101
2.61471
2.62211
2.27085
2.98103
3.24939
3.375
3.30931
2.38131
3.5545
3.27123
3.33253
3.59318
3.71301
2.70398
2.7016
2.43518
3.24758
3.03131
3.14077
3.25239
2.94767
2.85998
3.11099
3.28325
2.99543
2.8012
2.70748
2.72419
2.71671
2.84863
2.54607
2.80661
2.75385
2.67516
2.42358
2.5679
2.78774
2.8974
2.35242
2.56546
2.84897
2.88276
2.51484
2.83029
2.68363
2.97108
3.22961
3.36745
3.07044
3.37411
3.72378
3.34418
2.20178
2.88915
2.92993
3.85913
3.17405
3.13481
3.39541
2.48346
3.29537
3.47872
2.89117
2.83485
3.07931
2.95554
2.96153
2.78034
2.77457
2.80326
2.70743
3.08869
3.94261
2.98143
3.06824
2.71017
2.92855
3.06686
2.86481
3.03027
3.47354
3.24394
3.12427
3.15203
3.35239
3.50651
3.3128
2.93318
2.83601
2.85704
2.73321
2.30262
2.80509
3.02027
2.40476
2.48934
3.21742
3.1293
2.94604
2.98838
3.13504
2.7664
2.27151
2.59849
2.22444
2.84281
3.17413
3.03986
3.25716
2.46738
2.72654
2.86565
3.36058
3.58746
2.58908
3.04497
3.41451
3.81696
2.90178
2.58012
2.38668
3.11993
2.65576
2.5907
3.1154
2.80153
3.34737
2.63929
3.26009
3.52669
