1.89171
2.58009
2.20792
2.2072
2.22622
2.64627
3.12783
2.90605
1.8541
3.02698
2.73259
3.42627
2.63925
2.96282
2.79155
2.3124
2.47018
3.52204
2.60141
2.18082
3.18304
3.00593
2.6752
2.91992
3.4009
3.5366
2.9569
3.08817
2.92018
3.46897
3.26385
3.83154
3.99337
4.12166
3.98823
2.70734
2.76363
3.07728
2.33164
3.46257
3.24065
2.4266
3.96197
3.30959
2.66577
2.26593
2.99145
2.58673
2.61059
2.75969
2.70575
2.80889
2.01873
2.79303
3.48402
3.21105
3.17614
2.30519
3.84884
3.3237
3.50175
3.67646
3.60685
3.02923
3.10864
2.55567
3.02196
3.23334
3.40071
3.35841
2.99488
3.37965
3.00801
3.25826
3.19732
3.25927
3.07782
3.00664
2.86389
3.02335
2.95639
3.13155
2.96682
3.02074
2.99135
2.8375
3.13936
3.36852
2.6553
3.79325
3.56854
3.32989
3.15932
3.12766
2.76627
3.14185
3.21628
3.21472
3.29809
3.30823
3.49711
3.80229
2.52201
2.86734
3.00101
4.22595
3.27782
3.24087
3.88064
3.39954
3.69936
3.91387
3.655
3.14246
3.26043
3.16182
2.97759
3.24408
2.56855
3.04324
2.3512
3.73058
4.0427
3.07193
3.36733
3.88856
2.83159
3.35328
3.24752
3.6335
3.72744
3.91816
3.41729
3.53663
3.37484
3.00393
3.54822
3.11593
3.23513
3.09236
2.81397
2.50161
3.40473
2.98875
2.92521
3.25904
3.22238
3.19534
3.03287
3.4154
3.60702
2.46232
3.35741
3.01582
2.88559
2.53178
2.93961
2.66461
2.71422
2.7637
3.56778
3.2644
3.20004
4.03782
2.96891
3.34195
3.48756
3.5537
3.09902
2.84419
2.8955
3.78835
2.56204
2.88854
3.86753
3.13381
3.68537
2.97116
3.41149
3.72429
1.94141
2.76894
2.42784
2.31118
2.46929
2.63592
3.1627
2.97372
2.06851
3.14307
2.62636
3.49779
2.34295
3.23039
2.74883
2.29185
2.58173
3.39122
2.78422
2.79401
2.82656
2.79614
2.63339
2.88789
3.41201
3.53262
3.08922
3.29566
3.14084
3.36245
3.55625
3.85059
3.03578
3.74616
3.11759
2.4289
2.87067
2.79644
2.67221
3.21676
3.1446
2.41384
3.67347
3.24335
2.70786
2.38622
2.7212
2.343
2.64498
2.55705
2.85218
2.90104
2.01262
3.03559
3.2979
3.05632
3.26501
2.43182
3.03935
3.44864
3.53835
3.58461
3.632
3.30331
2.77391
2.9457
3.11068
3.27622
3.57868
3.7099
3.54921
3.72822
3.26275
2.9814
3.22664
3.51767
3.34163
2.96296
2.90136
3.17453
2.91821
3.07993
3.49942
2.88347
2.83505
2.98731
3.2402
3.62922
2.94139
3.45237
3.51598
2.99003
2.98675
3.72574
2.64049
3.16619
3.24839
3.74151
3.48267
3.48802
2.98079
3.39307
2.67069
2.94782
2.83454
4.40482
2.99071
3.24886
3.91742
3.96859
3.70269
4.35923
3.92596
2.96451
3.46771
3.11155
2.9089
2.81412
2.57347
2.87385
2.94292
3.59388
4.05658
2.73009
3.40883
3.59984
2.96322
3.21791
3.23206
3.20505
3.56539
3.71408
3.67964
3.04719
3.38193
3.23514
3.35714
3.06257
3.19787
2.92754
2.79365
2.71147
3.32994
3.01381
2.75485
3.01631
3.42993
2.86471
3.04298
3.03269
2.97879
2.64347
2.91262
2.84507
2.83927
2.74903
3.20045
2.7437
2.71731
2.92756
2.91034
3.25198
3.3154
3.69006
3.27427
3.45043
3.59401
3.6727
3.04919
3.10639
2.89111
3.69436
2.67089
3.2572
3.2313
2.88424
3.54188
2.82034
3.44638
3.88789
