1.87936
2.45223
2.09623
1.97311
2.15413
2.31741
2.60931
2.85153
1.50882
2.83975
2.99053
3.21408
1.99028
2.58193
2.66271
2.42517
2.29751
3.66826
2.30449
2.30464
3.05887
3.14802
2.38072
2.9284
3.64146
3.32127
2.91695
2.84077
2.88831
2.88382
3.35994
3.80831
3.96031
3.65526
3.06253
2.36243
2.32143
3.21474
2.30158
2.94203
2.84028
2.58992
3.65562
3.04077
2.61434
2.36259
2.81982
2.37337
2.91286
2.47678
2.17985
2.22387
1.92764
2.91698
3.01884
3.10081
3.1065
2.39584
3.34645
3.42117
3.69327
3.01123
3.59237
3.15331
2.84405
2.76435
3.19222
3.1061
3.30253
3.57072
3.32719
2.99307
2.88109
3.1657
3.25771
3.53257
3.16452
2.92509
2.59573
2.71267
2.78384
2.68861
2.85408
2.8831
2.9767
2.96207
3.01014
3.14956
2.65127
3.12904
3.14068
3.17027
2.57974
4.06376
2.76074
3.13785
3.09042
3.01818
3.38341
3.2725
3.3243
3.30979
2.69284
2.93353
3.1247
4.00437
2.94862
3.26733
3.97199
3.56382
3.58069
4.04544
3.14256
2.92631
3.23771
2.98884
2.86005
2.54886
2.43909
2.76938
2.83287
3.32005
3.15582
2.61164
3.1483
2.96959
2.768
2.93308
3.19705
3.61877
3.65914
3.896
2.89805
3.40632
3.2255
2.92727
3.123
2.9792
3.11989
2.79592
2.70453
2.53114
2.53534
3.11424
2.51263
2.53654
3.05516
3.33672
3.0339
2.99348
3.10659
2.32961
2.57799
2.5716
2.62005
2.39133
2.80412
1.98819
2.92233
2.70939
2.74164
3.43284
2.92087
3.73764
3.61413
3.22184
3.35584
3.56069
2.86045
2.78999
3.4666
3.59538
2.5864
3.13675
3.07594
2.99377
3.44943
2.33573
3.123
3.4546
1.87931
2.27334
2.53027
1.97785
2.32937
2.33426
2.77584
2.97571
1.65644
2.92187
2.69851
3.03377
2.27192
3.04063
2.48701
2.5206
2.28846
3.07408
2.42661
2.3144
2.42429
2.59313
2.44644
2.97841
2.8942
3.47502
2.77799
3.43211
3.01348
3.24237
3.27507
3.59208
3.47958
3.50664
3.20071
2.55057
2.23738
2.8881
2.24867
3.29103
2.86002
2.28602
4.02581
3.13859
2.54966
2.9345
2.68266
2.57022
2.40441
2.42263
2.3964
2.40481
1.93211
2.8383
3.23482
3.27832
3.22865
2.59576
3.3334
3.02686
3.76479
3.63915
3.75431
3.1593
2.83914
2.85162
2.98703
2.96393
3.40779
3.51163
3.18595
2.91924
3.06241
3.22535
3.23561
3.29113
3.10998
2.82222
2.90956
2.96007
2.51165
2.73657
3.10991
3.04211
2.93449
2.83086
2.93945
3.18251
2.66394
2.6679
3.24538
3.03219
3.20318
3.7291
2.5692
2.94317
3.1
3.1486
3.23693
3.52454
3.18931
3.41416
2.60821
2.46483
3.11192
4.00773
3.00917
3.55875
4.27364
3.70945
3.50444
4.49097
3.29051
2.93227
3.31919
3.13254
2.77756
3.13331
2.54944
2.5413
2.88611
3.85995
3.23397
2.61458
3.21334
3.01905
3.16316
3.15773
2.95359
3.0867
3.51762
3.45802
3.46812
3.17277
3.44163
3.04022
2.82266
2.68335
3.11673
2.94677
2.53501
2.83879
2.48517
2.65334
2.64507
2.52636
3.18166
3.41593
3.28546
2.96651
3.2706
2.41606
2.42369
2.38456
2.87446
2.57364
2.97385
2.40902
2.71167
2.78266
2.92151
2.82583
2.96733
3.46053
2.92898
3.27192
3.90617
3.5296
3.24438
2.88015
3.15222
3.77688
2.62665
2.74068
3.13422
3.18295
2.98081
2.94412
3.55891
4.23348
