1.69611
2.73852
2.18137
2.10285
2.35475
2.69571
3.1205
2.93747
1.70851
3.01042
2.91021
3.00573
2.14277
2.71217
2.86461
2.43782
2.6122
3.55356
2.35688
2.93812
2.2841
3.1254
2.80351
2.60138
3.01011
3.55777
2.80204
2.86637
2.80922
3.13838
3.14251
3.37234
3.55788
3.83716
2.99938
2.40319
2.46975
2.89927
2.26789
3.25798
3.36965
2.69339
3.3966
3.44905
2.74583
2.14533
2.83312
2.6232
2.68898
2.78006
2.39076
2.47548
2.06642
3.17903
3.2
3.35454
3.11919
2.52412
3.04754
3.39426
3.15802
3.31969
3.77302
3.23308
2.78784
2.80986
3.18269
3.06181
3.47857
3.39645
3.43326
3.1488
3.168
3.23498
3.47854
3.65054
3.16534
3.0571
3.08679
3.25157
2.93304
2.84832
3.09479
3.24963
2.85179
3.00382
2.96354
2.96678
2.92558
3.61265
3.62206
3.27206
2.85724
3.66551
2.69476
3.0255
3.08006
3.32758
3.22513
3.18856
3.74494
3.31493
2.92612
2.94494
2.72481
3.71629
3.0388
3.451
3.85407
2.31836
3.32784
3.91151
3.13894
3.15361
3.27315
3.01407
2.89719
2.91933
2.23651
3.15414
2.36756
3.96706
3.64173
2.76054
2.96315
3.91986
3.04407
3.27295
3.03017
3.51162
3.57373
3.39734
3.51858
3.37515
3.45902
3.05418
3.13166
3.15775
2.99754
2.82406
2.66806
2.50755
2.99879
2.93606
2.89382
2.8556
3.23056
3.03166
3.20373
2.91134
3.33835
2.50655
2.60059
2.77419
3.25117
2.42096
2.64519
2.63579
2.71718
2.93884
3.0114
2.8473
3.2604
4.23266
3.16672
2.94003
3.27375
3.2466
3.16712
2.83916
3.03996
3.58056
2.62614
2.63736
2.99599
2.96909
3.65244
2.67185
3.30761
3.38062
1.68907
2.61274
2.10502
1.995
2.22177
2.68071
3.24072
2.95814
1.6038
3.08027
2.79797
2.98412
2.3195
2.58538
2.54949
2.41089
2.58531
3.22203
2.48842
2.83445
2.88872
3.03141
2.66636
2.88263
2.62547
3.597
2.97453
3.34944
2.43146
2.92285
3.03046
3.4562
3.5697
3.6421
2.91479
2.72496
2.59508
2.91537
2.25078
3.38718
3.32543
2.5659
3.43698
3.48778
2.76868
2.37993
2.68844
2.51094
2.29745
2.75332
2.45982
2.58474
1.99083
3.04251
3.32963
3.42835
3.13421
2.58932
3.58281
3.57757
3.59491
3.95862
3.78662
2.79801
2.62899
3.35188
3.18106
3.03824
3.69963
3.81594
3.26135
3.1533
3.10858
2.98928
3.17069
3.50718
3.37049
3.00659
2.89928
3.14747
2.8334
2.83957
2.90131
3.05575
2.84507
3.01637
3.19244
3.11709
2.98371
3.30277
3.42609
3.05359
2.66611
3.56268
2.76547
3.10506
3.11314
3.43472
3.25726
3.19104
3.13203
3.34958
2.85535
3.04762
2.9866
4.17399
3.06555
3.33109
3.98879
3.48224
3.54789
4.13847
3.3893
3.18128
3.23438
3.45043
2.69998
3.42173
2.29212
3.32656
2.31631
4.07148
3.73651
2.76117
3.14623
3.56427
3.75479
3.11704
2.9974
3.11288
3.42879
3.52134
3.42827
3.33858
3.10579
2.95929
3.12613
2.76252
3.0731
3.11974
2.63999
2.78498
2.90351
2.69073
2.91509
2.67447
3.21932
3.0597
3.1256
3.09342
3.16999
2.56822
2.50488
2.61059
3.68457
2.54045
2.73976
2.81851
2.80183
2.85846
2.75281
3.46801
3.50271
3.94654
2.38742
3.17092
2.85432
3.55424
3.06842
3.04329
2.89126
3.55066
2.8299
2.91372
3.01975
3.20756
3.39924
2.53556
3.60919
3.80953
