1.82889
2.95977
2.30139
2.40339
2.64142
2.5524
2.92293
2.91229
1.6342
3.07313
3.12245
3.11755
2.29037
2.71798
3.02604
2.54363
2.89785
3.18545
2.98817
2.37555
2.59862
2.79298
3.0033
2.69205
3.46453
4.22089
3.08095
3.42879
3.42597
3.46685
3.21014
3.65382
3.83899
3.92493
3.29098
2.89685
2.67982
3.41356
2.72443
3.16212
3.12236
2.73348
4.16162
3.61687
3.09395
2.44466
2.76236
2.91278
2.61845
3.01834
2.70613
2.73923
2.00252
3.00288
3.38583
3.51512
3.91326
2.48354
3.37651
3.44903
4.1774
3.54404
4.11632
3.1393
3.43603
3.12019
3.58149
3.19927
3.52579
3.74386
3.42365
3.39964
3.16404
3.51259
3.36656
3.54489
3.34326
3.28958
2.84914
2.93171
2.89568
2.67547
3.10355
3.33105
2.94309
3.00607
3.31228
3.48943
3.02588
3.57474
4.08155
3.27621
3.00211
3.60138
3.17889
3.21216
3.19654
4.20943
3.43786
3.23372
3.48575
3.55752
2.91476
2.9786
3.51787
4.33311
3.2482
3.53275
4.12304
3.06374
3.61556
4.29931
3.70592
3.17883
3.28843
3.23215
2.77471
3.04548
2.3199
3.03278
3.24071
4.12941
4.28044
3.03077
3.62978
3.84795
2.88204
3.59692
3.16216
3.51412
3.93415
3.70408
3.92992
3.58893
3.30275
3.31016
3.55336
3.40895
3.17691
3.37064
3.20293
2.83368
3.65044
3.10484
2.9754
3.01285
2.88778
3.14565
3.10828
3.41234
3.81913
2.20152
2.96595
3.06319
2.82143
2.80552
3.35018
2.52073
3.06179
3.0574
2.992
3.27179
3.6603
3.9854
3.16167
3.45882
4.13674
3.7067
3.07485
2.98942
3.01772
3.83077
2.82272
2.85664
3.47284
3.19005
3.95462
3.09228
3.16074
3.47294
1.80927
2.5884
2.95211
2.46427
2.73999
2.82942
3.11692
3.13572
1.76898
3.43493
2.84839
3.33809
2.27564
3.26997
3.15789
2.43451
2.57268
2.94582
2.6013
2.57865
3.45567
3.12888
3.11828
2.7491
3.0153
4.19525
3.18288
3.67629
2.64095
2.97058
3.50126
3.65066
4.34287
4.17797
3.46831
2.43788
3.08315
3.24571
2.35243
3.69134
3.62577
2.70529
4.09138
3.47406
3.01343
3.10126
2.79364
2.42178
2.41665
2.99208
2.61911
2.46894
2.01845
3.23897
3.34428
3.57268
3.47302
2.87017
3.17371
3.53349
3.5602
3.82951
4.30046
3.15572
3.50827
3.16971
3.42308
2.95779
3.68705
3.9669
3.62731
3.61447
3.09819
3.43091
3.21061
3.90079
3.35292
3.45254
3.37988
3.35048
2.99045
2.81911
3.27979
3.33957
3.26816
3.07385
3.40849
3.47226
3.04197
3.0449
3.88953
3.28898
2.67937
3.51839
2.88752
2.91945
3.35343
3.19264
3.20869
3.31806
3.64389
3.43597
2.98789
3.17219
3.18827
4.35036
3.79204
3.39965
3.89218
3.70465
4.06198
4.4191
3.38271
3.03577
3.35795
3.65886
3.09918
3.43694
2.54406
2.78824
3.54222
4.31039
4.51668
3.24787
3.65153
3.72584
3.37729
3.14056
3.27451
3.16765
4.05818
3.22411
3.60488
3.65876
3.79383
3.12807
3.56771
2.92833
3.32858
3.06616
3.31979
2.86677
3.567
2.93054
2.96574
2.82998
3.22779
3.17532
3.36788
3.31872
3.50207
2.36432
2.59916
2.77439
3.36469
3.62169
3.22753
2.97663
2.53973
3.1212
3.53002
3.51716
3.80382
3.78211
2.98846
3.57597
3.94671
3.63675
3.43269
2.6795
2.75083
3.73637
2.99688
3.1177
3.71268
3.05729
3.56671
3.54348
3.68194
3.28899
