1.93239
3.1142
2.52721
2.29394
2.62649
2.92286
3.05613
2.95133
1.67021
3.11432
2.92879
2.86874
2.54587
2.85077
2.82046
2.74366
2.46664
3.11344
2.99419
3.07088
3.28278
3.40765
3.02679
2.74491
3.15499
3.51482
2.90267
2.84584
2.88717
3.15441
3.3843
3.78043
3.5034
3.62671
3.21122
2.53041
2.64673
2.943
2.44421
3.29312
3.15676
2.32659
3.75383
3.23665
2.67382
2.50067
2.52398
2.26304
2.5065
2.54708
2.42304
2.58439
2.12593
2.96053
2.75119
3.24552
3.46874
2.99132
3.88344
3.42893
3.43334
3.31968
3.85965
3.15273
3.49553
3.66113
3.26396
2.95882
3.32065
3.39431
2.97137
3.0819
3.24629
3.56446
3.3979
3.18808
3.56115
3.14919
3.23012
3.09117
3.06271
2.80312
3.11808
3.101
2.87196
3.0165
2.95247
3.83314
3.03079
4.02308
3.82066
3.53376
3.02521
3.92456
2.80478
2.86769
2.99834
3.1225
3.02218
3.35907
3.64989
3.29617
3.12512
2.87665
2.87795
4.01984
2.75236
3.55933
3.75866
2.52835
3.54915
4.35821
3.16374
3.27629
3.00126
3.22981
2.80416
3.75532
2.61695
3.18195
3.07826
3.76401
3.49346
2.86262
3.54864
3.69654
2.80902
2.85336
3.01244
3.30182
3.7466
3.53509
3.18229
3.57716
3.20726
3.14675
3.52479
3.36065
3.06579
2.95376
2.74305
2.75703
3.11599
2.71906
2.66003
2.88394
3.40365
3.01912
2.78361
3.03501
3.04307
2.46334
3.34666
2.97279
2.63709
3.06053
3.42766
3.16132
2.76922
2.82232
3.00949
2.98844
3.74614
3.55409
2.842
3.42071
4.42455
3.33725
3.19378
3.10897
3.38927
3.31458
2.61674
2.81909
3.02666
3.09817
2.70834
2.93508
3.59184
3.33763
2.01968
2.79226
2.67763
2.45879
2.73309
2.91597
3.11033
2.99744
1.86767
3.08554
3.12105
3.06198
2.26971
2.83115
2.96485
2.64288
2.52289
3.5242
3.26644
3.02922
3.43023
3.00181
2.7646
2.70054
2.85423
3.63367
3.4896
3.07002
3.04
3.22612
3.40385
3.73264
3.79332
3.97761
3.51208
2.37219
2.67154
3.11744
2.2959
3.36726
3.21084
2.30929
3.58083
3.2271
2.70051
2.51473
2.46165
2.43151
2.58478
2.58223
2.56696
2.50826
2.11821
2.82703
3.02528
3.60779
3.41752
2.33422
3.41793
3.44675
3.4222
3.72938
4.07235
3.21555
3.17134
3.88166
3.17165
3.23708
3.57233
3.45613
3.12853
3.08521
3.18901
2.96758
3.20452
3.52118
3.5353
3.00911
2.98054
2.92845
3.11839
3.01465
3.03769
3.07415
2.93853
3.04364
2.89385
3.81857
2.80853
3.35101
3.84242
3.57813
3.01908
3.57922
2.81141
3.08492
3.07938
3.27317
3.02033
3.26393
3.61078
3.20073
3.0021
2.83842
2.79279
4.47301
2.94082
3.19278
3.4822
4.08958
3.48609
4.05423
3.11754
3.21812
3.42995
2.86016
2.90082
3.71356
2.64378
3.03315
3.31182
3.84699
3.71277
2.72014
3.37221
3.06787
3.06076
2.8804
2.94984
3.06857
3.90248
3.8381
3.3339
3.13096
3.14847
3.23667
3.24021
2.91539
2.88698
3.0457
2.74647
2.86408
3.18547
2.92639
2.65341
3.02234
3.00558
3.18554
2.99941
2.98279
3.24569
2.66435
3.06363
3.05746
2.51856
3.51316
2.80886
2.96569
2.7594
2.92261
3.37032
3.18031
3.4524
3.65895
3.25185
3.4243
4.20998
3.30527
3.20442
3.03165
3.09458
3.8527
2.63186
2.9732
3.04386
3.15011
3.17496
2.86463
3.46475
3.72343
