1.96668
2.77449
2.3619
2.17311
2.48626
2.62578
3.09768
2.94702
1.84436
2.94699
3.01433
3.26765
2.59171
3.0093
3.2509
2.52464
2.69136
3.0907
2.88496
2.87775
2.61019
2.92478
2.62568
3.31069
3.10879
3.78249
2.69749
3.14313
2.84975
3.34568
3.3829
3.47516
3.39213
4.23758
3.26033
2.69069
2.67659
3.0292
2.46346
3.14378
3.05199
2.93977
3.68304
3.52006
2.51702
2.87944
2.85831
2.31494
2.86014
2.52729
2.78219
2.67762
2.0457
2.98913
3.03865
3.12692
3.02708
2.63872
3.58853
3.08591
3.44797
3.56353
3.81926
3.21793
3.17976
2.99912
3.17563
2.97093
3.56013
3.50938
3.42993
3.28283
2.96006
2.83945
3.43255
3.29381
3.24773
2.92354
2.97286
3.0887
2.74467
2.9804
2.83296
2.98739
2.93328
2.77134
2.91592
3.10882
2.7601
3.49344
3.54707
3.50601
2.67929
3.23449
2.69262
3.01157
3.35371
3.41757
3.41546
3.43968
3.68748
3.55816
3.07475
2.99129
2.93883
3.40686
3.22029
3.32152
3.42663
2.64744
3.55558
3.67579
3.46175
3.16027
3.21096
3.22035
2.81789
2.85168
1.92277
2.88383
3.05883
4.02962
3.7952
2.93922
3.63717
2.96746
2.71644
3.35037
3.38765
3.68933
3.66706
3.75747
3.2739
3.377
3.144
3.21009
2.94115
2.90362
2.93702
3.27998
2.69649
2.82452
2.91825
2.80426
2.89511
3.09473
3.5214
2.99648
3.02774
3.11495
3.08487
2.63209
2.56368
3.30636
2.43905
2.83658
2.80149
2.80639
2.71804
2.594
3.26735
2.9573
3.35624
3.26783
3.08195
3.30467
3.83478
3.55816
2.96741
2.87691
3.20034
3.57247
3.22563
2.79648
3.53893
3.16613
3.68421
3.02503
3.68092
3.52329
1.92917
2.12218
2.36272
2.22034
2.44851
2.49274
2.92371
2.98103
1.93108
3.17711
2.78432
3.03595
2.24233
2.61388
2.66217
2.70592
2.55971
3.26424
2.72098
2.77366
3.06653
2.75723
2.73328
2.84254
3.14236
3.53481
3.1083
2.97264
3.01381
3.40679
3.26259
3.8487
3.25727
3.57673
3.15019
2.80778
2.59752
2.92782
2.58261
3.1338
3.17088
3.08154
3.14628
3.44232
2.85014
2.51976
2.9618
2.59761
2.34535
2.63152
2.85718
2.52825
2.18621
3.25
3.31416
3.02894
3.50865
2.01935
2.91304
3.01522
3.4503
3.41255
3.67702
3.50646
3.26002
2.87391
3.1997
2.96575
3.56512
3.33534
3.11585
3.48424
2.91441
3.04558
3.13824
3.46809
3.3699
3.04795
2.73556
2.95549
2.72115
2.85204
3.00242
3.40374
2.8476
2.99224
2.89294
3.23322
2.82558
3.06692
3.40065
3.47498
2.62343
3.24369
2.9524
2.93432
3.02798
3.44421
3.50975
3.11652
3.47851
2.86736
3.01603
3.09715
3.35755
3.7374
3.23185
3.48484
4.03394
3.28896
4.01058
3.84644
3.06857
3.07026
3.28545
2.88885
2.73212
3.10823
2.04385
2.69964
2.62492
4.14463
4.2308
2.80359
3.49621
3.73623
3.40064
3.26622
3.02621
3.33337
3.85524
4.00733
3.28555
3.20276
3.13507
2.99689
3.40002
2.80181
3.02794
3.03298
3.12247
2.77641
2.72728
2.83107
2.91095
2.71062
2.91214
3.03164
3.025
3.20622
3.40409
2.49201
2.39991
2.61865
3.49106
2.78078
2.79172
2.60872
2.84379
2.7551
2.67719
3.32893
3.55903
3.58191
3.39436
3.14666
3.92927
3.29637
3.39451
2.83599
2.87931
3.94007
2.82018
2.46104
3.18399
3.39862
3.56821
3.21557
3.42781
3.346
