1.94007
2.94239
2.28916
2.37666
2.78423
2.99919
3.20243
3.06535
1.83701
2.99909
2.93956
3.39853
2.59132
1.8296
3.22138
2.7752
2.58422
3.743
2.72897
2.85901
3.09587
3.28156
2.99402
2.71482
3.34359
3.92909
3.08517
3.01135
2.97173
3.10639
3.68147
3.61855
3.49862
4.03132
3.32454
2.2882
2.86976
3.33328
2.76777
3.33143
3.19998
2.62119
3.87081
3.41752
3.13896
3.19734
2.75449
2.20711
2.87003
2.75191
2.35873
2.26674
2.18154
3.12586
3.30174
3.19026
3.36198
1.96909
3.56104
3.22851
3.77119
3.64902
3.88498
3.37349
2.87128
3.13938
3.3902
3.11212
3.73078
3.81463
2.99171
3.04909
3.12631
3.23509
3.00115
3.33423
3.05822
2.94163
2.81021
3.25358
2.89341
2.79392
3.03642
3.08445
2.6646
2.94238
3.14024
3.6261
2.89965
3.05226
3.65023
3.29212
3.13191
3.38326
2.53913
3.18785
3.02051
3.50346
3.65412
2.94142
3.61645
3.24374
2.60762
2.9151
3.12966
3.60282
3.01095
3.57817
3.71604
2.96682
3.59471
4.33247
3.64325
3.29957
3.23413
3.11394
2.82144
3.3423
2.04458
2.825
2.60059
3.65247
3.63379
2.78173
3.10009
3.27646
2.92067
3.21175
3.03962
3.34142
3.83471
3.92201
3.37697
3.26475
3.6774
3.2
3.55197
3.19446
3.07219
2.95803
2.99723
2.67926
3.60902
2.75994
2.93477
3.13834
3.00489
3.28742
2.94276
3.41268
3.04988
2.46164
2.93537
2.70645
2.99005
3.3168
3.11671
3.09033
2.82593
2.56137
3.05357
3.13498
3.27457
3.60814
3.27249
3.35688
3.40665
3.35365
2.987
2.98707
3.07306
3.9017
2.68258
2.27537
3.5386
3.20787
3.71403
2.89848
3.3275
3.62364
1.89531
2.6718
2.33905
2.33305
2.66416
2.78158
3.53155
3.06052
1.86349
3.04981
2.88356
3.0027
2.77499
2.75154
3.18307
2.61717
2.88087
3.35616
3.06823
2.63134
2.92868
2.90359
2.73546
2.86113
3.11326
3.81452
2.90419
2.82119
3.11816
2.83281
3.4649
3.79636
3.15797
3.93792
3.2761
2.88591
2.91465
3.48917
2.48355
3.34097
3.26776
2.62263
3.67792
3.41631
3.0849
3.28829
2.75813
2.31452
3.20676
2.64589
2.35779
2.39558
2.24263
3.03135
3.28251
3.46841
3.358
1.79577
3.78258
3.55079
3.6872
3.55348
3.77087
3.30326
2.97144
2.72472
3.00234
2.94353
3.49594
3.67875
2.86795
3.29028
3.16854
2.79948
2.92591
3.39299
3.10724
2.93078
2.91873
3.03396
3.00996
3.05096
3.28806
2.94275
3.28202
3.06927
2.96019
3.20319
2.92339
3.23425
3.45474
3.28396
3.09647
3.66485
2.85744
3.17185
2.81257
3.37488
3.03402
2.89924
3.25976
3.18553
2.50253
2.83391
2.93212
4.29203
2.81123
3.41484
3.82266
3.72429
3.31397
4.4803
3.35737
3.09681
3.25744
2.96711
2.91714
3.54548
2.53937
3.14693
2.67953
3.62561
3.46385
2.74048
3.21787
3.27186
3.28069
2.87781
2.99544
3.13715
3.72511
3.72906
3.27521
3.45126
3.43123
3.2024
3.33059
2.92348
2.97919
2.90943
2.95223
2.53978
3.07562
2.869
2.86537
3.03342
2.87477
3.20131
3.11596
3.03981
3.45018
2.56047
3.19705
2.79121
2.99133
3.60845
3.16516
2.93311
3.20403
3.01351
2.90559
3.65955
3.26915
3.87189
2.93003
3.03315
3.64959
2.83562
3.0003
2.825
2.82287
3.77236
2.54355
2.78716
3.45263
2.88939
3.30735
2.83982
3.29493
3.83759
