1.94827
2.369
2.67611
2.30766
2.51849
2.6813
2.90025
3.00093
1.91865
3.37119
3.22052
2.94182
2.65212
2.52199
2.83206
2.61878
2.72023
3.0015
2.86791
2.99769
3.19384
3.34848
2.7836
3.34614
3.17482
3.81322
3.10691
2.98546
2.70464
3.40205
3.08255
3.51102
3.54147
4.25683
3.30375
2.67217
2.77892
2.9299
2.78194
3.0106
3.15936
2.77946
3.30767
3.1882
3.18625
2.71413
2.666
2.67869
2.81454
2.78542
2.76758
2.74831
2.2345
3.06859
3.07523
3.46466
3.69697
2.04669
3.6805
3.23111
3.38992
3.42083
3.64282
3.29598
3.01203
2.83287
3.47942
3.09154
3.42089
3.95107
3.24848
3.31528
3.18503
2.82145
3.00092
2.87486
3.37232
3.34435
2.84589
3.21139
2.70591
2.81191
2.91884
3.01906
3.03212
2.84907
3.1333
3.39288
3.01744
3.18686
3.23886
3.67666
2.65918
3.48865
3.45228
2.88378
3.03071
3.41943
2.94366
3.31179
3.34462
3.23396
2.99478
3.10859
2.73906
4.09911
3.31346
3.29623
4.16105
2.30164
3.52618
4.10189
2.98043
2.87627
2.67433
3.03929
2.84235
3.27608
1.89168
3.04852
2.74578
3.33345
3.6833
2.88512
3.42718
3.0517
2.77219
3.32028
3.13778
3.37835
3.66458
3.74773
3.54919
3.37247
3.18442
2.93632
3.47892
3.10986
3.1087
2.78791
2.79314
2.7432
3.21934
2.92678
2.75997
2.77788
3.03051
2.8386
3.15505
2.95079
3.41625
2.66704
2.75682
2.79232
2.54602
2.80689
2.84054
3.20521
2.94279
2.83101
2.89978
3.13463
3.14195
3.8653
2.55961
2.96954
3.81503
3.0323
3.05832
2.77942
3.04089
3.63061
3.02365
3.28852
3.43557
3.22581
3.81568
2.65609
3.02327
3.24273
1.97775
2.77096
2.81972
2.42498
2.6327
2.79801
3.13307
3.08344
2.04859
3.15629
3.26904
2.89966
2.41594
2.67308
3.02932
2.67797
2.70718
3.26127
2.68687
2.6704
3.20308
2.97988
3.03245
3.08418
3.44134
3.53081
2.7922
3.47094
2.95937
3.17257
3.46177
3.85365
3.98234
3.80781
3.41221
2.6276
2.858
3.34822
2.85908
3.20014
3.20243
3.00577
3.34067
3.29722
2.90167
3.02539
2.76307
2.75463
2.63978
2.86446
2.86478
2.74113
2.24273
3.20173
3.18673
3.52276
3.05248
2.35041
3.92413
3.03448
3.75169
3.51259
4.28814
3.03273
3.10751
3.31641
3.32528
3.05986
3.62724
3.77492
3.54354
2.90369
3.12791
2.89071
2.88589
3.00205
3.54976
3.26463
3.11156
2.88898
3.14674
2.87864
2.99262
2.86308
2.98865
3.00365
3.38005
3.23509
2.7598
2.95703
3.63862
3.76281
2.47279
3.30754
2.87039
3.01842
3.43008
3.46952
3.10093
3.22634
3.35094
3.46246
2.35541
2.88792
3.05136
3.64906
2.93547
3.22479
3.30892
2.95036
3.17678
3.65676
2.90813
2.67151
2.80574
3.38696
2.94356
3.41354
2.20838
3.00286
2.94684
3.29091
4.00108
3.04166
3.14593
3.65254
3.02069
3.14598
2.96551
3.27115
3.8202
3.44498
3.36659
3.18815
3.57581
2.99216
3.47709
2.8969
3.14304
2.9709
2.64873
2.91706
3.02132
2.84504
2.77725
2.80616
3.18651
2.82457
3.15013
3.02966
3.08293
2.67877
2.8843
3.07399
2.99013
2.9721
3.10918
2.79325
2.85991
3.05155
3.13496
3.13728
3.53839
3.71842
3.58598
3.20935
3.68481
3.03967
3.03884
2.88097
3.14972
3.90653
2.89383
2.88059
3.20413
3.00751
3.80197
2.69574
3.65318
3.71495
