1.99501
2.87096
2.29615
2.33112
2.73416
2.88578
2.95044
2.95614
1.88107
3.07284
2.97505
3.07376
2.29297
2.47049
2.98001
2.74755
2.72517
3.129
2.39679
2.85504
3.10544
3.5119
2.9701
2.89461
3.09996
3.69376
2.90499
3.05975
2.62807
2.78302
3.24724
4.05101
3.03389
3.60489
3.07659
2.45891
2.64746
3.03673
2.24683
3.04127
3.25075
2.36471
3.34434
3.2763
2.64497
2.55438
2.29717
2.51336
2.45704
2.49628
2.62827
2.45026
2.18126
2.88902
2.9777
3.25136
3.84071
2.20327
3.64305
3.41256
4.00791
3.62639
3.89424
3.21959
3.23118
3.14694
2.88658
3.05134
3.52347
3.22188
2.93229
2.8455
2.99043
3.01859
3.01792
3.45247
3.06995
3.23058
2.63751
3.01246
2.91366
3.01931
2.91541
2.89326
2.74291
2.89409
2.93516
3.49697
2.64667
2.97262
3.47427
3.09785
2.67252
3.53069
2.53863
3.01873
3.19908
3.20553
3.08368
3.3106
3.47292
3.4853
2.78101
2.84356
3.11179
4.14989
3.16141
3.25355
3.64935
2.85208
3.20409
4.50074
3.14446
2.90397
3.22653
2.79411
2.75323
3.29181
2.72696
3.20534
2.73656
3.15792
3.53192
3.14855
3.4444
2.69498
2.37866
3.1725
3.00986
3.20276
3.47858
3.77319
3.28767
3.09399
3.43902
3.2487
3.26922
2.7958
2.93454
3.01518
3.03273
2.83504
3.02541
2.89699
2.72985
2.68389
3.27056
3.06663
3.07209
3.14109
3.05381
2.89648
3.20484
2.73056
2.17779
3.33632
3.20954
2.86526
2.8702
2.39074
2.84228
2.88527
2.84459
3.93279
3.78165
3.09574
3.36698
3.6513
2.96081
2.72484
2.95105
3.54233
3.00775
2.64635
3.62034
2.8813
3.49292
3.07875
3.44352
3.76476
1.87006
2.87771
2.48073
2.2385
2.53704
2.76701
2.75862
2.99477
1.84864
2.80766
3.34786
3.34468
2.56697
2.56934
2.60425
2.41695
2.70647
3.69258
2.5301
2.71903
2.74791
3.58474
2.98739
2.7498
3.12075
3.37685
2.48484
3.38765
2.97606
2.99014
3.2361
3.74675
3.19402
3.66242
3.01863
2.501
2.38952
3.06605
2.22718
2.79745
3.09718
2.38638
3.28788
3.11376
2.37625
2.55412
2.83656
2.51828
2.46634
2.46681
2.6507
2.56619
2.17933
3.14385
2.95113
3.07471
3.35483
2.68325
3.32722
3.30472
3.49889
3.31149
3.87664
3.20092
2.76007
3.2816
2.94875
2.86796
3.62347
3.15927
2.88098
3.25987
3.11223
3.00458
2.78162
3.25169
3.04727
3.04661
2.82943
3.33789
2.82911
2.82292
2.92109
3.02168
3.01405
2.82632
2.84613
3.28133
3.28452
3.16455
3.20332
3.03388
2.82766
3.50425
2.69118
2.83329
3.21519
3.10782
2.90134
3.28523
3.35076
3.34067
2.92991
2.86991
3.10105
4.25807
2.86473
3.21094
3.88283
3.49387
3.37872
4.32676
3.12577
3.07827
3.25738
3.05983
2.77074
3.35965
2.73093
3.44745
2.80203
3.56053
3.19381
2.66528
3.17379
2.98022
2.81703
3.09997
3.10279
3.08021
3.47383
3.48873
3.39136
2.92174
3.77691
2.96776
2.93774
2.84337
2.9802
3.18291
3.00976
2.74559
2.93024
2.94912
2.56569
2.69798
3.11804
3.11995
2.96049
3.24595
3.19693
2.45456
3.2037
2.74973
2.57119
2.72815
2.61568
2.62302
3.24427
2.70058
2.93034
3.08583
2.98484
4.02146
3.4049
3.18407
3.60508
3.32522
2.92857
3.08905
2.85802
3.49566
2.66563
2.69696
3.18957
2.97213
3.52589
2.84151
2.96407
3.77791
