1.72431
2.66059
2.46095
2.1046
2.32358
2.61592
2.83823
2.82091
1.85757
3.05456
3.01007
3.02283
2.51829
2.89508
2.69652
2.51461
2.5518
3.06185
2.98495
2.71215
3.39311
3.17601
2.91182
2.83997
3.10966
3.60584
3.19312
3.14604
3.3029
3.28387
3.52371
3.77758
3.21344
4.27085
3.13745
2.51527
2.44873
3.26562
2.40609
3.17292
3.29118
2.58169
3.15057
3.27209
3.29088
2.6694
2.77879
2.53624
2.72891
2.85021
2.65613
2.75677
1.94524
3.29803
3.10747
3.43142
3.49919
3.13116
3.14733
3.03709
3.57781
3.63176
3.22311
3.18624
3.72286
3.54686
3.21166
3.39308
3.54417
3.59989
3.26916
3.7836
2.99909
3.64278
3.30844
3.82896
3.47042
3.25895
2.76177
2.76294
3.23291
2.76663
2.99941
3.30694
3.18556
3.03308
3.43195
3.54412
3.26453
3.38546
3.67711
3.06869
3.00694
4.04489
2.47439
3.17261
3.05745
2.94494
3.32029
3.51681
3.6661
3.24885
2.89229
2.69275
2.95775
4.06946
3.21932
3.32663
3.85099
4.18817
3.30539
4.45977
3.5879
3.07285
3.50297
2.85529
3.05525
3.1716
2.26533
3.00376
2.19546
4.0318
3.49477
3.09637
3.45665
2.73807
2.81477
3.05526
3.10949
3.35004
3.78413
3.57531
3.29176
3.23867
3.07138
3.50819
3.29502
3.23013
3.08798
3.13032
2.94172
2.91153
3.27519
3.01551
2.75505
2.80637
3.18344
3.42956
2.93039
3.20879
2.89219
2.53817
3.08221
3.1378
2.25404
3.46357
2.66128
2.54403
2.65498
2.69583
2.81344
3.39247
3.2642
3.85101
4.01175
3.55989
3.01489
3.26771
3.35311
3.42061
3.39213
3.816
2.80281
2.48743
3.33227
2.88864
3.24161
2.59118
3.46098
3.33483
1.88557
2.56179
2.27446
2.24234
2.45406
2.82323
2.54386
2.84866
1.76095
2.92833
2.61562
3.31468
2.4126
2.73703
2.99218
2.99205
2.55206
2.54966
2.49645
2.55274
3.14332
2.95116
2.89998
2.9006
3.07024
3.47908
2.55088
3.18973
3.1135
2.79105
3.28312
3.73364
3.5187
4.11304
2.95213
2.4592
2.54659
2.94372
2.30965
3.13966
3.60904
2.57451
2.94357
3.4694
3.13908
2.6174
2.62591
2.28992
2.71514
2.76295
2.71694
2.50569
1.98252
2.70908
3.06309
3.13358
3.65652
2.15097
3.27817
3.21543
3.7882
3.68174
3.36021
3.15867
3.09223
3.43373
3.19871
2.87938
3.68417
3.57187
3.12216
3.62692
3.11661
2.58359
3.12547
3.33909
3.05987
2.76563
2.93648
3.28497
2.7418
2.94512
2.85645
3.0364
2.84142
3.42356
3.07548
3.86298
3.10774
3.8282
3.54743
3.15352
2.98381
3.34521
2.44031
3.11064
3.19229
2.89542
2.80875
3.48003
3.24537
3.21073
2.32169
2.67556
2.84514
4.27111
2.81426
3.45124
3.43103
3.93111
3.2486
4.44007
3.48223
2.87043
3.22139
2.6702
2.73005
3.17512
2.96769
3.07283
2.84774
3.5208
3.58966
2.68332
2.806
3.00404
3.32638
2.91597
2.96501
2.89536
3.59079
3.68625
3.12223
3.23446
3.1597
2.92064
3.21648
3.07797
3.16381
3.20995
3.04575
2.59475
3.35253
2.53603
2.73976
2.94188
2.94492
3.06971
2.98157
3.11819
3.02525
2.82777
2.66483
2.7735
2.66551
3.22519
2.70779
2.72262
2.79449
2.61967
2.85827
3.15785
3.08497
3.82868
3.58248
3.11296
3.0935
2.93418
3.21086
3.68924
2.95228
3.75077
2.42979
2.47264
2.87267
2.94841
3.27553
2.55869
3.50102
3.78299
