1.97682
2.99774
2.5807
2.21698
2.46075
2.71502
3.05347
3.13651
1.39927
2.84271
3.17038
2.99016
2.38382
3.28761
2.76273
2.53933
2.6553
3.07698
2.44662
3.01806
3.43757
3.23987
2.83277
2.78171
3.44023
3.56286
2.88042
3.35899
2.85347
3.33237
3.74175
3.99943
3.77575
4.33491
3.42958
2.54899
2.60137
2.83719
2.56488
3.24405
2.86977
2.36375
3.42067
3.08439
2.59538
2.42989
2.5871
2.33744
2.8044
2.77254
2.39802
2.45434
1.98831
3.17564
2.98314
3.42466
3.55769
3.21807
3.94597
3.29993
3.3362
3.53006
3.67916
3.22801
2.72377
2.50144
3.04227
3.05542
3.48366
3.03424
3.10119
3.07925
2.80681
2.88959
3.51158
3.24485
3.19442
3.11987
2.93774
3.04907
2.78932
2.7371
2.94404
2.87538
2.63278
2.75965
2.86718
2.92366
2.91695
2.97406
3.05503
2.96241
2.90075
3.12911
2.68936
2.98077
3.17381
3.47176
2.84946
3.16598
3.55125
3.31808
2.56023
2.77815
2.95724
3.99951
2.82595
3.20246
3.13438
3.42728
3.33486
3.76842
3.51192
2.79103
2.97295
2.50362
2.74684
3.64664
2.72016
3.17859
3.51013
3.58466
3.53529
2.67193
3.16018
3.94597
3.19597
2.93981
3.28238
3.71569
3.47555
3.91736
3.288
3.60003
3.05049
3.33024
3.20103
3.25521
3.17268
2.98243
3.10621
2.74546
3.01311
2.78179
2.91091
2.82285
3.19205
3.13846
3.16657
3.24525
3.04372
2.65144
3.29197
3.19037
2.69676
2.86097
2.45787
2.54691
3.18204
3.06799
2.83223
3.1588
3.58873
3.41819
2.87021
2.99
3.57801
3.12915
3.58088
2.88046
2.92868
3.54502
2.3847
2.95885
3.11649
2.99347
3.58428
2.77521
3.15203
3.64938
1.81994
2.66809
2.35248
2.2784
2.49872
2.56611
3.12858
3.0416
1.4675
3.08346
2.82062
3.48855
2.4388
3.18846
2.92428
2.66171
2.6554
3.23121
2.33366
2.72625
2.67735
2.9464
2.74446
2.79229
3.3825
3.52089
2.95452
3.49197
2.63529
3.06623
3.41035
3.76093
3.62252
4.03025
3.00316
2.74707
2.62345
3.07612
2.34479
3.03408
3.0542
2.48981
3.43086
3.16798
2.64608
2.46134
2.53443
2.63206
2.66296
2.73182
2.6301
2.52189
2.02281
2.90405
2.77194
3.58904
3.39696
2.63457
3.79527
3.46992
3.87315
3.71234
3.76093
3.06221
2.85358
2.62463
3.14767
2.98991
3.55381
3.27887
3.14438
2.96125
3.08653
3.0234
3.07904
3.29559
2.99992
2.9716
2.84944
2.88416
2.5932
2.63563
2.89008
2.95541
2.83537
2.8292
2.91769
3.23442
2.71119
3.11291
2.89913
2.92184
2.74112
3.46272
2.71812
3.03827
2.96597
2.77047
3.1086
2.89553
3.94305
3.15692
2.18213
2.98676
3.2663
4.10046
3.1401
3.37528
3.94531
3.27582
3.52771
4.01613
3.45226
2.77959
2.73692
2.78261
2.818
3.54843
2.3414
2.79854
2.91941
3.75572
3.57988
2.73188
3.19852
3.97562
3.2708
3.32805
3.10697
3.0959
3.32156
3.74753
3.20181
3.31739
2.86843
3.22177
3.04051
3.17475
2.68955
3.01111
2.86518
2.41197
3.04762
2.65314
2.64887
2.7255
3.0763
2.9119
2.91277
2.92779
3.17349
2.61021
3.49561
3.02641
2.89696
2.96193
2.93912
2.58886
2.6888
3.28731
2.8407
3.83615
3.68946
3.24776
2.87353
3.3925
3.54288
3.2834
3.06571
2.59341
2.62455
3.83973
2.73874
2.66419
3.31828
3.29427
3.43962
2.54331
3.53691
4.00566
