2.03456
2.55214
2.43676
2.41072
2.61221
2.86577
3.49307
2.86248
1.92323
2.99854
2.71011
3.06957
2.75387
2.80947
2.80201
2.54912
2.74872
3.34515
2.78034
2.58297
3.32831
3.1141
2.81034
2.59457
3.04849
3.15543
2.60073
2.76712
3.16515
3.16191
3.13732
3.90813
3.28769
3.49238
2.87408
2.54105
2.98872
3.22255
2.92191
2.90796
3.15465
2.5679
3.20378
3.14706
2.77571
2.20169
2.48084
2.63635
2.4373
2.51463
2.82314
2.56403
2.1772
2.88951
2.98692
3.31552
3.58838
2.64838
3.01973
3.04933
3.34557
3.20992
3.33009
2.96119
3.10129
3.08382
3.08044
3.00448
3.21825
2.96599
2.95761
2.96741
2.86539
3.30393
3.11384
3.36282
3.02433
3.10939
2.88823
3.18091
2.54241
2.74182
3.08483
2.9531
2.95099
2.78876
2.86855
3.62453
2.94169
2.9844
3.28934
3.09017
2.65819
3.06212
2.62855
3.25027
3.10578
3.16184
3.20675
3.02298
3.38067
3.34363
2.34796
2.75004
3.00154
3.25629
3.47999
3.07
4.26744
2.3586
3.09252
2.54081
3.58791
3.48339
3.1474
2.7464
2.60858
3.13878
2.26207
2.88738
2.67531
2.93146
3.56572
2.99745
3.45039
3.17477
2.88309
2.93764
3.13694
3.49857
3.4026
3.43845
3.24493
3.35576
3.37262
3.43574
3.20444
3.1037
3.04625
2.93283
2.83431
2.57542
3.17243
2.7627
2.60685
2.97922
2.99075
2.94167
3.09747
2.87881
3.06475
2.36958
3.15215
3.11808
2.75665
2.78624
3.12326
3.02094
3.03669
2.77672
2.96049
2.88784
3.48471
3.48722
3.23546
2.93633
3.40968
3.06098
3.02185
2.97515
2.66477
3.39843
3.00068
2.91474
3.52123
3.47601
2.97257
2.97883
3.29356
3.0446
2.10334
2.74979
2.38679
2.50599
2.61408
2.84056
3.39796
2.86003
2.03716
2.95963
3.07536
3.01766
2.56977
2.5519
2.90822
2.37119
2.53425
3.22577
2.70121
2.85426
3.08
3.13615
2.74959
2.57333
2.87699
3.85314
2.64484
3.29816
2.85182
2.96564
3.05368
4.01171
3.29301
3.59902
2.89769
2.48499
2.76625
3.1768
2.73469
3.26794
3.28596
2.65582
3.56349
3.13711
2.79267
2.81777
2.37846
2.55529
2.55505
2.28375
2.74788
2.51095
2.05145
3.13964
2.94082
3.37838
3.42094
2.54269
3.32912
3.16443
3.27137
3.6402
3.44907
3.204
2.9777
3.49026
3.22618
2.8628
3.40548
3.34828
3.04239
3.02602
3.05474
2.92272
3.20897
3.07063
3.11815
3.11043
2.83156
2.86471
2.7196
2.76517
2.94445
2.95573
3.16563
2.953
3.25039
3.691
3.55185
3.30862
3.60315
3.02889
2.5282
3.32659
2.27276
2.85231
3.09757
3.38431
3.27542
3.45699
2.8761
3.41054
2.30928
2.96161
2.61749
3.31851
3.61908
2.84658
3.45641
2.4914
3.19409
3.69358
3.49486
2.95936
3.34592
2.5683
2.51752
3.06931
2.78596
2.96933
2.85088
3.34978
3.674
2.87085
3.34757
3.08362
3.31977
3.01835
2.84942
3.13152
3.58821
3.2962
3.11043
3.40751
3.15471
3.26167
3.17894
3.13973
2.82102
3.27883
3.059
2.96178
2.8694
2.86253
2.66535
3.10445
3.03577
2.81173
2.76488
3.08598
2.96694
2.35946
3.50464
3.29985
2.61541
2.95813
2.83968
2.96438
2.97284
3.02389
2.67187
3.27521
3.56691
3.82323
3.06876
2.88957
3.26797
3.2354
3.13728
2.63718
3.05761
3.92652
2.95705
2.86787
3.03098
2.98754
3.08562
2.96265
3.14139
3.16701
