2.03716
2.78483
2.63753
2.51483
2.66616
3.0459
3.08407
3.02205
1.8533
2.95857
3.05243
3.25404
2.60111
2.96582
2.89942
2.51321
2.92659
3.3766
2.67451
3.04773
3.17289
3.30188
2.99265
3.07193
3.76716
3.76547
3.29047
3.28166
3.13887
3.36362
3.73713
3.83131
3.42951
4.09292
3.77519
2.91049
2.80329
3.34323
2.78728
3.31644
3.34573
3.03928
3.67411
3.40228
3.27499
2.93809
2.78843
2.60736
3.03999
3.02721
2.62113
2.71153
2.16938
3.13473
3.13546
3.37755
3.81549
2.03309
3.33582
3.6346
3.79555
3.87991
3.905
3.36959
3.34506
3.03437
3.55074
3.18593
3.79464
3.89375
3.38527
3.72703
3.09946
3.17312
3.41394
3.40581
3.43717
3.33971
3.29002
3.42992
3.05214
2.99346
3.04491
3.37121
3.4085
3.11061
3.42806
3.85492
3.0637
3.01201
3.6633
3.37787
3.10765
3.0476
2.77711
2.94243
3.13553
3.57138
3.30919
3.67332
3.96491
3.63332
2.79178
3.32298
3.53328
3.20324
3.5123
3.47341
3.79199
2.32076
3.86161
4.04365
3.54868
3.27142
3.3962
3.30177
3.23717
3.58899
2.8505
3.44485
2.88659
4.28205
4.08323
3.19215
3.71133
4.08015
3.04885
3.3433
3.40959
3.36847
3.9843
3.91059
3.57417
3.57116
2.92962
2.94799
3.75835
3.28689
3.29183
3.24536
3.25562
2.6762
3.27647
3.12478
3.24591
2.84443
3.46689
3.39772
3.34015
3.32795
3.32937
2.52961
3.83582
3.11854
3.03494
3.22221
3.1483
3.00742
2.70325
2.91474
3.49011
3.45392
3.45374
3.93656
3.03733
3.04583
3.7463
3.33118
3.24393
3.09787
3.02959
3.96637
2.87155
2.73752
3.49452
3.37237
3.82519
2.85734
3.56228
3.85577
2.11708
3.0225
2.52665
2.41141
2.56089
2.94851
2.98918
3.02285
1.89141
3.08784
2.97322
3.35434
2.67979
2.95049
3.23684
2.86381
2.90361
3.09382
2.78288
2.80434
3.29191
3.64666
2.82403
3.19881
3.39636
3.62483
3.23346
3.49155
3.25428
3.22445
4.01775
3.95484
3.68361
3.85318
3.26358
2.76213
2.80138
3.42346
2.64117
3.33678
3.42012
2.89047
3.58793
3.53124
3.04848
3.00363
2.87418
2.57397
3.06206
2.9418
2.88422
2.88402
2.1909
3.09342
3.1346
3.52253
4.1321
2.17455
3.62674
3.41276
4.14205
3.87799
4.00864
3.53883
3.05313
3.29334
3.42338
3.32545
3.79407
3.76357
3.41762
3.68724
2.97732
3.29
3.29959
3.63371
3.2412
3.21708
3.128
3.3637
2.97564
3.13376
2.95936
3.35132
3.01471
3.11526
3.02034
3.82974
3.50266
3.22289
3.40821
3.36157
2.96174
3.20746
2.85118
3.18332
3.39416
3.55679
3.83503
3.53905
3.63147
3.9417
2.98608
3.07102
3.47107
3.87959
3.30736
3.48549
4.12363
2.86346
3.91228
4.10051
3.72276
3.38414
3.65919
3.00675
2.99902
3.46953
2.598
3.34764
2.98719
4.41381
4.1784
3.09014
3.6354
3.57946
3.62383
3.27362
3.41364
3.4558
4.15655
4.03967
3.64989
3.63245
3.16003
3.06878
3.70544
3.36254
3.773
3.59199
2.81145
2.77519
3.11327
2.98243
2.98797
2.94098
3.60439
3.49339
3.25994
3.45886
3.09153
2.83186
3.75142
3.21975
3.51115
2.96767
3.18259
3.23651
3.1203
3.4551
3.07669
2.8801
3.66823
3.86924
3.35078
3.11707
3.85901
3.54424
3.33973
3.11089
3.07246
4.03695
3.26692
2.72153
3.66468
3.23073
3.5048
3.17174
4.06779
3.98581
