1.85551
3.03596
2.31672
2.19161
2.50375
2.82867
3.32493
2.98175
1.81164
3.01284
3.15397
3.15371
2.73956
2.73734
2.68899
2.88662
2.77478
3.2835
2.61923
2.44639
2.74901
3.09615
3.19909
3.19774
2.97265
3.81649
2.86393
2.71656
3.12667
3.35103
3.56956
3.47477
3.50086
3.68646
2.89646
2.51514
2.86458
3.16131
2.73655
3.38949
3.32091
2.58691
3.60244
3.53242
2.50312
3.01358
2.80332
2.17964
2.59106
3.03188
2.56754
2.57941
2.26221
3.08514
3.01804
3.19488
3.32249
1.83547
3.68323
3.46066
3.30176
3.64946
3.57524
3.07643
2.9781
2.88614
3.13668
3.12611
3.33378
3.47268
3.0288
3.10521
3.30411
3.13733
3.60372
3.33694
3.23095
3.28269
3.15093
3.24362
2.85659
3.00981
3.00058
3.16
3.2843
2.91716
3.47979
3.50923
2.78768
3.13606
3.67333
3.68893
2.84978
3.33094
2.78213
2.77002
3.25012
3.34666
3.31992
3.23362
3.4181
3.35981
2.64101
2.98767
3.0979
3.80808
3.75717
3.41978
3.62936
3.02505
3.60901
4.50768
3.85479
3.20552
3.73679
2.77358
2.77511
2.65771
2.29985
3.27479
2.84133
3.64139
4.40167
2.6613
3.13412
3.17563
2.82278
3.32803
3.13655
3.10118
3.84271
3.83508
3.07048
3.42409
3.03214
3.15996
3.64229
2.98102
2.81533
2.8631
3.45607
2.87209
3.14402
2.94625
3.05539
2.78486
2.81023
3.19016
3.06032
3.09537
3.20568
2.69008
2.87819
3.00798
2.63902
2.80375
3.25108
2.9542
2.83211
2.92654
2.77995
2.94576
3.43323
3.9934
2.8428
3.40539
3.62019
3.30488
3.22577
2.65121
2.97986
3.655
3.08091
2.75026
3.30602
3.15432
3.71071
3.03808
3.35482
3.52493
2.08181
3.15406
2.4265
2.34587
2.53183
2.6919
2.95422
2.89832
2.11392
2.95193
3.37985
2.98969
2.30345
2.74139
2.82685
2.63455
2.75849
3.102
2.59152
2.66268
2.62576
2.77854
2.95199
3.07158
3.23729
3.78284
2.77176
3.43667
2.69329
3.16647
3.43852
3.40628
3.5334
3.7531
3.07334
2.52747
3.03518
3.16903
2.8687
3.4493
3.66101
2.84848
3.28764
3.23187
3.02865
2.75209
2.74231
2.67233
2.82877
2.8524
2.72043
2.69409
2.07994
3.3024
2.95559
3.50426
3.23006
2.66339
2.85915
3.25271
3.59853
3.32737
3.50765
2.80623
3.02434
2.92977
3.24006
3.31916
3.72669
3.59771
3.31444
3.20392
3.10453
2.96634
3.55609
3.43404
3.62256
3.14021
2.83132
2.91164
2.8243
2.92866
2.82052
3.22054
3.10141
3.01928
2.89503
3.76778
2.9954
3.39004
3.5051
3.5203
2.68489
3.72133
2.66323
3.03281
2.98401
2.96929
3.08176
3.8175
3.58255
3.30772
2.80485
3.0753
3.0663
3.8056
3.45147
3.36798
4.13332
3.66812
3.51177
4.59133
3.28898
3.48644
3.5436
2.74139
2.80991
3.25057
2.4343
3.35942
2.76657
3.72384
3.41691
3.00446
3.28304
3.23334
3.52674
3.01002
3.02575
3.18749
3.73363
3.59657
3.16151
3.23962
3.39542
2.99559
3.13495
3.12733
3.12158
3.13704
2.98189
2.60868
3.26604
2.66077
2.91095
2.76503
3.08291
3.14453
3.00903
3.28295
3.20385
2.71019
3.55473
3.50608
3.00913
2.34291
3.21663
2.91987
2.62718
3.53975
2.78304
3.06855
3.56141
3.5261
2.5265
3.35324
4.04313
3.17084
3.28352
2.91921
2.98276
3.51224
2.75704
2.89339
3.26673
3.13583
2.80766
2.96016
3.25082
3.85175
