2.12603
3.02743
2.77707
2.41943
2.64867
2.91629
2.95338
2.84395
1.72321
2.9536
2.69973
2.93401
2.90594
2.39839
3.16732
2.98566
3.04242
3.14045
2.60499
2.87209
3.30954
3.27785
2.71947
3.49235
3.14016
3.2309
3.10426
2.6759
3.3687
3.65655
3.26601
3.81798
3.68747
3.49665
3.11292
2.73725
2.97173
3.4287
2.77717
3.05503
3.36243
2.86351
2.97662
3.1518
3.17337
2.80699
3.16984
2.5558
2.4551
2.74693
2.60184
2.56439
2.14235
3.13618
2.8671
3.5862
3.61546
1.99574
3.40881
3.84701
4.15332
3.71623
3.71678
3.31678
2.9407
3.2719
3.06394
3.19295
3.69892
3.53488
3.18242
3.78066
3.0714
3.10185
3.39355
3.42606
3.61661
3.04497
3.12123
3.4974
3.10731
3.23802
3.06041
3.1162
2.83477
3.0639
3.13375
3.34201
2.92002
2.80391
3.66702
3.42821
2.91436
4.06897
2.74328
2.93956
3.19746
3.02271
3.4192
3.46572
3.52458
4.04933
2.91158
3.11894
2.75187
3.70941
3.52709
3.5357
3.94571
3.06315
3.52618
3.84522
3.59171
3.54934
3.74901
2.72273
2.83616
3.4248
2.37828
2.71094
2.79067
3.48643
4.36485
2.94497
3.82588
3.36774
2.77814
3.42729
3.42375
3.2754
3.71135
3.74889
3.46
3.42001
3.34576
2.90421
3.25683
3.0488
2.92909
3.22774
2.94069
3.07304
3.29695
2.68879
2.89096
2.90761
3.12444
3.36537
3.08447
3.18726
3.21963
2.98307
2.85413
3.09796
2.70444
2.9187
2.8775
2.833
3.23331
2.74897
3.01354
3.0751
3.6327
3.04719
3.98309
2.6253
3.67716
4.05386
3.18981
2.90769
3.09929
3.51737
2.77276
3.24545
3.50093
3.50868
3.27202
3.44959
3.40283
3.4356
2.05833
2.92124
2.51798
2.39508
2.56057
2.79011
3.15928
2.90425
1.78814
3.03564
2.63782
3.26109
2.91396
2.9365
2.82356
3.02853
2.97669
3.31831
2.76663
2.79092
3.13754
2.87951
3.29772
3.30623
2.96702
3.10366
3.03078
3.41061
3.26757
3.26501
3.61823
3.85135
3.41711
3.94864
3.05316
2.30163
2.72997
3.28838
2.45519
3.41677
3.36654
2.68785
3.63401
3.24627
2.61251
3.01583
2.66871
2.47445
2.69826
2.61609
2.46364
2.39646
1.99976
3.01229
3.18413
3.20341
3.70628
2.69118
3.85332
3.70427
4.29011
3.72622
3.91451
3.69722
3.62941
3.10237
3.0199
3.1399
3.53558
3.35353
3.13526
3.39522
3.07087
3.24319
3.36939
3.48749
3.46036
3.11897
3.01663
2.9548
2.96332
3.38419
3.23806
3.27782
3.45685
3.07943
3.07333
3.64958
2.76967
3.02348
3.5901
3.61594
2.91524
4.10621
2.80846
3.01348
3.23654
3.22815
2.86999
3.12808
3.52346
3.39882
2.80944
3.21421
3.1926
4.36248
3.87397
3.48394
3.88577
3.75313
3.87186
4.69675
3.612
3.21947
3.59746
2.62224
2.71829
2.887
2.08344
2.77233
3.57687
3.34726
4.17788
3.12734
3.43304
3.55657
3.05714
3.41807
3.21816
3.49705
3.75063
3.60818
3.41055
3.55179
3.03164
3.22698
3.49325
3.23599
3.92637
3.47906
3.22017
2.83209
3.21548
2.70065
2.79558
2.98774
3.18287
3.00927
3.06726
3.24883
3.2057
3.45567
3.79865
3.04297
2.75758
2.60179
2.80825
3.12334
3.22364
3.20274
3.17198
3.65383
3.68423
3.94167
3.13403
2.99029
3.48011
3.38568
3.28281
2.99692
3.21756
3.69406
2.89698
2.88033
3.56895
3.5811
3.61372
3.37963
3.33408
4.20516
