1.99003
3.05818
2.43892
2.4078
2.61434
3.00596
3.50392
2.99849
1.77533
3.1289
3.00667
3.01296
2.71078
2.895
2.85986
2.76329
2.79828
3.39031
2.8795
3.0715
3.34151
3.23562
2.52326
3.12964
3.03296
3.71964
3.00665
2.64608
2.62578
2.94073
3.59354
3.88362
3.31185
3.94469
3.16599
2.57773
3.03131
3.0187
2.47543
3.38891
3.14393
2.58621
3.70662
3.35976
2.84312
2.66685
2.83554
2.52923
2.4607
2.437
2.3972
2.52714
2.46996
2.90258
3.19931
3.40604
3.43865
2.93186
3.76575
3.27901
3.49508
3.4442
3.66438
2.96608
3.44238
3.37322
3.32079
3.0895
3.25341
3.55932
3.40057
3.27965
3.14675
3.12608
3.7597
3.61887
3.45304
3.37001
3.09743
3.35821
2.91294
2.89587
3.20419
3.27207
3.31248
3.25284
3.24947
3.55135
3.29441
3.95004
3.9048
3.18757
3.10662
3.87267
2.73862
3.14437
3.74468
3.06374
3.48702
3.58118
3.64738
3.37494
3.80284
3.16999
3.62512
3.51697
3.71838
3.65112
3.85199
2.16679
3.64822
3.08313
3.59374
3.31777
3.57988
2.99028
2.94058
3.34175
2.66511
3.36424
3.0066
3.85368
4.21532
3.07301
3.79087
3.15873
3.097
3.56194
3.5037
3.7666
3.67769
3.88654
3.68434
3.60525
3.22478
3.66757
3.51498
3.16574
3.17193
3.32002
2.94243
2.76651
3.18486
2.90769
2.73494
3.0662
3.57156
3.17657
3.09201
3.2593
3.15514
2.39074
2.84191
3.4463
2.56403
3.11721
3.02007
3.32527
2.69236
2.89997
2.93037
3.13844
3.87048
3.39154
3.64413
2.88533
4.14092
3.71369
3.3508
3.09517
3.20104
3.81131
2.87692
2.63887
3.5682
3.18645
3.40532
3.12636
3.31673
3.49517
2.06621
2.63056
2.42891
2.28122
2.77532
2.92714
3.28196
2.8903
1.79321
2.88567
3.13819
3.27774
2.67747
3.32449
3.09717
2.82743
2.60394
3.38565
2.82285
3.07587
3.28536
3.30675
3.23083
2.78643
3.26981
3.93749
2.89454
3.66173
3.16683
3.09261
3.56766
3.96854
3.28685
3.2931
2.98338
2.72865
2.74732
3.08659
2.52895
3.25956
3.35246
2.54203
3.3375
3.40892
2.82126
2.96375
2.58053
2.52435
2.44111
2.80203
2.68484
2.64115
2.22042
3.24563
3.08282
3.80373
3.53646
2.71819
3.4566
3.54351
3.22095
3.27725
3.68076
3.19215
2.87739
2.82643
3.42007
3.1705
3.61467
3.37681
3.33829
3.26718
3.1871
3.38079
3.32
3.30153
3.47232
3.21467
3.18485
3.32983
3.05074
3.35868
3.19793
3.28959
3.0633
3.02451
2.91624
3.72247
2.8738
3.47653
3.73762
3.37674
2.79688
3.81088
2.92955
3.15141
3.24858
3.24185
3.67714
3.44535
3.79451
3.70813
3.25145
3.29644
3.23779
4.14538
3.2363
3.44236
3.72674
2.96148
3.45811
3.08006
3.78829
3.48037
3.84532
3.00297
3.04071
2.97946
2.47463
3.09765
2.87483
3.93448
4.11937
3.08119
3.49006
3.21075
3.22213
3.76282
3.08266
3.39114
3.7989
3.81189
3.32222
3.67727
3.48789
3.18999
3.20325
3.03516
2.75009
2.76305
3.02614
2.8833
3.31548
2.99362
2.86189
2.96662
3.64395
3.3461
3.12439
2.91817
3.1642
2.40852
3.44001
2.88088
2.82757
3.30929
2.89568
3.18658
3.41597
2.96586
3.04159
2.92334
3.7135
3.25923
3.42661
2.85506
4.42247
3.67741
3.26297
2.85638
3.10841
4.09128
3.17486
3.06583
3.42647
3.71794
3.49206
3.75125
3.61594
3.39518
