1.88889
2.66264
2.30827
2.21958
2.43072
2.79821
2.80206
2.95222
1.69744
2.92265
3.33093
3.31705
2.24326
2.38211
2.53852
2.96351
2.59448
3.0362
2.55883
2.75195
3.57592
2.89541
2.95265
3.12917
3.13071
3.5609
2.6604
3.08331
2.95647
3.09715
2.94743
3.62328
3.14008
4.16221
2.99833
2.38568
2.52553
2.95975
2.38894
2.77586
3.08779
2.23688
3.46611
3.08234
2.31196
2.27761
2.40319
2.49748
2.34304
2.59452
2.48435
2.46543
2.04931
3.04682
2.92017
3.49115
3.39787
2.20511
3.63835
3.0646
2.95148
3.65825
3.35081
3.1388
2.87718
3.08143
3.15531
3.03916
3.23035
3.46509
3.14068
3.3097
2.97852
2.7996
3.41481
3.34455
3.12757
2.95804
3.31684
2.9881
2.98653
3.01173
2.9944
3.12511
2.95539
2.79229
2.73484
3.30594
3.33704
2.60815
3.64688
3.31524
3.11976
3.23161
2.75211
3.00557
3.10674
3.22707
3.00029
3.10424
3.21783
3.03063
2.71074
3.2486
3.33924
3.45199
3.39163
3.36144
3.99372
2.85541
3.39164
3.92303
3.2729
3.30277
3.38162
2.9852
2.8023
3.29369
2.61748
3.22256
2.5348
3.5723
3.36675
3.28509
3.5223
3.29911
2.98729
3.19059
3.18585
3.53499
3.49093
3.43111
3.24891
3.10888
3.29854
2.56126
2.89091
2.68945
3.06514
2.78321
2.62147
2.63334
2.86143
2.8211
2.77674
2.69149
3.1893
2.96844
2.94059
2.90672
3.23344
2.33632
2.99272
3.22569
2.7082
3.0792
2.90882
2.68027
2.7795
2.65502
2.58331
3.24112
3.75305
3.33745
2.72047
2.89444
3.28364
3.47783
2.90288
2.6733
3.0459
3.65042
2.8401
3.39254
3.68331
3.1732
3.26825
2.67423
3.25865
3.73198
1.82852
2.32956
2.30601
2.30245
2.60369
2.75854
2.83056
2.81921
1.81108
2.83906
2.80591
3.33348
2.35903
2.74869
2.73985
2.65032
2.54815
3.39684
2.74676
2.38931
2.82272
2.9069
2.64217
2.92302
2.79486
3.1685
2.99281
3.30719
2.35556
2.94598
3.31292
3.97029
3.08173
3.60227
2.96795
2.42699
2.42458
3.04416
2.22246
3.04109
3.40062
2.36737
3.23103
3.14332
2.45884
2.58404
2.31523
2.6164
2.27554
2.62393
2.4554
2.50566
2.3084
2.75041
3.08421
3.55698
3.35527
2.52102
3.09325
3.02573
3.16439
3.66361
3.4896
2.93765
2.70989
3.5241
3.20149
3.13224
3.22611
3.57958
3.19346
3.34497
3.05578
2.92261
3.33216
3.37881
3.40895
2.86895
2.72796
2.99322
2.91572
2.81353
2.84115
2.95289
2.99308
2.93847
2.85725
3.6817
2.84098
3.59855
3.31025
3.24317
2.70454
3.48006
2.79133
2.8914
2.81731
3.4028
3.06329
3.12494
3.2968
3.20736
2.77774
2.79002
3.09787
3.88693
2.91498
3.47604
3.79617
3.00481
3.32521
3.9107
3.22509
2.87533
3.13639
2.86075
2.63711
3.00572
2.52017
3.1597
3.04059
3.69684
3.48502
2.70163
3.0707
3.25079
3.43359
3.09299
2.8607
2.88975
3.2524
3.40892
3.12305
3.07549
3.31239
3.13538
2.72027
2.98687
3.0088
2.7954
2.63773
2.81085
3.18076
2.55131
2.73045
2.55876
3.28402
2.723
2.7796
3.04783
3.00127
2.75075
2.43278
3.26869
2.66084
3.07791
2.86808
2.72336
2.82279
2.56843
2.62697
3.4288
3.60696
2.89573
2.35499
2.96548
3.40799
3.07767
3.17404
3.07842
2.776
3.35919
2.47963
2.83597
2.98449
3.27323
3.13585
2.76098
3.34797
3.22269
