2.00388
2.81477
2.69096
2.44819
2.75638
2.88199
3.12251
2.84026
1.77205
2.99783
2.78075
3.51361
2.67478
2.42132
2.78829
2.73623
2.67801
3.56971
2.77585
2.91744
3.19643
3.13135
3.20199
3.15227
2.95767
3.74573
3.46442
2.71682
3.01908
3.1382
3.65643
3.7598
3.46533
3.9212
3.25892
2.85711
2.62125
2.98998
2.61965
3.0977
3.43414
2.34076
3.76093
3.38399
2.50518
2.72265
2.52513
2.53855
2.66741
2.78298
2.71897
2.57022
2.09226
3.34958
3.14739
3.64559
3.50348
2.19013
3.43714
3.29074
3.48288
3.84144
4.04345
3.16337
3.74886
3.33523
3.27299
3.37061
3.7281
3.92592
3.06192
3.238
3.26713
3.1528
3.44092
4.00465
3.41505
3.07908
2.84096
3.28063
3.34144
2.8523
2.98536
3.03279
3.42013
3.03063
3.48975
3.14396
3.3353
3.59263
3.65998
3.37579
3.19098
3.75789
2.70422
3.14253
3.3416
3.3753
3.35159
3.5458
3.57911
3.3415
2.75779
3.17438
3.01023
3.97085
3.54266
3.64297
3.6123
2.85001
3.56099
3.56783
3.26261
2.56427
3.12185
3.0954
2.99885
3.34672
2.3068
2.86972
2.62924
3.78722
4.1651
3.38059
3.50783
3.36543
3.13175
3.24102
2.86122
3.41774
4.20834
3.85567
3.31161
3.25489
3.55771
3.0052
3.39893
2.86141
3.19252
2.93159
3.14511
2.77637
3.31765
2.90273
2.78621
2.93427
3.27268
3.02326
2.94314
3.03055
2.92233
2.77309
2.98249
3.06296
2.73476
3.34603
3.25206
2.93483
3.06445
2.98614
2.73312
3.15019
3.66758
3.18379
4.15578
3.68599
3.78332
3.2822
3.31646
2.91376
2.9618
3.73731
2.91788
3.05375
3.20552
3.254
3.44323
3.13947
3.32475
3.10822
2.10405
2.70124
2.86321
2.39797
2.66048
2.99367
3.80632
2.92718
1.78704
3.1019
3.17608
3.1857
3.10809
2.52165
2.75658
2.91593
3.09563
3.63724
2.87449
2.78356
2.65958
3.06615
2.83512
2.43839
3.08877
4.15351
2.74585
3.80516
3.42719
3.26192
3.56211
3.7156
3.74922
3.85432
3.3071
2.44272
2.898
3.03228
2.55598
2.99692
2.99055
2.38363
3.32557
3.62986
3.06154
2.48026
2.52214
2.6118
2.45358
3.02583
2.52219
2.65713
1.95822
3.0695
3.02102
3.39406
3.46568
2.24205
3.5914
3.07473
3.89983
3.44773
4.32371
3.67551
3.00979
3.80186
3.24427
3.22484
3.81059
3.75861
3.37901
3.41555
3.29526
3.02144
3.21088
4.0634
3.30229
3.03887
3.26221
3.11756
3.35542
3.24847
3.13795
3.03501
3.39157
3.14853
3.3651
3.80609
3.04163
3.39396
3.4596
3.2307
3.18817
3.63716
2.75408
2.93618
3.20795
3.54086
3.17078
3.74279
3.53163
3.58714
2.90825
3.24524
3.14389
3.97059
3.56397
3.83657
4.10269
3.76765
3.70967
4.6407
3.20755
3.10059
3.3844
2.72314
3.05877
3.46479
2.50116
3.13241
2.95146
4.04262
3.34818
2.89232
3.26247
3.62348
3.38709
3.17946
3.32331
3.14954
4.08627
3.79026
3.53144
3.69534
3.84614
3.26049
3.46816
2.98697
3.27362
2.95116
3.14418
2.68994
3.33228
2.68266
3.12191
2.77895
2.74381
3.14224
3.02746
3.27649
3.19536
3.11926
3.20098
3.33135
3.17178
2.84124
3.13756
2.95355
3.25416
2.9928
2.93592
3.88984
3.76028
3.98123
2.91555
3.29319
3.8509
3.8973
3.47152
3.28894
3.15908
3.27295
2.87309
2.78336
3.22108
3.3345
3.68393
3.07091
3.36186
4.03804
