2.08245
3.17934
2.28682
2.40538
2.64518
2.6092
3.33774
3.10066
1.95943
3.54791
3.44835
3.69662
2.77262
3.00934
2.92081
2.88896
2.8066
3.49477
2.62031
2.74973
3.78186
3.23742
3.29789
2.96435
3.67537
3.91553
3.10811
3.26532
2.79253
3.56647
3.57097
3.99267
3.4186
3.48979
3.1299
3.3761
2.81961
3.41675
3.31814
3.58695
3.27136
3.39785
3.93463
3.67077
3.26895
2.79356
3.11428
2.51601
2.81907
2.91139
3.03226
2.86895
2.25555
3.11047
3.41963
3.48215
3.61759
2.60159
3.69129
3.50788
3.48253
3.58134
4.08852
3.10022
3.25165
3.19534
3.29263
3.08791
3.49444
3.96128
3.08611
3.38227
3.26212
3.00751
3.6323
3.60577
3.45087
3.00787
3.16845
3.0835
3.15331
3.18778
2.93803
3.05494
3.06692
3.04193
2.9257
3.38422
2.75244
3.85049
3.55547
3.42153
3.29984
3.44032
2.47384
3.19642
3.32089
3.51875
3.45022
3.42495
3.64665
3.16692
2.62227
2.93972
3.13454
2.74349
2.62821
3.22607
3.03285
2.49081
3.20134
2.86429
3.47789
2.91453
3.19271
3.302
2.87471
3.89389
2.74077
3.02513
2.78473
3.90521
3.34979
3.23447
3.60936
3.77836
2.99143
3.25002
3.59393
3.92685
3.6151
3.81504
3.80161
3.71485
3.37255
3.75246
3.24995
3.12776
3.46298
3.32177
3.04273
2.73215
3.50438
3.08813
2.99971
2.77949
3.70189
3.64723
3.42373
3.26045
3.79005
2.75375
3.46918
3.1795
2.94864
3.50383
3.16957
2.79574
3.51003
3.14154
3.11389
3.21776
3.45591
2.7468
2.91175
2.96213
2.96253
3.22597
3.38878
3.09843
3.14248
3.77427
2.77514
3.48202
3.60215
2.91059
3.4793
2.67318
3.47354
3.68608
1.94621
3.03603
2.34048
2.31607
2.58301
2.60359
3.21381
3.12194
2.21942
3.35299
2.85939
2.92186
2.56313
3.12237
2.98515
2.91182
3.05229
3.74503
2.83997
2.74884
3.12528
3.18775
3.0505
3.11582
3.03516
3.62518
3.27943
3.30517
3.7586
3.36665
3.35744
3.81273
3.62733
4.01384
3.08418
2.88879
2.76641
3.41813
2.53935
3.64415
3.53207
2.84682
3.70924
3.74841
3.01569
2.79596
3.04529
2.37839
3.01067
2.80432
3.17274
3.17122
2.15153
3.29188
3.4414
3.71698
3.71537
2.90387
3.60088
3.34177
3.77376
3.74469
3.99454
3.50731
2.96811
3.18097
3.4875
3.31231
3.77503
3.83734
3.53114
3.57937
3.57821
3.39481
3.34717
3.55907
3.64787
3.13993
3.08661
3.34125
2.93771
3.25896
3.50777
3.23181
3.2521
2.95723
3.47393
3.45533
2.89431
3.50973
4.01422
3.11862
3.1563
3.25158
3.08422
2.97892
3.06835
3.70581
3.71387
3.34424
3.83645
3.58886
3.03315
3.26333
3.57589
3.54777
3.35
3.47096
3.80542
3.45831
3.32814
3.59427
4.09734
2.91999
3.54636
3.33874
3.02399
3.69955
2.80572
2.97623
3.12799
3.74997
4.3051
2.7314
3.4946
3.86936
3.05752
3.31387
3.13002
3.70704
4.00888
3.65872
3.96656
3.26384
3.50113
3.43872
3.85427
3.44525
3.00102
3.2156
2.84982
2.42983
3.31735
3.53637
2.88641
2.77664
3.6586
3.30062
3.36532
3.10432
3.20592
2.69141
3.10271
2.96167
2.96868
2.90239
3.52324
3.01414
3.14742
3.03337
3.11206
3.56867
3.61776
3.07313
2.84045
2.81765
3.46844
3.69596
3.53875
3.20088
3.26436
3.47575
3.37071
2.81787
3.55118
3.23255
4.56266
2.97117
3.63022
3.73268
