1.73645
2.8041
2.56821
2.16688
2.28641
2.88974
3.13826
2.83054
1.7732
2.91133
2.69436
2.86139
2.48236
2.4952
2.60248
2.68518
2.54021
2.91998
2.7632
2.51121
2.78744
3.14992
2.9133
3.32058
3.43079
3.84425
2.60597
2.92237
3.18407
3.10914
3.39572
3.15847
3.12554
3.69227
3.18042
2.5108
3.16292
3.09948
3.02418
2.9936
2.97599
2.49511
3.59595
3.48881
2.42697
2.57219
2.54155
2.32288
2.56718
2.51565
2.61727
2.69904
1.92385
2.82079
3.14952
3.12786
2.96214
1.9828
3.3196
2.8581
2.89915
3.30019
3.53838
3.38962
2.50006
3.20356
3.15539
3.07956
3.50221
3.39701
2.96156
2.96594
2.72587
3.18388
3.19861
3.07587
3.41491
2.90931
2.75206
2.78238
2.92125
2.87375
2.77617
3.0795
2.92802
3.13119
2.98952
3.10598
2.97342
3.2575
3.37071
2.8034
2.32821
3.25392
2.47124
3.01078
3.01843
3.27419
3.06877
3.27844
3.20538
3.0954
2.59214
3.07
3.13429
3.28142
3.3911
3.24654
3.41874
3.54439
3.37699
3.33485
3.49596
3.04682
3.01311
2.77869
2.84528
2.62322
2.29471
2.58095
2.55458
2.67382
3.0661
3.16379
3.3356
2.52305
2.75663
3.00245
3.4055
3.64297
2.68896
3.558
3.21046
3.05216
2.99874
2.80391
2.97715
2.94674
3.10446
3.09372
2.87883
2.78052
3.11841
2.88279
2.80871
2.71541
3.13455
3.02942
2.87507
2.94994
2.79383
2.4372
2.4912
3.10016
2.24366
2.10507
2.82071
2.91301
2.49226
2.78631
3.20171
2.87466
3.49788
3.36345
2.41985
2.68945
3.66671
3.07369
2.97286
2.82667
3.01991
2.71614
3.33341
3.2079
3.48379
3.71284
3.24742
2.91523
3.32981
3.20761
1.84251
2.77727
2.23389
2.18223
2.27724
2.7316
3.22811
3.03378
1.78889
3.16002
2.99533
3.11086
2.27815
2.76967
2.63831
2.40894
2.90513
3.24414
2.51675
2.89288
3.12745
2.95322
2.5676
3.12037
3.35384
3.29779
2.77904
2.8924
3.13794
2.93112
3.21996
3.93424
2.99647
3.59807
2.72956
2.52463
2.67733
3.03819
3.11776
3.0852
3.06334
2.66525
3.69002
3.09929
2.84779
2.8988
2.55563
2.58117
2.51589
2.82285
2.58223
2.7207
2.28824
2.91171
3.31891
3.15359
3.38017
2.15852
3.12016
3.0984
3.33699
3.51546
3.88326
3.10813
2.88311
2.80076
3.47448
3.19393
3.41845
3.51374
3.37405
3.10134
3.14921
3.1047
3.23035
3.66555
3.2882
3.04076
3.02384
2.90638
3.09381
2.91422
2.67023
3.04638
3.00373
3.07804
3.19659
3.37416
2.86166
3.27556
3.50025
3.04567
2.64065
2.9199
2.74585
3.16305
3.35677
3.48136
3.1056
3.1626
3.21333
3.24843
2.60517
3.01616
2.82399
3.63062
3.95379
3.16116
3.83544
3.68878
3.37233
2.68847
3.28098
3.10569
3.16861
2.8234
2.56949
3.11059
2.43373
2.97429
3.182
3.02394
4.01285
2.81185
3.25405
3.14823
2.9518
2.94627
2.98231
3.20623
3.03047
3.42387
3.4359
3.04343
2.84876
2.97817
3.10524
3.16507
2.69467
2.86585
2.70514
2.69522
2.82757
2.65666
2.89681
2.6797
3.0943
3.13327
3.12563
3.07464
2.92066
2.65141
2.98755
3.31117
2.53121
2.72149
2.81649
3.2512
2.64628
2.56386
2.94514
2.8911
3.57903
3.90394
2.72484
2.99089
3.15212
3.47893
3.34928
3.10183
2.91192
2.8939
3.04216
2.70066
3.20948
3.29566
2.94475
3.1265
3.18692
3.31651
