1.97175
2.6543
2.13136
2.28737
2.45344
2.76855
3.12819
2.87662
1.82016
3.05437
3.34654
3.15793
2.05319
2.67083
2.63675
2.32245
2.35581
3.03076
2.83011
2.58854
2.80078
2.73726
3.03246
2.89724
3.44458
3.53406
2.6438
3.11497
2.6255
3.10438
3.19715
3.49704
3.74703
3.81989
3.18517
2.40977
2.48242
2.85623
2.4206
3.12365
2.96594
2.38449
2.97876
3.12428
2.64228
2.39789
2.46626
2.00086
2.42071
2.43123
2.83235
2.48921
2.11222
2.92855
2.88639
2.83741
3.51094
2.04159
3.52058
3.08452
2.96782
3.2618
3.35304
3.04181
2.67386
3.1155
3.04689
2.75538
3.17548
3.01845
2.87909
2.79395
2.96587
3.19435
3.014
3.16164
3.21497
2.9183
2.87333
2.84672
2.90036
2.91702
2.85352
2.78656
2.77441
2.85269
3.02629
3.05883
3.00495
3.40852
3.53066
3.39896
2.62962
3.12863
2.55209
2.81516
3.11227
3.15675
2.80858
3.27234
3.15971
2.95491
2.39887
2.93779
3.0178
3.61193
2.8996
3.15192
3.8369
2.67457
3.61978
3.73622
2.89578
2.87908
3.621
2.87854
2.68165
2.90071
2.48706
2.82698
2.54214
3.03206
3.44582
3.12602
2.95173
3.08629
2.99489
3.19722
3.19039
3.74328
3.47659
4.15192
3.21239
3.43392
2.86368
2.71644
3.06301
2.89097
3.15502
3.03905
2.58792
2.45873
3.30721
3.01209
2.92616
2.88413
3.355
3.19693
3.1277
3.12948
2.99344
2.18493
2.98149
3.13781
2.63395
2.98932
2.88653
3.02683
2.89961
2.30274
2.61433
3.06338
3.19402
2.69525
2.76698
3.12623
2.9495
3.15566
3.1254
2.95195
2.95898
3.67171
2.64392
2.6197
2.84044
3.46148
3.24044
2.49866
3.36658
3.32697
1.89904
2.63569
2.17911
2.15478
2.55047
2.59298
3.0445
2.9279
1.89835
2.9664
3.03453
2.91473
2.40113
2.76745
2.69601
2.4032
2.37599
3.03521
2.57001
2.65636
2.80844
2.92733
2.88671
3.06935
3.23873
3.40247
2.76366
3.12418
2.16911
2.84105
3.4558
3.49321
4.05573
3.76432
3.31714
2.39766
2.31803
3.09851
2.57761
3.15574
3.20759
2.4537
2.89762
3.21205
2.47759
2.49711
2.49267
2.04597
2.37093
2.50308
2.80807
2.4258
2.1825
2.90525
2.87296
3.43603
3.13354
2.57608
2.6244
3.14636
2.90379
3.09454
3.36026
2.81272
3.11587
3.10954
3.12969
2.89769
3.15075
3.24091
3.17522
3.03531
3.19961
3.30856
3.15917
3.76442
3.3311
2.84221
3.25956
2.72407
2.93358
3.02509
3.00367
2.9021
3.10025
2.83582
2.93233
2.98205
3.00649
3.44347
3.4479
3.2855
2.58507
3.29676
2.60321
3.04349
3.11732
3.27225
3.20842
3.19257
3.0246
3.29725
2.49177
2.69032
2.76789
2.76885
3.01519
3.00968
3.66379
2.62259
3.35631
3.40431
2.8574
2.7734
3.27877
2.78131
2.54025
3.45015
2.52334
2.91969
2.74755
3.17546
3.13929
3.04369
3.21707
3.06547
2.93974
3.13933
3.55225
3.03868
3.50214
3.52349
3.37518
3.53
3.0416
3.02491
3.0059
2.76902
2.97576
2.89683
2.84527
2.89049
3.01152
2.74461
2.90404
2.89069
3.1912
3.0022
3.59683
3.00088
3.10158
2.04063
2.70935
2.35008
2.65686
3.10833
2.90083
2.39398
3.10743
2.22351
2.92908
2.68431
3.27008
2.45508
2.79662
2.48606
3.07113
2.96552
3.21554
2.95588
3.29002
3.47407
2.69372
2.66978
3.03878
3.78571
3.26372
2.74577
3.42837
3.3495
