1.90125
2.70392
2.19411
2.04976
2.407
2.46042
2.94794
3.03132
1.85836
2.97545
3.03453
3.17934
2.44603
2.13376
2.98764
2.73134
2.49831
2.9987
2.57651
2.16322
2.84351
2.56435
2.8515
3.20748
3.55731
3.34802
3.52263
2.94157
2.94078
3.24632
3.50428
3.69158
3.37608
3.2622
2.78047
2.3
2.67497
3.05468
2.41999
3.12553
2.948
2.63591
3.5523
2.88027
2.91055
3.05651
2.87655
2.61307
2.70541
2.6214
2.5836
2.57604
2.3087
2.91916
3.0474
3.40245
3.3101
1.82295
3.29304
3.26614
3.74202
3.60735
3.6251
2.76049
3.04119
3.18485
2.84971
2.99881
3.40344
3.10805
3.20213
3.31666
2.83926
3.06237
3.36941
3.2505
3.11405
3.11529
2.67792
2.73589
2.68376
2.93077
2.86907
2.94177
2.98231
2.89094
3.26405
3.08742
3.01203
3.2002
3.46414
3.15338
2.55733
3.51808
2.62425
2.9621
2.96099
3.31786
3.29075
3.19125
4.17784
3.83503
2.74778
2.98469
3.14917
4.06379
3.29165
3.27145
3.70524
2.36027
3.42089
4.38242
3.37942
2.99948
3.12208
3.27609
2.68703
3.24441
2.43861
3.38708
2.79655
3.58791
3.76714
3.19191
3.53192
3.02052
2.92478
3.292
3.30726
3.60416
3.52884
3.56497
3.24039
3.25788
2.94605
2.91338
3.10897
2.84366
2.9718
2.82543
2.82715
2.6093
2.82952
2.641
2.72493
2.48207
3.54829
3.18336
3.05042
3.06226
3.01295
2.17938
3.04377
2.8447
2.70923
3.0685
2.71297
2.56541
2.78359
2.55196
2.9577
3.63765
2.92563
3.71872
3.14532
2.77603
3.27121
3.65698
2.96615
2.89577
3.12423
3.68819
2.75162
3.22077
3.55854
3.00911
3.23067
2.77584
3.37441
3.64538
1.8844
2.80671
2.40691
2.12078
2.35318
2.54189
3.24223
2.79754
1.8028
3.06038
3.05247
2.91501
2.60975
2.34138
2.88703
2.43734
2.74853
3.02906
2.57794
2.84412
3.13651
3.31289
2.94439
2.9795
2.85836
3.57539
2.78271
3.53776
2.90354
3.00215
3.629
3.98666
3.20441
3.39969
2.89663
2.51509
3.06093
2.97588
2.45886
3.32692
3.3223
2.40204
3.22172
2.87636
2.74853
2.5957
2.67772
2.35564
2.51567
2.55171
2.55562
2.54349
2.21782
2.83082
3.16528
3.45423
3.14659
2.32543
2.44835
3.1832
3.16124
3.23953
3.37217
2.89131
2.92163
3.01381
3.0135
2.75921
3.61711
3.12463
2.89363
2.99441
2.72821
2.71366
3.03771
3.32204
3.42296
2.95924
2.79669
2.87395
2.43187
2.89777
3.13
3.07386
3.12495
2.91286
2.92568
2.93842
3.21789
2.75305
3.28248
3.30173
2.95129
3.40285
2.81386
2.9758
2.79306
2.95354
3.01002
3.28481
3.19687
3.19069
2.91392
3.12069
3.00101
4.24625
3.35977
3.42973
3.79304
3.10746
3.73071
4.55968
3.24561
3.06394
3.20421
3.27903
2.70238
3.18589
2.16116
3.00839
2.86791
3.62526
3.80393
3.20238
3.34267
3.31706
3.12167
2.88116
2.80929
2.95552
3.54704
3.35499
3.37313
3.33347
3.02921
3.01124
2.86701
2.83515
2.81661
2.94311
2.83779
3.05375
2.84419
2.77483
2.84726
2.65903
3.54836
3.15045
2.79556
3.01952
2.97029
2.53639
3.32394
2.81323
3.21867
3.33544
2.56859
2.89973
2.83498
2.52228
2.82752
3.0295
3.40077
3.37775
2.5688
3.10734
3.74502
3.0367
3.26489
2.92063
3.04724
3.70975
3.06649
2.57685
3.24855
2.81301
3.31742
3.1444
3.23159
3.80765
