2.00851
2.7694
2.23809
2.12853
2.37243
2.63006
3.47842
2.75443
1.88372
3.12667
2.82336
3.27659
2.19244
2.44937
2.95969
2.55096
2.5033
3.40171
2.66978
2.47045
3.25765
2.81365
2.35147
3.04075
3.18444
3.31848
2.90936
2.86217
2.99592
3.58245
2.99308
3.43617
2.93759
3.78548
3.49922
2.42451
2.82261
3.29075
2.57285
3.00373
3.06264
2.63933
3.10377
3.15268
3.02012
2.75545
3.03379
2.42473
3.36438
2.78465
2.75692
2.6162
2.02538
3.00164
2.89723
3.01614
3.192
2.41851
3.36471
2.93325
3.70566
3.42732
3.83015
3.15583
2.89542
3.26915
3.13655
2.93007
3.64421
3.38053
2.88623
3.81809
3.1676
3.15888
3.14939
3.06867
3.26066
3.16607
2.91036
3.10051
3.01131
3.01022
2.72796
3.00389
2.96331
3.24057
3.00373
3.08114
3.02478
3.10798
3.57027
3.13004
2.71762
3.55319
2.68944
2.82647
3.28025
3.33024
3.31906
3.10971
3.17721
3.30577
2.78589
2.87409
3.33348
4.12827
2.99864
3.11214
3.29949
3.54814
3.35282
4.27586
3.42373
3.08775
3.0498
3.26236
2.98626
3.23143
1.80874
3.48629
2.33908
3.71151
3.88968
2.98269
3.34613
3.20936
2.57263
3.53361
3.26379
3.61976
3.59175
3.72572
3.46025
3.21161
3.17853
3.06685
3.20555
3.12663
3.18009
3.01902
2.9128
2.5625
3.16316
2.99742
2.85476
3.01292
3.10627
3.24453
2.97115
3.23353
3.37786
2.34896
3.07255
2.77277
2.77529
2.88331
2.93893
2.63753
2.67726
3.05408
2.93712
3.18901
3.30767
3.55418
3.31409
3.37885
3.53623
3.19576
3.07963
3.0181
2.90173
3.81064
2.61209
3.00022
3.56888
3.12367
3.94178
2.79781
3.04278
3.48716
2.07848
2.40032
2.69103
2.41853
2.61745
2.67545
3.24171
2.69518
1.75527
2.95521
2.60691
3.15898
2.13875
2.56867
2.61033
2.38869
2.55471
3.1692
2.31873
2.83304
3.07285
3.06288
2.33968
3.05346
3.09987
3.26511
2.7357
3.37026
3.11311
3.31191
3.00092
3.51079
3.68691
3.62109
2.9114
2.32773
2.61632
3.11507
2.53653
3.09894
2.80614
2.79033
3.18995
3.0836
2.94316
3.3761
2.999
2.58391
3.17506
2.64712
2.70411
2.54419
2.08085
2.94806
2.95698
3.07047
3.19828
2.2763
2.88813
2.90496
3.73439
3.07639
3.48642
3.09029
3.34083
3.00929
3.10964
3.01723
3.45202
3.58455
3.2272
3.33512
2.82471
3.0353
3.4655
3.58863
3.39055
3.2986
2.96877
3.09099
2.66291
2.86567
2.95536
3.04919
3.13257
2.92735
2.8867
3.39862
2.83942
2.89129
3.63174
3.51594
2.30935
3.58453
2.87419
3.09883
3.09293
3.09863
3.14598
3.4116
3.48185
3.29302
3.03023
2.67447
3.04821
4.25919
3.84152
3.31701
3.72876
3.55592
3.80852
4.44092
3.32452
3.19629
3.78748
3.14183
2.65029
2.92868
2.11126
3.12349
2.62861
3.84477
4.00115
2.83236
3.28641
3.44993
3.16933
3.16162
2.96589
3.1633
3.75152
3.42652
3.10335
3.17103
3.28201
3.24975
3.12086
2.98084
2.7085
3.02618
2.67976
2.65267
3.23333
2.84566
2.61272
2.63212
3.04169
3.20405
2.95602
3.34946
3.2967
2.66564
3.43919
3.01687
3.19398
2.79155
2.71364
2.70959
2.71792
3.31275
2.90423
3.07404
3.68191
3.55879
3.25932
3.66337
3.87625
3.53404
3.14129
2.50303
2.97674
3.88081
3.21793
2.87569
3.43639
3.15944
3.28772
2.82332
3.17014
3.68731
