2.03956
3.27245
2.66352
2.37666
2.64555
2.77345
3.29788
2.94032
1.81142
3.21491
3.25712
3.03365
2.17788
2.53057
2.86189
2.61605
2.72142
3.55991
2.60396
2.73324
3.34448
3.29017
3.05371
2.97901
3.65913
3.4127
3.30454
3.14451
3.03486
3.10343
3.36324
3.85801
3.35537
4.24022
3.12092
2.46733
2.97958
3.07888
2.32576
3.39965
3.00888
2.58908
3.16081
3.15504
3.17628
2.72559
2.94786
2.32704
2.53745
2.9033
2.76966
2.87016
2.08504
3.0186
2.86864
3.34247
3.29817
1.86263
3.2161
3.24617
3.33986
3.85092
3.70082
3.52449
3.43983
3.20514
3.49567
3.21438
3.70614
3.48185
3.15581
3.49184
2.87112
3.06992
3.34927
3.21934
3.295
3.10327
2.97987
3.15544
3.08053
3.23061
3.17956
3.2263
3.08122
3.12269
3.11376
3.71925
2.87004
3.085
3.53687
3.52161
2.89797
3.52741
2.90992
3.05064
3.44798
3.49656
3.35157
3.49256
3.41136
3.24769
3.19876
3.11891
3.3466
4.39393
3.81482
3.54301
3.94747
3.44115
3.51884
4.57567
3.45703
3.10833
3.24943
3.00595
2.85183
2.97901
2.17815
2.64078
2.37669
3.57693
4.08713
2.96878
3.52328
3.79956
2.86495
3.27871
3.34576
3.26834
3.9331
4.01095
3.56962
3.43623
3.58229
3.02786
3.26258
3.00016
3.25649
3.53659
3.16015
2.69355
3.15243
3.04321
3.06223
3.241
2.90344
3.21713
3.16879
3.32739
3.27693
2.41227
3.74994
3.2262
2.91501
3.18066
3.20342
2.63566
2.97398
3.66555
3.08271
3.21936
3.55877
3.46246
3.785
3.08381
3.92628
3.79601
3.25936
2.92916
3.04186
3.72099
3.31293
3.31418
3.57965
3.68261
3.93267
3.62348
3.45585
3.42399
2.05793
2.91332
2.77369
2.11917
2.47233
2.71759
3.12773
2.76345
1.84916
3.3635
2.79384
3.40225
2.76458
2.94199
2.78704
3.03544
2.6089
3.06571
2.82836
2.933
2.95982
3.27908
2.6538
3.13702
3.40887
3.64019
3.25121
3.2801
3.31962
3.59375
3.38355
3.84487
3.25975
3.68735
2.83133
2.44721
2.75816
3.26899
2.67514
3.34423
3.16159
2.50222
3.54313
3.29815
2.7689
3.06779
2.66951
2.61528
2.79107
2.69704
2.68699
2.46635
1.9306
3.16785
3.061
3.39561
3.60967
2.53647
3.20954
3.31258
3.76701
4.03445
3.72773
3.83094
3.418
3.46678
3.48397
3.10096
3.65886
3.55239
3.3873
3.47144
3.25138
3.07687
3.33837
3.46615
3.45693
3.07148
3.26127
3.11822
2.92201
3.11055
3.35729
3.23059
3.03931
2.98254
3.08385
3.39046
2.84555
2.91864
3.3581
3.17338
2.40238
3.5008
2.81252
3.28481
2.94567
3.12684
3.3315
2.99393
3.24223
3.23853
2.77131
2.75164
3.35138
4.30641
3.2583
3.3401
3.87146
3.06821
3.50135
4.13729
3.57999
3.07398
3.2766
2.88384
2.86707
2.87928
2.57706
3.04066
2.71364
3.56571
3.87337
3.1889
3.61203
3.52725
3.25533
3.08819
3.08082
3.57149
4.0384
3.66887
3.15118
3.36494
3.3423
3.30827
3.34437
2.90137
2.92995
2.84178
3.1445
2.76113
3.43982
2.9141
3.11537
3.1234
2.94566
3.30022
3.33594
3.21693
3.03252
2.67067
3.3848
3.28849
3.2332
2.76906
3.53709
3.48556
3.02557
3.12759
2.80714
3.64464
3.97946
3.72187
3.55262
2.62932
4.25153
3.46433
3.3454
2.79591
2.89288
4.30823
3.35883
3.19968
3.46684
2.92086
3.2174
3.9389
3.52502
3.87757
