2.01924
2.83466
2.63576
2.29857
2.46317
2.77891
2.96309
2.95594
1.84439
3.00581
2.69028
2.96424
2.33133
2.51813
2.87505
2.74033
2.35055
3.2448
2.44214
2.44324
2.83002
3.24344
2.85241
2.97678
2.81032
3.615
3.11545
3.06109
2.3676
3.46669
3.50354
3.2634
3.41865
3.5902
3.03363
2.4168
2.66252
2.86499
2.51179
2.81336
3.31642
2.44328
3.20586
3.11702
2.70317
2.62323
2.75024
2.53507
2.64893
2.56449
2.77423
2.64805
2.04436
3.04366
3.21563
3.03249
3.58283
2.96922
3.06885
3.56036
3.51055
3.17383
3.56861
3.38199
3.20296
3.01843
3.10691
2.96564
3.48677
3.584
2.9642
3.60965
2.91815
2.96547
3.20417
3.33733
3.34748
3.00737
3.05552
2.75207
2.76891
3.04908
2.97107
3.02343
2.75084
2.91271
2.98178
3.55136
2.80792
3.04601
3.64888
3.11837
2.71238
3.7995
2.57164
2.99666
3.24277
3.05629
3.27009
3.68315
3.74759
3.437
2.88718
2.71251
3.11341
4.15176
3.28781
3.29121
3.39343
2.97849
3.61659
4.36772
3.61229
3.1069
3.29591
2.9595
2.73478
3.02473
2.64494
3.21041
2.94314
3.93618
3.55893
2.98857
3.17276
3.40396
2.82088
3.01323
2.85286
3.21886
3.93977
3.71515
3.42917
2.93326
3.257
3.02656
3.17767
2.90441
3.10239
3.01252
2.59054
2.61526
2.91648
2.92935
2.74508
2.87264
3.13951
3.38967
2.95644
3.20832
3.03248
2.54567
3.10685
2.8421
2.63318
2.76139
2.97411
2.80727
2.81811
3.11774
2.85681
3.20523
3.34121
3.50314
3.09536
3.21214
3.34757
3.17245
2.84396
2.9914
3.04565
3.63072
2.90417
2.58974
3.30905
2.75173
3.27886
2.39404
3.49039
3.41939
1.99354
2.71583
2.32926
2.32153
2.59628
2.50423
2.55241
3.06433
1.99476
2.91981
3.17462
2.68273
2.30102
2.73911
2.69361
2.4794
2.51568
3.06372
2.53747
2.59321
2.56422
2.81758
2.63827
3.11481
3.23648
3.49863
2.81191
2.85528
3.16879
3.19734
3.41983
3.41542
3.47496
3.41285
2.80025
2.37756
2.61027
2.96854
2.54509
3.31933
3.22093
2.66784
3.67137
3.28111
2.62635
2.74201
2.68467
2.15964
2.73063
2.80329
2.8934
2.52692
2.20203
3.17865
3.05672
3.0549
3.19931
2.37918
3.37314
3.47464
3.44297
3.14034
3.6526
3.22825
3.06323
2.75054
3.20394
3.15501
3.37989
3.14948
3.11274
3.2481
3.16272
3.23001
3.29138
3.12186
3.34054
3.09865
2.77018
3.14365
2.67423
2.76472
2.79246
2.94814
2.82478
3.00986
3.05533
3.06063
2.84938
3.36973
3.11174
3.11346
2.60441
3.39293
2.40984
2.92725
3.05274
3.03938
3.27007
3.48781
3.59627
3.45979
2.63384
2.74378
3.13033
3.87065
3.78638
3.28314
3.27644
3.13037
3.53839
4.3353
3.19105
3.12686
3.05324
2.91389
2.55037
3.15104
2.16804
2.8961
3.07967
3.98348
3.12645
2.61997
3.14388
3.09248
3.21341
3.15918
2.77081
2.96183
3.72835
3.53625
3.35552
2.91681
3.32673
3.42977
3.36872
2.77995
2.83614
2.89699
2.5675
2.51555
3.06233
2.66166
2.65047
2.62655
3.09637
3.13002
2.99354
2.9922
3.29505
2.55148
3.40671
2.96452
2.71025
2.53589
2.85493
2.79336
3.07974
3.08127
2.71038
3.28665
3.61892
3.44551
2.67969
3.39371
3.11759
3.07633
3.24533
3.0735
2.72375
3.43656
2.94216
2.74066
3.43798
2.87466
2.94804
2.70137
3.71957
3.64851
