1.91181
2.81179
2.62957
2.31549
2.74314
2.64235
3.06278
2.93814
1.80745
2.90179
3.13474
3.19555
2.56661
2.43497
3.03708
2.51347
2.50665
3.17769
2.75589
3.08956
2.49631
2.62719
2.94812
2.98934
2.95442
3.74952
3.10381
2.90706
3.95364
3.47777
3.79014
3.61812
3.61309
3.704
3.01733
2.52431
3.00487
3.11723
2.74238
3.1371
3.50007
2.73322
3.63486
3.17264
3.69657
2.89245
3.09528
2.40866
3.11439
2.75582
2.78176
2.65611
1.93879
2.92223
3.12706
3.16647
3.7242
1.88243
3.24941
3.43458
3.6432
3.46952
3.85236
3.15277
3.25248
3.01192
2.99485
3.0851
3.70907
3.84308
3.05915
3.46155
3.09169
3.27497
3.53771
3.66732
3.20042
3.09465
3.21725
3.40492
2.96264
3.10779
2.98581
3.20889
3.26805
2.89034
2.89602
3.23325
3.16187
3.79064
3.80129
3.05339
2.69227
4.15917
2.72546
3.12994
3.54594
3.51618
3.04767
3.41925
3.23774
3.81014
2.3211
2.84007
3.13549
4.14026
3.49506
3.58314
3.71456
3.67632
3.58838
4.07259
2.98002
3.08498
2.93038
3.6156
3.01366
2.92007
2.2062
3.05945
2.69637
3.73213
4.22086
3.11598
3.38424
3.99056
3.25074
3.19952
3.29588
3.41071
3.9935
4.08067
3.22615
3.0992
3.2258
3.75935
3.14784
3.047
3.07501
2.71167
2.81562
2.90405
3.22379
2.88051
2.77805
2.82063
3.1045
3.38438
3.02257
3.13348
3.67494
2.50179
3.34686
2.96383
3.89355
2.55791
2.8629
3.28417
3.22824
3.2979
2.98792
3.08214
3.2554
4.13474
3.62209
3.82783
3.43386
3.98814
3.24658
2.88287
2.79419
3.80324
2.8195
2.93758
3.6159
3.35732
3.59121
3.05978
3.29555
3.38791
1.85197
2.84758
2.61297
2.33207
2.60435
2.73535
3.4499
2.86106
1.70158
3.07756
2.69126
3.0358
2.46406
2.9297
2.87509
2.78591
2.42404
3.65447
2.91067
2.90583
2.9251
3.00026
2.91474
2.99862
3.19631
3.82763
2.78046
2.85964
3.06896
3.54656
3.2404
3.60238
3.628
3.9293
3.04414
2.98103
3.13264
2.69469
3.25829
3.28848
2.94807
2.71264
3.21324
3.32866
3.11221
2.99545
2.7331
2.52183
3.00674
2.82383
2.44233
2.62203
1.9835
2.97203
3.25326
3.10661
2.98004
2.64362
3.45623
3.17828
3.51778
3.65682
3.81094
3.25365
3.3269
2.73972
3.34111
2.90598
3.92312
3.98664
3.31833
3.06788
3.05083
2.87892
3.23139
3.3378
3.4079
2.90156
3.09337
3.01367
2.96917
3.38968
3.03071
3.27614
3.39671
3.14047
3.12029
3.55944
3.68386
3.59591
3.95604
3.20539
2.40004
3.79657
2.85772
3.03061
2.88956
3.70432
2.81394
3.39405
3.33402
3.49733
2.55224
2.9914
2.79388
4.25794
3.80488
3.27413
3.4666
3.68961
3.73295
4.0119
3.1659
2.96022
3.35006
2.86555
2.72792
3.04876
2.33395
2.47759
2.7171
3.77451
4.16383
3.02474
3.08495
3.38672
3.25801
3.3514
2.67407
3.27324
3.84965
3.20837
3.2346
3.36819
3.35622
3.52462
2.99619
2.87922
2.87128
2.81695
2.60118
2.88992
2.97814
2.93913
2.84458
2.97457
3.01113
2.97116
3.29282
3.04095
3.2769
2.56691
2.79833
2.93551
2.73115
3.19302
3.30641
2.94327
3.29515
3.13556
3.15084
2.64633
3.52609
4.0246
4.44043
3.40521
3.88165
3.2257
3.1288
3.2983
3.42948
3.80997
2.76875
3.16987
2.94773
2.90005
2.69032
3.28393
3.37857
3.8651
