1.97867
2.87968
2.44765
2.31894
2.49162
2.75097
3.30934
2.91063
1.69376
3.04113
3.11172
3.32609
2.48945
2.71414
2.69655
2.5976
2.70635
3.22817
2.70874
2.63353
3.11244
2.85005
2.74479
3.33469
3.48219
4.10415
3.08164
3.26549
3.28642
3.31236
3.08819
3.72219
3.08873
3.80276
2.99024
2.75591
2.49875
3.10321
2.20661
3.13443
3.29502
2.53375
3.50836
3.52471
3.2166
2.87841
2.94193
2.40528
2.33777
2.80161
2.48168
2.46817
1.8625
2.85032
3.13791
3.53262
3.17512
2.38984
3.42585
3.25296
3.3599
3.35454
3.52894
3.2213
3.13643
3.20766
3.35507
3.02535
3.36481
3.77806
2.94768
2.59252
3.10147
2.87809
3.15506
2.79749
2.85384
2.84737
3.17267
3.14056
2.93871
2.77697
2.94778
3.10414
2.55001
2.73937
2.77725
3.15088
2.60371
2.63119
3.20212
3.33172
2.57913
3.35538
2.52569
2.97768
3.0791
3.69146
2.81649
2.96731
3.14227
3.07428
2.90661
3.05453
2.96699
4.20888
3.29923
3.13406
3.56276
3.44166
3.40369
4.23614
3.23388
2.98309
2.95189
2.78108
2.59749
3.58852
2.13656
2.92573
2.41724
3.94115
3.15329
3.48068
3.6564
3.12978
2.80021
3.35777
3.57588
3.42031
3.62451
4.0534
3.29997
3.15533
2.98774
2.82924
3.44879
2.96834
3.56762
3.46738
3.09908
2.99988
3.00138
3.01034
2.64835
2.87137
3.272
3.22463
2.7362
3.27059
3.39468
2.33538
2.82746
2.86471
2.559
3.46048
2.98249
2.55239
2.78211
2.381
2.96717
3.25091
3.37872
3.692
2.84253
3.56563
3.50118
3.04918
3.20839
2.38396
2.8273
3.65325
3.1079
3.63391
3.72555
3.33328
3.58396
2.88926
3.49956
3.52853
2.05562
2.59259
2.31625
2.5358
2.31567
2.61931
3.32155
2.95382
1.8456
2.73579
3.04135
3.16828
2.37384
2.54658
2.55919
2.60728
2.54308
2.93581
2.54705
2.5089
2.57385
3.11994
3.03404
3.11502
3.10204
3.14845
2.71018
3.23798
3.1136
3.48635
3.47148
3.34889
3.5115
3.91045
3.29913
2.35242
2.52323
2.86603
2.5146
3.01964
3.05508
2.68231
3.6579
3.5937
3.44011
2.64141
2.73641
2.4036
2.56629
2.50601
2.55662
2.53282
1.95313
3.01313
3.18865
3.83667
3.21954
2.55362
3.30973
3.44772
3.5773
3.45742
3.94765
3.15938
3.28797
2.83769
3.24789
3.00866
3.47159
3.50807
3.29911
2.60768
3.06885
2.92677
2.97952
2.73132
2.72631
2.99167
3.28705
3.09693
2.87975
2.90341
3.04724
3.24891
2.80265
3.1572
2.96721
2.87678
2.37574
2.48501
3.1142
3.28111
2.65257
3.23013
2.77202
3.08673
2.89965
3.6692
3.44499
3.18099
3.40757
2.94034
2.34991
2.88003
3.01443
3.85831
3.22675
3.20352
3.57533
3.35082
3.09493
4.25781
3.04214
2.86677
3.0622
3.01405
2.5175
4.03553
3.15268
2.82622
2.65352
3.91716
3.90317
3.10359
3.55867
2.88096
3.08768
3.20938
3.63764
3.47676
3.45303
3.97837
3.29315
3.25167
2.91861
3.50751
3.10209
2.92128
3.01331
3.13739
2.81232
2.83636
3.38406
2.72831
2.6172
2.83557
3.00854
3.19461
3.05932
2.90565
2.9744
2.51437
3.01934
2.81832
2.74738
3.22188
2.70596
2.89013
2.85179
2.48638
2.79366
3.1674
3.76117
3.80487
3.1281
3.4137
3.54724
2.97291
2.99737
2.70407
2.68793
2.92396
2.71489
2.97609
3.37416
3.36435
3.33983
2.78183
3.59876
3.37367
