1.92398
2.77097
2.38801
2.09826
2.4176
2.56096
2.64863
2.96972
1.80558
3.01112
3.20661
3.2044
2.51938
2.40478
2.86369
2.71805
2.68338
2.73535
2.55665
2.46578
3.2353
3.20364
2.76547
2.9449
3.04568
3.97269
2.69203
3.03148
2.90747
3.1897
3.40633
3.16734
3.23777
3.7493
3.06955
2.76108
2.78313
3.2672
2.62553
3.39319
2.99267
2.48066
3.33725
3.57111
2.65905
2.95868
2.57892
2.8313
2.73598
2.59169
2.66613
2.5635
2.12639
3.24805
2.95023
3.24127
3.3988
2.07459
3.48939
3.11
3.11702
3.43327
3.61123
3.14792
2.43886
2.8553
3.13998
3.0426
3.37384
3.79007
3.08451
3.03814
3.20339
3.01379
3.29526
3.14801
3.34805
2.90614
2.9029
3.13974
2.68498
3.07027
3.05622
3.07515
3.06457
3.01702
2.99584
2.83216
2.82111
3.03768
3.36114
3.30958
2.38127
3.59815
2.44463
3.07987
3.37197
3.37672
3.02371
3.28718
3.49496
3.41584
2.80451
2.93403
3.0821
3.78929
3.18005
3.29223
3.12274
3.80992
3.63906
3.43822
2.69206
3.16911
3.13199
2.81368
2.62313
2.95416
2.01912
2.593
2.7763
3.16952
3.43371
2.9309
3.28536
2.71727
2.78216
3.11102
3.18523
3.78363
3.52305
3.38383
3.27405
3.13504
3.0444
3.23383
3.06446
3.36425
3.3957
2.91074
2.75904
2.64086
2.89958
2.68386
2.82572
2.67436
2.95372
3.35227
2.90661
2.96371
3.15
2.55
3.05899
3.20276
2.35277
2.84566
2.82336
2.69875
2.71777
2.74182
2.83387
3.07189
3.33525
3.28
2.65418
3.05152
3.18345
3.26536
3.06007
3.0502
2.73257
3.35634
2.69044
2.52498
3.23618
3.05728
3.49873
2.65104
3.38673
3.4092
2.01044
2.68631
2.40027
2.29891
2.39454
2.64287
3.09343
2.9255
1.96477
2.87692
2.91882
3.01599
2.51486
2.68411
2.57675
2.81737
2.5864
2.94985
2.58898
2.46228
2.88893
2.62209
2.56746
2.74932
2.68867
3.57049
2.92191
2.96247
2.94694
3.08505
3.3875
3.35609
3.67515
3.55786
3.133
2.74769
2.76513
3.20454
2.46586
3.48575
3.09504
2.5613
3.26378
3.34949
2.88772
2.7847
2.77456
2.6336
2.63868
2.60967
2.59971
2.63729
2.06458
3.38694
2.99694
3.34732
3.34832
2.25217
2.73348
3.20157
3.62706
3.25455
3.52009
3.1962
2.91022
2.97934
3.33887
3.09316
3.58137
3.69568
3.20549
2.90759
2.93375
2.89753
3.05487
3.11234
3.12536
3.05701
2.8807
2.79506
2.90686
2.87811
3.06024
2.86899
3.07699
2.8786
3.19629
3.27478
2.93085
2.76633
3.53479
3.15279
2.53566
3.45709
2.79654
2.96631
3.15917
3.68643
3.02992
2.85455
3.40152
3.00731
2.7127
3.13243
3.34477
3.44571
2.92363
3.30326
3.15459
3.45811
3.28369
3.98976
2.99234
3.11179
3.19257
2.80024
3.18617
2.74745
1.88876
2.55621
2.77152
2.98875
3.31119
2.6511
3.02964
2.96519
2.86058
2.99135
2.89392
3.14209
3.40681
3.32355
3.28104
3.25577
3.0742
2.9385
3.32314
2.81585
3.14262
2.9872
2.62871
2.73823
2.98895
3.01556
2.94979
2.50758
3.12051
2.80647
3.1207
2.9796
3.03365
2.65408
2.48791
2.91135
2.53465
2.65926
2.98026
2.76203
2.91631
2.80584
3.13014
3.07793
3.27602
2.92249
2.56759
3.09898
3.49849
3.09817
3.09181
2.68891
2.70197
3.41617
2.54644
2.67548
2.92933
3.03267
3.10886
2.89484
3.49753
3.25706
