1.92595
2.71052
2.82462
2.39043
2.43062
2.68356
3.15893
2.87318
1.74788
3.04252
3.09175
3.31695
2.28115
2.53333
2.6771
2.89503
2.76618
3.18285
2.46709
2.87345
3.18838
2.75698
2.18947
3.06021
3.39302
3.50877
2.91186
3.29756
3.1145
3.21893
3.50294
3.40811
4.19596
4.20635
3.34379
2.80108
3.01478
3.20132
2.76408
3.06024
3.29243
2.54886
3.12602
3.38699
2.67242
2.79424
2.64683
2.4974
2.57811
2.87364
2.57561
2.77506
2.14872
2.99455
3.29491
3.65854
3.39931
1.78238
3.23915
3.33208
3.50174
3.24214
3.84091
2.83341
3.25069
3.06416
3.32335
3.16339
3.64211
3.55219
3.07869
3.19276
3.03844
3.14596
3.02667
3.39611
3.53776
3.33235
2.64487
3.41759
2.87724
3.37764
3.12286
3.18172
3.08046
3.13431
2.91491
3.31829
2.95278
2.88268
3.82241
3.43862
2.87445
3.43751
2.85315
2.94794
2.96425
3.13833
3.35379
3.26799
3.40169
3.60544
2.89486
2.65429
2.99836
3.51269
3.2171
3.31774
3.90596
2.4419
3.45681
4.26148
3.40097
3.19869
3.04423
3.26422
2.96244
3.19052
2.15276
3.23004
2.33203
3.66241
3.30718
2.96655
3.68884
3.35919
3.27098
3.20045
3.21531
3.60026
3.617
3.62256
3.42378
3.4362
3.22159
3.20301
3.12004
2.91242
3.17183
3.03235
2.89692
2.89927
3.06384
2.99615
2.67084
2.68677
3.61276
3.12346
3.08937
3.13558
3.45225
2.8992
3.25544
2.90634
2.84093
2.95633
2.99848
2.72686
3.0294
3.32585
3.26178
3.50112
3.42134
3.89699
3.38965
3.47751
3.26145
3.59158
3.07334
2.99007
3.11383
3.91537
2.84472
3.07914
3.37336
3.51114
3.39397
2.74803
4.08933
2.89537
1.87735
2.37457
2.4933
2.41085
2.50014
2.50766
3.18352
2.81196
1.75056
2.84993
2.9716
3.48694
2.26322
2.74259
2.51913
3.07507
2.46545
3.49398
2.80503
2.35623
3.19939
3.19469
2.82875
2.99593
3.2756
3.66052
3.07305
3.25343
3.10449
3.13057
3.57693
3.50346
3.53878
3.89872
3.17126
2.62365
2.55191
2.8875
2.35739
3.10321
3.18095
2.58214
3.58039
3.20301
2.88328
2.66972
2.31714
2.52948
2.4848
2.26961
2.5356
2.60201
2.08676
2.90854
3.10885
3.52802
3.53879
2.22475
3.59013
3.44358
3.93687
3.42071
3.91927
2.94171
3.35271
2.98266
3.02881
3.13991
3.80808
3.2566
3.24178
3.40093
3.09293
2.94025
2.90796
3.56326
3.32177
3.13314
2.8579
2.99015
3.20592
2.99378
3.05108
3.03034
2.98689
3.1509
3.08504
3.14904
2.65449
2.74529
3.33724
3.12436
2.66489
3.71808
2.61567
3.20157
3.25849
3.29539
2.99928
3.22182
3.1195
2.85365
2.84733
3.1255
3.14237
3.83701
3.22499
3.46909
4.09323
2.94836
3.7056
4.53861
3.35537
3.08934
3.34317
2.81635
2.75933
2.99554
2.18298
2.9995
2.6285
3.31186
3.78467
2.80387
3.41335
3.66333
3.05972
3.23707
3.17977
3.30793
3.62378
3.77069
3.27796
3.07336
3.22576
3.44804
3.6226
3.12083
3.29793
3.16649
2.86437
2.76443
3.1984
2.54031
2.70306
2.66356
3.06033
3.00052
2.97988
3.07752
3.05048
2.69383
2.8822
2.93086
2.82819
3.08185
2.89387
2.76203
2.86864
3.19215
2.9746
3.77537
3.47513
4.17661
3.29553
2.70775
4.05149
3.22783
2.82987
2.92424
2.93966
4.08249
3.27559
3.08417
3.26488
3.23678
3.47094
2.86751
3.63047
4.01381
