2.03726
2.66352
2.25441
2.16208
2.33606
2.51184
2.5294
2.79927
1.66087
3.07342
3.03145
3.03288
2.19339
2.46013
2.72884
2.31432
2.4337
2.85254
2.54059
2.49394
3.36512
2.41201
2.57962
3.14877
3.34762
3.55318
2.57342
3.0862
3.12948
3.26433
3.13452
3.55061
3.65453
4.07138
3.29531
2.14831
2.5468
2.88244
2.17233
2.81665
3.15714
2.42354
3.29912
3.44041
2.78753
2.57228
2.56178
2.38064
2.40109
2.5144
2.42063
2.48608
2.20359
2.79815
3.11581
3.07069
3.09658
2.51866
3.44037
2.99198
3.00827
3.39881
3.5172
3.11624
2.53579
2.95855
3.13185
3.03612
3.25103
3.09423
3.09121
3.00181
3.03577
2.95116
3.10591
3.06961
3.09718
2.93034
2.902
2.95554
2.7519
3.08745
2.90247
3.10209
2.83532
2.87163
2.80446
3.3834
2.52726
3.03297
3.27439
3.02168
2.45366
3.33036
2.61464
2.92747
3.54256
3.18708
3.12443
3.02571
3.19067
2.9217
2.56244
3.15171
3.32667
3.47274
3.41337
3.14077
3.73372
2.37723
3.086
3.82085
3.41988
2.97301
3.16561
2.87683
2.8606
3.41224
2.59271
2.96641
2.54253
3.53876
3.79999
2.89106
3.33131
3.51855
2.98328
3.12271
3.24818
3.41721
3.33755
3.55666
3.25081
3.1389
3.03689
2.96803
2.93712
2.77311
3.2247
2.84157
3.08824
2.97883
3.07511
2.93842
2.89457
2.69427
3.3495
3.07558
3.06181
3.20332
3.09054
2.22381
2.81628
2.92023
2.67631
2.88211
2.46207
2.58212
2.77576
2.8481
2.6441
3.2442
3.17999
3.13042
2.81708
2.49211
3.32063
3.24416
2.92078
2.81277
2.73706
3.20644
3.09035
2.90035
3.16377
3.24696
3.23292
2.85651
3.09492
3.69832
1.8897
2.71696
2.45113
2.15764
2.23678
2.45053
2.57846
2.67757
1.74649
2.67041
2.82754
2.91976
1.94197
2.8788
2.52189
2.4524
2.24338
2.70739
2.42173
2.17039
3.07825
2.77212
2.61075
3.02198
2.96622
3.72032
2.60448
2.97736
2.48423
3.14358
3.14869
3.21913
3.07525
3.57034
2.84132
2.33677
2.6621
2.62025
2.37909
3.17554
3.20785
2.43097
3.32261
3.13775
2.79157
2.58369
2.63497
2.57932
2.61156
2.32698
2.6691
2.50682
1.99341
2.85043
3.08578
2.82676
3.14393
2.39446
3.37275
3.1194
3.28102
3.30158
3.48658
2.5947
2.88099
2.60911
3.0804
3.01592
3.10003
3.60406
2.97699
2.94729
3.04996
2.8961
2.96744
2.92055
2.9934
2.83645
2.69216
2.61521
2.59926
2.66153
2.91498
2.90447
2.89711
2.74244
2.71459
3.31701
2.69523
3.06709
3.15193
3.33639
2.41138
3.0451
2.92618
2.94418
3.24097
3.10855
3.25261
3.32883
2.89577
2.82769
2.57921
2.94844
3.05759
2.8699
2.97284
3.19498
3.85791
2.10884
2.866
2.9074
3.38418
3.25181
2.98691
3.11863
2.70446
3.19979
2.28867
2.85091
2.39234
3.8083
3.22902
2.88194
3.08454
3.41882
3.118
2.87207
2.59442
3.05759
3.25613
3.4965
2.99316
3.1454
2.91097
3.10679
3.02096
2.73542
2.76816
2.70512
2.78665
2.52863
2.97642
3.0056
2.54814
2.79184
3.15174
3.24359
3.05262
3.10326
2.88101
2.09363
2.81284
2.87911
2.89001
3.14294
2.85547
2.73282
2.92687
3.00838
2.81937
3.61992
3.24357
3.27568
2.76833
3.24776
3.54241
3.03266
2.93764
2.90287
2.87908
3.11073
2.91292
2.80912
3.04061
2.97943
3.11059
2.75384
3.10679
3.49578
