1.78912
2.74532
2.31024
2.16281
2.39405
2.63396
3.39574
2.79966
1.75895
2.63575
2.91923
2.78559
2.23699
2.10644
2.81608
2.56241
2.48226
3.35152
2.64955
2.63081
2.33973
2.74776
2.73846
3.05617
2.94766
3.2198
3.05339
3.3099
3.32579
3.4706
3.54409
3.61359
2.93206
4.08305
3.09523
2.32924
2.58126
3.26778
2.47262
2.79873
2.83845
2.48554
3.0634
2.84844
2.66731
2.24685
2.61307
2.2035
2.25386
2.24354
2.54932
2.59717
1.93286
2.97114
2.69229
3.24715
3.58589
1.84629
3.58525
2.98857
3.33772
3.07795
3.1212
2.8372
3.11542
3.10665
2.79279
3.17679
3.32233
3.49745
3.16044
2.57829
2.91255
2.91934
2.9554
3.34184
3.34271
2.9999
2.78476
3.08485
2.63962
2.68065
2.4561
2.82092
3.41161
2.75554
2.63637
2.88521
3.02444
3.58595
3.93938
3.12632
2.42662
3.72346
2.4772
2.83238
3.22587
3.11675
3.19781
3.29065
3.39333
2.9611
2.40488
2.91333
3.07706
3.74412
2.8299
2.86905
3.13088
2.15813
3.75396
3.3858
3.01289
2.71791
2.97178
2.98152
2.51359
3.16726
1.83423
2.54685
2.55244
3.27701
3.35057
3.31486
3.64849
3.05166
2.69286
3.37173
3.30322
3.44417
3.35346
3.83361
3.59796
3.14184
3.63482
3.11029
3.10625
3.20142
2.8884
2.81648
2.82106
2.48435
2.86877
2.70489
2.68767
2.70533
3.14356
2.93786
3.00152
3.09388
3.0679
2.63526
2.72613
2.81432
2.59175
3.03221
2.95222
3.20467
2.63581
3.01228
2.8346
3.45825
3.14501
2.68868
2.77439
2.28351
3.38873
3.05409
3.1681
3.12504
3.14537
3.29838
2.87286
3.20328
3.51342
2.92124
3.46482
2.15705
3.0915
2.88915
1.71834
2.84036
2.26258
2.0865
2.31125
2.60664
3.20939
2.88525
1.93704
2.9873
3.1065
2.75248
2.40919
2.70245
2.95018
2.71872
2.58183
3.32527
2.87063
3.0353
3.22444
2.52711
2.93909
3.26884
2.99436
3.48351
2.73227
3.55909
2.77181
3.03981
3.27698
3.21666
3.0689
3.76181
2.86906
2.23273
2.72377
2.92183
2.6968
3.10742
2.84779
2.50326
3.25722
2.95581
2.41685
3.04556
2.42601
2.42136
2.74636
2.51143
2.66474
2.59265
2.07263
2.93834
3.19424
3.42089
3.38155
2.43983
3.2797
3.27641
3.67097
3.48663
3.25644
3.35594
2.59923
3.5836
3.33733
2.82948
3.40925
3.41766
3.09862
2.87131
2.78715
2.89683
3.24087
2.6123
2.92891
3.16106
3.21062
2.84164
2.43543
2.85078
2.69411
2.98087
3.0695
2.78116
2.87291
3.09102
2.8794
3.2678
3.30231
2.99419
3.19894
3.23844
2.38281
2.84961
3.00322
3.19477
3.008
3.621
3.29999
3.14585
2.42264
2.9753
3.0658
3.05866
2.91428
3.41816
4.05532
2.41678
3.29156
2.52321
3.34065
3.14789
3.49468
2.72173
2.52795
2.91462
2.28151
2.72051
2.83256
2.57607
3.40793
2.85687
3.43752
2.95368
2.92994
3.25641
3.19891
3.15534
3.39196
3.73831
3.54788
3.60086
3.21024
3.15756
3.48789
3.31026
3.41015
2.94381
2.59077
2.66962
3.0025
2.83735
2.55877
2.90856
3.39468
2.9633
3.07528
3.08488
2.9932
2.49738
2.66103
2.73988
2.80833
3.02051
2.65055
2.88078
2.79878
2.95056
2.80078
3.62523
3.55481
2.61331
2.63
3.05628
2.83875
3.14697
3.11575
2.62956
2.99575
3.89698
2.84562
2.8529
3.33733
2.74868
3.55895
2.09811
3.27069
3.71364
