1.69514
2.85889
2.27422
1.96571
2.02626
2.31143
2.40255
2.74856
1.65894
2.62009
2.39246
3.06073
2.16731
2.32085
2.75026
2.44808
2.50343
2.97001
2.49836
2.4273
2.73009
2.24763
2.30237
2.88554
2.95046
3.40503
2.79816
2.8265
3.11955
3.10654
3.2049
3.47261
3.28775
3.66163
2.94712
2.58565
2.55056
2.92832
2.46742
2.99207
2.99113
2.59428
3.38447
2.90048
2.69814
2.48325
2.33686
2.24099
2.30362
2.66189
2.31476
2.23493
1.86278
2.8591
2.98971
3.22524
3.52639
2.19349
3.39959
2.74938
3.88452
3.07084
3.78804
3.26892
2.67051
3.02298
2.7024
2.96219
3.70241
3.64085
3.30601
3.47649
2.83723
2.72924
3.2268
3.46734
3.1144
3.0483
2.85778
2.77362
2.58721
2.98918
3.1765
3.24402
3.63854
2.96076
3.23567
3.09106
3.6627
3.40838
3.67141
3.14476
3.36748
3.09111
2.52388
2.74877
2.52527
3.01659
2.6172
3.21874
3.70546
2.94062
2.61449
2.74955
2.8115
3.99725
3.40768
3.31204
3.51084
3.14616
3.47167
4.44808
2.97127
3.05551
3.04533
2.55463
2.42063
2.89504
2.06168
2.8502
2.36713
3.27317
3.8293
2.89885
3.29151
2.52896
2.47766
3.18177
3.09267
3.40139
3.34285
3.44716
3.49246
3.25089
2.88687
3.03665
2.83553
2.72449
2.85014
2.77878
2.64523
2.42609
3.13765
2.69839
2.88023
2.72171
3.58048
2.86676
2.96624
2.70618
3.00129
2.3801
3.11085
2.83616
2.24201
2.43521
2.75417
2.42295
2.08425
2.23717
2.3719
3.15804
2.97381
3.35423
3.35053
3.36769
3.46537
2.88577
3.00592
3.30233
3.31158
3.3787
2.7309
3.00211
3.28202
3.11507
3.35411
2.56463
3.27752
3.49679
1.63773
2.38738
2.09345
1.92011
2.07347
2.16322
2.76179
2.72323
1.70011
2.73529
2.76285
3.35786
1.8243
2.47815
2.82204
2.36917
2.43179
3.37708
2.48231
2.46064
2.52283
2.23327
2.24993
2.9956
2.88848
3.61616
3.01595
3.13447
3.14201
3.24596
2.94682
3.32845
3.47208
3.53412
3.12109
2.55187
2.50871
2.77975
2.36946
2.8584
2.86469
2.69858
3.06154
3.3463
2.83907
2.7697
2.55779
2.05737
2.50106
2.55301
2.43146
2.24606
1.96103
3.00507
2.97958
3.50969
3.3282
2.09557
3.1125
2.96985
3.3305
3.51515
3.03655
3.01655
3.324
3.28577
3.0326
3.05367
3.37419
3.64424
3.32616
3.78096
2.921
3.25497
3.12289
3.1553
3.5439
3.04871
2.72198
3.02468
2.76816
2.71042
2.97015
3.14905
2.95101
2.99682
3.29866
3.52476
2.8515
3.84235
3.72896
3.07727
3.23438
3.13011
2.2968
3.00047
3.01474
2.86596
3.23818
3.41328
3.29841
3.24238
2.63638
3.10439
2.69867
4.27856
3.53953
3.40732
3.62722
3.87876
3.06998
4.38333
3.4242
3.16969
2.91434
2.51033
2.59946
2.29749
2.27045
2.97155
2.66868
2.98262
3.53646
3.06555
3.15432
2.89618
2.61694
2.91545
3.32711
3.18186
3.26761
3.23379
3.34051
3.5462
3.15549
2.98449
2.78677
2.76481
2.97626
2.61204
2.92795
2.36957
2.85622
2.55301
2.93119
2.62842
2.94534
2.81245
2.70525
2.76518
2.98931
2.14899
2.57882
2.41233
2.32652
2.57124
2.23957
2.61372
3.02248
2.67284
3.05732
3.38375
3.25214
4.06656
2.88495
3.72958
3.53557
2.96651
2.75791
2.9662
3.14174
3.70826
3.05393
3.31836
3.18616
2.66569
3.04261
2.86636
3.24853
2.8307
