1.84154
2.74088
2.77919
2.48767
2.68151
2.72117
3.02237
2.95426
2.06641
2.97245
3.04969
3.51584
2.55508
3.19042
2.76416
3.11203
2.77179
2.89623
2.74494
2.95546
3.41344
2.74341
3.05112
3.78823
3.22003
3.69998
3.20947
3.31057
3.15817
3.41511
3.51727
3.65923
3.3485
3.43487
3.13963
2.70839
2.99492
3.30876
3.11299
3.24676
3.37308
2.68003
3.64786
3.55173
2.58738
2.72118
2.78303
2.65395
2.96249
2.68525
2.80688
2.71997
1.97584
3.188
3.1755
3.35605
3.76744
1.96546
3.52111
3.59209
3.53714
3.70653
3.95917
3.57694
3.00822
3.16814
3.20493
3.26477
3.48053
3.55792
3.25425
3.23546
3.276
3.35422
3.46525
3.35071
3.50405
3.32463
3.3926
3.22832
3.11867
2.9825
2.91948
3.02674
3.33714
3.15289
3.26791
3.23753
3.22337
3.92703
3.53046
3.32841
2.67156
3.51955
2.43427
3.14085
3.30969
3.91792
3.07854
3.616
3.75471
3.86025
3.30853
3.1529
3.33336
3.68504
3.13495
3.42452
3.95158
3.58199
3.67253
4.35528
3.64347
3.49083
3.52348
3.05087
2.80037
2.74718
2.3596
2.94809
2.89854
3.76065
3.66608
3.41597
3.50247
3.33433
3.08208
3.15313
3.10922
3.64216
3.80278
3.72908
3.65169
3.37767
3.24347
2.89511
3.36194
3.21643
3.02222
3.10391
3.0009
2.9694
3.0596
2.93748
3.05599
2.94179
3.4272
3.29949
3.13259
3.21134
3.17801
3.06442
2.69533
3.24812
2.8365
3.34963
2.98303
2.91659
3.01749
2.97128
2.89125
3.10124
3.48516
3.73246
3.23294
3.31836
3.766
3.48701
3.31853
3.25913
3.26268
3.64982
3.30521
3.13864
3.70088
3.51213
3.30049
2.95009
3.49489
3.38769
1.99054
2.88053
2.66009
2.46079
2.58208
2.70673
3.10482
3.17538
2.05595
3.05107
3.24857
3.30771
2.85969
2.87357
3.12746
2.85415
2.86667
3.07022
2.75593
2.96363
3.1226
2.72579
2.96085
3.21735
3.08322
3.58663
3.17717
3.56892
2.98343
3.28002
3.58555
3.57659
3.58059
3.88668
3.31389
2.6072
2.88078
3.30435
2.61836
3.54252
3.27401
2.69153
3.87599
3.36968
3.1386
3.13792
3.02799
2.48051
3.14188
3.13272
2.83536
2.70208
2.20615
3.25005
3.0329
3.09594
3.6213
2.47098
3.12287
3.73567
3.62126
3.43266
3.58248
3.28165
2.90162
3.42113
3.31407
3.40043
3.546
3.70488
3.32622
3.21579
3.06278
3.27879
3.24007
3.36378
3.64755
2.98531
2.91032
3.20784
3.15108
2.89043
3.20125
3.25613
3.27297
2.99055
3.06436
3.40762
3.15367
3.71509
3.63652
3.36288
2.78636
3.40307
2.89475
3.22209
3.43345
3.46565
2.86888
3.29263
4.01328
3.03015
3.44923
3.50132
3.58382
4.27072
2.94678
3.68966
4.0063
3.85979
3.69654
4.41152
3.58496
3.32926
3.69124
2.9536
2.90971
3.21084
2.35156
2.98214
3.292
4.27888
3.77566
3.11142
3.43283
3.65035
3.63173
3.24464
3.10834
3.30961
3.6805
3.91563
3.69153
3.45358
3.52234
3.14418
3.41355
3.13151
3.16351
3.13516
2.57661
3.07311
3.58166
3.34882
2.95738
2.98123
3.20935
3.1747
3.27007
3.12526
3.16736
3.0343
2.8207
3.16308
3.20603
3.09173
3.01382
3.0379
2.87342
3.04309
3.05629
3.52952
3.85229
3.07948
2.59876
3.83254
3.91562
3.22531
3.38423
2.98724
3.03378
3.89678
2.85199
3.17824
3.39604
3.29202
3.69176
3.07806
3.67078
3.82833
