2.23769
2.7011
2.5854
2.33493
2.49634
2.8596
2.79597
3.05179
1.81545
3.08475
2.73335
3.25824
2.54651
3.26486
3.10564
2.74919
2.66214
3.27877
3.0637
2.63026
3.33151
2.44921
3.04234
3.18849
3.75936
3.53323
3.05239
3.54214
2.97592
3.42398
3.84504
3.40858
3.58729
3.89653
3.353
2.69018
2.89645
3.38166
3.00896
3.50797
3.29434
2.89593
3.75727
3.52409
3.08424
2.97261
2.97357
2.66762
2.60025
2.95979
2.61926
2.70765
1.94569
3.25529
3.54279
3.12743
3.3067
2.87872
3.69682
3.17903
3.35205
3.51218
3.88474
3.07009
2.79877
3.29276
3.52748
3.21569
3.37202
3.77622
3.3452
3.21982
3.23405
3.31568
3.25945
3.51922
3.35389
3.2712
3.266
2.99886
3.13954
3.26344
3.03912
3.27137
3.20025
2.94053
3.37706
3.03032
2.85375
3.01675
3.89955
3.45835
2.43832
3.63514
2.32151
3.39827
3.00696
3.34744
3.50732
3.35841
3.81015
3.40382
3.42096
3.00416
3.69291
3.18682
3.50711
3.43841
4.02175
2.59155
3.8276
3.70816
3.63924
3.09484
3.7687
3.22372
3.00393
2.85262
2.10932
3.16407
2.85084
3.65575
3.917
3.16058
3.36047
3.1144
2.90737
3.35361
3.2627
3.37503
3.86669
3.77033
3.58028
3.15682
3.17689
3.10555
3.40564
3.02126
3.21821
3.11819
2.92056
2.87375
3.20233
3.02802
2.94836
3.10393
3.67942
3.40954
3.2306
3.20265
3.56275
2.69923
3.16336
2.82355
2.85138
3.26518
3.5217
3.03584
2.93459
2.65525
3.17388
3.41556
3.21445
3.18744
2.86177
2.47438
3.8653
3.39343
3.13984
2.70353
3.23467
3.6857
3.39633
3.4762
3.5543
3.01103
3.43082
3.28623
3.3433
4.01081
2.01635
3.07524
2.74522
2.42911
2.56919
2.66754
2.8398
3.0028
1.83326
3.26605
3.11005
3.25093
2.76446
3.24979
3.01698
2.70894
2.62151
3.11404
2.98369
2.75734
3.30941
3.49225
3.1707
2.97176
3.35345
3.4776
2.97245
4.0092
3.28595
3.23064
3.52365
3.46788
3.53496
3.82366
2.97421
2.55992
2.6385
3.10218
2.48194
3.35239
3.15955
2.58523
3.91194
3.3059
2.94223
2.73316
2.84956
2.7691
3.34491
2.75704
2.65783
2.717
2.0251
3.03476
3.1662
3.456
3.37679
2.89332
3.67898
3.38441
3.70497
3.80641
3.88427
3.07906
3.22356
3.30806
3.38831
3.21751
3.50623
3.69852
3.37004
3.38271
3.3068
3.08968
2.96182
3.32263
3.30434
2.99198
2.8787
2.88862
2.85098
2.9984
2.87815
3.15373
3.16774
3.06904
3.24702
3.35269
3.0765
3.11862
3.96636
3.1821
3.08565
3.67799
2.76553
3.13094
3.35566
3.48822
3.29627
3.4858
3.42201
3.1727
2.69719
3.18849
3.27456
4.36443
3.58566
3.45641
3.97763
3.14391
3.66792
3.99068
3.53253
3.1292
3.52531
3.29866
2.9599
2.76622
2.14355
3.149
3.25858
3.69738
4.32725
3.35585
3.5113
3.61828
3.36329
3.42358
3.27475
3.44426
3.79354
3.67718
3.74825
3.35085
3.69866
3.61497
3.50437
3.42343
3.12586
3.1635
3.41654
2.79686
3.09482
2.76428
2.91351
2.65253
3.01986
3.16581
3.37483
3.06773
3.39906
2.86789
2.92841
3.07204
3.00797
2.84615
3.24963
2.72657
2.98158
2.67911
2.93963
3.14915
3.5709
3.37909
3.53414
2.60156
3.20957
3.48219
3.1169
3.15369
2.77142
4.10636
3.41897
3.38855
3.40958
3.17335
3.3444
3.25666
3.29507
4.11226
