2.0137
2.71992
2.54225
2.23268
2.56983
2.65443
2.66396
2.85575
1.78262
2.93116
2.705
3.04314
2.48111
2.93345
2.68073
2.89081
2.76144
3.11566
2.96485
3.06484
3.11879
2.95222
2.73716
2.52339
2.56281
3.79954
3.14799
3.33357
3.45975
3.4648
3.20315
3.60389
3.56538
3.93844
3.14987
2.64042
2.94138
3.1445
2.51192
3.42267
3.03739
2.86797
3.44385
3.4205
3.33558
3.07074
3.18528
2.78287
2.82013
2.99544
2.63279
2.64906
2.14014
3.03256
2.87838
3.21735
3.5928
2.84798
3.56679
3.03049
3.17128
3.41485
3.96231
3.08608
3.26835
2.85748
3.25462
3.29773
3.712
3.64281
3.34862
3.44875
3.08989
3.26545
3.23142
3.41283
3.3516
3.04202
3.16827
3.01941
2.92864
2.94202
3.14582
3.14159
2.89624
2.87938
3.14732
3.14024
3.1571
3.39235
3.59775
3.18506
2.75129
3.31118
2.81854
3.0202
2.83952
3.37619
3.34611
3.28631
3.79614
3.54333
2.7465
3.08423
2.93803
3.51049
2.74675
3.32466
3.53038
2.80195
3.33959
3.95939
3.40684
3.20582
3.08912
3.10062
3.20208
3.22099
2.18013
3.03321
2.58229
3.74685
3.95906
3.04423
2.89535
3.20666
2.62962
3.53937
2.81257
3.33337
3.39225
3.24841
3.1111
3.25707
2.83112
3.60912
3.27587
3.33791
3.31431
2.99295
3.01529
3.19654
2.83766
3.14419
2.83703
2.71662
3.07887
3.06943
3.29268
3.26203
3.09787
2.60582
2.83632
2.76492
2.72638
2.95975
3.09402
2.85661
3.0598
3.03505
2.67876
3.49157
3.04925
3.13488
2.6114
3.4774
3.39291
3.66629
2.85873
2.85665
3.20113
3.53328
2.93359
2.27432
2.95347
2.97252
3.31143
2.53845
3.23603
3.685
1.9223
2.6392
2.58018
2.33989
2.58104
2.84105
2.98394
3.017
1.89895
2.99825
2.7161
3.17087
2.7862
2.49419
2.82231
2.86569
2.68389
3.08366
2.77744
3.08495
3.52375
2.88298
2.78309
2.84514
2.83892
3.63601
2.97468
2.94536
3.41684
3.45746
2.81509
4.02891
3.4374
3.77474
3.13987
2.79296
2.88748
3.33113
2.84612
3.45522
3.33457
2.71685
3.41277
3.4284
3.22433
2.99329
2.69123
3.41046
3.00642
2.88977
2.60236
2.40287
2.12988
2.80629
3.36772
3.24049
3.37363
3.07668
3.36127
3.38374
3.50846
3.49208
3.57991
3.08345
3.46576
3.30387
3.26824
2.97604
3.64146
3.50304
3.46012
3.32298
3.04251
3.25
2.91121
3.16055
3.64028
2.77079
2.98684
2.85922
2.66551
2.67475
2.9341
3.11107
3.17606
2.93991
3.2423
3.42615
2.86456
2.9662
3.70029
3.35846
2.56386
3.68701
3.35968
3.09801
3.25727
3.52487
3.1124
3.33167
3.29712
3.01193
2.98175
2.96322
2.97698
4.15663
2.72636
3.26556
3.69575
3.11502
3.30645
4.03243
3.22239
3.03706
3.29337
2.53534
2.66483
3.68591
2.09019
3.07661
2.43985
4.01106
4.00056
2.9485
2.96949
3.13657
3.10168
3.02967
3.00103
3.01054
3.59004
3.37072
2.75091
3.23337
3.02658
3.17727
2.76684
3.27586
3.12457
2.65708
2.59836
2.80033
2.73384
2.97387
3.04669
3.05323
3.1704
3.22042
3.11191
2.997
3.02169
2.87097
2.88707
3.00642
3.18275
3.09136
2.871
3.20727
2.64322
2.66079
2.82323
3.76481
3.33604
3.39529
2.76073
2.96689
3.322
3.10418
3.04926
2.75358
3.07066
3.69233
2.68844
3.01329
2.85245
2.78638
3.11382
2.59791
3.8833
3.62344
