1.78596
2.43921
2.33153
2.06271
2.20045
2.55997
2.7165
2.9385
1.65038
2.96453
2.87753
3.01666
2.06771
2.81008
2.57139
2.38084
2.43182
3.26873
2.53566
2.4414
2.90055
3.41037
2.57188
3.0588
3.13466
3.76749
2.62495
3.4547
2.82603
3.01836
3.28281
3.66477
3.64267
3.5879
3.1634
2.62613
2.77575
3.11821
2.42455
2.98408
3.11635
2.40676
3.3202
3.24086
2.73879
2.99062
2.85923
2.82192
2.56711
2.54131
2.69731
2.5895
2.06536
3.25922
2.88477
3.2681
3.60012
1.92781
3.57884
3.05884
3.00751
3.38164
3.43752
2.85919
2.83763
2.96036
3.09178
3.04775
3.25815
3.3169
3.06475
3.05072
2.91973
2.78088
3.55093
3.27368
3.2593
3.02974
2.8696
3.16784
2.61881
2.8699
2.72444
2.70068
2.78582
2.71027
3.19946
2.96897
2.94506
3.45638
3.54049
3.40793
2.41284
3.12082
2.55618
2.93586
2.96659
3.20794
2.72532
3.15472
3.17294
2.86506
2.24413
2.65798
2.87381
3.33665
3.08989
3.05231
3.64232
2.46255
3.43292
3.30891
2.91215
2.83422
2.82498
3.05622
2.72683
3.35322
2.24742
2.39475
2.71778
3.20394
3.36267
2.91201
3.3078
3.39189
2.56296
3.2143
3.24014
3.5203
3.57912
3.98255
3.73487
3.23217
3.35513
2.98015
3.54684
3.04588
3.05255
2.97052
2.9386
2.43796
3.00135
3.03538
2.75545
2.83154
3.86321
3.33018
3.14539
3.14989
3.41263
2.30354
3.03141
3.09711
2.61217
2.93997
3.16274
2.50008
2.95754
2.3201
2.77151
3.33756
3.19306
3.01975
3.03365
2.56721
3.905
3.14716
2.52481
2.45987
3.00813
3.54946
2.81533
2.79871
3.53673
3.16356
3.41402
3.20325
3.21849
3.53156
1.72996
2.75284
2.18045
2.02218
2.311
2.55659
3.18135
2.89995
1.78344
2.92996
3.11628
3.11203
2.27372
2.70301
2.83932
2.3745
2.41913
3.18369
2.48872
2.34691
3.59108
3.19754
2.60218
2.91473
2.85733
3.56543
2.73326
3.51104
2.69159
3.10583
3.41283
3.56594
3.16672
3.61069
2.95137
2.44683
2.42605
2.98083
2.50911
3.26359
3.08896
2.66731
3.16759
3.18312
2.90625
2.32372
2.76859
2.70802
2.41863
2.45872
2.76556
2.42901
2.2204
3.33342
3.31325
3.71877
3.13607
2.54778
2.8406
3.1683
3.10721
3.36002
3.78693
2.83481
2.69328
2.74958
3.41426
3.08934
3.25493
3.71399
2.85973
3.45894
2.98314
3.10446
3.18778
3.12139
3.0901
3.3366
3.0212
3.26173
2.67982
3.01937
2.83692
3.02019
2.62665
3.0487
2.86524
3.23495
3.06671
3.41213
3.40361
3.02031
2.50444
3.13358
2.66039
2.96138
2.83676
3.35006
3.63409
3.25289
3.36017
3.05089
2.5395
2.69072
3.06863
3.5022
3.22618
2.78938
3.3284
2.6272
3.01484
3.28137
2.94675
2.8415
2.95855
2.93133
2.65065
3.11487
2.42826
3.01603
3.07639
3.03667
3.45095
3.05218
3.45897
3.58807
2.86006
3.0019
2.79109
3.03689
3.85086
3.94412
3.85996
3.42958
3.21195
3.05779
3.40654
3.40778
3.02434
3.2346
2.84966
2.41379
2.99543
2.82921
2.67396
2.62674
3.38532
3.3564
3.01831
2.88536
3.18838
2.08846
3.21839
2.92454
2.90016
2.86895
2.93581
2.663
3.42663
2.46635
2.65617
3.12306
3.46999
2.77617
2.33976
2.9472
3.41676
3.02824
3.05453
2.91379
2.93297
3.64846
3.08916
2.69258
3.75813
3.23577
3.59088
3.30044
3.14019
3.38422
