2.08211
2.98841
2.40731
2.37344
2.51729
2.74019
3.36312
2.85657
1.72211
2.63436
2.62973
3.06998
2.45818
2.79461
2.99444
2.67565
2.55408
2.93546
2.5932
2.39158
2.68052
2.60107
2.88671
3.04801
3.4727
3.44231
2.85392
3.03353
2.63463
3.3928
3.46268
4.04758
3.4625
3.89673
3.00236
2.02882
2.50126
3.08676
2.71524
3.39703
3.28099
2.36455
3.39268
3.29824
2.87942
2.48664
2.40801
2.3851
2.75661
2.91263
2.57612
2.44077
1.99966
2.96008
3.1181
3.01326
3.07521
2.9041
2.95435
3.49934
2.85733
3.49935
3.81185
2.9857
2.90619
3.35424
3.25835
2.99678
3.38826
3.53879
3.12167
3.26821
2.95806
3.07295
3.13552
3.53015
2.88399
3.05694
3.0421
3.2497
3.05963
2.77167
2.89978
3.08887
2.81366
2.94079
3.04251
3.88314
2.95474
3.41915
3.57429
3.33265
2.93949
3.9756
2.72572
2.947
3.18971
3.36774
3.33262
3.53155
3.2929
3.33993
2.60028
2.80315
3.31252
3.75537
3.31075
3.30419
3.77305
2.55666
3.91121
3.71159
3.49185
3.14244
3.23043
2.67219
2.48482
2.88434
2.27876
2.7479
3.2694
3.17963
3.64439
3.29656
3.19641
2.71898
3.02606
3.08848
2.80473
3.55428
3.67139
3.84352
3.5164
3.68237
3.02581
2.79504
3.06154
3.03144
3.04406
3.00149
2.76526
2.71251
3.26115
2.74958
2.81037
2.82938
3.39083
3.57638
3.05268
2.91182
3.28795
2.51257
3.10926
3.74585
2.34242
3.03712
3.05907
3.04852
2.87912
2.98633
3.08088
2.84864
3.80736
3.64722
3.53012
3.0354
2.89731
3.57694
3.18525
2.98062
2.96999
3.67307
2.698
3.08058
3.43141
3.33128
3.67051
3.08678
3.37586
3.58881
1.88267
2.84733
2.36559
2.2509
2.54264
2.68427
3.21614
2.69765
1.919
2.70524
2.57106
2.89461
2.55315
2.44115
2.73734
2.57755
2.84435
3.04392
2.57334
3.22399
2.33272
2.9661
2.72513
3.01868
2.97204
3.51056
2.77187
3.61313
2.92742
3.07074
3.44339
3.51073
2.9652
3.91209
2.99305
2.43173
2.69049
2.94874
2.39742
3.03962
3.24309
2.50258
3.01109
2.96711
2.77717
3.04785
2.66241
2.46468
2.83658
2.55073
2.6716
2.63381
2.02044
3.15922
2.77166
3.07082
3.66032
3.02811
3.80789
3.58604
3.36764
3.25788
3.39924
2.82888
3.23976
2.75484
3.28223
3.13942
3.28642
3.36447
3.28485
2.95754
2.84171
3.15992
3.11692
3.60977
3.4193
3.24131
3.10421
3.01158
3.01758
3.14522
2.9335
3.02497
3.00098
2.89531
2.99831
3.30095
2.91546
3.25937
3.57929
3.26789
2.73699
3.98541
2.41417
3.01434
3.19205
3.34394
2.91381
3.45508
3.44231
3.35516
2.4651
2.9818
3.38438
4.08306
3.34139
3.32502
3.70962
3.31428
3.78195
3.88574
3.49845
3.10451
3.31631
3.4734
2.98385
3.41732
2.42942
2.7946
3.05467
3.19592
3.27509
3.09681
3.29913
3.17161
2.99068
3.13291
2.72907
3.23386
3.78152
3.63387
3.41075
3.38737
3.1772
3.23725
3.30698
2.92033
3.05614
2.71678
2.72456
2.80605
3.37706
2.93569
2.62349
2.71702
3.23711
3.36145
3.17372
3.01904
2.94203
2.62151
3.08059
2.85015
2.49313
2.37983
3.25347
2.76433
2.99157
2.52816
2.86664
3.15636
3.78263
3.53744
2.73881
2.87655
3.12629
2.96605
3.31922
2.9322
2.66366
3.37307
3.02889
2.83706
3.10756
3.18462
3.06478
2.72352
3.20672
3.605
