1.78741
2.48425
2.40951
2.08619
2.59112
2.64184
3.45531
2.86159
1.82786
2.92946
3.1326
3.1747
2.55246
2.35759
2.63647
2.52803
2.50642
3.27106
2.39846
2.83056
3.20246
2.75097
2.68969
2.99768
3.18254
3.49647
3.31628
3.26393
2.90057
3.64438
2.87188
4.01804
3.14137
3.6082
2.91525
2.80865
2.85377
2.99801
2.91462
2.67111
3.23991
2.44268
3.31667
2.97114
2.62701
2.49281
2.55494
2.60588
2.46523
2.96056
2.6579
2.68383
1.89491
3.08608
2.72695
3.3844
3.86918
1.66354
3.41547
3.62183
3.83968
3.07198
4.0726
3.17213
3.48214
2.86204
3.4165
3.08352
3.7894
3.65773
3.21846
3.61873
3.05974
2.97949
3.02146
3.35607
3.32875
3.0968
3.09417
3.53441
2.96612
2.92208
2.99844
3.07244
3.82934
3.22915
3.17937
3.5097
2.97301
3.36029
3.61648
3.3366
3.14128
3.76705
2.82064
3.00151
3.45449
3.05284
3.35583
3.74071
3.46423
3.30513
2.68501
2.84587
2.97566
3.95583
3.01703
3.55541
4.33144
2.83254
3.39791
3.73008
3.14777
3.0256
3.31791
3.03576
2.87939
3.32101
2.12405
3.08262
2.07149
3.56619
3.71904
3.02931
3.09651
3.09024
2.99811
3.32082
2.9536
3.2973
3.93385
3.53922
3.47324
3.21538
3.05061
3.0946
3.52359
2.8506
3.21504
3.27746
3.19228
2.21108
3.00496
2.75938
3.36378
2.89153
3.90758
3.16764
3.05739
3.07366
3.08086
2.71188
2.76547
3.34125
2.76459
3.05379
2.72643
2.84014
2.7099
3.49421
2.79525
2.97
3.44553
3.4197
3.66589
3.47521
3.72071
3.46775
3.19103
2.92763
3.4347
3.96098
3.03188
2.72461
3.15744
2.95006
3.35599
2.92458
3.62625
3.56837
1.81864
2.52053
2.62787
2.42374
2.57751
2.69854
2.92861
2.88427
1.88977
2.84531
2.75205
3.08549
2.30911
2.32703
2.84039
2.51197
2.85726
3.02428
3.11663
2.79442
3.42443
2.91978
2.7481
2.99319
2.62972
3.59733
2.71969
3.19565
2.67371
3.49657
3.47508
3.73016
3.51119
3.57691
3.32047
2.48968
2.77346
3.27309
2.40421
3.6663
3.38443
2.19483
3.49801
3.1572
2.68321
3.12144
2.79937
2.33491
2.40756
2.45812
2.79577
2.63395
2.01999
3.18091
3.0787
3.32643
3.89135
2.57334
3.61706
3.38021
3.62782
3.54255
3.76915
4.01008
3.79117
3.13844
3.48927
3.34895
3.92342
3.94316
3.281
3.61821
3.08223
3.05502
3.14113
3.48213
3.348
2.99131
3.13508
3.04257
2.82914
2.93178
2.90299
3.1613
3.0401
2.94614
3.49604
3.46716
3.14759
3.36731
4.00593
3.39256
2.93693
3.30322
2.4779
3.09757
3.3966
3.13756
2.97013
3.54844
3.43073
3.46861
2.87465
2.86791
2.85978
4.06525
3.26706
3.33676
4.12418
3.73149
3.64629
4.23266
3.36132
3.19135
3.48044
2.8767
3.26284
3.28049
1.94646
3.09051
2.26449
3.62365
3.96254
2.93513
3.10689
3.33352
3.24976
3.13639
2.95612
3.13883
4.10986
3.98766
3.29457
2.99285
3.41363
3.11667
3.261
2.86238
2.79536
2.74446
2.54726
2.95238
2.98955
2.85419
2.8061
2.90436
3.4546
3.03103
2.96766
2.87631
3.24281
2.34932
2.69052
2.94393
3.05334
3.0329
3.00089
2.77147
2.72358
3.29874
2.93974
3.17039
3.43023
3.60704
3.19364
3.12998
3.59794
3.22625
3.31741
3.15626
3.05298
3.46633
3.12102
3.09538
3.13616
3.28441
4.05184
2.96443
3.39766
4.07608
