1.76861
2.89471
2.56904
2.20662
2.37199
2.61193
3.2175
2.92196
1.85512
2.83342
2.9412
3.17385
2.62368
2.74721
2.74607
2.71605
2.6754
3.18322
2.51834
2.38807
3.08068
3.06402
2.95389
3.09959
3.21057
3.766
2.99489
3.21922
3.69558
3.3664
3.2163
3.68101
3.65842
3.5896
2.87635
2.43961
2.75734
3.46904
2.46189
3.20808
3.15475
2.51524
3.58324
3.17464
3.23643
2.77112
2.81553
2.35004
2.84259
2.70844
2.52471
2.57664
2.1187
2.96551
3.15494
3.34284
3.40947
2.82682
3.69134
3.22354
3.5716
3.52891
3.96371
3.17097
2.75475
3.19373
3.09003
3.08165
3.68885
3.46467
3.56806
3.34403
3.11192
3.04298
3.189
3.33545
3.2966
3.18321
2.95534
3.39738
2.98441
3.34384
3.17859
3.27853
2.63154
3.22282
3.19301
3.41424
3.27665
3.72174
3.85383
3.67834
3.23567
3.41092
2.50952
3.16884
3.13396
3.44353
3.3902
3.83105
4.14711
3.25426
2.60509
2.87334
3.30955
4.42357
3.19903
3.36438
4.16964
3.27277
3.78049
4.27816
3.24872
3.10912
3.22127
3.54605
2.73767
3.27681
2.43551
2.78493
2.75137
3.40152
3.63472
3.37128
3.2294
3.04728
2.60076
3.09164
3.37613
4.05647
3.81436
3.90348
3.60719
3.59397
3.25045
3.42875
3.60135
2.99489
3.57276
3.04452
2.53105
2.70783
3.1295
2.96338
2.91885
2.85159
3.52843
3.30672
3.16119
3.16139
3.48729
2.53413
3.16738
3.00953
2.32316
2.86527
2.74464
2.75229
2.70728
2.5309
2.92483
4.077
3.675
4.00807
3.06812
3.30139
3.67829
3.59033
3.19252
3.19734
3.43126
4.19824
3.05975
3.03729
3.52831
3.18667
3.93027
2.90631
3.35758
3.7985
1.76936
2.85482
2.44703
2.26414
2.38252
2.67752
2.89119
2.92926
1.80636
2.94701
3.53199
2.95257
2.59857
2.63213
2.86724
2.45729
2.74444
3.04622
2.72081
2.68491
3.01815
3.27586
2.97187
2.9396
3.3043
3.45437
3.081
3.10533
2.95618
3.18874
3.45301
3.65859
3.51399
3.62244
3.06324
2.33592
2.52116
3.28578
2.42518
3.32908
2.97087
2.56939
3.57646
3.12754
2.71635
2.67063
2.68476
2.14034
2.80488
2.88493
2.64406
2.55289
2.13201
2.94117
3.29393
3.97316
3.66297
2.73089
3.67441
3.29447
3.43599
3.82762
3.83904
3.15102
3.04373
2.86543
3.09625
3.14506
3.71276
3.83246
3.32571
3.40187
3.10175
2.95946
2.94781
3.37048
3.43233
3.14208
3.06239
3.16799
2.88561
2.9927
3.10829
3.33711
3.05591
3.06273
3.35496
3.33201
3.36273
3.1372
3.66511
3.40385
2.92073
3.74951
2.58913
3.19076
3.16403
3.10952
3.50862
3.74251
3.9245
3.41687
2.69756
3.07458
3.27537
4.05994
3.63612
3.33874
3.84699
3.76409
3.48935
4.21594
3.32981
3.03883
3.64362
2.97857
2.70685
2.95388
2.26496
2.71335
2.82527
3.29741
3.88024
2.67434
3.18753
3.07728
2.67101
3.46077
3.07503
3.08137
3.78913
3.65299
3.59002
4.11251
3.95526
3.74402
3.41516
2.99805
2.74305
3.17199
3.15141
2.66806
3.37666
3.04097
2.92934
2.79147
3.23991
3.24029
3.0539
3.0695
3.22551
2.48524
2.58297
2.84655
2.52616
2.60659
2.99143
2.91789
3.15957
2.46102
2.96931
3.6258
3.29826
3.51958
2.62395
3.55092
4.05142
3.62878
3.10153
2.82142
3.3243
3.91292
2.99834
2.97456
3.09005
3.20367
3.8083
3.18913
3.4204
3.81778
