1.85995
2.76903
2.35682
2.20558
2.34165
2.59596
3.23506
2.91358
1.60089
2.98746
2.87729
2.91705
2.29473
2.58765
2.94575
2.77933
2.47655
3.40261
2.80516
2.57851
3.53097
2.55349
2.76152
3.36792
3.86549
3.71856
3.06991
3.24253
2.88752
3.32071
3.47041
3.78769
3.49946
4.07137
3.12816
2.73187
2.75829
3.07669
2.53432
3.39406
3.10538
2.7967
3.55154
3.15984
2.78547
2.69337
2.63627
2.50952
2.7903
2.62082
2.52582
2.60748
1.79499
2.76794
3.02987
2.85977
3.59794
2.46376
3.51415
2.95928
3.59401
3.65783
3.8956
3.12188
2.97244
2.75398
3.24317
3.16699
3.59052
3.61826
3.33867
3.19697
2.91336
3.16981
3.09216
3.24851
2.80294
3.12469
3.09614
3.1842
3.14997
2.95687
2.79816
2.94358
2.89823
3.00447
3.34857
3.57615
2.85448
3.15285
3.31208
3.13525
2.70289
3.5586
2.67469
2.88301
3.27287
3.72525
3.00277
3.49105
3.66137
3.0787
2.74405
3.10567
3.22078
3.65626
3.8706
3.2839
3.63899
3.72701
3.46525
4.27048
3.25836
3.12678
3.07089
2.83531
2.91367
3.45168
2.72
2.95158
2.41161
3.47607
3.92859
3.11294
3.39296
3.12877
2.98389
3.33796
3.22266
3.43555
3.5372
3.84777
3.43
3.38993
3.16621
2.87508
3.21163
2.98812
3.14812
2.97253
2.97689
2.7585
3.6546
2.77419
2.63477
2.62606
3.3727
3.08383
3.2345
2.83354
3.29227
2.97613
3.04271
2.96814
2.64662
3.49737
2.71445
3.35182
2.82753
2.73533
2.99108
3.41587
3.72779
4.46064
3.62105
3.09564
3.30213
3.30553
3.20674
2.78997
3.17131
3.48584
3.18261
2.99611
3.55858
3.43319
3.65469
3.00634
3.33251
3.21378
1.82939
2.63449
2.53241
2.29965
2.5057
2.6784
3.26099
2.98682
1.74614
2.76356
2.70236
2.76665
2.32613
2.66213
2.72619
2.65242
2.56569
3.41361
2.6012
2.5962
3.16529
2.88935
2.82592
3.18301
3.40437
3.59918
3.23944
3.56846
3.39958
3.29512
3.1275
3.4702
3.546
4.03705
3.06898
2.63403
2.70591
2.95283
2.59922
3.41842
3.35838
2.63202
3.85226
3.69107
3.57871
2.59609
2.73805
2.72559
3.08089
2.76176
2.43368
2.78289
1.93723
2.7959
3.31839
3.4198
3.47363
2.29718
3.64029
3.35924
3.91242
3.81211
3.69466
3.15584
3.27607
3.06782
3.31745
3.05407
3.65339
3.71327
3.3018
2.79767
3.20652
3.13823
3.25877
3.43297
2.94712
2.9838
3.30098
3.47743
3.00476
3.14226
3.22384
3.05451
3.12199
3.12424
3.13908
3.45175
2.76707
3.20913
3.05832
3.2329
2.98111
3.50591
3.13862
3.15798
3.16233
3.34668
2.90228
3.39891
3.64161
3.10552
2.78071
3.02396
3.56925
4.07417
3.53579
3.33282
3.72589
3.34321
3.651
4.41063
3.18293
3.26341
3.11535
2.96098
2.84276
3.15337
2.63049
3.07106
2.29805
3.60056
3.5055
2.9797
3.51004
3.74612
3.17934
3.08323
2.90127
3.13846
3.75417
4.00072
2.9891
3.18143
3.04145
3.62364
3.17468
2.83459
3.04337
3.01087
2.89395
2.57275
2.99562
2.61915
3.00321
2.60857
3.29174
3.18676
3.31555
3.27393
2.98529
2.41754
3.02059
2.90811
2.7443
2.99748
2.77108
2.51037
2.66078
2.99053
3.10835
3.48781
3.37054
3.64707
3.08107
3.46911
3.66129
3.29146
3.09274
2.89705
3.02632
3.49122
3.20297
2.82977
3.50196
3.20169
3.35799
2.95106
3.59802
3.64739
