1.8056
3.16707
2.19085
2.15171
2.47638
2.63922
3.28159
2.82324
1.7999
2.98924
3.19189
2.94126
2.62057
2.16846
2.50203
2.31976
2.72163
3.4334
2.49461
2.70226
3.14931
3.17208
2.85767
2.95927
3.26625
3.63276
2.42052
2.88038
3.2855
3.31304
3.52157
3.54114
3.45383
3.83435
3.11658
2.54138
2.55262
3.08197
2.51297
2.82447
3.03538
2.4797
3.26074
3.12182
2.83533
3.00172
2.58499
2.70936
2.76473
2.6474
2.45571
2.53013
2.05859
3.16595
3.21929
3.20874
3.55994
2.10653
3.28906
3.28347
3.10151
3.40381
3.58801
3.24443
3.38953
3.14779
3.05527
3.08792
3.52755
3.37413
3.05737
3.56923
2.88142
3.28079
3.30787
3.36822
2.97178
3.0088
2.98894
3.13019
2.77042
2.8184
2.92238
3.02625
2.80158
2.98362
3.2327
3.44614
2.76599
3.47037
3.4673
3.14659
2.95912
3.23532
2.21431
3.06197
3.03899
3.35903
3.00251
2.91853
3.12579
3.10868
2.84145
3.01734
3.12964
4.22146
3.44346
3.286
4.13866
3.2215
3.35083
4.29191
3.41646
3.33159
3.44055
3.13771
2.79933
3.72103
1.90861
3.21866
2.71733
3.85161
3.40759
3.08319
3.35265
3.41855
2.47427
3.21886
3.43682
3.57679
3.6281
3.88993
3.25617
3.53382
3.17783
3.27554
3.06741
2.88898
3.38704
3.17121
2.62617
2.60074
3.11035
2.78771
2.72717
3.06179
2.97057
3.22648
2.90609
3.32623
2.99056
2.87625
3.41214
2.89776
2.33178
2.48314
3.36533
2.61596
3.10942
2.53969
2.95113
2.91081
3.43403
2.99025
3.14091
2.80981
3.99735
3.4724
2.88686
2.97107
3.19497
3.80586
2.75755
2.67947
3.36762
3.12657
3.40679
2.58352
3.11742
3.16827
1.83224
3.35045
2.48385
2.13838
2.51181
2.81716
2.93575
2.83992
1.80146
2.67716
2.58948
2.89803
2.24082
2.57727
2.76735
2.68756
2.60049
3.44391
2.79838
3.06052
2.84304
2.99367
2.75807
2.88105
2.77331
3.45517
2.85129
2.83689
2.6756
2.75258
3.22538
3.69514
3.30799
3.67738
2.59999
2.44578
2.9135
2.88609
2.36955
3.09027
3.28486
2.48493
3.01893
3.07522
2.8322
2.44417
2.5351
2.33425
2.64155
2.52601
2.39778
2.57399
2.16896
3.0065
2.84123
3.1725
3.28507
2.18148
2.63984
2.92921
3.33771
3.11689
3.77788
3.4956
2.6188
3.44051
3.16547
3.00247
3.6694
3.40025
3.25976
3.13836
3.00994
3.0109
2.96494
3.09835
3.08156
2.86758
2.85734
3.04557
2.72987
2.79762
2.78057
2.97407
2.61791
3.14342
3.19318
3.25777
3.10099
3.61555
3.4409
3.26621
2.6905
3.58248
2.84651
2.94391
2.91601
2.69593
3.22134
3.25195
2.9511
3.68252
2.63525
2.73489
3.14952
4.45638
3.15235
3.42015
4.13977
2.86394
3.59545
4.1901
3.22067
3.43478
3.6127
2.83218
2.88759
2.85456
2.46142
2.74196
2.44412
3.44616
3.28627
2.44546
3.19713
3.02898
2.76055
3.04499
3.0891
3.2201
3.54848
3.72019
3.15445
3.31901
3.27528
3.19898
3.50667
3.18485
2.91133
3.21428
2.99017
2.81794
3.32325
2.89648
2.62883
3.05959
3.22022
3.08444
2.93605
3.05088
3.09572
2.70125
2.89128
3.0587
2.45277
2.66279
2.95048
2.87246
2.42738
2.44334
2.6761
2.94857
3.5956
3.2479
2.42879
3.357
3.49463
3.30215
3.09125
3.38599
2.94943
3.68933
2.68532
2.61839
2.92605
3.06243
2.88609
2.51693
3.41566
3.6748
