1.90732
2.76759
2.68247
2.25237
2.48548
2.86848
2.95428
2.84884
1.86551
2.99644
2.96527
2.985
2.61235
2.3574
2.79258
2.84669
2.43845
3.11325
2.57047
2.7828
3.19661
3.25038
2.97893
2.99923
3.2201
3.9368
2.93459
3.09632
2.72081
3.08351
3.66199
3.75422
3.46703
3.86052
3.0469
2.71971
3.31944
3.52746
2.66448
3.42465
3.0634
2.72329
3.47927
3.33568
2.63403
2.9992
2.56732
2.89818
2.74118
2.57591
2.71186
2.70146
2.12484
3.18786
3.13109
3.44994
3.26189
2.47293
3.51801
3.47022
3.17811
3.54044
3.43796
3.12117
3.41143
3.30687
3.26341
3.27002
3.47086
3.83693
3.30789
2.71895
2.96849
3.33165
3.3598
3.4673
3.34882
3.05535
3.01232
3.07218
2.79555
2.9932
3.02576
3.33678
3.0076
2.92202
3.08402
3.00263
2.28094
3.03165
3.63719
3.34585
2.65553
3.31654
2.75276
2.96503
3.33845
3.37383
2.96528
3.05957
3.45376
3.33086
3.03318
2.79178
3.27054
4.03258
3.14297
3.35031
4.02203
3.56664
3.29208
4.04537
2.93989
3.19085
3.31175
2.72723
2.88372
3.36523
2.70418
2.85306
2.78028
3.77386
3.93397
2.67882
3.40401
2.96613
2.76872
3.11708
2.98971
3.15143
3.84527
3.68913
3.18089
3.02321
3.13485
2.95079
2.90054
2.53137
3.04235
3.0529
3.22209
2.97671
3.4406
2.73813
2.76092
3.09311
2.99058
3.0909
2.97914
2.99444
3.32656
2.59014
2.73612
3.45902
2.36086
2.99023
2.92099
3.11359
2.93794
2.77922
2.87447
2.92857
3.42665
3.73422
3.11503
3.52451
3.71943
3.53902
3.0779
2.96413
3.13138
3.71648
2.79468
2.92118
3.37512
3.42904
3.38104
2.7356
3.32591
3.21354
1.79923
2.88423
2.49038
2.27515
2.51634
2.72232
2.92686
2.90159
1.94514
3.01914
2.73752
3.0046
2.27254
2.45557
3.04138
2.79162
2.47791
3.65253
2.89009
2.82589
2.67788
3.12515
3.04181
2.73249
3.19556
3.63079
3.16123
3.43792
3.00061
2.9059
3.12847
3.56075
3.76379
4.08489
3.23555
2.62222
3.1147
3.34487
2.75104
3.02488
3.21122
2.75864
3.26499
3.2054
2.91751
2.98173
2.76351
2.60841
2.76678
2.33534
2.57852
2.58966
2.0621
3.21054
3.01411
3.21239
2.81353
2.79908
2.73507
3.69421
3.72589
3.34122
3.79048
3.10297
2.55864
2.84495
3.05812
2.92836
3.73294
3.9725
3.53022
2.92585
2.88382
3.04841
3.01051
3.43744
3.3389
2.9907
2.75795
3.04409
3.00986
3.0116
2.79161
2.98606
3.09383
3.13925
3.4273
3.48707
2.95868
3.18243
3.4819
3.71083
2.76922
3.40071
2.7293
2.92266
2.98074
3.16973
3.0727
3.06968
3.34578
3.20454
2.72254
2.97606
3.35002
4.25492
3.06609
3.40053
4.26553
3.96194
3.97668
4.3949
3.97358
3.17359
3.71799
3.16424
2.9718
2.96565
2.83965
2.9841
2.0729
3.43246
3.81665
2.74128
3.16804
2.6802
2.77795
3.05948
2.8959
3.07345
3.77543
3.47209
3.07029
3.03861
3.30987
3.16443
2.94405
2.9065
3.10027
3.38855
2.90244
2.70294
3.22836
2.8523
2.73341
2.98804
3.13603
3.26752
3.24737
3.11265
3.1
2.667
2.9097
3.09642
2.58527
2.61415
2.71205
3.05111
2.73697
2.54777
2.77536
3.36349
3.10846
3.2391
2.83496
3.52611
3.55145
3.38049
3.24901
2.90683
2.88184
3.51885
2.92332
2.64484
3.34419
2.96436
3.4156
3.09303
3.48087
3.07965
