1.91842
2.72334
2.31755
2.25999
2.44408
2.56734
2.92748
2.83601
1.64868
3.2487
2.77736
3.0093
2.51915
2.37484
2.57333
2.45043
2.5906
3.4571
2.81543
2.57842
3.11152
3.06271
2.63937
2.59203
3.21967
3.89327
2.86828
3.21563
3.00135
3.18802
3.17761
3.67275
3.98461
3.37766
2.96087
3.02388
2.89411
3.0456
2.95853
3.12303
3.09144
2.75767
3.33471
3.25001
2.7175
2.74397
2.76991
2.81851
2.95379
2.88714
2.64196
2.59167
2.09753
2.99677
3.02441
3.21343
3.64898
2.47952
3.8953
3.3185
3.38342
3.41319
3.92719
3.11202
2.89347
3.30535
2.90853
3.06919
3.60664
3.6851
3.19045
3.41413
2.84069
3.06677
3.55755
3.18182
3.50666
3.02575
2.93734
2.84258
2.64129
3.31644
2.94995
3.06059
2.94058
2.96776
3.44774
3.68657
2.80601
3.53956
4.1034
3.43777
2.77882
3.25985
2.84928
2.95613
3.18354
3.45406
3.32588
3.32715
3.85613
3.44235
2.65918
2.85407
3.20972
4.30783
3.25183
3.35764
3.24108
2.97281
3.30632
4.33501
3.34301
3.06539
3.42511
2.76464
2.91035
3.10696
2.0603
2.83756
2.32761
3.41582
3.85953
3.07513
3.34538
3.53678
2.95356
3.20244
3.16551
3.39766
3.98702
3.76088
3.09471
3.09822
3.16764
2.97814
3.50436
3.20661
3.10595
3.33258
2.82395
3.02698
3.1873
2.84435
2.7598
3.20035
2.76556
3.14627
3.06232
3.00376
3.08235
2.32516
2.96989
3.27798
2.7729
2.68864
3.14494
2.73002
2.62834
3.08368
2.57394
3.04694
3.30167
3.25742
2.58005
2.89323
3.61924
3.53426
3.0776
3.0407
3.16062
3.89119
2.61653
2.40304
3.45364
3.07021
3.62217
2.96762
3.36466
4.21323
1.91371
2.5247
2.23713
2.47168
2.51968
2.74728
3.07217
2.67355
1.81987
2.71343
2.97771
3.05543
2.71766
2.60258
2.95576
2.80162
2.99795
3.41081
2.6616
2.66043
3.65048
3.44296
2.90792
2.9533
3.13953
3.57851
2.85926
2.58315
3.12404
3.38163
3.18226
3.95484
3.39734
2.97637
2.99729
2.50314
2.59039
2.90173
2.7934
3.2237
3.29817
2.68733
3.46277
3.29086
2.73349
2.91923
2.75793
2.60276
3.00799
2.68499
2.56734
2.50523
2.17663
2.9889
2.97703
3.36207
3.47394
2.55188
3.56253
3.3839
3.91654
3.72298
3.7248
3.2974
3.37333
2.82846
3.25922
3.10501
3.69998
3.5543
2.94653
3.54736
2.94146
3.0208
3.07595
3.26695
3.36265
3.32737
2.99281
2.722
2.89606
3.17322
3.01547
3.07993
3.26935
2.97441
3.17025
3.34155
3.1135
3.26207
3.69914
3.73741
2.96645
3.47354
2.99573
2.94516
3.13181
3.17753
3.56254
3.20192
3.80026
3.14737
3.24226
3.30699
3.24216
4.17952
3.27826
3.36739
3.60486
3.21204
3.51834
4.32775
3.20237
2.76859
3.07992
2.94238
2.6066
2.94983
2.31075
3.03538
3.00645
3.72621
4.21911
2.83066
3.70355
3.64461
3.35293
3.3193
3.00597
3.15108
3.85202
3.54791
3.13587
3.10374
3.58741
3.46626
3.35746
2.88021
3.19751
3.05328
3.02423
2.86146
3.43903
2.86606
2.9329
3.09497
3.13575
3.09105
3.10806
3.25726
3.13896
2.6432
2.88166
2.88465
3.39705
3.33364
2.93763
2.71955
2.90365
3.29365
2.73224
3.18807
3.59105
3.74909
2.99544
3.09483
3.82378
3.08845
3.27124
3.30995
2.78044
3.94031
2.91061
2.88869
3.49016
3.22464
3.22397
2.85184
3.73397
4.1109
