1.86095
2.99333
2.38007
2.17293
2.44624
2.56924
2.8765
2.8835
1.94647
2.94838
2.98226
3.11779
2.34979
2.48531
2.54018
2.4517
2.42768
2.62758
2.53786
2.53163
3.06342
3.08593
2.69101
3.24937
3.21676
3.72803
3.0728
3.27795
2.96517
3.2428
3.48677
3.57378
3.32362
3.63628
2.9829
2.8944
2.92928
2.93264
2.64803
3.03201
3.06487
2.74364
3.70436
3.68277
2.509
2.52559
2.80246
2.59602
2.6003
2.60437
2.73525
2.66824
1.92942
3.35108
3.14119
3.29253
3.37548
2.42713
3.77676
3.37169
3.35229
3.82348
3.96979
3.11379
3.16838
2.72983
3.55949
3.05106
3.44177
3.45451
3.31143
3.1993
3.28559
3.0892
3.29451
3.46245
3.19775
2.90589
3.18381
3.51584
2.76916
2.99484
3.28369
3.0153
3.17845
2.84883
2.90286
3.04407
2.7741
3.07169
3.49407
2.87733
2.58451
2.9806
2.66235
3.04159
3.23446
3.28806
3.07995
3.57786
3.67127
3.17664
2.31581
2.96689
3.11064
3.87906
3.60796
3.15786
3.7292
3.18192
3.14032
3.53905
3.07003
3.01886
2.9774
3.3589
2.83902
3.2902
2.36272
3.06714
3.11036
3.45248
3.55946
3.22483
3.32628
3.21337
2.87104
3.11458
3.17562
3.57475
3.45312
3.80687
3.64181
3.0992
3.16606
2.83326
3.38384
3.0087
3.11049
2.94114
2.67838
2.43875
3.24087
2.67067
2.80036
2.68782
3.3207
3.24721
3.03237
3.15275
3.20455
2.07491
2.45079
2.54588
2.91505
2.82349
3.10219
2.8112
2.7819
2.84877
2.69048
3.86446
2.94606
4.00041
2.8702
2.90732
3.74642
3.34213
2.88736
2.80947
2.81245
3.77806
3.02957
3.39543
3.75039
3.23753
3.75795
2.91854
3.39367
3.39454
1.81647
2.83081
2.24767
1.98651
2.27355
2.28653
2.74436
2.96304
1.84792
3.01334
3.13086
3.33301
2.3724
2.87362
2.76337
2.46942
2.45266
2.97952
2.43469
2.67512
2.60699
2.95513
2.38182
3.24453
2.82543
3.4117
2.92543
2.34814
2.99975
3.15776
3.18146
3.55329
3.33303
3.75109
3.0334
2.73144
2.52051
3.0022
2.57711
3.45772
3.07844
2.95935
3.45742
3.35747
2.80673
2.68683
2.76516
2.97859
2.72974
2.56442
2.90641
2.66814
2.06574
3.27217
3.20993
3.59815
3.25099
2.64843
3.23533
3.47907
3.14318
2.87461
3.81876
2.87146
2.49942
3.03228
3.42781
2.94218
3.58243
3.58407
3.16519
3.2296
3.23102
2.89195
3.03042
3.63215
3.1057
2.89732
3.18325
3.20153
3.17748
2.75947
2.98231
3.27251
2.87171
2.83296
2.89113
2.96744
2.70828
2.8592
3.0985
2.87435
2.84374
3.25767
2.83366
3.07402
3.2586
3.30096
3.00021
3.24791
3.57615
3.37757
2.63432
3.03219
2.85616
4.51046
3.41196
3.18919
3.57194
3.57386
3.00668
3.9359
3.1844
2.81265
2.94764
3.13737
3.00784
2.93764
2.27251
2.77901
2.68357
3.72131
3.5889
2.94865
3.24275
3.14834
2.77473
3.20681
3.06208
3.26869
3.48736
3.75394
3.57203
3.51546
3.11374
3.17509
3.26004
2.74787
2.75293
2.79
2.90876
2.4616
2.93809
3.06268
2.83639
2.87041
3.26775
3.1591
3.13634
3.15036
3.09999
2.41536
2.70023
2.64723
2.49724
3.03341
2.84645
2.44996
2.98702
2.38962
3.09279
3.73809
3.09903
3.75638
2.21622
3.59152
3.71769
3.52703
2.88799
2.75214
3.12314
3.25171
3.18719
2.90246
3.20331
2.97427
3.92235
2.72683
3.42996
3.63439
