1.85731
2.90884
2.58134
2.39064
2.64211
2.72976
3.22294
2.95277
1.84276
3.24476
2.9214
3.24978
2.49315
2.80961
2.94191
2.57729
2.68022
3.99447
2.79776
3.47001
2.45123
2.6166
2.95088
2.80368
3.81654
3.87581
2.72971
3.15303
3.15381
3.35118
3.08295
3.78356
3.40334
3.75117
3.00254
2.43412
2.89093
3.12489
2.51131
3.28478
3.2748
2.43672
3.51173
3.51891
2.64271
3.00619
2.95534
2.54852
3.0607
2.90185
2.4593
2.55102
2.33135
2.84538
3.20991
3.41358
3.62656
2.08555
3.98549
3.4857
3.10041
3.55387
3.75452
3.17012
3.07841
3.04874
3.37085
3.13113
3.48509
3.77137
2.71064
2.99606
3.22562
3.15866
3.38842
3.43252
3.39974
3.34585
3.32717
3.28275
2.71968
2.72879
2.81051
2.91939
2.9587
2.94805
3.06097
3.20968
2.95348
3.75982
3.79089
3.2038
2.19907
3.50614
2.73387
3.11489
3.50495
3.46915
2.87691
3.23647
3.62207
3.27379
3.20304
2.84962
3.30901
4.40434
3.22178
3.54516
3.82781
3.00548
3.44288
4.21197
3.33694
3.07359
3.3407
3.03919
2.79054
3.89472
2.12929
3.01915
2.9168
3.66141
3.263
3.11542
3.72088
3.70273
2.77662
3.48449
3.48324
3.63277
3.3514
3.85704
3.41938
3.64764
3.47341
3.16415
3.59162
3.26516
3.21834
3.24589
2.79699
2.94574
3.11885
2.93801
2.66473
2.94311
3.28236
3.50156
3.15024
3.35145
3.32911
2.50993
2.76444
2.70092
2.89682
3.29817
2.97687
3.1407
3.74252
2.67801
3.12266
2.81149
3.26644
3.06353
2.91213
2.59776
3.65394
3.31106
3.09214
2.8294
3.36856
3.63648
2.81699
2.95971
4.02315
3.28517
3.9401
2.64839
3.61782
3.3662
1.8342
3.2115
2.67663
2.35542
2.70734
2.85507
3.34586
2.87942
1.95527
3.1253
2.64397
2.89934
2.34728
2.17664
3.18366
2.88044
2.87668
3.54424
2.77594
2.84751
2.38268
3.05487
3.16777
2.88895
3.42737
3.61637
3.16349
3.59737
3.52587
3.50232
3.39414
3.94083
3.26929
3.64812
3.51156
2.64283
2.86039
3.23159
2.63196
3.31814
3.1475
2.82367
3.82764
3.3411
2.77437
2.68746
2.60492
2.42501
2.71714
2.89073
2.50434
2.5853
2.40265
3.22017
3.14179
3.22065
3.64775
2.31313
3.48809
3.37608
3.42108
3.82934
4.21922
2.98004
3.68746
2.73061
2.95853
3.03232
3.57219
3.4372
2.77522
3.21192
2.98842
3.08367
3.12802
3.18807
3.49014
3.21831
2.85826
2.82766
2.69995
2.96828
2.9433
2.9582
2.93053
2.65466
3.01733
3.76378
2.96149
3.61927
3.60046
3.99176
2.78676
3.47186
2.45549
3.04904
3.02407
3.41594
2.87756
3.30005
3.71415
3.42486
3.03669
3.05186
3.26751
4.2063
2.75103
3.29905
3.36997
3.46575
3.4886
3.66562
3.63381
3.20666
3.05898
2.99586
2.67194
3.32276
2.33315
2.91707
3.01803
3.22374
3.69056
2.97777
3.25556
3.99624
3.10537
3.10689
3.08261
3.34937
3.3195
3.74773
3.49367
3.47141
3.59857
3.20869
3.72567
3.08585
3.20493
3.44578
2.80923
3.02462
3.23652
2.77197
2.80059
2.7034
3.16697
3.175
3.19372
3.18998
2.96704
2.82626
2.99187
2.67548
3.12127
2.79472
3.10132
3.12616
2.78146
2.7567
2.8818
2.9472
3.70882
2.7341
3.36916
2.88138
3.77676
3.59885
3.13593
2.78549
2.91679
3.6821
2.60308
3.01637
3.74509
3.49441
3.413
2.88645
3.52529
3.14342
