1.64871
2.8997
2.28023
1.84591
2.30444
2.56694
2.8518
2.91877
1.55578
2.78737
2.66371
2.82471
2.04876
2.60272
2.6306
2.57545
2.33478
3.15996
2.29845
2.41754
2.74401
2.5331
3.00734
2.92503
3.29795
3.46341
2.98184
3.06797
2.71856
2.94453
3.2546
3.55423
3.0484
3.60799
2.85331
2.30531
2.4515
2.96449
2.17914
2.94961
3.02004
2.43087
2.95348
3.27798
2.72898
2.20039
2.26229
2.4695
2.49865
2.72056
2.33827
2.30034
1.87967
3.0441
2.99003
3.21954
3.43363
1.70559
3.47864
3.28414
3.7285
3.48542
3.47298
2.69015
2.9103
2.85036
3.00177
3.01666
3.57425
3.03874
3.1453
2.83607
2.83965
3.19675
3.32574
3.19751
3.25605
3.21863
2.94563
2.88966
2.83668
2.80702
3.02007
2.89854
2.76156
2.75468
3.08181
3.33919
3.16215
3.32685
3.39554
3.33345
2.32421
3.38139
2.68216
3.06285
3.04685
2.99003
3.41103
3.07437
3.50854
2.58173
3.12211
3.14718
2.6339
3.71773
2.92384
3.42073
4.12824
3.47576
3.33616
4.29863
3.12938
3.07172
2.98781
2.6315
2.67709
3.50072
2.23161
2.97548
2.41159
3.67211
4.38322
3.23934
3.14398
3.0602
2.86578
3.12336
3.16646
3.63096
3.7661
3.55301
3.139
3.04982
3.3041
2.89794
3.44842
2.59747
2.93317
2.92886
3.04295
2.45642
2.92757
2.97823
2.80702
2.61885
2.99745
3.02857
3.10968
2.98452
3.16218
2.397
3.19027
3.17335
2.52532
2.78973
2.7976
2.64431
2.67606
2.8935
2.46094
2.95116
3.31379
3.34537
3.19412
3.68372
3.23614
3.38976
3.01319
2.78894
2.80508
3.54272
2.54574
2.84384
3.08829
3.24059
3.42206
2.56662
3.29989
3.60777
1.64116
3.03936
2.19506
1.99789
2.35042
2.5336
2.81874
2.82444
1.74292
2.63719
2.76474
2.93469
2.16388
2.77161
2.66443
2.74652
2.34208
2.75273
2.39763
2.60071
2.74873
2.79881
2.87584
2.64376
2.94423
3.51173
3.01727
3.33085
2.71697
2.92986
3.0917
3.47849
2.90875
3.96108
2.80794
2.42148
2.88827
2.93488
2.63725
3.241
3.3833
2.30872
3.76056
3.42511
2.5627
2.86411
2.45861
2.61818
2.66266
2.56217
2.45636
2.53536
1.88585
3.1167
3.16782
2.90063
3.33361
1.95933
3.55194
3.46392
3.28381
3.42267
3.30273
2.83591
2.7132
3.52205
3.00532
2.94955
3.42242
3.16831
2.86878
3.23757
2.88872
3.24639
3.08568
3.20813
3.25147
3.13776
3.10815
3.18521
3.39022
3.01587
2.8186
2.77098
3.04165
2.84205
2.80902
3.65933
2.82942
3.11577
3.532
3.17921
2.50831
3.50535
2.63897
2.96421
2.8016
2.9069
2.97033
2.92777
3.33671
2.98181
2.73884
2.84911
3.21289
4.47938
3.15205
3.40178
4.02663
4.07433
3.52389
4.62622
3.61082
3.06626
3.36302
2.71958
2.55499
3.40207
2.24563
3.12907
3.25763
3.43055
4.01387
3.14345
3.18778
3.49364
3.41623
3.21976
3.12903
3.39004
3.67018
3.60128
3.19875
3.05316
3.27903
2.66972
3.17193
2.73905
2.88307
2.81419
3.0823
2.47834
2.91968
2.65671
2.84029
2.58463
2.86982
2.90536
3.03071
3.05662
2.95637
2.51758
2.8758
2.67155
2.9202
2.78879
2.93392
2.97342
2.63172
2.99478
2.59723
3.639
3.37586
3.30257
2.44198
3.27686
3.74873
3.46235
3.18311
3.06836
2.86296
3.01598
2.87662
2.74264
3.18498
3.26341
3.23759
3.16338
3.61032
3.47601
