1.88053
2.81976
2.52935
2.37376
2.62627
2.75818
2.94894
2.86079
1.6841
2.86698
3.29971
2.97708
2.52035
2.92958
2.69622
2.43076
2.61626
2.97512
2.74795
2.88582
2.7537
3.15632
2.87213
3.18448
3.18058
3.41781
2.85299
3.18037
2.93759
3.40616
3.79097
4.13418
3.09521
3.95816
3.43418
2.48421
2.84392
3.17533
2.69457
3.16437
3.22611
2.62257
3.78759
3.4287
3.07294
2.57471
2.60272
2.66893
2.77239
2.84605
2.69359
2.70483
2.20379
3.17038
3.25975
3.36994
3.82616
2.32123
3.63603
3.30913
3.22461
3.35843
3.90479
3.18241
2.92431
3.08228
3.2063
2.87625
3.66444
3.44908
3.30867
3.10228
3.26706
3.38487
3.29342
3.56172
3.27438
3.10446
3.2864
3.14937
3.13011
2.95934
2.89287
3.12795
3.06015
3.00973
3.25285
3.29369
3.35368
3.47719
3.65968
3.25893
2.38754
3.03023
2.82805
3.07287
3.2782
3.25886
3.4582
3.32999
3.77624
3.54666
2.90201
3.07316
3.22592
4.30659
3.53315
3.60225
3.99054
2.40887
3.58175
3.75237
3.11463
3.04416
3.25955
3.1909
3.07597
3.63601
2.65726
3.51878
2.84034
4.10116
3.93263
3.0721
3.3511
3.24777
3.10598
3.16203
3.54458
3.57611
3.88216
4.11956
3.16614
3.50939
3.35295
2.90844
3.19568
3.3175
3.10233
3.07733
3.13178
2.3909
3.38291
2.95393
2.81212
2.66263
3.47563
3.50587
3.0491
3.05045
2.95704
2.36814
3.50017
3.11447
2.67243
2.80715
2.7497
2.837
2.91043
3.07825
3.1193
3.30996
3.77557
3.4352
2.67211
3.44978
3.45088
3.58084
3.42319
3.10021
3.24515
4.04569
3.4115
3.07321
3.57736
3.34661
3.7279
3.58839
3.65473
3.58525
1.97972
2.61368
2.31009
2.29353
2.7931
2.85716
2.93886
3.04089
1.9179
3.38066
2.9039
2.98837
2.78487
2.91793
2.79254
2.97141
2.46597
3.4551
2.62216
2.39306
3.12972
2.82777
2.65804
3.21502
3.31987
3.41833
2.793
3.3265
3.59633
3.35143
3.46162
3.78393
3.66861
4.00791
3.30732
2.26481
2.90747
3.14039
2.39327
3.00349
3.42776
2.3581
3.78474
3.17377
2.95725
3.16145
2.59703
2.65504
2.98537
2.92019
2.71314
2.78142
2.12507
2.96987
3.11394
3.54461
3.51513
2.86206
3.42007
3.95781
3.52982
3.39209
3.63735
3.45571
2.90193
2.7608
3.16841
3.20642
3.68016
3.48312
3.11605
3.39406
3.17007
2.99448
3.37746
3.35493
3.42247
3.16233
3.40661
3.00742
3.04456
3.11224
3.31567
3.14218
3.12662
2.9978
3.33181
3.39671
3.3524
3.53504
3.25717
3.39771
2.79402
3.61326
2.54447
3.08706
3.35403
3.55157
3.14713
3.44356
3.37509
3.79311
2.90275
3.09795
2.91106
4.52546
3.90058
3.60501
4.10796
3.37262
3.64416
4.22723
2.93302
3.32729
3.76436
2.94254
2.91185
3.46419
2.32137
3.11367
2.72466
4.15907
4.23055
3.3908
3.07548
3.29338
3.2644
3.12478
3.03996
3.39017
3.63882
3.24079
3.29852
3.31568
3.25453
3.18182
3.363
2.8607
3.57566
3.4442
2.77329
2.61363
3.09694
3.34049
2.74333
2.97216
3.29437
3.22888
3.52994
3.36642
3.06893
2.43646
2.38961
2.95248
3.26407
3.09159
3.17558
3.19548
2.96206
3.02905
2.95243
3.93144
3.5305
3.71702
3.13826
3.04925
3.62854
3.55186
3.32002
3.12732
3.0775
4.05487
3.0796
3.36477
3.43751
2.89867
3.3999
3.22144
3.70695
3.64724
