1.9891
2.50878
2.53328
2.32204
2.61581
2.82441
3.05305
3.00451
1.65186
3.03342
2.52682
2.88401
2.42421
2.48062
2.62615
2.61137
2.55377
3.55787
2.46726
2.50345
3.20278
2.83596
2.53895
2.68511
3.12931
3.39432
3.36675
2.99147
2.687
3.65234
3.75195
4.04821
3.52691
3.5534
2.82187
2.34745
2.59336
2.79914
2.39644
2.7648
2.80373
2.38061
3.44296
3.22532
2.47869
3.05742
2.49317
2.486
2.42154
2.70662
2.4886
2.52729
2.12867
3.17024
2.99261
3.36393
3.22119
2.52424
3.57365
3.30756
3.03235
3.48524
3.49026
3.13841
3.04616
2.97607
3.1648
3.06956
3.35253
3.65414
3.15667
3.04279
2.98026
3.14644
3.13445
3.18474
3.26299
2.90237
3.17193
3.16706
2.80752
2.80997
2.89543
2.98128
3.18464
2.86633
3.12916
3.52176
3.09553
3.85008
3.85186
3.70394
2.77533
3.50848
2.52946
2.82976
2.89154
3.69697
2.99469
3.19141
3.13303
3.16677
2.74971
2.71908
2.99786
3.49865
3.11851
3.3993
3.44494
2.28451
3.12813
3.38186
3.45572
3.235
3.33394
3.02745
2.78488
3.7075
2.29419
3.28647
2.68263
3.59504
4.28413
2.6933
3.34248
3.20447
3.15124
3.10717
2.97732
3.33278
3.70787
3.91598
3.34329
3.57852
3.11488
2.98138
3.51282
2.95892
3.06954
3.10691
2.91712
2.59047
3.04527
2.68143
3.02282
2.83791
2.91181
3.04071
3.01391
3.0483
2.88866
2.51794
2.48761
2.75826
2.57637
2.99577
2.81409
3.12419
2.91857
2.75586
3.05986
2.72174
3.2222
2.6982
2.73584
3.00167
3.59945
3.38123
2.95748
2.87114
2.72063
3.72318
2.64256
2.67981
3.36347
3.18377
3.4886
2.59652
3.11489
3.09271
1.93221
2.65039
2.49436
2.40883
2.60496
2.98567
3.20861
2.99291
1.74821
3.13005
2.97665
3.13865
2.69331
2.19161
2.81914
2.6602
2.58151
2.95169
2.80816
2.76511
2.69814
2.73525
2.82898
2.88431
2.92475
3.53235
2.88689
2.96639
2.81425
2.99338
3.56067
3.98309
3.39049
3.57232
2.87693
2.46578
2.62568
3.14376
2.31718
3.02666
2.96128
2.58469
3.2977
3.38962
2.76378
2.77889
2.5147
2.4728
2.51019
2.6034
2.62534
2.50036
2.22425
3.10569
3.28863
3.2356
3.56277
2.71639
3.33045
3.04303
3.2806
3.40996
3.48751
3.08396
3.09013
3.24641
3.32486
3.12211
3.71251
3.36692
3.15729
3.4762
2.95311
2.86998
2.865
3.02246
3.09042
3.06181
3.10429
3.14123
2.82849
2.84757
2.86021
3.1345
3.10959
2.87264
3.37967
3.62813
2.80898
3.54309
3.43223
3.04575
2.72851
3.18965
2.55884
2.89493
3.29931
3.28294
3.17712
2.95557
2.76342
3.20331
2.71743
2.75277
3.08216
3.73968
3.13854
3.07732
3.10756
3.38649
3.34573
4.33474
3.38856
2.9183
2.81006
3.03451
2.73075
3.36794
2.377
3.07823
2.66001
3.65306
3.14698
2.64392
3.47755
3.42828
3.18841
3.28683
2.78147
3.2432
3.46273
3.80074
3.67228
3.43586
3.22763
2.89284
3.18651
3.01388
2.81583
2.80261
2.59044
2.64042
2.98226
2.75755
2.87403
2.84461
2.78732
2.9767
3.17326
2.95734
2.94485
3.0469
3.24538
3.05742
2.7332
3.08174
2.8884
3.37872
2.9746
3.05081
2.85136
3.3479
3.58477
3.2607
2.42785
3.33146
3.29181
3.36092
3.00904
2.83949
2.91611
3.72441
2.85127
2.80125
3.12853
3.43823
3.27281
2.6678
3.10117
3.23105
