1.97161
2.54244
2.38913
2.25998
2.42559
2.63906
3.3969
2.97118
1.61421
3.03765
2.69174
3.15131
2.39003
2.42877
2.93974
2.60323
2.65998
3.30265
2.50454
2.84982
2.64883
2.85284
2.55739
3.03916
3.14874
3.56533
2.86949
2.79363
2.47046
3.04192
3.30511
3.99447
3.44426
3.56927
3.02783
2.79146
2.88862
3.30461
2.73144
2.93905
2.94526
2.40557
3.59134
3.50328
2.86094
2.67103
2.60823
2.22582
2.62416
3.00784
2.58042
2.47627
2.09374
2.90196
3.30154
3.29135
3.24623
2.91381
3.38583
3.30547
3.77388
3.46375
3.91891
3.25792
2.85498
3.08752
3.23604
3.13218
3.6879
3.74685
3.40228
3.34129
3.20722
2.96742
3.09938
3.05039
3.1353
2.90887
2.93109
2.7387
2.88556
2.79851
3.12057
3.17086
2.92558
3.17993
2.98716
3.04643
2.87643
3.02024
3.27407
3.23424
2.58155
3.0984
2.61071
3.06489
3.31355
3.49623
3.29045
3.23923
3.08401
3.2833
2.89246
2.83876
3.01596
3.34051
3.63363
3.12985
3.79249
3.24728
3.30158
3.71794
3.07028
3.00975
3.01667
2.94426
2.75688
3.22756
2.09922
2.89456
2.81382
3.73039
3.83756
2.94812
3.33764
3.38388
2.89088
3.34969
3.0893
3.46287
3.63647
3.71016
3.22415
3.18652
3.61124
3.33426
3.69407
3.06403
3.00474
2.85941
2.56162
2.72685
2.89357
2.83197
3.05976
2.86561
3.1451
2.99773
2.99083
2.95561
3.06643
2.60252
2.77828
2.84894
2.87671
2.71917
3.13615
2.63458
2.92612
2.88487
3.09813
2.99783
3.137
3.62157
2.90581
2.75136
3.83229
3.53661
3.00414
3.1121
3.16134
3.83456
3.10746
2.56711
3.4526
3.12426
3.24392
3.04824
3.26653
3.7533
1.89575
2.57846
2.47253
2.25441
2.41061
2.66532
2.80522
3.07763
1.61935
2.8635
2.73653
3.33156
2.43404
2.47324
2.82214
2.58838
2.54187
3.16614
2.62372
2.72173
3.02778
2.53476
2.58057
2.84356
3.07658
3.78606
3.04652
3.21253
2.99268
2.81131
3.19342
3.76209
3.1773
3.51058
3.20024
2.5103
2.68043
3.04869
2.46858
3.02439
3.32614
2.64822
3.51305
3.46561
2.86706
2.80858
2.66258
2.39515
2.79783
2.72722
2.56203
2.46608
2.01016
2.93352
3.09252
3.29356
3.38753
2.63352
3.40736
3.09822
3.3261
3.64769
3.57541
2.80054
2.39663
3.32024
3.14798
3.09674
3.53481
3.73706
3.0982
2.77801
3.12188
2.95717
3.00176
3.15843
3.00545
3.29027
3.02608
3.075
2.9838
2.94935
3.25401
3.02735
3.12696
3.11581
2.79898
3.07205
2.85975
2.84727
3.05406
2.92093
2.52724
3.29837
2.5818
3.1837
3.3821
3.30122
3.39683
3.37129
3.09841
3.1929
3.03945
2.97753
3.02672
3.67382
3.40969
3.26925
3.80771
3.72466
3.06255
4.10627
3.65868
2.98664
3.14518
2.90399
2.63503
2.91099
2.35814
2.71153
2.64984
3.33867
3.58839
2.89375
3.2403
3.31685
2.82349
3.12915
3.06155
3.29475
3.53685
3.77242
3.30631
3.38656
3.44434
3.17978
3.1131
2.98937
2.85009
2.98036
2.90198
2.57647
2.76269
2.73932
2.81509
2.85145
3.0435
3.05781
3.04046
2.91386
3.01337
2.48131
2.75444
3.02789
2.62131
2.71633
3.1909
2.87451
2.73257
3.14575
2.88089
3.28279
3.30734
3.4375
2.61471
3.00893
4.02839
3.08962
3.19652
2.52227
2.49861
3.26645
2.68243
2.91639
3.31576
3.03163
3.47795
3.22576
3.30601
3.65954
