1.95492
2.74025
2.29926
2.33336
2.56591
2.70461
2.87689
2.80775
1.79944
3.35414
3.37321
2.97139
2.48694
2.34999
2.90529
2.68521
2.67282
3.18433
2.68791
2.92602
2.96716
3.02369
2.8146
3.23543
3.3358
3.50769
2.94424
3.06913
2.98277
3.26971
3.80291
3.69239
3.31422
3.80287
3.21597
2.47915
2.69375
3.35322
2.42406
3.19948
3.11071
2.63027
3.27724
3.1706
3.12408
3.02612
2.7298
2.73948
2.58438
2.78173
2.46502
2.53496
2.01963
3.29138
2.98287
3.32841
3.82
2.66929
3.41673
3.23753
3.13982
3.45369
3.77754
2.83788
2.78056
3.00969
3.2881
2.97375
3.38597
3.45471
2.73905
3.26146
3.10457
3.16782
3.36211
3.26715
3.26869
3.0319
2.65761
2.6056
2.80714
2.83497
2.8301
3.0239
2.82945
3.0673
2.94994
3.06949
2.90217
3.2938
3.38307
3.03186
2.78453
3.45633
2.80442
3.15118
3.25271
3.33994
3.45134
3.49101
3.645
2.86102
2.72595
2.84013
3.30542
3.83132
3.74565
3.38352
4.1621
2.97824
3.40882
3.17089
3.25227
3.09076
2.94287
3.28401
2.7114
2.99169
2.2122
3.23422
2.57492
3.2081
4.13952
3.11849
3.47519
3.22299
2.9528
3.25555
3.42446
3.48985
3.79063
3.32684
3.42027
3.28698
3.58629
2.93112
3.30893
3.04479
3.26112
3.15601
2.92517
2.89147
3.27496
3.00332
2.90225
2.82095
3.47116
3.43535
2.92048
2.99416
3.26235
2.71117
3.09408
2.85236
2.69788
2.78465
3.07919
3.09236
3.02101
2.85346
2.74051
3.33388
3.39668
3.07085
2.37255
2.94798
4.15573
3.37317
3.40244
2.83417
3.07238
3.56992
3.13917
2.84814
3.53578
3.31934
3.7117
3.4056
3.24098
3.14197
1.90152
2.81665
2.40727
2.23252
2.59658
2.71446
3.08837
2.78263
1.88999
3.07594
3.31613
3.04778
2.44246
2.52029
3.0406
2.48036
2.82464
3.21556
2.65589
2.69205
3.15831
3.17313
2.9467
2.90606
2.72831
3.82277
2.7572
3.25136
3.07034
2.966
3.10594
3.74243
3.41273
3.79865
3.12465
2.19988
2.85193
3.11762
2.5763
3.00221
3.15905
2.71217
3.60487
3.34325
3.0096
2.87898
2.70327
2.84142
2.87052
2.91479
2.4844
2.57113
2.00372
3.14881
3.1647
3.4024
3.98045
2.31656
3.45012
3.23707
3.04829
3.53007
3.78373
3.25156
2.67282
3.23052
3.29671
3.12616
3.54641
3.83515
3.40904
3.14945
3.10151
2.84069
3.2506
3.22732
3.2418
2.99486
2.67865
2.81737
2.94695
2.88668
2.8502
3.0316
3.18275
2.99091
3.11303
3.60663
2.98868
2.95097
3.63883
3.91198
2.92402
3.2851
2.99733
3.03897
3.22425
3.48559
2.98933
3.46428
3.22626
3.16204
2.61633
2.5945
2.89696
3.95532
3.3798
3.34502
3.71691
2.79773
3.7375
4.05812
3.45631
2.9458
3.31073
2.87934
3.15701
2.86936
1.97812
3.22192
2.50123
3.42983
4.01867
2.51899
3.34041
2.89746
3.04042
3.26259
2.86229
3.21697
3.75079
3.62497
3.26649
3.05737
3.3801
3.58706
3.34223
2.98205
2.90208
3.06479
3.0722
2.74302
3.24615
3.01404
2.81344
2.87108
3.57303
2.95903
2.99549
3.13788
3.26732
2.64892
3.24167
3.34345
2.66785
2.99043
2.95681
2.94283
2.67643
3.62846
2.98624
3.5255
3.09437
3.84866
2.6014
2.87437
3.49135
3.50484
3.28317
2.84308
2.95177
3.37798
3.06841
2.63966
2.97649
3.07272
3.33264
2.83694
3.31198
3.82514
