2.00836
2.61646
2.35361
2.20951
2.54038
2.55592
3.05228
2.84879
1.73556
3.21999
2.91504
2.98154
2.5981
2.70527
2.48162
2.72381
2.76342
3.32031
2.69927
2.65142
3.43979
3.12426
2.53278
2.82498
3.25071
3.8262
2.75952
2.93197
3.13959
3.00398
3.16108
3.49654
3.30759
3.72297
2.76784
2.62914
2.81501
3.14018
2.5136
3.14696
3.08113
2.67848
3.67734
3.35497
2.84674
3.10596
2.79403
2.7505
2.69106
2.61639
2.78228
2.57996
2.06747
2.99253
3.17487
3.46931
3.51674
1.86721
3.25768
3.22006
3.0959
3.33579
3.469
3.11776
3.01923
2.7755
3.42455
3.12384
3.71084
3.80486
3.07645
3.45874
2.946
3.10028
3.05843
3.28154
3.04568
2.96857
2.62604
2.94117
2.9266
2.70596
3.29959
2.97796
2.96714
2.81931
2.77272
3.06293
2.6431
3.07061
3.03793
3.19096
2.27702
3.57767
2.65215
2.95742
3.0741
3.42056
3.33367
3.14115
3.44844
2.81591
2.53016
2.7962
2.94924
3.40341
3.41149
3.08054
3.07812
3.11473
3.19994
3.25541
3.19159
2.9465
2.98729
2.92243
2.60811
3.4349
2.43243
3.43912
2.7311
3.24531
3.62953
2.98572
3.35866
3.06507
2.85925
3.47086
3.2069
3.47263
3.21927
3.76618
3.43967
3.49648
3.06012
3.07765
3.42305
3.042
3.21383
3.17764
2.81861
2.95264
2.66517
2.60607
2.79699
2.89055
3.28911
3.01426
3.11027
2.90524
2.88745
2.6879
2.561
2.82388
2.55154
2.95288
3.06135
2.50527
2.62647
2.92597
2.75335
3.12008
3.44358
2.89464
2.91859
2.76155
3.3596
3.15174
2.98286
2.85033
3.02209
3.29927
2.73343
2.57689
3.45629
3.09948
3.27475
2.71434
3.50609
2.94897
1.97142
2.59222
2.73869
2.27962
2.38169
2.46722
2.96876
2.90894
1.93312
2.96423
2.76091
3.3077
2.37
3.10169
2.68611
2.4773
2.65622
2.99664
2.52569
2.67309
3.19678
2.8505
2.63103
2.79526
2.91675
3.91799
2.8314
3.51665
3.01636
3.05507
3.24878
3.33411
2.48534
2.97212
2.80147
2.71623
2.87046
2.96835
2.37725
2.96006
2.98965
2.52411
3.15697
3.49345
2.83768
2.69577
2.72848
2.8886
2.67687
2.68209
2.74417
2.61987
2.20816
2.52356
3.19502
3.65865
3.16238
2.36166
3.21646
3.46669
3.54592
3.48719
3.51837
3.43635
2.92121
2.74828
3.25196
2.99328
3.60305
3.39148
3.09576
3.16567
3.03552
3.44115
3.20679
2.91939
2.73529
3.07929
2.97213
3.35619
2.70557
2.98496
3.20428
3.15778
2.87905
3.00612
2.86471
3.23917
2.73396
2.76037
2.74532
2.87025
2.24671
3.12037
2.53681
2.83264
3.322
3.09926
3.90968
3.6984
3.42676
3.1344
2.47498
2.85611
3.08299
3.42869
3.30379
3.25227
3.62991
2.99195
3.27399
3.18125
3.62257
3.02141
3.32042
3.23302
2.67234
3.27891
2.46124
3.21107
2.61623
3.47158
3.90908
3.0361
3.65301
3.38217
3.3552
3.36241
3.06368
3.34128
3.16939
3.3116
3.23108
3.41501
2.98243
3.26874
3.29587
3.10682
3.25323
2.88357
2.70726
2.65316
2.73428
2.70073
2.75826
2.54401
3.36254
2.9933
2.8018
3.103
3.01236
3.00881
3.00542
2.77469
2.87228
2.92089
2.68117
2.54812
2.85648
3.17313
2.90079
3.29654
3.57937
2.92337
2.9963
2.69278
3.11274
2.90438
3.1187
2.6808
2.77002
3.24864
3.11832
2.8283
3.45005
3.07498
3.61265
3.02009
3.63946
3.69667
