2.1895
2.6154
2.52029
2.70903
2.43288
2.68683
2.63289
3.07768
1.71262
2.95353
2.59911
3.16097
3.02365
2.60609
2.76135
2.80132
2.73471
3.40932
2.76833
2.69759
3.19526
3.21128
2.7135
2.73011
3.49177
3.97431
2.74358
2.82618
3.63421
3.64335
3.32552
3.63389
3.63124
3.39144
3.13013
2.95545
2.82683
3.26137
2.6165
3.21829
3.1911
2.91652
3.11117
3.48374
3.29018
2.79763
2.61473
2.50436
3.58095
2.4771
2.6564
2.48179
1.89538
3.218
3.13263
3.1386
3.10519
2.97193
3.43439
3.69635
3.64883
4.05202
4.1923
3.27276
3.59503
3.03278
3.42715
3.01586
3.89704
3.7383
3.13408
3.82784
2.91918
2.78413
3.58562
3.02115
3.24579
2.84534
2.80893
2.97168
2.85255
2.92727
2.9725
3.03711
2.82545
2.83181
3.20393
3.96681
3.43242
3.86446
3.70244
3.79796
3.06576
3.94089
3.09647
3.12006
3.03682
3.46143
3.36679
3.18531
2.77871
3.58184
2.91118
2.76382
3.10009
4.22515
3.46976
3.15727
3.91981
2.83565
3.25431
4.34694
2.46388
3.12187
3.19926
3.21934
2.67317
4.18111
3.05342
3.34952
2.51891
3.78226
4.14939
3.02792
3.43084
3.20287
2.89454
3.53159
2.91512
3.10631
3.771
2.95474
3.39802
3.28985
2.88633
3.04614
2.81743
3.2878
3.02294
2.89513
2.67824
2.94914
3.41763
2.85893
2.95701
2.80709
3.45458
3.52385
2.88603
2.9967
3.20831
2.64191
2.94827
3.15372
2.63225
2.72089
2.91193
2.56533
3.08173
2.48654
2.65364
3.14659
3.32436
3.85962
3.69411
3.38416
3.37155
3.26939
2.82621
2.86927
3.27642
3.51582
2.95159
2.52226
3.8026
2.88017
3.46997
3.0592
3.40525
3.05048
2.20921
2.4816
2.52307
2.4406
2.52756
2.74081
3.19978
2.75339
1.73986
2.66445
2.99377
3.39897
2.46709
2.37909
3.12528
2.6435
2.54891
3.53236
2.65685
2.22524
2.94049
3.19671
2.34288
3.15406
3.64735
3.44687
3.04446
2.89615
2.6042
3.13481
3.31111
3.55485
3.49509
3.7871
2.84224
2.76754
2.62166
3.04884
2.90932
3.10481
3.14481
2.78621
3.44014
3.143
2.48122
2.90067
2.75678
2.28934
3.1934
2.79521
2.67924
2.35964
1.81643
2.94849
3.14615
3.1607
3.68354
3.26954
4.04999
3.84779
3.7198
3.34757
3.98063
3.484
3.73479
2.49973
3.57705
3.03706
3.84691
3.77649
3.25745
3.51658
2.98457
3.29785
2.86379
3.38235
3.21405
2.64322
2.99584
2.62896
2.64211
2.98427
2.93151
3.0308
2.88109
2.86256
3.32041
3.41646
2.73924
2.89471
3.34071
3.70382
3.05063
3.82502
2.22674
2.88428
2.99366
3.31399
3.26324
3.19646
3.15319
3.41092
2.88892
2.80209
3.08428
4.16703
3.3529
3.12487
3.72274
3.06119
3.54173
3.94552
3.42772
3.01336
3.35748
2.63865
2.57697
3.94719
2.70152
3.30224
2.5653
3.53193
4.18825
3.0548
3.39984
3.43976
2.97536
3.7598
2.69578
2.90127
3.79443
3.23782
3.2592
3.5752
3.58333
3.09792
3.19264
2.87988
2.84576
2.59527
2.77925
2.88658
3.49257
2.39467
2.99967
2.92966
3.18106
3.48777
2.93864
3.02669
3.25727
2.51624
2.61287
3.0069
2.50055
2.82952
2.62515
2.92756
2.82045
2.79322
2.64287
4.03646
2.93742
3.28808
3.41039
3.51689
3.252
3.31781
2.9985
3.1198
2.84035
3.73741
3.18752
2.77252
3.09938
3.17416
3.39329
2.94426
3.50364
3.44164
