1.8232
2.17334
2.08848
2.02129
2.16864
2.57486
3.18277
2.78667
1.74949
2.88765
3.08754
3.19296
2.17525
2.7108
2.41199
2.31319
2.43204
3.0135
2.32744
2.56244
2.92979
2.48056
2.56604
2.73122
3.18805
3.4442
2.85372
3.04545
2.76015
3.36481
3.54474
3.404
3.50079
4.02487
2.90247
2.53672
2.37384
3.02244
2.49078
2.80429
3.0238
2.74961
3.43042
3.52196
2.43707
2.55262
2.75245
2.2593
2.66462
2.67535
2.6329
2.52137
1.78314
2.9998
2.97191
2.85081
3.50039
2.15171
3.49948
3.12524
3.07989
3.29245
3.4077
2.87528
2.50399
2.61039
3.1507
3.03795
3.26024
3.42373
2.81356
2.86914
2.98085
3.28699
3.43033
3.42767
3.01134
2.9879
2.72875
3.26358
2.65748
2.98477
3.18186
3.06339
3.122
3.04887
3.05852
3.38456
2.89661
3.18207
3.51504
3.54512
2.79837
3.64663
2.5962
3.04089
3.10447
2.92696
2.77086
2.92878
3.50983
2.8982
2.41164
3.12728
3.20312
3.64797
3.3675
3.08301
3.98728
3.57177
3.7675
4.67875
3.08246
2.91014
3.25376
3.02954
2.7184
2.90046
2.19972
2.81315
2.89967
3.82181
3.57186
2.80935
3.18489
3.08649
3.07527
3.21824
3.05607
3.27696
3.69254
3.43317
3.5451
3.00915
3.26146
3.00917
2.92272
2.97017
3.08862
3.08997
2.94493
2.68169
3.22742
3.01306
2.89173
2.69005
3.07598
2.9668
3.04413
2.93068
3.37568
2.1011
2.3797
2.92901
2.68059
2.41169
2.62352
2.29011
2.92628
2.46011
2.97132
3.37124
3.53215
3.75407
2.84723
3.04874
3.87521
3.34153
3.09058
2.87565
3.06814
3.54522
2.94966
2.71374
3.50603
3.58146
3.49331
2.91795
3.21253
2.9714
1.85944
2.59765
2.19162
2.13419
2.39518
2.64876
2.7859
2.79277
1.70944
2.74794
2.93383
3.07206
2.20386
2.39791
2.56022
2.62017
2.45076
2.93948
2.57872
2.8299
2.67439
2.73723
2.72755
2.65363
3.05456
3.28732
3.00595
3.17461
2.85632
2.87657
3.1254
3.35018
3.21113
3.54201
2.99945
2.29779
2.33228
3.09385
2.45615
2.7657
3.0441
2.71429
3.44388
2.96411
2.73291
2.48062
2.65049
2.57986
2.48928
2.59513
2.74151
2.59918
1.94536
3.07487
3.15079
3.42223
3.67117
2.20129
2.80699
2.87315
3.06267
3.54458
3.51233
3.09721
2.57576
2.81111
3.29869
2.99812
3.19049
3.53956
3.04526
2.8466
2.91217
3.03939
3.07603
3.49773
2.85563
3.07646
2.77354
2.83426
2.59424
2.68761
2.87543
2.98253
3.12198
2.98959
3.10134
3.29313
3.1015
3.00747
3.22944
2.93334
2.88907
3.53012
2.78563
2.91303
3.25083
2.92029
2.91083
3.35048
3.35597
2.93459
2.50379
2.76147
3.11203
4.10613
3.57473
3.03331
3.93156
3.28184
3.67896
4.63997
3.2746
3.00197
3.0641
2.94979
2.64418
2.92085
2.16784
2.94264
2.60082
3.62815
3.65519
2.44595
3.16583
3.39749
3.14818
2.76166
2.61503
3.25045
3.76535
3.38396
3.28057
3.10277
3.31772
3.00003
3.00808
2.76148
3.27475
3.01423
2.57059
2.42464
3.26201
2.67519
2.58975
2.72282
2.90955
3.21994
3.02932
2.9492
2.98667
2.28198
2.47944
2.58158
2.96093
2.80943
2.52343
2.68178
2.94571
2.58029
2.80097
2.92263
3.02872
3.3113
2.81508
3.174
3.86915
3.15231
3.10492
3.19666
2.78087
3.42986
2.86347
2.52363
2.92889
2.83261
2.75955
3.37712
3.14329
2.8096
