1.84726
2.68781
2.61139
2.29004
2.5775
2.863
3.2211
3.04293
1.88232
3.10316
3.14655
3.18403
2.2959
2.84225
2.76535
2.55742
2.51627
3.46364
2.90621
3.20184
3.10884
2.77829
3.06368
2.72389
3.41325
3.86029
2.85952
3.39688
2.78729
3.19054
3.35635
3.81788
3.39724
4.21426
3.2399
2.79525
2.72532
3.1659
2.8716
3.04647
2.7911
2.76645
3.48154
3.23908
2.53737
2.63635
2.74648
2.59176
2.48163
2.73864
2.92829
2.58645
2.15161
3.6317
2.8312
3.32683
3.24054
2.33066
3.51707
3.08402
3.08397
3.10197
3.68592
3.22081
2.65356
2.93909
3.00786
3.26261
3.30108
3.48763
3.19286
3.35857
3.11518
3.13863
3.5503
3.69259
3.76398
3.09916
2.8141
3.22461
2.98298
2.74568
3.10675
3.25707
2.95393
3.0813
3.3664
3.71106
3.0666
3.50897
4.33809
3.48176
2.79865
3.63148
2.5843
3.22767
3.31656
3.45358
3.36759
3.66243
3.63332
3.04151
2.80198
2.81281
3.14014
3.74858
3.44177
3.37895
3.93498
2.86384
3.38984
3.89752
3.70747
3.29493
3.38062
2.66779
2.76637
3.13216
3.05916
3.27873
3.09098
3.55121
4.05185
3.11989
3.72378
2.83725
3.40316
3.48776
3.17428
3.64286
3.83445
3.87685
3.42782
3.43733
3.14364
2.86025
3.49427
3.1052
3.31085
3.12249
2.85096
2.57953
3.06448
3.18953
2.95485
2.66288
3.31751
3.00218
3.30698
3.04494
3.01188
2.4401
2.76408
3.14795
2.81805
2.95734
2.98382
2.85322
3.12114
3.06625
2.99462
3.21652
3.18185
3.67417
3.18169
3.05792
3.59007
3.15306
3.27023
2.86512
2.90687
3.73944
2.9342
2.89437
3.69425
3.50905
3.48898
3.39361
3.52105
3.67784
1.84507
2.52006
2.71624
2.3223
2.62214
2.75646
2.57617
3.00409
2.06626
3.27159
3.17845
3.07905
2.40026
2.86232
2.60315
2.53669
2.66681
3.38212
2.66734
2.54548
2.83173
3.05525
3.01254
2.96444
3.0305
3.48838
2.99439
3.30673
2.97121
3.16331
3.32657
3.66845
3.66274
3.92541
3.29875
2.56894
2.84586
3.30741
2.63064
3.53482
3.23013
2.81966
3.3625
3.55762
2.81983
2.58695
2.9982
2.46892
2.78035
2.5156
2.94706
2.69007
2.09107
3.14967
3.173
3.53039
3.23898
3.13173
3.10404
3.29072
3.12335
3.44718
3.91845
3.11843
2.98913
3.02648
3.41808
3.29466
3.52171
3.63151
3.23734
3.7932
2.92652
3.24053
3.3553
3.35837
3.33593
3.14148
2.92236
2.67254
2.72891
3.18326
2.92476
3.16348
3.15289
2.88706
2.98837
3.60163
3.10329
3.84898
3.603
3.5391
2.68519
4.03188
2.53027
3.10544
3.31526
3.60723
3.18163
3.2412
3.35438
3.09897
2.96344
2.89908
2.91825
4.17626
3.21228
3.37638
3.833
3.65896
3.44373
4.4336
3.40399
3.29073
3.39717
3.00602
2.90602
2.93878
2.46442
2.95896
2.88985
3.28802
4.08245
3.29936
3.44781
2.77761
3.19398
2.94886
3.21532
3.34687
3.99229
3.72658
3.32159
3.31598
3.50705
3.1121
3.2803
3.10119
3.10668
3.29141
3.17164
2.78892
2.9689
2.8904
2.71969
2.67503
3.12838
2.93219
3.21133
3.15963
3.08152
2.41951
2.78292
3.26224
2.87582
2.92614
2.99317
2.79945
2.75338
2.64858
3.20101
3.70954
3.59927
3.80893
3.23914
3.46474
3.47553
3.40224
3.07926
3.06361
2.92909
3.68226
3.25267
2.89791
3.5747
2.96844
3.29382
3.3693
3.74987
3.4285
