2.05746
3.13145
1.94842
2.27222
2.62443
2.71272
3.42208
2.38415
2.54812
3.00906
3.06904
2.81583
2.55225
2.80934
2.78479
2.82333
2.78884
3.28942
2.67427
2.75433
3.21246
2.75773
2.64164
2.61004
2.70557
3.46407
2.9407
2.98053
3.10277
2.89864
3.03575
3.01248
3.09658
3.20618
3.05622
3.332
2.95
2.75188
3.43135
3.01133
3.30831
2.59614
2.98318
3.22727
3.17244
2.92094
2.8139
2.95956
2.97621
2.69001
2.77224
2.68155
2.2612
1.85617
2.21383
2.70075
3.86587
2.06748
3.29989
3.2339
3.36856
3.06962
3.34014
3.04619
3.1145
3.13799
2.84503
3.05226
3.78636
3.54477
3.26276
3.66105
3.19218
2.86395
3.13937
3.42097
3.24819
3.06141
3.37354
2.58236
2.91016
2.82537
3.02362
2.98069
3.27892
3.02687
3.65393
3.50759
3.06723
3.39304
3.34508
3.27068
3.05871
3.57131
3.04351
2.85498
2.79768
2.88913
3.19475
2.92537
3.09661
3.51015
2.89897
2.59385
2.81295
3.57822
3.11748
3.20644
4.13365
2.54672
3.4259
3.94646
3.72919
3.64174
3.37258
3.06087
2.77757
3.15812
2.49472
3.01282
2.70523
3.37723
3.52072
2.99189
3.39742
3.4893
3.02211
3.08708
3.15098
3.59639
3.57262
3.80962
2.82828
3.23263
3.2962
3.14745
3.18528
3.23904
3.13061
3.16525
2.6599
1.92941
2.94762
3.04708
3.08636
2.90404
2.86871
3.34063
3.33672
3.02848
2.98517
2.72075
3.40529
3.20435
2.44827
3.4968
2.99053
2.53913
2.76392
3.86207
3.0477
3.12555
3.6411
3.29356
3.44718
3.26252
2.98093
3.26637
2.98216
3.03081
3.07837
3.62641
2.84184
2.53724
3.22755
3.38819
3.17746
2.62626
3.07466
3.31311
1.96287
2.63587
2.34643
2.3856
2.542
2.58598
2.64721
2.91536
1.89459
2.8695
2.52453
3.17151
2.60935
2.72076
2.96383
3.01249
2.78087
3.05925
3.10817
2.57175
3.0801
2.52424
2.84903
2.73454
2.89966
3.43656
2.90197
3.30217
3.11231
3.01148
3.36384
3.72177
3.21004
3.76256
2.96964
2.44878
2.77386
3.26051
2.62207
3.2131
3.00535
2.94677
3.22322
2.86195
2.99575
3.17777
2.94132
2.58721
2.72382
2.80707
2.65168
2.65844
2.0391
3.14016
3.04566
3.06122
3.71774
2.99925
3.39849
3.05711
3.36151
3.25907
4.00123
3.23927
2.59448
3.34003
3.44628
3.0653
3.68338
3.78632
3.1207
3.3792
3.02736
2.95011
3.10674
3.305
3.34977
3.04643
2.7888
3.06432
3.08295
3.29038
2.84084
3.3784
2.73026
2.82633
3.13231
3.36471
2.80191
3.1289
3.54111
3.59188
2.55626
3.60278
2.99955
3.02252
3.11612
3.02197
3.64203
2.91588
3.42951
3.58148
3.02623
3.22359
2.63004
3.95469
3.24191
3.31401
3.77084
3.77034
3.56288
4.07186
3.27267
2.78073
3.21223
3.03142
2.86308
2.72872
2.04623
2.73143
3.03615
3.15546
3.58383
3.22294
3.11991
3.01737
3.31839
3.18267
2.74844
3.19106
3.48412
3.55989
2.98944
3.41869
3.25861
3.25246
3.03997
2.90888
2.97487
3.2755
3.1481
2.68556
3.30222
3.11451
2.90138
3.10674
2.88986
3.10722
3.31558
3.10527
3.42433
2.36289
3.45139
2.81003
2.68906
2.94072
2.78418
2.82873
2.90098
3.32106
2.56756
2.92807
3.32988
3.6767
2.7345
3.11898
3.4875
3.54368
2.97864
2.81096
2.77296
3.27032
3.04312
3.09628
3.30217
3.01302
3.65074
2.68153
3.54199
4.28226
