1.87759
2.84296
2.37965
2.17459
2.44369
2.63109
3.12691
2.87294
1.7317
2.87434
2.69731
3.32702
2.6186
2.73406
2.59068
2.68128
2.74065
3.27385
2.52617
2.87984
3.07783
2.96345
2.63651
3.23137
3.15858
3.73148
3.03124
3.1731
2.87784
3.29381
3.35028
3.71219
3.34679
3.98632
3.11684
2.25429
2.90447
3.02603
2.47274
3.26039
3.23229
2.46291
3.62492
3.48904
3.08907
2.51517
2.70932
2.408
2.37853
2.68572
2.38244
2.74501
1.91156
3.18103
3.04174
3.17863
3.36444
2.36555
3.85921
3.24788
3.0264
3.36548
3.89462
3.1934
2.86276
2.94102
3.21699
2.87003
3.17205
3.23135
2.98171
3.00252
2.88604
3.09243
3.30234
3.11476
2.73107
2.95302
2.81158
2.99572
2.51368
2.62082
2.68636
2.92444
3.04604
2.65873
2.72267
3.17344
2.29811
2.93197
3.13016
2.86868
2.53853
3.31476
2.50064
3.02837
3.39776
3.35476
2.8934
3.28778
3.25326
2.81862
2.1329
2.89445
3.01678
3.88659
3.52361
3.28959
3.54805
3.0243
3.12862
3.87163
3.75154
3.09178
3.43173
3.06339
2.83625
3.06163
2.47056
3.2655
2.97594
3.342
4.1698
2.90579
3.65291
3.31533
3.03763
3.4654
3.17779
3.48128
3.38505
3.70983
3.642
3.36023
3.46865
2.8984
3.27578
3.01381
3.31277
2.72706
2.82244
2.89793
3.08178
2.86904
2.76237
2.91533
3.19102
3.29124
2.97318
3.2646
3.15434
2.92769
3.37121
3.28154
2.86614
2.66251
2.97347
2.72374
2.98465
3.16772
2.7155
3.05293
3.28055
2.92722
3.02685
2.73458
3.50761
3.12867
2.98553
2.75644
2.67345
3.75467
2.77973
2.58855
3.59663
3.22823
3.79592
2.73505
3.33014
3.18012
1.91868
2.37533
2.53588
2.1457
2.48323
2.64461
2.86189
2.94572
1.92198
3.14921
2.9511
3.07225
2.4409
3.07467
2.684
2.56185
2.34118
3.19558
2.70083
2.62214
2.51074
2.61073
2.44564
2.71908
3.17973
3.53235
2.79331
3.47283
2.67748
3.12578
3.27053
3.30442
3.42144
3.96615
3.23541
2.65873
2.58508
2.96091
2.54779
3.52094
3.39212
2.46875
3.3086
3.23948
2.72894
2.58694
2.7416
2.45009
2.69549
2.77571
2.52587
2.48028
2.04047
3.36224
2.8718
3.47311
3.31427
2.74718
3.41407
3.38541
3.26632
3.4083
3.55654
2.66993
2.53199
3.40567
3.31632
2.93181
3.25929
3.29478
2.90752
2.84194
3.19107
3.17801
3.05013
3.55619
2.95647
3.17342
3.0687
3.15613
2.95979
2.76709
3.05842
2.87972
2.93671
2.65093
2.85428
3.03165
2.6294
2.60029
2.77936
3.18388
2.59991
3.43981
2.68809
3.15295
2.74966
3.3816
3.19433
3.12841
2.86823
2.8715
2.67704
3.03883
3.47643
3.95433
3.4135
3.32812
3.42224
2.95979
3.32927
3.45035
3.90041
3.34826
3.33629
2.81291
2.79792
3.19723
2.33939
3.07959
3.25172
3.19814
3.88208
3.00062
3.52482
3.48826
3.41789
3.21141
3.05996
3.31568
3.53019
3.83337
3.2056
3.12086
3.46439
3.09229
3.05183
3.13131
3.01481
3.04237
2.70002
2.55331
3.13847
2.6571
2.8559
2.63612
3.12507
3.33979
2.95004
3.01005
2.94759
2.90038
3.00759
3.07894
3.15098
2.73613
2.88395
2.55436
2.97664
2.50522
2.92513
2.99541
3.59222
2.95838
2.76464
2.88997
3.26005
3.5143
3.28964
2.4911
2.76847
3.51259
3.06733
2.98729
3.23485
3.16575
3.40229
2.88264
3.53721
3.22597
