1.72872
2.60449
2.04647
1.86442
2.32228
2.5484
3.25029
2.6293
1.6253
3.06152
2.31933
3.10539
2.13204
2.90748
2.5827
1.88626
2.36672
3.00982
2.3762
3.36051
3.21103
2.42764
2.48104
3.01257
3.34113
3.49493
2.94128
2.58311
2.67982
2.80725
3.15399
3.74137
3.4112
3.75425
3.07404
2.24593
2.73629
2.97494
2.39525
3.13182
3.20001
2.46489
3.55963
3.21383
2.62688
2.3326
2.52828
2.26114
2.21294
2.14614
2.35948
2.37701
1.90476
2.80964
2.93507
2.92241
3.70606
2.13993
3.28248
3.00501
3.32599
3.10724
3.74801
3.12917
2.95252
2.94684
2.91723
3.38408
3.54856
3.78198
3.04442
3.76992
3.07392
2.84163
3.53234
3.85874
3.39634
2.96694
3.13025
2.72636
2.71167
2.78847
2.95791
2.99125
3.17331
2.86179
3.04527
3.42064
2.86723
4.02264
3.57611
3.20117
2.87681
3.37938
2.39655
2.96724
3.46073
2.72903
2.70033
3.56366
3.23155
3.03956
2.67673
2.73714
3.0152
3.75292
3.24595
3.07248
3.60247
1.82411
3.3136
3.26142
3.37339
2.80993
2.94633
2.80067
2.47995
2.96765
2.29636
3.32965
2.4406
3.13259
3.647
2.99798
3.13845
3.15367
2.83084
3.16839
3.15681
3.6756
3.61512
3.90703
3.53158
3.42383
3.55406
2.85537
3.44672
2.65757
3.15337
3.15568
2.89134
2.32485
2.82344
2.69732
2.70039
2.50282
3.46592
3.1409
3.05791
2.91317
3.16546
2.19762
3.10674
3.16668
2.58596
2.76817
2.72163
2.48938
3.47495
2.73441
3.04934
3.05999
3.50094
3.75994
2.82033
3.08795
3.48166
3.40621
3.14661
2.90917
3.18497
3.41075
2.8477
2.60667
3.63529
3.13011
3.65707
2.68261
3.0861
3.57032
1.65831
2.58091
1.97254
1.98644
2.13457
2.55598
3.09134
2.6584
1.68156
2.71753
2.5062
3.03947
2.25755
2.63442
2.55755
2.28517
2.52506
3.49256
2.50156
2.6796
2.66684
2.70649
2.55621
2.87199
2.95725
3.68969
2.90155
3.22554
2.66976
3.20022
3.00801
3.57627
3.75699
3.70443
2.88743
2.24168
2.58656
2.97587
2.54673
2.95105
3.00999
2.36848
3.22445
3.13494
2.68923
2.76812
2.36609
2.25513
2.79275
2.47004
2.37592
2.33513
2.01151
2.9285
3.01529
3.41268
3.59273
2.22259
3.17251
3.22144
3.53033
3.69901
3.4809
3.40408
2.69048
3.317
3.36835
2.91959
3.73487
3.40161
3.03043
3.52834
2.99129
2.77304
2.86594
3.21781
3.30262
2.79056
2.68066
2.96735
2.57593
2.74456
2.80226
3.18997
2.97714
2.73466
2.9986
3.13093
2.92079
3.73371
3.28024
3.08493
2.85857
3.21459
2.3647
2.99768
3.13994
3.22603
3.2896
3.68333
3.75802
3.36691
2.66756
3.07124
2.96438
4.09401
3.56493
3.21331
3.48148
2.83095
3.21109
3.84483
3.53757
3.03452
3.41186
2.70525
2.49895
3.15492
2.18459
3.06032
2.19493
3.35616
3.71461
2.65635
3.0078
3.03535
2.8261
3.06268
3.1425
3.28777
3.67921
3.8806
3.4643
3.36348
3.41502
3.1333
3.51913
2.93249
2.91554
3.24648
2.84812
2.51549
2.92896
2.5229
2.78484
2.72231
3.34898
3.24498
3.13692
3.04458
2.95888
2.24204
2.78729
2.78883
2.53169
2.73772
2.57998
2.32502
3.13986
2.56943
2.68451
3.63044
3.22482
3.66375
3.12532
2.96236
3.59509
3.11511
3.23558
2.71724
2.64795
3.68146
3.10409
2.71728
3.53754
2.72465
3.41773
3.17987
3.4531
3.75919
