1.90791
2.92692
2.38875
2.26848
2.72632
2.93182
3.19474
3.05354
1.65134
3.1293
3.08352
2.96942
2.50914
3.08475
2.84211
2.7981
2.71535
3.4476
2.61069
2.72616
3.08549
2.96656
3.00516
2.76954
3.13001
4.09165
3.3493
3.20701
3.41321
3.50941
3.5911
4.0699
3.39391
3.77627
3.01801
2.62684
2.81508
3.35456
2.38838
3.32721
3.33919
2.50675
3.62815
3.54851
2.80108
2.91086
2.9256
2.68117
2.82746
2.80228
2.58262
2.69976
2.11384
2.99355
3.27561
3.35601
3.55369
2.45048
3.43262
3.65196
3.21877
3.21286
3.85413
3.32899
2.84524
2.99048
3.48541
3.31809
3.90117
3.77219
3.29117
3.12358
3.36419
3.4805
3.54128
3.44031
3.16487
3.13355
3.22129
3.50007
3.25019
3.00906
3.05988
3.21351
3.08256
3.30505
3.45166
3.31709
3.32569
3.40374
3.6171
3.22006
2.61194
3.39687
2.67056
2.93623
3.44688
3.40819
3.16242
3.0846
3.48354
3.29563
2.83867
3.00553
3.16221
3.70581
2.91382
3.39102
4.19686
2.71029
3.74872
4.32034
3.59385
3.45178
3.19028
3.27802
2.78748
3.31216
2.36235
3.00087
2.99058
3.70476
2.98604
2.73679
3.15678
4.00751
3.39672
2.89952
3.53527
3.77659
3.91256
3.62757
3.45285
3.55594
3.77831
3.57629
3.25147
2.65824
3.56157
3.22153
3.05632
2.69285
3.17956
2.7365
2.84954
2.62282
2.83674
3.26566
3.4265
3.38542
3.23326
2.48402
3.12339
3.20259
3.56021
3.06429
3.04317
2.83656
3.09284
3.35124
2.56421
3.232
3.27653
3.56109
2.98019
3.27172
3.43475
3.28815
3.41137
2.96777
3.37691
3.99426
2.35528
3.11157
3.06755
3.14327
3.58096
2.67091
3.67565
3.71516
1.88513
3.05589
2.24443
2.44777
2.68082
2.82174
2.97227
2.86923
1.89133
3.01497
2.82043
3.18583
2.56309
3.14332
2.87
2.89211
2.76171
3.28701
2.67914
2.96447
2.88401
3.17725
2.91334
2.65987
3.07204
4.04014
3.09618
3.01456
3.32599
3.39684
3.44728
4.087
3.2312
4.07549
3.12979
2.33502
2.55352
3.22409
2.36596
3.04708
3.066
2.9436
3.3783
3.19155
2.73166
2.58661
2.72429
2.67697
2.72755
2.79896
2.66177
2.71546
1.79902
3.11538
3.03577
3.01653
3.42088
2.71607
3.4517
3.32085
3.24279
3.70266
4.14742
3.19754
2.79344
3.3285
3.32978
3.15843
3.92984
3.90718
3.53636
3.44849
3.23727
3.14999
3.32235
3.77353
3.44571
3.30611
3.14457
3.17587
2.96266
3.11043
3.17898
3.34341
3.40565
3.02198
3.27435
3.6823
3.01378
3.45302
3.47743
3.44879
2.79552
3.48316
2.83831
3.21043
3.74188
3.42948
2.83787
2.92064
3.22856
3.27459
2.57696
3.09123
3.28273
3.39459
2.8901
3.29741
3.94728
3.2642
3.56964
4.03018
3.59246
3.14278
3.39687
2.95208
3.09741
3.4992
2.48095
2.74669
3.16101
3.8596
3.39324
2.89878
3.30385
3.71506
3.20903
2.82262
3.14112
3.34868
3.78504
4.04609
3.30336
3.26151
3.61016
3.58067
3.25159
3.19907
2.91027
2.88935
2.96909
2.73635
3.3212
2.98611
2.97795
2.86085
3.15472
3.43378
3.24994
3.20598
3.20385
2.90179
3.14585
2.97727
2.96365
3.31816
3.27787
3.13953
3.04748
2.92795
2.81901
3.66454
3.33865
4.10905
2.799
3.57512
3.57109
3.58852
3.26882
3.33977
3.14046
3.56328
2.6917
3.32713
3.28363
3.00302
3.59905
2.89884
3.57181
3.63567
