1.94033
2.68324
2.72996
2.29561
2.37586
2.55585
3.0623
2.8946
1.84319
2.94985
2.83641
3.15455
2.39263
2.26035
3.00564
2.36818
2.46921
3.17395
2.19923
2.54167
2.92287
2.53309
2.65101
3.07548
3.03449
3.96311
2.89188
2.7654
3.31116
3.37529
3.1141
3.59574
3.83452
3.68739
3.34457
2.58217
2.75795
3.03766
2.67218
3.00612
3.01766
2.49574
3.48293
3.23314
2.81159
2.94643
2.74753
2.388
3.01487
2.99521
2.60513
2.65403
2.40472
2.94667
3.01206
3.26863
3.46873
2.30867
3.66113
3.28957
3.0903
3.29877
3.64232
3.16304
3.35253
3.15659
3.11587
3.10483
3.24549
3.43778
2.99737
2.84107
3.03435
3.1233
3.14167
3.22543
3.37279
3.24837
3.11731
3.03919
2.73255
2.98913
2.84558
2.92095
3.20898
2.97232
2.9838
2.88006
2.59802
3.09099
3.28849
3.28237
2.20622
3.3645
2.49351
3.09691
2.72194
3.21267
2.98576
2.87987
2.9979
2.90746
2.99144
2.87095
3.06922
3.61201
2.87301
3.47626
3.51824
2.79754
3.50135
4.33322
3.61799
3.16911
3.13414
2.98256
2.88335
3.04186
2.15529
2.99766
2.59668
3.41303
3.42119
3.46183
3.58318
3.51659
2.74405
2.96965
2.98053
3.42535
3.50797
3.6962
3.39728
2.85078
3.28465
2.97056
3.12578
3.32745
3.02819
3.17777
2.74695
3.15277
3.06734
2.86872
2.78264
2.70139
2.65434
3.09139
3.11872
3.43153
3.2506
2.28866
2.97075
2.96051
2.59476
2.82815
2.92045
2.53773
2.55745
3.10385
2.87723
3.28833
3.10522
3.70858
3.02582
3.06572
3.74189
3.27314
2.86412
2.73289
3.15002
3.78981
2.53157
3.46342
3.35996
3.20709
3.62456
2.64434
3.29293
3.37332
2.00112
2.68337
2.35232
2.29438
2.43571
2.68077
3.072
2.87478
1.88578
3.07406
2.57139
3.14594
2.2915
2.36768
2.64171
2.86371
2.48278
3.22508
2.76628
2.62535
2.78299
2.56323
2.56638
3.0255
2.94968
3.91361
3.002
3.14629
3.11132
3.18701
3.08446
3.31481
3.52058
4.20512
3.14652
2.55946
2.95719
3.14535
2.4923
3.0434
3.23131
2.6432
3.46482
3.23867
2.90118
2.6651
2.65836
2.62304
3.03928
2.59276
2.6519
2.55552
2.15827
3.0984
3.26179
3.20376
2.88665
2.61112
2.96054
3.15237
3.28372
3.24511
4.22154
2.90039
2.857
3.19051
3.23729
2.86613
3.6467
3.66491
2.95116
3.08705
2.96267
2.70462
2.88591
3.25404
3.14631
3.00511
2.91482
2.7451
2.91288
2.64735
3.05134
2.93664
2.9063
2.75662
3.06758
3.18826
2.6374
3.10876
3.52258
3.08943
2.18554
3.27529
2.57396
2.98685
2.94829
3.1097
3.01758
3.00733
3.32937
2.7736
2.45071
2.80207
2.86778
3.8929
2.8938
3.32462
3.58336
3.68855
3.33754
4.26766
3.36989
3.17311
3.40068
2.82003
2.8001
3.11543
2.30086
2.92422
2.74902
4.12471
3.4201
2.98318
2.71107
3.19367
3.03671
2.92936
2.60644
3.01695
3.51525
3.48833
2.93432
3.01173
3.19442
3.23855
3.22784
3.0303
2.99284
3.12224
2.76295
2.93272
3.29606
2.82901
2.85003
2.6533
3.03192
3.08387
3.18275
3.05012
3.07618
2.65068
3.29948
2.77013
2.72572
2.96008
2.78805
2.85831
2.66122
2.89624
2.78962
4.18396
3.43069
3.18444
2.6849
2.82061
3.43312
3.02709
2.96005
2.5715
2.7381
3.3187
2.54064
2.97417
2.93572
2.84253
2.50426
2.64274
3.46731
3.38634
