2.0111
2.89765
2.48632
2.20719
2.49761
2.58339
2.81476
3.06405
2.08451
2.93937
2.95021
3.14579
2.7482
2.17933
2.78405
2.79419
2.68424
3.08244
2.51475
2.52638
3.04628
3.01624
2.7328
3.19279
3.42014
3.72242
3.10383
2.98329
2.7165
3.29377
3.42115
3.41528
3.46004
3.67332
3.10538
2.96086
2.93573
3.1399
2.70218
3.09367
3.26494
2.5734
3.5561
3.41027
2.97909
2.6407
2.54759
2.56918
2.60748
2.52202
2.93894
2.62721
2.16625
3.2557
3.3503
3.32065
3.37547
1.91412
3.92912
3.46471
2.98395
3.42595
3.91804
2.95372
2.98205
3.49771
3.42742
3.1332
3.36856
3.59171
3.24152
3.2568
3.09543
3.33718
3.16386
3.49406
3.15342
2.96142
3.05659
3.02533
2.94863
2.87756
3.17498
2.92978
3.10812
3.01884
3.0598
3.38749
2.716
3.11502
3.32333
3.6792
2.44511
3.47173
2.34324
3.03333
3.65978
3.38605
3.07784
2.9647
3.20408
3.24247
2.86233
3.18933
3.27153
3.45303
3.26454
3.58092
3.83924
2.49111
3.42481
3.75023
3.38132
3.40159
3.42166
2.85309
2.9823
2.74365
2.13651
3.27033
2.92898
3.7963
3.80148
3.07766
3.61609
3.7911
2.83423
3.34317
3.35768
3.45689
3.70153
3.34936
3.19978
3.37497
3.29389
3.83234
3.16065
3.29843
3.20064
2.96373
2.85993
2.8002
3.15673
2.91249
2.81837
2.89707
3.1183
3.35447
3.21481
2.95783
3.3044
3.06725
3.44678
3.14414
2.94132
3.04985
2.79336
2.86427
2.92898
2.98607
3.05265
2.94838
3.49219
3.16786
2.74145
2.97547
3.29548
3.60828
3.23985
2.88924
2.99616
3.79412
3.01772
2.9845
3.29841
3.04582
3.4357
2.78696
3.28181
3.60313
1.98496
2.73456
2.47163
2.32015
2.52395
2.49413
2.85987
3.13321
2.07439
3.21302
2.97536
3.10803
2.38022
2.42388
2.85925
2.78313
2.56708
2.97858
2.66106
2.71168
2.69899
3.2697
2.57734
3.11479
3.23311
3.9564
2.73697
2.89098
3.17734
3.22362
3.14667
3.22992
3.81753
3.87596
2.94202
2.75199
2.7554
3.11374
2.34577
3.31683
3.37883
2.65399
3.50728
3.2632
3.04263
2.65781
2.37116
2.28849
2.51854
2.50134
2.7706
2.60294
2.31109
3.51626
3.03029
3.70167
3.22421
2.35427
3.4338
3.19296
3.22743
3.60219
3.74835
3.34662
2.96934
3.24748
3.5411
3.05038
3.57417
3.65707
3.10411
3.3211
3.31429
3.41566
3.24306
3.76043
3.22661
3.3104
3.36061
3.34792
3.31622
2.76927
3.14745
3.20537
3.03704
2.95768
3.17394
3.11796
2.81749
2.98972
3.50186
3.396
2.62863
3.54047
2.83182
3.06286
3.15801
3.57735
3.15848
3.0831
3.72296
3.12457
2.78174
3.19164
3.07281
3.89838
3.342
3.43624
3.70871
2.72404
3.9749
3.75528
3.54514
3.01173
3.17785
2.96011
2.80944
2.83913
2.19106
3.17083
2.82299
3.65838
3.83994
2.97268
3.79047
3.40828
3.59488
3.33593
3.08282
3.42056
3.78744
3.59279
3.1866
3.07838
3.3044
2.99174
3.0257
3.19598
2.84785
2.90894
2.66658
2.80941
2.98328
3.02613
2.70856
2.92271
3.24659
3.14854
3.09092
2.97497
2.96703
2.63812
3.02016
2.96779
3.531
2.53938
2.95559
2.50524
2.72117
3.53348
2.84095
3.3895
3.35101
3.04084
2.67147
3.25753
3.3381
3.41043
3.59104
2.75397
2.85212
3.4314
2.91343
3.09444
3.62771
3.29575
3.39846
2.91644
3.54245
3.63325
