1.7493
2.85125
2.35057
2.27468
2.56501
2.80726
3.11359
2.84445
1.48673
2.85381
2.80804
2.69778
2.38828
2.25584
2.83355
2.41404
2.46947
3.22526
2.39259
2.80209
2.84801
3.42529
2.68905
2.31613
3.13597
3.63199
3.13169
3.30127
3.10974
3.08959
3.55097
3.90011
3.36904
3.93703
3.13059
2.64541
2.50995
3.24575
2.42236
2.81229
3.09528
2.36711
3.27925
3.45706
2.61148
2.67921
2.43172
2.33903
2.55705
2.62041
2.21057
2.34154
2.2162
2.80316
3.1881
3.12056
3.53631
2.0211
3.19389
2.97341
2.85115
3.28635
3.38641
2.63204
3.01991
2.84979
2.92244
2.97573
3.31514
3.62502
2.95194
3.06535
3.00708
2.78259
3.16701
3.33789
3.12729
3.16905
2.85322
3.01137
2.61922
2.74917
2.82745
2.94404
2.7688
2.78113
2.94219
3.1661
3.31935
3.83008
3.73581
3.13025
2.72542
3.29351
2.47204
2.92769
3.1474
3.36718
3.05527
3.21446
3.03508
2.903
2.02735
2.61517
2.75983
3.55498
2.96301
2.7656
3.02528
3.12336
3.29966
3.89756
3.06866
2.70578
2.68307
2.84363
2.39568
3.50404
2.36749
3.25251
2.20747
3.6017
3.35526
2.6773
3.18479
3.39652
2.87715
2.87161
2.87455
3.41962
3.18289
3.5171
3.58041
3.32531
3.02278
3.04741
3.55652
2.93873
3.00395
2.98454
2.63364
2.68618
3.11145
2.55484
2.85964
2.60105
3.15414
3.11689
2.68349
3.02971
3.11216
2.56546
3.09454
2.81038
2.76688
3.23588
2.88347
2.84724
2.4566
2.72695
2.84309
3.38257
3.20819
2.83425
2.72445
3.07278
3.09945
2.87954
2.97255
2.9502
2.99059
3.51828
2.30523
2.53568
3.35287
2.81175
3.35942
2.35877
3.36911
3.24367
1.71499
2.59678
2.50865
2.25582
2.56019
2.51779
3.09881
2.82256
1.5196
2.85813
2.62009
2.86537
2.24477
2.31894
3.08183
2.48058
2.56993
3.1345
2.52289
2.59177
2.71414
2.78758
2.69993
2.55318
2.8191
3.1399
2.61476
3.12257
2.82495
3.06521
3.31712
3.81594
3.4181
3.89286
2.91622
2.36644
2.73838
3.00658
2.3413
2.99981
2.9794
2.48103
3.6285
3.47483
2.81778
2.5199
2.7603
2.62562
2.41145
2.67299
2.37264
2.40717
2.08565
3.22934
2.832
3.26964
3.42471
1.9603
3.54937
3.18464
3.26921
3.37067
3.63084
2.95087
3.0052
3.16326
3.29853
2.94601
3.49091
3.69026
3.12425
3.04491
2.87763
2.81604
3.00391
3.25777
3.49277
2.94492
2.81614
2.93835
2.99448
2.78569
2.77369
3.15011
2.90426
2.8823
2.99075
3.45242
2.97143
2.69315
3.04095
3.42282
2.73978
3.28406
2.64568
2.96564
3.12303
3.4927
2.75352
3.09476
3.1447
2.69286
2.53592
2.43744
2.84781
3.46109
2.86389
2.93555
3.36441
3.2625
3.09721
3.73936
3.33418
2.88388
3.07913
2.74334
2.68856
3.14153
2.26807
3.18834
2.53236
3.62185
3.05572
2.54894
3.09019
3.05663
2.94887
3.25071
2.81566
3.07888
3.45375
3.84434
3.66209
3.27889
2.91718
3.32235
3.23204
2.90457
3.04583
2.94827
2.46675
2.73481
2.77315
2.61498
2.60721
2.72043
2.68513
2.96891
2.93926
3.14641
3.00054
2.45374
2.83454
2.55291
2.55824
3.03603
2.7476
2.61983
2.66573
2.29395
2.75905
3.26026
3.09961
2.83148
2.32695
2.84939
3.02764
3.09345
3.13293
2.70031
2.79718
3.58373
2.73766
2.40212
3.04648
3.25569
3.51976
2.4925
3.25131
3.65926
