1.76856
2.70931
2.04776
1.9682
2.09898
2.48288
2.97693
2.91095
1.89637
2.97888
2.88924
3.1298
2.26011
3.25465
2.7004
1.85103
2.45454
2.96785
2.37773
2.33109
2.72114
2.82944
2.95655
3.04204
3.59948
3.39078
3.12237
3.20125
3.2454
3.48255
3.18278
3.91226
3.30006
4.12218
3.02996
2.85762
2.58794
2.90477
2.53106
3.27248
2.94109
2.62505
3.55466
3.41766
2.94192
2.60949
2.78872
2.6996
2.51415
2.75666
2.7555
2.53718
2.12557
3.15225
3.47429
3.13623
2.85127
2.24806
3.63474
3.06861
3.10413
3.80198
3.75527
2.60166
3.0798
3.12552
3.05699
2.77318
3.15449
3.38834
2.8695
2.71274
2.93165
3.21524
2.95968
3.26242
2.89659
3.14841
3.02531
3.16771
2.75076
2.60471
2.79073
2.72092
2.86286
2.76183
2.69938
2.88115
2.6417
3.01969
3.26353
2.76676
1.99682
3.07228
2.5314
3.11311
3.14942
3.26767
3.43464
3.18994
3.40372
3.41841
2.46031
2.97802
3.06884
3.1672
3.53324
3.31986
3.51602
2.62864
3.48966
2.58345
3.71264
2.9907
3.19664
2.65469
2.76272
2.81477
2.79976
2.34387
2.56568
2.99804
4.1475
2.85162
3.41978
3.42994
2.89746
3.38724
3.14195
3.36677
3.23479
3.90838
3.0745
3.29084
3.13047
3.49926
3.37536
3.75299
3.22079
2.67721
2.7921
2.84093
3.07016
2.87018
2.77149
2.53172
2.81476
3.30507
3.12353
2.99748
2.94562
2.33654
2.6062
3.80359
2.62357
3.27623
3.00222
2.45777
2.46217
2.63743
3.09017
3.63594
3.5764
2.61718
2.65089
2.17168
3.57222
3.0923
3.12908
2.62697
3.03997
3.17265
3.14323
2.69783
3.65574
3.22975
3.32833
2.81082
3.34659
3.52242
1.85447
2.61229
2.46679
2.07182
2.28044
2.41236
3.01126
2.99842
2.00674
3.24014
3.43951
3.0901
2.06741
3.30972
2.93627
2.41262
2.41066
2.9452
2.48213
2.42665
2.67054
2.65044
2.52217
3.27712
3.48499
3.42191
2.86757
3.25509
3.03298
2.90169
3.15699
3.41361
3.25449
3.84838
2.90771
2.4834
2.53484
2.85388
2.19542
3.23371
2.97506
3.0028
3.27189
3.38698
2.61933
2.67539
2.62319
2.47942
2.38132
2.65475
2.7727
2.71384
2.27272
3.1395
3.02064
3.41738
2.75319
2.28907
2.81335
2.88691
2.91068
3.38222
3.28129
2.67306
3.03174
2.79579
2.97522
2.83691
3.01454
2.99268
2.85106
2.81881
2.97403
2.95686
3.02684
3.10129
2.93402
3.0452
2.91696
2.98852
2.7807
2.87384
2.88112
2.8674
2.92749
2.67349
2.64617
2.87833
2.59642
3.29691
3.18173
2.99451
2.06005
2.94109
2.57032
3.18817
3.2029
3.32265
3.3956
3.13937
3.58596
3.04217
2.68148
2.90598
3.08196
3.3263
3.61739
3.24066
3.43644
2.68977
3.36639
3.15844
3.59824
2.90617
2.97256
2.86311
2.66033
3.0536
2.29546
2.58496
2.99731
3.27278
3.92704
2.95836
3.49328
2.73334
2.82492
3.14515
3.41657
3.30411
3.25931
3.52408
3.30815
3.06668
2.89851
3.1815
3.12907
2.64565
2.86172
2.65743
2.39494
2.61868
3.14567
2.93629
2.76306
2.49624
2.86077
3.02735
2.97926
3.05354
3.04205
2.61977
2.63927
2.72549
2.27863
2.66798
3.03375
2.57654
2.37343
3.02547
2.58183
2.86889
3.3297
2.73719
2.52622
2.41629
3.60616
2.73379
3.10954
2.96592
2.81962
3.57779
2.88228
3.07842
3.60239
3.3677
3.02102
2.89179
3.16229
3.19251
