1.92456
2.91011
2.09624
2.06674
2.14749
2.36559
2.93053
2.85041
1.57052
3.29004
3.16729
3.08177
1.93662
2.75962
2.54338
2.24977
2.49768
3.2771
2.30743
2.41992
2.85019
3.08994
2.84902
2.91716
2.99279
3.47176
2.35293
2.74947
2.61938
3.15689
3.49733
3.7906
3.39238
3.81891
2.99474
2.07311
2.57252
3.04417
2.10783
2.98273
2.81708
2.20813
3.06266
3.09473
2.12088
2.23372
2.11479
1.8595
2.03807
2.38569
2.45173
2.31812
1.9152
2.93037
2.72158
3.30838
3.64907
2.11556
3.29175
3.49233
3.51785
3.70858
3.48718
3.16261
2.24749
3.83837
3.24562
3.03853
3.55993
3.50099
3.05259
4.04744
3.14072
3.36831
3.20634
3.42262
3.44425
2.93244
3.27477
3.40617
2.81959
2.88374
3.12973
3.04632
3.15791
2.77356
3.06853
3.76279
2.80308
2.91818
3.33438
3.88203
2.52886
3.79396
2.2753
3.00507
3.17085
3.02809
3.09367
2.78663
2.96703
3.01827
2.77379
2.56609
2.41581
3.69057
3.04002
3.27882
3.23886
2.76128
3.1717
3.58222
2.64014
2.88067
3.03171
3.19289
2.57161
3.71369
2.92385
3.20544
2.77385
3.7878
3.63938
3.02011
3.40611
3.87955
2.88463
3.09506
3.27993
3.48431
3.59483
3.03011
3.78374
3.48891
2.89269
2.9788
2.93521
2.94227
2.70251
2.74927
2.92267
2.50039
2.70898
2.91271
2.4669
2.56789
2.73222
2.99985
2.7988
2.7842
2.90574
1.92801
2.72084
2.78101
2.8379
2.48136
2.62685
2.37785
2.52916
2.8979
2.78066
3.03363
3.25474
2.92043
3.29645
3.28602
3.42436
3.20411
3.19197
2.81423
2.93658
3.36433
2.8952
2.80298
3.81909
3.27245
3.54611
2.83905
3.62463
2.96066
1.77447
2.64886
2.21028
1.96078
2.29631
2.50312
3.07039
2.77726
1.5229
2.87216
2.87329
3.19598
2.00716
3.10255
2.55394
2.38422
2.44139
2.93474
2.83187
2.31618
2.58488
2.63563
2.65951
2.82281
2.85051
3.29787
2.68276
2.77768
2.24324
2.78796
3.39056
3.54118
3.5481
3.69292
2.91656
2.33512
2.53991
3.28716
2.03632
3.10543
2.98397
2.16702
3.37284
3.1759
2.415
2.46785
2.41805
2.20344
2.50677
2.53088
2.38344
2.34549
1.95035
3.01494
2.78825
3.0159
3.38672
3.14732
3.46371
3.06744
3.49077
3.83802
3.59596
3.13699
2.97824
3.27203
3.3528
3.07126
3.47187
3.75832
3.03952
3.77592
3.13102
3.09423
3.00668
3.23687
3.36475
3.18186
3.01062
3.15147
2.53325
2.86191
2.9798
2.90052
3.0096
3.02514
3.23384
3.2206
3.43039
3.48392
3.4476
3.36989
2.82423
3.82692
2.36959
3.03516
3.15382
2.71046
2.73697
2.91856
2.64597
3.36772
2.40002
2.86387
2.42321
3.39165
3.32987
3.51691
3.36783
2.94546
3.34909
3.41623
3.65272
2.97208
3.52031
2.90157
2.88169
3.76433
2.77283
2.98193
2.72535
3.51299
3.90533
2.52652
3.20893
4.07987
3.26303
3.09053
2.86785
3.47874
3.74178
3.6898
3.37291
3.28447
2.92991
3.59754
3.25097
2.71564
2.95879
2.97306
2.74392
2.56394
2.89871
2.5687
2.57319
2.89444
2.7076
2.92601
2.81656
2.84697
2.68568
2.33505
2.95359
2.80307
2.96096
2.53474
2.78694
2.73202
2.67688
2.97745
2.81466
3.12496
3.50042
3.39119
2.6956
3.34924
3.2316
2.92859
3.11577
3.01764
2.91062
3.6605
2.92838
2.5899
3.25632
2.97194
3.56425
2.72504
3.21996
3.36013
