1.84763
2.81299
2.54265
2.20324
2.3573
2.59075
3.44408
2.95649
1.40395
2.82622
2.94404
3.15414
2.36196
2.75617
2.66457
2.34515
2.59015
3.24363
2.61124
3.04811
2.96939
2.94393
2.66598
3.12047
2.99149
3.55241
2.7509
2.89034
2.3131
2.77867
3.20336
4.11104
3.19862
3.65897
3.16622
2.38807
2.55323
3.30365
2.35242
3.05377
3.08125
2.21389
3.14524
3.23467
2.73849
2.61748
1.9172
2.18157
2.51625
2.45525
1.68246
2.25938
2.07707
2.72891
2.98976
3.36506
3.73028
2.17006
3.88454
3.30493
3.60952
3.50554
3.74948
2.89292
2.77609
2.87185
3.09455
3.02838
3.52588
3.28549
3.13191
3.0032
3.11728
3.17473
3.26276
3.10379
3.26798
3.07803
2.94081
3.2596
2.99166
2.76044
2.93719
3.07241
2.74012
3.03126
3.07101
3.41418
2.98652
2.95746
3.517
3.32618
2.42023
3.9466
2.72527
2.80946
3.1061
3.56014
3.12922
3.24139
3.93478
3.12021
2.73793
3.04636
3.1119
4.44815
3.20388
3.47694
3.59834
3.01688
3.74474
4.07412
3.55916
3.53458
3.30387
2.66792
2.28545
3.56086
2.60203
3.37284
2.4971
3.6635
4.23674
2.82139
3.21765
3.83128
2.81632
3.3343
3.18218
3.48946
3.64986
3.51522
3.25262
3.2979
3.16544
3.3808
3.05396
3.0718
3.01869
2.92862
2.99182
2.76127
3.22575
2.62334
2.81047
2.6744
2.9191
2.9845
2.82626
3.10156
3.03335
2.44496
3.29146
2.67631
2.6795
2.90222
2.82648
2.75408
2.64567
2.97174
2.55899
2.63222
3.3766
3.30394
3.54886
3.25714
3.54789
3.49482
3.36629
2.83782
3.03488
3.9192
3.33452
2.55438
3.22031
3.02799
3.1463
3.10406
3.21547
3.76356
1.78472
2.89978
2.25397
2.10689
2.39633
2.48549
3.07002
2.75729
1.41925
2.8715
3.07756
3.25993
2.24416
2.55219
2.66604
2.62908
2.84264
3.16993
2.57848
2.75523
2.92159
2.94709
2.77636
3.14975
3.45613
3.09977
2.87631
3.19866
2.94527
2.6148
3.39535
3.71468
2.88059
4.35134
3.15839
2.35424
2.7536
2.79396
2.19268
2.98848
3.11952
2.38018
3.16047
3.28523
2.79316
2.55162
2.39142
2.46478
2.78276
2.79719
2.04441
2.35707
1.98056
2.65375
2.76094
3.33967
3.4684
2.46384
3.06435
3.40477
3.08182
3.68958
3.69342
3.03965
2.88049
2.85231
3.24521
2.96156
3.28309
3.42397
2.90074
3.01976
3.02313
3.31183
3.02242
2.96843
3.16022
2.88193
3.15297
3.21334
2.98996
3.00826
2.8626
2.8412
3.02168
2.72578
2.60069
3.26098
2.70494
2.88767
3.58755
3.12565
2.36031
4.25933
2.76913
2.96523
3.30286
3.04845
3.16572
3.30601
3.49143
3.03728
2.71014
2.79711
3.19398
4.30232
3.22733
3.36518
3.53036
3.6214
3.45784
3.59413
3.47339
2.96488
3.1381
2.90515
2.67928
3.69342
2.6968
3.71485
2.73705
3.51478
3.80331
3.1604
3.4858
3.57982
3.30263
3.33178
2.97349
3.14745
3.71151
3.64696
3.11885
3.55946
3.25385
3.12255
3.05243
3.00016
2.98435
2.68537
2.58093
2.39861
3.10348
2.8093
2.77365
2.59438
2.87434
2.92732
3.00652
2.9775
3.03821
2.53249
2.72919
2.84171
3.17171
2.93355
2.65792
2.55412
3.00059
2.96603
2.52549
3.07936
3.74443
3.64041
2.53142
3.15841
3.61672
3.13589
3.32605
2.84164
2.73145
3.79613
3.13938
2.92633
3.18322
3.16166
3.46243
2.93217
3.57429
3.53343
