2.10541
2.79698
2.4978
2.29554
2.75844
3.00917
3.96759
2.99056
1.55516
3.38705
2.99744
2.96187
2.46235
3.17218
2.68548
2.48201
2.36405
3.51575
2.85073
2.94012
3.61812
3.15986
2.86934
3.0783
2.81469
3.65926
3.632
3.27242
2.99907
3.18163
3.76374
4.00656
3.64638
4.24012
3.12133
2.3785
2.61834
3.29039
2.42615
3.10584
3.25365
2.64212
3.39229
3.17378
2.70711
2.73692
2.59694
2.38292
2.49703
2.62194
2.54426
2.69609
2.22128
3.25115
3.24494
3.44142
3.58259
2.92077
3.44334
3.26264
3.6573
3.26373
3.44021
3.25811
2.66077
2.99246
3.02754
3.06811
3.22454
3.54485
3.05449
3.34326
3.11659
3.15906
3.45934
3.54194
3.62123
3.22674
3.19756
3.04708
2.9084
3.23344
3.18406
3.0742
2.84179
2.99792
3.05468
3.73001
3.18727
3.95571
3.77998
3.24897
2.81104
3.87872
2.84421
3.1576
3.07112
3.0122
3.67975
3.30888
3.31607
3.01642
2.57265
2.76346
3.06488
4.29077
2.91411
3.37233
3.6777
2.59993
3.55712
4.17842
3.30454
3.16673
2.937
3.07866
3.0269
3.91666
2.44553
3.28288
2.81532
3.5272
3.93998
3.2885
3.6361
3.9
3.01261
3.12788
3.17719
3.49135
3.66727
3.70149
3.84235
3.8612
3.70075
3.50346
3.39159
2.96356
2.95455
3.07093
3.1216
2.80071
3.18961
2.86104
2.80756
2.5345
2.88806
3.03177
3.1863
3.16017
2.96378
2.3778
2.66549
2.96568
3.04748
2.94503
3.025
3.28889
3.01788
2.93496
3.15568
3.59531
3.79803
3.41379
2.7902
3.12276
3.77435
3.12454
3.29894
3.18386
3.23399
4.00165
2.78462
2.91316
3.81748
3.27977
3.65979
2.83427
3.66313
3.71
1.81136
2.68956
2.50254
2.23122
2.78556
2.92571
3.39537
2.96508
1.6401
2.85052
3.00102
3.14166
2.43607
2.99382
3.22272
2.44382
2.60481
3.57944
2.67419
2.77575
2.95066
2.91785
2.75076
3.0093
3.06092
3.88231
3.08791
2.88293
3.07613
3.19353
3.70982
3.67875
3.80658
3.78322
3.0883
2.34464
2.64416
3.11197
2.32229
3.12782
3.48377
2.41238
3.44149
3.42174
2.6326
3.04588
2.72009
2.35355
2.59529
2.7938
2.6155
2.58717
2.23946
3.01372
3.21754
3.62865
3.4142
2.89378
3.02774
3.60949
3.7005
3.20841
3.39596
3.24427
3.65251
2.80022
3.0891
3.17633
3.64776
3.50369
3.30357
3.65442
3.15942
3.26785
3.1656
3.46021
3.47033
2.90708
3.01751
3.16256
2.78428
3.0459
2.92199
2.88337
3.43813
2.8858
3.20745
3.59338
3.10845
3.44857
3.72147
3.38154
3.6179
3.80284
2.68962
3.06528
3.06304
3.19801
2.99795
3.25751
3.10734
3.00126
2.92641
2.75974
3.10892
4.1963
3.36778
3.5671
4.09962
2.88875
3.43676
3.93769
3.31175
2.9991
3.16968
2.96254
2.91614
3.36006
2.70254
2.78444
2.99738
3.1866
3.61122
2.81606
3.2519
4.04293
3.16008
2.85757
2.91325
3.17813
3.63095
3.76993
3.83715
3.58909
3.71786
3.55935
3.5063
3.36169
2.90106
2.79537
2.61698
2.77048
3.13806
3.00691
2.77052
2.94448
2.98267
3.43942
3.06168
3.08698
3.1097
2.59623
3.0938
3.70133
3.31217
2.90156
3.25663
3.51918
3.21766
3.13293
3.0273
3.48811
3.95744
4.13699
2.98754
3.52787
3.37408
3.30561
3.01808
3.13103
3.17049
3.57255
2.93778
2.69342
3.50248
2.84143
3.375
3.065
3.24307
3.96927
