1.96721
2.65356
2.55953
2.38745
2.28426
2.52542
3.41679
2.96209
1.75156
3.16168
2.80306
3.27498
2.38889
2.53345
3.09724
2.43439
2.4959
3.3551
2.55332
3.0826
3.30212
2.4672
2.617
3.072
3.3168
3.76418
3.08087
2.87259
2.9388
2.92522
3.1773
3.99187
3.60737
3.97048
3.1622
2.34415
3.05472
3.3854
3.07019
3.34793
2.99613
2.70429
3.79847
3.59863
3.26899
3.05181
2.9565
2.70253
3.13116
2.71603
2.51074
2.80882
2.30787
3.28651
3.53199
3.00403
3.39378
2.44059
3.89955
3.25723
3.39774
3.73425
4.05872
3.18063
3.35489
3.11081
3.33226
2.85948
3.62444
3.9945
2.94125
3.70773
3.05589
3.44946
3.50773
3.56937
3.33331
3.09891
2.96165
3.19632
3.02781
3.08554
3.10392
3.35338
3.51552
2.99319
3.3384
3.8977
3.09607
2.60892
3.43021
2.85381
2.8445
3.48973
2.60954
2.95013
3.08091
3.3916
3.04002
3.60918
3.71595
3.48631
2.25733
3.15769
3.47006
3.27283
3.72195
3.39854
3.59059
2.74917
3.73836
4.42183
3.69519
2.97193
3.62737
3.25869
2.93066
2.95326
2.67497
2.83216
3.1846
2.81127
4.32576
3.71895
3.28641
3.1033
2.69364
3.30764
3.19116
3.49046
3.54637
3.90461
3.5761
3.26958
3.25347
3.24769
3.73297
3.02642
2.98209
3.05887
2.72893
2.86237
3.40865
3.4281
2.92885
2.91854
3.50277
3.56154
3.14052
3.02319
2.98996
2.19363
3.14259
2.97031
2.733
2.81282
2.86573
2.84488
3.01352
2.75148
3.07751
3.29205
3.54197
3.6658
3.84398
2.8344
3.55986
2.96755
3.34127
2.77049
3.1348
3.59247
2.95949
3.32513
3.62331
3.13453
3.59232
3.26107
3.35726
3.47681
2.01295
2.6427
2.28303
2.28893
2.42391
2.65392
3.36601
3.13533
1.90477
3.33724
3.2079
3.19624
2.27249
2.93764
3.02535
2.53119
2.93833
3.29161
2.60005
2.60127
3.36205
3.01789
2.70137
3.4712
2.61169
3.71772
3.34195
3.19133
3.53808
2.94316
3.19802
3.8728
3.27535
3.64708
2.92039
2.62931
3.22328
2.92582
2.81116
3.29005
3.34901
2.70866
3.61341
3.05858
2.83647
3.21977
2.64869
2.5218
3.09923
2.96004
2.4882
2.75654
2.32425
3.25287
3.4217
3.53249
3.48847
2.64642
3.65841
3.00078
3.7874
3.89681
3.70859
2.88233
3.18321
2.74352
3.52547
3.05397
3.66539
3.85914
3.49358
3.61622
3.02728
3.5501
3.4292
3.54601
3.03029
3.2569
3.07415
3.32638
2.7344
3.11732
3.31757
3.14784
3.05011
2.86977
3.11758
3.32422
3.22646
3.30426
3.28676
2.79632
2.97487
3.1831
2.71401
3.01663
3.46091
3.1333
3.37661
3.72511
3.55453
3.33471
2.49286
2.93146
2.64707
4.19897
3.46697
3.3288
3.80969
2.74282
3.86709
3.80645
3.93186
2.92213
3.39565
2.76557
3.04927
2.94721
2.31844
2.98839
3.11953
3.09184
3.85232
2.95454
3.6847
2.8089
3.27075
3.44485
3.5052
3.65729
3.6509
3.35857
3.40991
3.23758
3.47118
3.06767
3.55167
3.0604
3.11553
3.23316
2.82443
2.70096
3.2157
2.90439
3.19341
2.82285
3.44055
3.29274
3.00585
3.12809
3.08917
2.72421
2.66331
2.89989
2.61743
3.26729
3.1986
3.23461
3.03316
2.38942
2.89887
3.46117
3.50683
4.0814
3.34007
3.20062
3.28058
2.97434
3.29711
3.15337
3.06643
3.39774
3.19359
3.20195
3.29329
3.37499
3.31587
3.0425
3.45815
3.8984
