2.00006
2.68263
2.73759
2.21606
2.44362
2.66467
3.21234
2.88935
1.69195
2.99087
2.56746
3.05238
2.41269
2.71609
2.44442
2.62437
2.49847
3.00474
2.64132
2.46101
2.90895
2.86523
2.73105
3.01525
3.28341
3.58842
3.14738
3.00596
3.0356
3.33283
3.17744
3.77657
3.64243
4.13388
3.04454
2.56624
2.76321
3.05767
2.91438
3.35378
3.17325
2.69699
3.12528
3.42477
3.31914
3.03509
2.9147
2.92288
2.57998
2.52583
2.47441
2.52134
2.18573
2.97703
3.00048
3.40326
3.60111
2.90473
3.3862
3.31233
3.12599
3.04266
3.71431
2.84797
2.75578
2.43731
3.26566
3.05045
3.484
3.66348
3.27044
2.90507
2.89876
3.14332
2.86107
3.04636
3.096
3.28303
2.97164
3.0731
2.76815
2.67305
2.86029
2.85698
2.99048
2.7547
2.9261
3.12348
2.60057
2.80393
3.29515
3.03251
2.26842
2.91765
3.05833
3.00905
2.92143
3.2545
3.6123
3.46756
3.30179
3.1718
2.44851
2.9114
2.95835
4.14993
3.21556
3.22017
3.34954
2.86114
3.13921
3.62712
3.89027
2.9837
3.38553
3.26365
2.9514
3.67414
2.23472
3.34574
2.91224
3.48966
3.97712
3.04751
3.40573
3.28782
2.95996
3.39889
3.3504
3.5824
3.66418
3.90927
3.30321
3.25298
3.15363
3.34869
3.16164
2.83823
3.3677
2.88711
2.9344
2.78226
3.17942
2.87307
2.81317
2.70133
3.04329
3.13382
3.11611
3.14764
3.06051
2.59318
2.44084
2.57765
2.35402
3.08754
2.75464
2.81355
2.95139
2.4412
3.18408
3.05608
3.31549
2.77775
3.15779
2.77691
3.37244
3.35111
2.92841
2.84388
2.67149
3.70305
2.81191
2.91397
3.32433
3.02628
3.4562
2.91095
3.03398
3.58559
1.95089
3.0321
2.75113
2.30459
2.43835
2.51787
2.99027
3.03015
1.80343
2.87654
3.02606
3.41726
2.43816
2.38292
2.57826
2.65702
2.60423
3.12338
2.19231
2.822
2.62803
3.01281
3.26623
2.90768
2.70197
3.79169
2.93687
2.89685
2.88351
3.49599
3.12103
3.54943
3.55223
3.80082
2.87336
2.70643
2.75929
2.90459
2.57366
3.20334
3.15951
2.71232
3.35599
3.29048
3.21893
2.96009
2.98675
2.76926
2.56754
2.56478
2.63321
2.4353
2.13106
3.16876
3.13021
3.69329
3.1311
2.76168
2.97866
3.29772
2.84272
3.17173
3.59176
3.02564
2.2404
2.47987
3.25487
3.2655
3.27418
3.32576
3.31065
2.96038
3.03998
3.33813
2.85507
2.82343
2.98388
2.96776
3.11543
2.91435
2.87323
2.71153
2.9239
3.02065
2.85025
2.82285
2.75599
3.01905
3.1048
2.78694
2.99458
2.6077
2.2913
2.84582
2.96366
2.9503
3.28163
3.15052
3.10011
3.04557
3.02403
3.41936
2.54485
2.89145
2.83523
3.71256
3.00556
3.18583
3.23435
3.44505
3.17186
3.53156
3.43423
2.95301
3.25681
2.90442
2.75644
2.20965
2.26768
2.8956
2.34866
3.45438
3.79251
2.85655
3.19801
3.29587
3.117
3.30476
3.23318
3.21229
3.45189
3.42604
3.19054
3.17049
3.11251
3.30132
3.13659
2.92958
3.31014
2.81753
2.86888
2.81528
3.13544
2.85721
2.75019
2.79135
3.07544
3.47979
3.15733
3.02948
3.21705
2.84991
2.67692
2.74874
3.09376
2.72963
2.79156
2.86595
2.76161
2.80784
2.66171
2.989
3.4822
3.53871
2.5277
2.66797
3.28439
3.51262
3.08787
2.83904
2.93841
3.23648
2.90037
2.6665
3.29845
3.1343
3.13222
3.27903
3.61527
3.47258
