1.84541
2.73825
2.59027
2.27557
2.43467
2.70978
2.97933
2.89507
1.82536
2.97805
2.74554
3.13973
2.07536
2.74241
2.99372
2.56986
2.48771
3.14458
2.54981
2.75388
2.73723
2.86326
2.79807
3.27791
3.26585
3.39246
2.91776
3.14205
2.84368
3.45221
3.59542
3.66432
3.52318
3.63333
3.10457
2.66954
2.85672
3.37791
2.41117
3.44449
3.16821
2.32197
3.34764
3.29146
2.7234
2.32839
2.76086
2.33857
2.59323
2.62252
2.52583
2.58832
2.17522
3.06231
3.1056
2.97943
3.80752
2.59482
4.12977
3.30047
3.76682
3.38637
3.66235
3.2383
3.15173
2.6756
3.25248
3.1908
3.59898
3.78479
3.02389
3.90864
3.03172
3.25478
3.36187
3.53193
3.28229
3.0929
3.06253
3.28225
3.09592
2.86288
2.84894
3.07923
3.1703
2.84719
3.2124
3.57511
3.32952
3.58568
3.36653
3.70747
2.63567
3.22844
2.41072
2.87227
3.24516
3.07497
3.18978
3.43166
3.41109
3.28513
3.09572
2.851
3.02595
3.5617
3.39139
3.45616
3.96087
2.47808
3.49534
3.65922
3.30192
3.22025
3.35047
2.89816
2.81365
3.24839
2.37902
3.51786
2.74319
3.29759
3.96678
3.0381
3.6814
3.55535
3.14837
3.02137
3.49754
3.88911
3.52761
3.8347
3.45174
3.35263
3.30607
3.23213
3.03798
3.24687
3.43175
2.94028
2.8747
2.8879
3.31656
2.90624
2.91194
2.84649
3.17927
3.26762
3.12802
3.0431
3.28858
2.56544
2.76917
3.10855
2.88517
2.2798
3.01253
2.78494
3.33799
2.38641
3.06529
3.17138
3.55924
3.41675
2.8933
2.89318
3.16388
3.56461
3.11616
3.2582
2.80173
3.68397
3.0571
3.07832
3.51116
3.03539
3.53629
2.85353
3.17639
3.6853
1.84562
2.86082
2.58079
2.26439
2.51072
2.48673
3.0163
2.91382
1.71837
2.84915
2.49133
3.17431
2.25456
2.91664
2.728
2.86558
2.78234
2.831
2.76414
2.24654
3.3193
2.79219
2.80972
3.02555
3.01834
3.51858
2.95443
3.10601
3.19469
3.38484
3.53421
3.66754
3.20834
3.63177
3.1981
2.31228
2.66645
3.23219
2.38013
3.22414
3.39592
2.49099
3.03135
3.08947
2.82269
2.69588
2.78915
2.29379
2.70684
2.66931
2.76218
2.84789
1.97986
2.6995
2.85678
3.02882
3.30545
2.908
2.8489
3.24009
3.37772
3.52098
3.17533
3.03413
2.8157
3.65117
3.20665
3.09694
3.6718
3.53287
3.12785
3.45773
3.00691
3.20339
3.27955
3.50483
3.64717
2.9723
3.09032
3.22412
2.75435
2.54433
2.82341
2.94013
2.6884
2.70127
2.96019
3.13328
3.11808
3.07805
3.57389
3.30077
2.44231
3.41101
2.66001
2.84444
2.9337
3.68898
3.20352
3.60969
3.60738
3.27288
2.51144
3.01715
3.14001
3.3244
2.83307
3.57171
3.69968
3.03319
3.49209
3.58477
3.37001
3.15196
3.48137
2.88366
2.9433
3.31853
2.12447
2.83591
2.92855
3.72244
3.54583
2.60912
3.14884
3.55976
3.10925
2.94909
2.65217
3.01404
3.57112
3.44946
3.14073
3.47984
2.93117
3.48742
3.34813
2.8109
3.02222
3.14376
3.20087
2.60125
3.33125
3.17788
2.5469
2.73689
3.66
2.99284
3.24034
2.81405
3.00349
2.61358
3.31318
2.4621
2.78721
2.77055
3.16788
2.63431
3.51532
3.13888
2.63233
3.49477
3.20616
3.06778
2.89132
3.04964
3.39614
3.48049
3.42794
2.775
2.63431
3.46687
2.8043
2.74716
3.06063
2.82213
3.76939
2.75304
3.47774
2.89117
