2.105
3.00979
2.64265
2.3443
2.62925
3.004
2.69723
3.05456
1.95491
2.98867
2.69363
3.67118
2.36623
2.99072
3.23994
2.97573
3.34482
3.4919
2.96667
2.97378
3.57485
3.39692
3.16647
3.1393
3.62422
3.92862
3.19118
3.1718
3.14089
3.62903
3.32022
3.87186
3.48941
3.82744
3.10035
2.54359
3.28297
3.2263
2.70566
3.29178
3.22938
2.55113
3.52459
3.34656
3.34324
3.03239
2.68441
2.75763
2.9606
2.79837
2.56933
2.89222
2.18862
2.97935
3.1545
3.65711
3.77385
2.6924
3.73264
3.29061
3.39316
3.63058
3.83061
3.25729
3.45277
3.72585
3.19479
3.48371
3.58862
3.87876
3.44283
3.90584
3.15738
3.14379
3.27732
3.87435
3.50838
3.30877
3.01018
3.45931
2.92842
2.96713
3.13196
3.03967
3.20078
2.94668
3.67987
4.07935
3.00751
3.64467
3.96191
3.41531
3.08525
4.27391
2.64459
3.12585
3.38944
3.28036
3.43775
3.39202
2.84521
3.1598
2.70066
2.94885
2.95049
4.09169
3.33307
3.30235
3.92861
2.69963
3.40759
4.37119
3.55185
3.05642
3.19065
3.48969
2.99414
3.74317
2.75097
3.39153
2.30484
3.87944
4.4619
2.85234
3.57054
3.86477
3.03066
3.41433
3.45761
3.56493
3.80093
3.96465
3.22525
3.62043
3.29787
3.52925
3.34227
3.20724
3.61029
3.17098
2.73961
2.82855
3.5709
3.11167
2.86563
2.99417
3.74171
2.96397
3.03506
3.26021
3.28624
3.15095
3.45577
3.145
3.27408
3.07408
3.50778
3.19212
3.04701
3.20925
2.85966
3.45026
3.37797
3.8015
2.76317
3.58036
3.68548
3.41235
3.10804
2.83493
2.90417
3.92196
2.67339
3.14104
3.67295
3.22863
3.20641
3.08289
3.39645
3.92004
2.01041
2.85832
2.51712
2.37871
2.64707
2.92076
3.43912
3.07437
1.95212
2.87544
2.9082
3.08711
2.76663
3.16912
2.72613
2.9743
2.81568
3.48639
2.92392
2.68891
3.31401
3.05275
2.82513
3.3282
3.14334
3.74233
3.37175
3.16109
3.09055
3.47574
3.56572
3.60402
3.45734
3.56602
3.05744
2.76185
3.01783
2.99631
2.70683
3.1221
3.17075
2.81653
3.81239
3.53291
2.99979
3.11049
2.77508
2.38548
2.94874
2.99488
2.67407
2.74032
2.24499
3.45688
3.45589
3.58399
3.76858
2.65191
3.80686
3.94806
3.63792
3.19725
3.68355
3.09116
3.63307
3.42936
3.34106
3.24623
3.64652
3.77645
3.2679
3.64251
3.36431
3.13858
3.21736
3.50653
3.20162
3.02095
3.05016
3.24564
2.94275
3.11817
2.95908
3.25156
3.17133
3.08787
2.88607
3.94905
3.065
4.00174
3.86422
3.79755
3.03344
3.95958
2.74143
3.17799
3.32319
3.44834
3.50282
3.32496
3.57302
3.32732
2.98539
3.03028
3.13893
3.70842
3.37124
3.37454
3.83761
3.34199
3.22983
4.22502
3.61664
3.12974
3.55102
3.37608
2.97415
3.48948
2.5279
3.01232
2.81179
3.6896
4.1578
2.85901
3.36736
4.20621
3.44341
3.00197
3.17465
3.46172
3.89507
3.38701
3.6732
3.50522
3.25385
3.45188
3.42164
3.20765
3.28152
3.15987
2.96796
3.18073
3.38948
2.93839
3.13635
3.15316
3.39901
3.23883
3.26296
3.2575
3.32649
2.82597
3.04539
3.04108
3.12445
2.79394
2.88801
2.85109
3.11095
3.17517
3.08694
3.3486
3.85077
4.13272
3.53994
3.59645
3.60911
3.16825
3.23272
3.15312
2.79575
3.87328
2.95366
2.85791
3.39688
3.07509
3.15304
3.37591
3.64956
3.6688
