1.88832
2.78286
2.22172
2.23076
2.38087
2.6475
3.20283
2.94899
1.8232
2.98441
3.04816
3.16379
2.57631
2.43598
2.85354
2.77161
2.57829
3.21719
2.56998
2.56595
3.0619
2.66688
2.58765
3.23135
2.94894
3.49892
2.61715
3.27203
2.78376
2.80864
3.40441
3.58718
3.28804
3.74135
2.9178
2.48675
2.84148
3.40001
2.43631
3.06491
2.97624
2.56905
3.10921
3.33423
2.53164
2.53329
2.50906
2.6011
2.22983
2.66959
2.73606
2.79214
2.25047
3.11441
3.09627
3.16138
3.33421
1.81691
3.02219
2.76558
3.11708
3.3707
3.65798
2.81934
2.5341
3.05399
3.14369
2.99326
3.52298
3.51082
3.09522
3.14828
3.00411
3.14959
3.0777
3.35676
3.22143
2.93206
2.94111
3.02712
2.92155
2.91579
2.9484
3.0709
2.84964
2.89382
3.15021
3.38981
2.98283
3.42245
3.84128
3.06089
2.37469
3.23928
2.86938
3.02062
3.20777
3.21613
3.29319
3.17097
3.12168
3.49997
2.44016
3.07948
3.15125
3.9314
3.80984
3.11195
4.2295
3.18467
3.52733
4.0698
3.41443
3.0726
3.19642
2.90875
2.84241
2.71644
2.25139
2.61499
2.76992
3.39005
4.05671
3.02109
3.68503
2.50923
2.57703
3.33418
3.60364
3.69228
3.1591
3.59028
3.10481
3.0674
3.23371
3.07131
3.09372
3.10401
3.30002
3.08583
2.96136
2.539
3.25645
2.90989
3.06772
2.84212
3.1194
3.21491
3.06699
3.08401
2.86328
2.48581
2.89116
2.81393
2.3822
3.16957
3.29934
2.58437
3.02947
2.70801
2.7906
2.76835
3.41444
3.49539
2.53965
3.44743
3.39137
3.42103
2.86088
2.96832
3.18374
3.65202
3.03347
3.23804
3.37565
3.08549
3.22577
3.19981
3.26355
3.32734
1.76533
2.86947
2.48015
2.19489
2.45183
2.58619
3.12096
2.88799
1.86136
2.94861
2.92998
3.33819
2.37542
2.31781
2.71821
2.86419
2.53849
3.11097
2.54319
2.53074
2.99836
2.95633
2.79551
2.8692
3.0041
3.37016
2.74708
3.66332
3.2048
3.31117
3.05909
3.7526
3.72681
3.69909
2.96009
2.39711
2.53571
3.14376
2.24334
3.01708
3.25393
2.61586
3.66253
3.21874
3.03437
2.7639
2.66799
2.3483
2.33687
2.47791
2.65651
2.60077
2.32275
2.96671
3.02413
3.44029
3.0871
2.26926
2.95863
3.26424
3.30657
3.41977
3.21539
2.95664
2.87047
2.64498
3.2412
3.13365
3.46928
3.52098
2.91482
3.37894
2.95975
3.26764
3.05441
3.10822
3.14929
3.24164
2.87841
3.00878
3.02771
3.02047
3.01811
2.86165
2.97071
2.93085
3.01031
3.18665
2.82682
3.07738
3.20541
3.13654
2.42936
3.15127
2.52021
3.06031
3.11884
3.38539
3.15058
3.27162
3.1036
3.16511
2.96053
2.71261
3.19396
4.3527
3.52623
3.2496
3.4434
3.48145
3.31169
3.8031
4.19053
3.00501
3.47387
2.80438
2.82969
2.85392
2.67565
2.72714
2.57479
3.48903
3.89777
2.63569
3.53156
2.9127
2.73186
3.0225
3.0636
3.14657
3.3998
3.55486
3.2214
2.69352
3.18749
3.44238
3.03591
2.86059
3.27101
2.84666
2.86179
2.73309
3.17566
2.89317
2.62713
2.82334
3.44255
3.37912
3.06746
3.09923
3.11094
2.72539
3.05849
2.79243
2.35958
3.1432
2.83811
2.71151
2.55394
2.69094
2.70073
3.0683
3.5752
3.4126
2.94995
3.01244
3.43898
3.60806
3.18338
2.80469
3.18195
3.41757
2.8895
2.66522
3.55753
3.0746
3.34302
3.22531
3.11255
3.51746
