2.07277
2.88648
2.20755
2.11176
2.32085
2.64589
3.19563
2.90707
1.6399
3.02312
2.68623
3.22631
2.31133
2.8319
2.71902
2.54269
2.61888
3.34587
2.50334
2.79931
2.67024
2.63356
2.85398
3.13867
3.24352
3.8571
2.76389
3.12098
2.36471
3.04831
3.01452
3.49309
3.38891
3.6258
3.07395
2.35989
2.55083
3.07551
2.54716
3.24373
3.26775
2.54742
3.53739
3.23238
2.87166
2.90067
2.5237
2.67607
2.34206
2.31482
2.28272
2.41628
2.03727
2.86418
3.63519
3.25165
3.71858
2.22582
3.57764
3.25887
3.71253
3.51079
3.966
3.14349
3.12531
3.23929
3.43143
3.3168
3.82384
3.84635
3.10597
3.12122
3.07256
3.0646
2.73199
3.07881
3.42348
3.09674
2.96312
2.92118
3.09776
3.22374
2.94041
2.95697
2.80697
2.85814
3.03665
3.25167
3.3048
3.19765
3.30868
3.39661
2.56383
3.5243
2.51894
3.05197
3.12152
3.21852
3.20884
3.36587
3.45019
3.1357
2.24967
2.79359
3.31608
4.07417
3.06512
3.54248
4.52978
3.57444
3.567
4.33356
3.70983
2.98332
3.44078
2.74168
2.81688
3.14785
2.52058
2.8994
2.24587
3.52972
3.96567
2.73138
3.20773
3.57581
2.52919
3.09564
3.12884
3.30579
3.73283
3.34554
3.3773
3.30078
3.16739
2.67725
3.08411
3.1336
3.12125
2.81551
2.96048
2.65779
3.12827
2.8412
2.96074
2.56992
3.44596
3.06162
2.91813
3.02333
3.41433
2.36078
2.43667
3.34806
2.43696
2.99586
2.79534
2.37113
2.74233
2.64801
2.6054
3.12832
3.37213
4.05112
3.12235
3.25102
3.51019
3.48006
2.70651
3.08092
2.61205
3.8204
2.87777
2.95406
3.30677
3.42458
3.68174
2.81034
3.74994
4.01693
1.98836
2.47811
2.2624
2.40311
2.50189
2.54834
2.93808
2.98517
1.71225
3.04029
2.59588
3.33202
2.22995
2.91233
2.49975
2.41699
2.37146
3.06437
2.39319
2.90004
2.7117
3.05293
2.86737
2.79909
2.75532
4.01535
2.72735
2.88374
3.12724
3.09494
3.39727
3.60921
3.46473
3.90201
3.0867
2.18825
2.25426
2.74516
2.3301
3.30544
3.43606
2.53586
3.81637
3.48063
2.72646
2.75995
2.59642
2.49131
2.40497
2.45759
2.4714
2.35711
2.03167
3.0552
3.24551
3.07147
3.86058
2.30312
3.61156
3.71195
3.3107
3.50057
4.0051
2.92402
3.31305
3.10057
3.14727
3.11957
3.63106
3.94245
3.12548
3.59066
2.97083
3.44256
3.09142
3.03978
3.03391
3.21324
2.88228
3.0869
2.56892
2.85119
3.04993
2.87301
2.68122
2.86049
2.9059
3.08725
2.88572
3.09643
3.06978
3.60055
2.61094
3.60866
2.63527
3.02284
2.92353
3.05643
2.75894
3.0462
3.45521
2.79835
2.54736
2.83381
2.81347
3.76658
3.24733
3.35745
3.88913
3.61471
3.48282
4.25028
3.77899
2.9752
3.14334
2.95751
2.68123
3.12865
2.51235
2.5585
2.31497
3.34727
3.812
2.59572
3.1244
3.1275
3.18675
3.56358
2.73722
2.9864
3.90411
3.69769
3.2393
3.29489
2.91367
3.30293
2.97043
3.00114
2.49544
3.09363
2.82699
2.61477
2.9967
2.63702
3.03925
2.83483
3.1081
3.33847
3.1087
3.05443
3.12019
2.61662
2.31368
2.65134
2.25253
2.56512
2.48894
2.68838
2.72955
3.1494
2.6621
3.24859
3.0701
3.70474
2.76972
3.25632
3.54591
3.07406
2.90455
3.12789
2.93165
3.61915
2.98163
2.64034
3.07185
3.68045
3.25893
2.96583
3.47889
3.49607
