1.99903
2.92376
2.40002
2.21931
2.35858
2.5666
2.48336
2.95106
1.63534
3.00923
2.669
3.22307
2.2415
2.54429
2.77661
2.48903
2.50946
3.29035
2.48335
2.5759
2.96622
2.6679
2.85661
2.83097
3.09864
3.65628
3.05778
2.75738
3.70954
3.44851
3.278
3.67247
3.51546
4.11681
3.16109
2.53009
3.00382
3.18215
2.51929
3.36979
3.31371
3.02267
3.11862
3.10116
3.12641
2.72763
2.6538
2.53329
2.54361
2.70978
2.5633
2.59062
2.18708
3.07259
3.01484
3.10261
3.03898
3.06197
2.95634
3.43331
2.95557
3.35926
3.60526
3.02171
2.67191
2.62768
3.05278
2.89427
3.37725
3.7275
3.32126
3.22646
2.85061
3.24438
3.32455
3.0775
3.40001
3.13377
3.0464
3.07397
3.00959
2.81431
3.03405
3.2038
3.00262
2.88437
2.64361
3.17942
2.94938
3.50935
3.44819
2.90563
2.63396
3.16985
2.63965
3.00171
3.10945
3.26437
3.14937
3.42005
3.18893
2.95116
2.62431
2.69955
2.98653
3.36651
3.26965
3.31173
3.33436
1.90122
2.93091
3.31848
3.54314
2.99646
3.19429
2.83356
2.62901
3.44209
2.11846
2.9823
2.72131
3.67585
4.11894
2.92444
3.70637
3.08177
2.6023
3.10277
3.47238
3.32334
3.61579
3.65766
3.45461
3.57731
3.16231
3.16329
3.16914
2.95029
3.1974
3.23122
2.82884
2.66423
2.99386
2.8943
2.56964
2.69186
3.23766
3.12653
3.23936
2.94441
3.43087
2.66927
3.15959
2.85172
2.43709
3.15208
2.93042
2.8657
3.35499
2.63538
2.85861
3.58985
3.13085
3.28298
2.56685
3.13719
3.22224
3.36641
3.05271
2.84402
3.21069
3.48151
2.5142
2.7593
3.41981
3.23083
3.65435
2.65995
3.5095
3.10985
1.998
2.72627
2.63898
2.19284
2.58818
2.66888
3.05731
2.94365
1.76032
3.00935
2.86226
3.29018
2.27867
2.95773
2.87033
2.48732
2.61088
2.95649
2.61609
2.38409
3.02811
2.483
2.70853
2.71305
3.19338
3.76103
3.14063
3.07559
3.22101
3.14269
3.23071
3.75827
3.31893
3.97134
3.02224
2.647
2.58561
3.16324
2.58456
3.29349
3.10702
2.60607
3.05162
3.38857
2.79197
2.56039
2.69577
2.37953
2.62033
2.63484
2.46608
2.57983
2.2221
3.19195
3.06335
3.30214
3.14118
2.99827
2.99471
3.33845
3.63359
3.6087
3.26256
2.76128
3.14098
2.62186
2.93188
2.9707
3.41066
3.45242
3.01413
2.92741
3.05662
3.40096
3.04998
2.90474
3.14769
2.93616
3.23623
3.1195
2.50292
2.86484
3.18744
3.43623
3.10567
3.07204
3.01694
3.32338
2.74031
3.22369
3.56503
3.32865
2.54512
3.43983
2.71535
2.97544
3.20012
3.38675
2.7681
3.26701
3.17817
3.05829
2.67364
2.74871
2.68438
3.62896
3.16898
3.33379
3.38793
2.69797
3.5148
3.96109
3.30267
2.99711
3.43714
2.95747
2.90139
3.54585
2.04771
3.09823
2.57212
3.88594
3.989
2.90534
3.35145
3.22416
3.13216
3.41217
3.18635
3.33932
3.70084
3.58304
3.10023
3.2715
3.21322
3.0859
3.11016
2.81216
3.27196
3.01082
2.64987
2.66646
3.11627
2.83159
2.5992
2.91826
3.02058
3.07233
3.2851
2.92175
3.31329
2.48687
3.29206
2.83614
2.89883
3.1347
2.91877
3.27526
2.65636
2.82503
2.74692
3.09288
3.43775
3.43953
2.90752
3.16966
3.28085
3.47173
3.04734
2.80294
2.96036
3.59574
2.65023
2.32857
3.45606
3.12624
3.48659
2.84446
3.38722
3.35937
