2.2924
2.71349
2.58202
2.31991
2.50436
2.79787
2.86588
2.90125
1.92591
2.70065
2.86972
3.00455
2.7762
2.32357
2.81649
2.7836
2.69675
2.89381
3.10446
2.72277
3.40192
2.8169
2.18553
3.26382
3.14251
3.23792
3.05597
2.91586
3.00788
3.43467
3.40305
3.91333
3.06117
3.893
2.86895
2.86237
2.91133
2.99614
2.45444
2.95385
3.5912
2.65279
3.07804
2.92852
2.66012
2.61033
2.66365
2.71894
2.78489
2.66419
2.55884
2.55823
2.20779
3.14748
3.05353
3.09588
3.88097
2.15484
3.53094
3.48721
3.47307
3.51693
3.62262
3.16034
2.96408
3.69585
3.21171
3.18263
3.46372
3.25224
3.07325
3.26333
3.34468
3.19599
3.16249
3.41724
3.43804
3.04832
3.491
3.12699
2.93525
3.01252
3.01646
3.05827
2.94553
3.08551
3.24594
3.00611
2.89756
2.85084
3.38603
3.32689
2.6382
3.66839
2.68371
3.00293
2.96307
3.3864
3.25646
3.06006
2.68363
3.15348
3.08855
2.80877
2.93988
3.94636
3.82942
3.5989
3.813
2.33924
3.47442
4.29556
3.33275
3.2433
3.41208
2.92515
2.9101
3.11414
2.12774
3.24321
2.79817
3.99684
3.31229
3.33092
3.49681
3.51004
2.88367
3.14704
3.25021
3.17547
3.64158
3.04055
3.41839
3.74444
3.36533
2.98489
3.12404
3.31178
3.02819
2.88154
2.71278
3.14581
3.13153
3.03078
2.91912
3.06087
3.40739
3.11929
2.94805
2.92287
2.8658
3.06855
3.3467
3.04611
2.88416
2.68476
3.20956
3.05773
2.77513
2.78344
2.61233
3.6193
3.66699
4.15854
3.4349
3.68318
3.41038
3.42065
3.2555
2.85359
3.15474
3.53118
3.36276
2.92513
3.69807
3.25256
3.16527
3.15333
3.45324
3.79314
2.08723
2.5671
2.4164
2.42252
2.6269
2.76466
3.20825
2.83224
1.80207
2.77948
2.46474
2.70588
2.77537
3.12338
2.84522
2.67152
2.6328
3.00778
2.72255
2.91913
2.94658
3.242
2.90871
2.89405
2.84117
3.26455
3.15682
2.83037
2.59359
3.31936
3.3395
3.65096
3.07379
3.59957
2.94302
2.57498
2.98452
3.22239
2.33348
3.4329
3.28298
2.71092
3.58889
3.00034
2.90984
2.72438
2.59099
2.56953
2.74226
2.39437
2.45642
2.52477
2.15027
2.88983
2.87517
2.9293
3.62832
2.5531
3.23766
3.35168
3.70066
3.50501
3.60057
2.80128
2.93261
3.88825
2.92772
3.00562
3.58998
3.17698
3.03606
3.11146
2.91714
3.14637
2.92316
2.91672
3.3781
2.88094
2.91663
2.92032
2.8457
3.02374
2.82165
3.03009
2.90788
2.84698
3.03529
3.52517
3.05149
3.08494
3.70351
3.28187
2.85391
3.43053
3.02457
2.93217
3.26061
3.4025
2.87252
3.33369
3.45591
3.06293
2.95383
3.10077
2.91554
3.95387
3.72766
3.42062
3.71924
3.3178
3.30959
4.36141
2.96622
3.21298
3.37291
2.86056
2.89508
2.734
2.43759
3.04232
2.70746
3.6048
3.94904
3.05121
3.26357
3.57088
3.08576
2.88439
3.20056
2.94545
3.86443
3.16704
3.25418
3.42972
3.10277
2.95938
3.06294
3.03975
3.01877
2.80176
2.65311
2.85351
3.1145
2.92288
2.91272
3.20247
3.34048
2.85164
2.76518
2.90665
2.87205
2.85268
3.33698
2.79571
3.18742
2.83016
2.57983
3.21706
2.59151
2.53201
2.69474
3.82088
3.60644
4.37736
3.32323
3.09756
3.4701
3.28219
3.27005
2.64395
3.12091
3.74627
2.96107
2.65716
3.19294
2.97718
3.41694
3.41996
3.63251
3.82656
