1.9578
2.91054
2.7597
2.274
2.43597
2.68823
2.74093
2.83514
1.78245
2.99384
3.41941
3.71754
2.27835
2.57443
2.76524
2.79289
2.72697
3.14606
2.70879
3.09068
3.10111
2.75126
2.97935
3.16094
3.17376
3.78224
2.76987
2.49407
3.03134
3.1821
3.39363
3.4178
3.46878
3.65537
3.07433
2.29263
2.82705
3.06966
2.41029
3.09364
3.1869
2.44451
3.24476
3.16856
2.44918
2.78401
2.40977
2.79935
2.61533
2.46134
2.35336
2.38729
2.20432
2.81677
3.16023
3.46254
3.16924
2.09636
3.78934
3.20788
3.27211
3.53228
3.87042
3.34586
2.92017
3.16333
3.20247
3.17177
3.34986
3.42674
3.5882
3.23291
3.16234
3.20472
3.4122
3.39736
3.33794
3.03447
2.95931
3.03102
2.88489
2.9715
3.11028
3.09114
2.95423
3.05797
3.32416
3.55217
2.96936
3.33362
3.54699
3.44783
2.79279
3.7463
2.75707
3.00922
3.32464
3.27602
3.19857
3.03578
3.57347
3.5118
2.55996
2.77685
2.98643
4.36939
3.07134
3.47763
3.67363
3.28282
3.61688
3.68476
3.53277
3.23033
3.14904
2.88035
2.82249
3.33789
2.28462
3.25234
3.22467
3.55662
3.99154
2.80825
2.911
3.07312
2.91451
3.09451
3.04974
3.50197
3.80888
3.77554
2.94252
3.76645
3.0663
3.49946
3.0346
3.25219
3.05994
2.99162
2.85638
2.88667
3.0021
2.79838
2.84063
2.62186
2.94429
3.2647
3.1224
3.09814
2.93638
2.77629
3.28297
3.26814
2.68688
2.75722
2.99584
2.98563
3.07918
2.80783
3.02516
3.32431
3.39142
3.54341
2.72926
3.30264
3.60993
3.6278
3.13191
3.03681
3.02674
3.57341
2.74436
2.67526
3.22315
3.05484
3.42315
3.19863
3.37302
3.2704
2.02029
2.61684
2.54972
2.37125
2.6681
2.66698
2.82642
2.95017
1.65249
2.91194
2.91629
3.02955
2.52459
3.06794
2.95101
2.86994
2.90009
2.86431
2.65544
2.5613
3.09796
3.30303
2.54343
2.83115
2.77302
3.31719
2.63556
3.16482
3.25839
2.73921
3.24586
3.32714
2.91749
3.26253
2.8774
1.96382
2.6979
2.9436
2.26385
2.84581
2.79941
2.54664
3.52948
3.07635
2.89641
2.89555
2.53969
2.72479
2.64827
2.75635
2.2432
2.30778
2.04729
3.06707
2.92929
3.78951
3.06223
2.94181
3.10722
3.10015
3.35217
3.53875
3.8185
3.09187
3.40953
3.31838
3.44813
3.1893
3.51141
3.78742
3.31844
3.66443
3.50184
3.39316
3.12082
3.18792
3.12921
3.27031
3.22589
3.12635
2.99836
2.85267
3.32721
3.10021
3.11405
3.04435
3.70916
3.31957
2.91886
2.97989
3.49371
3.40744
2.68758
3.27306
2.81859
3.12557
3.16407
3.83101
3.39262
3.10411
3.35214
3.17911
2.55526
2.85466
2.79598
3.82095
3.07228
3.67408
3.9183
3.67485
3.4986
4.24893
3.91027
3.04312
4.01845
2.87754
2.83132
3.24794
2.55186
3.64435
2.89918
3.72923
3.44538
2.6881
3.21579
3.79101
3.43004
3.00725
3.23756
3.30739
3.48731
3.64333
3.41774
3.25743
2.98984
3.43407
3.4292
3.01674
3.15781
2.977
2.80823
2.87135
3.33003
2.80904
2.96933
2.98716
2.91894
3.05589
3.02135
3.10524
2.99794
2.79072
2.90271
2.86939
3.1218
3.07797
2.88166
2.70786
2.66402
3.14157
2.92989
2.9789
3.11062
3.30489
2.61784
2.87132
3.64319
3.75733
3.60564
3.11145
2.9238
3.7685
3.05295
2.54669
3.38526
3.26116
3.1252
3.19406
3.50375
3.21934
