2.34099
3.3543
2.51143
2.54929
2.73212
3.04143
3.04462
3.16287
2.05828
3.14688
3.20695
3.00482
2.72414
2.7825
3.04418
3.18728
2.9528
3.71939
2.73498
2.82995
3.89035
3.08211
3.38069
3.59427
3.50533
3.71594
2.73107
3.1051
2.76815
3.11875
3.53081
4.1935
3.67308
3.68256
3.19107
2.46539
2.55577
3.3038
2.74626
3.49579
3.46627
2.55046
3.44785
3.26183
2.55291
2.53931
2.88171
2.64254
3.27131
2.74093
2.8575
2.77926
2.11371
2.86955
3.54871
3.38893
3.22813
2.90973
3.67586
3.64777
4.24636
3.91625
3.79439
3.53734
3.98776
3.44778
3.32734
3.32541
3.59359
3.60945
3.09616
3.73048
3.31469
3.14844
3.52685
3.49089
3.57381
3.19319
3.45631
3.40783
3.20278
3.16459
3.18633
3.11071
3.28408
3.06736
3.38641
3.60517
3.0506
3.34866
3.83324
3.29275
3.34009
4.08895
2.94985
3.09138
3.03988
3.1651
3.53586
4.08134
3.66049
3.58243
2.76506
3.02334
3.10232
3.84864
3.65342
3.57344
3.92112
3.06193
3.65274
3.92445
3.83968
3.67473
3.7092
3.2866
3.07735
3.64676
2.2846
3.18196
2.51645
3.97548
4.37111
3.63366
3.64045
3.61877
3.60079
3.40577
3.08746
3.55336
4.20837
3.92287
3.65866
3.84431
3.28814
3.47493
3.51658
3.0409
2.89559
2.86839
3.20248
2.74598
3.78587
2.74212
2.94946
2.97149
3.52868
3.30954
3.1992
3.47475
3.28475
2.78635
3.49998
3.37352
3.81862
3.7166
2.97178
3.2397
3.46441
3.45008
3.00106
2.92842
3.52664
3.87514
3.61331
3.22268
3.70002
3.3347
3.63816
3.17521
3.28741
4.04337
3.2233
3.30281
3.80975
3.45025
4.23631
3.41341
4.16984
3.63455
2.20854
2.66258
2.54338
2.59642
2.75241
2.91607
3.16423
3.06048
2.01984
3.08368
2.80345
3.63595
2.50544
3.023
2.96708
2.92705
2.96008
3.30927
2.80137
2.53923
3.54748
3.28218
2.80625
3.42625
3.31734
3.90056
3.21831
3.96365
2.9799
3.16488
3.43789
3.56276
3.2084
3.63701
3.2372
2.31392
2.6338
2.98219
2.38342
3.32314
3.30105
2.77555
4.00784
3.51453
2.77195
2.94034
2.54471
3.14355
2.79222
3.50684
2.76983
2.63776
2.0938
3.25985
3.37298
3.36416
3.67937
3.01217
3.88581
3.89378
3.86609
4.05677
3.92139
3.36723
3.06784
3.21943
3.61576
3.38091
3.89102
3.705
3.11865
3.54268
3.29217
3.42989
3.56067
3.3719
3.50401
3.1656
3.1448
3.24874
3.37434
3.23163
3.1718
3.26308
3.26646
3.06051
3.18753
3.60997
3.32828
3.59623
3.62694
3.35235
3.03362
3.96117
3.36913
3.2805
3.01215
3.50882
3.52895
3.25707
3.88149
3.47046
2.7014
3.1362
3.65887
4.07826
3.49881
3.84852
4.15534
3.71513
3.90912
4.11858
3.58943
3.15382
3.45805
3.24838
2.92193
3.34209
2.2599
2.8582
2.70385
4.16801
4.14304
3.30357
3.58208
3.74794
3.28283
3.32095
3.18928
3.22405
3.9316
3.91342
3.43994
3.56591
3.24402
3.12351
3.0393
3.16477
3.58953
3.18912
2.90377
2.73709
3.33433
3.16654
3.37388
3.11094
3.447
3.61143
3.30504
3.24384
3.37464
2.74702
3.07302
3.02129
3.50206
3.32696
3.31558
2.94338
2.67168
3.16871
3.08056
3.19475
3.69584
3.66416
3.04516
3.04826
3.63459
3.4457
3.31761
3.27272
3.14451
3.67605
3.38724
3.34839
3.86591
3.71645
3.68344
3.06674
3.60577
4.11329
