1.9917
3.13797
2.45265
2.46136
2.76981
2.67666
3.11394
3.0361
2.18628
3.00842
2.78191
3.20147
2.89836
2.75741
2.87083
2.73211
3.20136
3.51196
2.9174
2.85971
3.50031
3.57779
3.34841
2.84608
2.94595
3.66585
2.99347
3.12812
3.34137
3.32828
3.34565
3.44114
3.24654
3.61812
2.97381
2.8053
3.0114
3.18347
2.96792
2.93335
3.19909
3.12123
3.40379
3.28166
3.36393
2.74996
2.92728
2.69065
2.83652
2.84505
3.03802
2.78217
2.47914
3.25374
3.08164
3.28101
3.66685
2.13048
3.72256
3.28629
3.65434
3.42029
3.41481
3.23812
2.78759
3.46373
3.2955
3.17189
3.41757
3.46394
2.98022
3.43811
3.02289
3.26442
3.32117
3.2764
3.26432
2.96062
2.91666
3.10696
3.00461
2.88802
2.84019
2.89585
3.13294
2.98745
3.34062
3.563
3.04021
3.45854
3.99984
3.37771
2.90685
3.6507
2.77887
3.2755
3.41904
3.43364
3.54614
3.67927
3.97758
3.29295
2.63503
2.88833
3.24301
3.86517
3.37293
3.3097
3.62992
2.5614
3.91773
3.82386
3.19664
2.98862
3.0414
3.15901
2.79895
3.47733
2.19176
3.36545
3.21995
4.00117
3.91515
2.74722
3.42528
3.15226
3.20079
3.59753
3.23788
3.34369
3.62742
3.83025
3.4501
3.41808
3.16413
3.46272
3.3276
3.43626
3.29125
3.40137
3.15947
2.61668
3.29282
3.03766
3.14916
3.07534
3.40852
3.23983
3.16648
3.49615
3.44202
3.22506
3.20895
3.11878
2.6876
3.21711
2.78395
3.05299
3.00049
2.9805
3.01778
3.02661
3.72056
3.57935
3.02128
3.36045
3.55108
3.53126
3.02814
2.89415
3.2851
3.78613
2.74676
2.63266
3.30391
3.40032
3.42112
2.89556
3.45519
3.96884
2.07837
2.91655
2.83188
2.5142
2.79298
2.87735
2.96432
3.10761
2.5139
3.09736
3.18976
3.08332
2.89816
3.13414
2.72607
3.01733
2.78401
3.32119
2.73355
2.92505
3.29247
3.17266
3.06029
3.13892
3.49304
3.76476
3.07185
3.48672
3.21914
3.14509
3.40382
3.31947
3.76235
3.50878
3.05755
2.75327
3.1061
3.06641
2.85136
3.40052
3.36867
2.86563
3.41037
3.21128
3.17119
2.9601
2.84899
2.45155
2.95278
2.87149
3.09311
2.83207
2.54178
3.01135
3.14475
3.43968
3.36478
2.98793
2.87577
3.5138
3.5246
3.48929
3.54996
3.03492
3.33017
3.09185
3.04525
2.95963
3.54781
3.64783
3.1146
3.48069
3.251
2.84065
3.14451
3.69832
3.14976
3.03942
3.30992
3.45971
2.92458
3.0112
3.04478
3.10807
3.45529
3.03074
2.99431
3.67512
2.84167
3.1628
3.69473
3.52646
2.37829
3.95055
2.69933
2.9224
3.24163
3.26823
3.3934
3.71887
3.98207
3.61738
3.32781
3.00684
2.9765
3.23768
3.56407
3.25819
3.48977
3.05282
3.61148
4.20585
3.46002
2.99875
3.17422
3.23703
3.13479
3.12105
2.15129
3.1938
3.18536
4.04729
4.1428
3.25403
3.59129
3.57412
3.35841
3.24673
3.30613
3.66052
3.55461
3.48259
3.498
3.07245
3.03746
3.31435
3.58295
3.06942
3.20892
3.29737
2.95525
2.95887
3.05075
3.01211
3.06384
2.87102
2.95403
3.17431
3.12016
3.1297
3.18369
2.99468
3.27049
3.11574
3.38863
3.26134
2.82343
3.05727
3.11419
3.36884
3.1989
3.0755
3.48016
3.71493
2.53371
3.03431
3.90812
3.38309
3.05902
3.01316
3.12952
3.45265
2.98071
2.93861
3.66771
3.36222
3.37191
3.32232
3.61014
3.23716
