1.97897
2.93724
2.46421
2.39349
2.5903
2.88942
3.82984
2.96043
1.7167
3.1459
3.07246
3.6426
2.69893
2.73686
2.939
2.83268
3.11632
2.95122
3.5734
2.72558
3.16081
2.93296
2.98294
3.3412
3.42027
3.8047
3.00988
2.77225
3.4404
3.25008
3.4046
4.25151
3.60305
3.9723
3.40331
2.78296
2.70395
3.17998
2.49696
3.38829
3.52139
2.77506
3.69381
3.76109
2.72792
2.91454
2.64714
2.59635
2.88495
3.14425
2.58218
2.51263
2.09954
3.21512
3.38426
3.08147
3.54066
2.57242
3.7659
3.22485
3.9465
4.10456
4.14828
3.64668
3.02734
3.27256
3.22344
3.30702
4.14611
3.62644
3.32518
2.68008
3.12145
3.19045
3.48529
3.55753
2.94593
3.06173
3.14567
3.39907
3.24581
3.17688
3.20099
3.17064
2.96576
2.99316
3.20962
2.97718
2.34538
2.30528
3.15493
3.37198
2.61939
3.65729
3.10356
3.12422
3.39657
3.53506
3.41049
3.5253
3.61311
3.35722
2.86607
3.00457
3.40769
4.45312
3.83121
3.56791
4.07875
3.58739
3.54929
4.68813
3.79926
3.15241
3.61119
2.83158
2.83966
3.41953
2.63571
3.08199
2.55908
4.30741
4.52257
3.20997
3.51233
3.74364
2.96261
3.41077
3.48575
3.81235
3.75413
3.76318
3.63684
3.49885
3.39284
2.91157
3.63132
2.82674
3.35617
3.01723
3.35181
3.11207
3.70913
3.01622
3.39512
3.63619
3.4027
3.33119
3.58584
3.30553
3.72083
2.66821
3.63678
2.9619
3.05184
3.3718
3.15639
3.26155
2.99816
3.18826
2.89541
3.40521
3.60431
3.4401
3.23652
3.44563
3.61167
3.08197
2.80515
2.68235
3.12295
3.87259
3.22902
3.4498
3.82725
3.20434
3.9503
3.32554
3.4669
3.61531
1.92726
2.82814
2.87598
2.22877
2.6212
2.68132
3.02066
2.93956
1.92506
2.93568
3.44977
3.20729
2.97542
2.88398
2.93829
2.71078
3.12162
3.27367
2.91576
2.96401
3.57566
2.66381
2.4843
3.16451
3.68024
3.60071
3.00366
3.64526
3.14165
3.29017
3.10153
3.80491
3.67313
4.15714
3.24404
3.01814
2.94395
3.17364
2.47607
3.58212
3.68627
2.76898
4.04484
3.04108
3.24522
3.17879
3.0058
2.98869
3.08322
2.96164
2.5741
2.54649
2.20366
3.05361
3.04648
3.15683
3.72902
2.55303
3.80783
3.58905
3.78105
4.02743
4.47287
3.22817
3.36847
3.70489
3.16844
3.08731
3.71023
3.40514
3.41518
3.18969
3.1374
3.08446
3.03036
3.66712
3.46516
3.0713
3.20504
3.07272
3.06888
3.1274
3.14054
3.18871
3.27
3.18724
3.26447
2.86521
2.87285
2.92517
3.85353
3.278
2.35016
3.79393
3.2242
3.15315
2.73388
3.10526
3.12798
3.53704
3.35811
2.62114
2.87292
2.9421
3.02352
3.99288
4.17329
3.7101
3.70894
4.03252
3.66691
4.15237
3.94444
3.35804
3.70392
3.03202
2.80417
3.22151
2.45454
2.65646
2.58602
4.10531
3.50335
3.04218
3.44774
3.67818
3.32921
3.1985
3.0479
3.29139
3.83666
3.47393
3.58709
3.06845
3.34479
3.67057
3.29077
2.98106
3.02041
2.918
3.14711
3.0759
3.17643
2.90699
3.35625
3.05164
3.34091
3.41548
3.34836
3.33319
3.36323
3.4075
3.35255
3.10325
3.27768
3.33735
3.28518
2.65085
2.78242
3.76901
3.05619
3.68284
3.41589
3.704
3.19386
3.37176
3.04526
3.5385
3.14784
3.0215
2.94732
3.83427
2.89657
2.97028
3.41453
3.37965
3.53471
3.75791
4.3371
4.23102
