1.98618
2.58631
2.44196
2.24973
2.49654
2.71499
2.93544
2.86296
1.65424
3.08158
3.03806
2.96266
2.73545
2.45379
2.71614
3.49087
2.90188
3.4378
2.64666
3.04841
3.09407
2.88782
2.72923
3.26707
3.34002
3.43298
3.03948
2.97312
2.78371
3.10733
3.54771
3.70441
3.64576
4.02731
2.82344
2.54152
2.80937
2.98473
2.54506
2.8425
3.16202
2.62612
3.58769
3.26321
2.59634
2.73433
2.69892
2.53943
2.58959
2.56008
2.40036
2.47729
2.25735
2.91627
3.05974
3.21909
3.19952
2.04054
3.13809
3.20968
3.38326
3.24317
3.90766
3.26296
3.11631
3.27165
3.27984
2.97016
3.32336
3.26194
3.09249
3.10405
2.98758
2.97292
2.94527
3.08634
3.07683
3.09951
2.74099
3.04451
2.61305
3.19305
2.65819
2.73755
3.16418
2.82816
2.59962
3.21717
3.08471
3.18704
3.56609
3.22729
2.61557
3.28865
2.88172
3.00761
3.19745
3.39046
3.2363
3.52301
3.55074
3.72154
3.28928
3.15478
3.1354
3.75683
3.1232
3.43487
4.04807
3.2874
3.4929
4.6034
3.56959
3.28354
3.31903
2.59834
2.75701
3.56256
2.31626
2.98744
2.53971
3.36223
4.04045
2.93859
3.72878
3.56297
2.96297
3.38941
3.71472
3.82738
3.52809
3.82656
3.33941
3.08744
3.38329
2.9884
3.40887
3.09628
2.98836
2.97811
2.58454
2.69562
3.21387
2.96602
2.94802
3.10707
3.17894
3.0142
2.92446
2.9822
3.14423
2.93869
3.3725
3.22296
2.86404
3.18194
2.89326
2.74852
2.97246
3.07604
2.87038
3.33239
3.50621
4.00624
3.9671
3.12528
4.06763
3.5992
2.84673
2.99099
2.93209
3.36267
2.75689
3.10004
3.19918
3.36165
3.53674
3.02344
3.1929
3.36228
1.79956
2.76092
2.60097
2.31408
2.54188
2.70669
2.98725
2.9387
1.77039
2.8361
2.7957
3.28751
2.70198
2.81456
2.66337
3.0673
3.14704
3.39822
2.73325
2.48634
2.80085
3.02551
2.69872
2.88703
3.14884
3.82567
3.11787
2.97956
2.77106
3.10218
2.97172
3.55345
3.4669
3.83911
3.09685
2.80168
2.95262
3.28466
2.65568
3.44689
3.52474
2.82554
3.7024
3.09695
2.68654
2.85532
2.74223
2.63448
2.83716
2.60833
2.64
2.508
2.2917
3.06929
3.06082
3.05562
3.54731
3.13254
4.07379
3.29632
3.41241
3.09925
3.53564
3.10247
2.81959
3.07115
3.57546
3.11091
3.56003
3.15597
3.25446
2.80566
3.11124
2.88931
2.97505
2.92924
3.02783
2.9262
2.82694
2.8933
2.77654
2.8201
3.09154
3.09631
2.81995
2.89695
3.1352
3.14348
2.83813
3.18021
3.40917
3.3937
2.79345
3.53056
3.00628
3.07211
3.20152
3.38897
3.468
3.62763
3.12793
3.48345
3.17168
2.72116
2.80935
4.16206
3.24226
3.32452
3.33667
3.77669
3.43645
4.1899
3.72459
2.9117
3.3872
2.86352
2.93812
3.53608
2.4735
2.72195
2.43816
3.70875
3.77089
2.86932
3.40863
3.70784
2.92546
3.01827
3.23454
3.37854
3.67865
3.46664
3.17666
3.22991
3.47678
3.38156
3.30857
3.04304
3.29441
2.84044
2.7199
2.77618
2.9181
3.19091
2.93055
2.83687
3.40921
3.10467
3.22035
2.95327
3.02269
2.56497
3.13558
3.05674
2.94121
2.93135
2.91126
2.81092
2.6128
3.0268
3.02997
3.51689
3.80165
3.37021
2.78122
3.59523
3.56407
3.4469
3.30374
2.67802
3.02436
4.19476
2.94435
2.59927
3.26607
3.49711
3.24093
3.06389
3.69274
3.36005
