2.05246
2.95856
2.68055
2.30351
2.75876
2.88324
2.97804
2.96957
1.91501
2.88429
3.30709
3.11585
2.42413
2.66142
2.71291
2.69585
2.97227
3.39192
2.84828
2.68694
2.48045
2.55888
2.83473
3.19297
3.16408
3.8621
2.97083
3.10392
2.60093
3.27579
3.38067
4.01361
3.49226
3.5942
3.35314
2.52232
2.6143
3.3387
2.34625
3.41462
3.03675
2.41986
3.64322
3.24044
2.72912
2.91394
2.8533
2.42999
2.67125
2.66407
2.60266
2.47
2.29518
2.68793
2.91063
3.63253
3.78921
3.0674
3.33036
3.50589
3.34086
4.02989
3.78998
2.91587
3.26268
3.1834
3.66853
3.51539
3.77222
3.96161
3.59474
3.3239
3.42172
3.40165
3.53659
3.40987
3.32584
3.12627
3.14297
3.42664
3.18043
3.27515
3.21396
3.27957
2.93051
3.00163
3.02212
3.47404
2.99586
3.04423
3.70482
3.13707
2.98262
3.73968
2.61846
3.098
3.09389
3.81525
2.87932
3.04329
3.26708
3.39384
3.18852
3.13688
3.07339
3.26403
3.48161
3.20746
3.5847
2.60295
3.18844
3.66133
3.29527
3.19166
3.42388
3.02665
2.78053
3.34618
2.30204
3.48379
3.30258
3.77763
3.7911
3.14664
3.6861
3.44585
3.08372
3.63338
3.54106
3.76652
3.51511
3.92219
3.44255
3.47225
3.31972
3.52388
3.52305
3.20898
3.31712
3.34516
3.14794
2.94546
3.20888
3.10492
2.90065
3.00835
3.20539
3.31233
3.01517
3.24888
2.89272
2.8335
2.92486
3.20912
2.70835
2.47774
3.14229
2.9765
2.84141
2.93763
3.17827
2.87336
3.66698
3.5357
2.84949
3.53283
3.45959
3.73897
3.37776
2.99423
2.73288
3.4339
2.73529
2.97156
3.609
3.50613
3.51291
3.46617
3.62489
3.1764
2.05997
2.90242
2.57434
2.45877
2.71021
3.05375
3.03527
2.89151
1.79869
2.79536
3.19844
3.11372
2.4732
2.69495
3.15006
2.56132
2.98093
2.99501
2.72188
3.26032
2.74923
3.29009
3.07904
2.70153
2.87514
3.42058
2.97303
3.36773
3.23558
3.0753
3.49021
3.62577
2.99333
3.86742
2.90152
2.69672
2.89021
3.19982
2.52842
3.44787
3.51882
2.74329
3.87254
3.3006
2.84904
2.92851
2.75469
2.73107
2.8853
2.60972
2.56763
2.44983
2.35359
2.79741
3.23036
3.60048
3.65451
2.84485
3.68727
3.62617
3.28701
4.13576
3.98728
3.44572
3.10983
3.22655
3.57084
3.3702
3.44483
3.44561
3.31111
3.01291
3.06526
2.97496
2.99525
3.10245
3.07762
3.43842
3.3235
3.28587
3.29216
2.88151
3.04709
2.67037
2.553
2.94791
2.71896
3.16344
2.49825
2.69468
3.03079
3.2304
2.86721
3.43911
2.83193
3.11214
3.30259
3.91971
3.28085
3.32168
3.16726
3.51255
2.76166
3.2177
3.14035
3.73104
3.23915
3.56193
3.92703
3.18102
3.73896
3.88186
3.44566
3.37335
3.61771
3.03361
2.71432
3.02862
2.28758
3.22882
3.45808
3.72988
3.94775
2.67521
3.34729
3.23173
2.86979
2.97075
3.03064
3.14403
3.61475
3.89195
3.2158
3.42239
3.3935
3.52492
3.47058
3.37568
3.31772
3.41904
3.21846
2.8582
3.15219
2.71643
2.91361
2.954
3.91308
3.30608
3.04138
3.33253
2.90408
2.82981
2.79711
3.08373
2.68266
2.81973
2.62203
3.01955
3.52931
3.10649
2.99163
3.13226
3.40149
3.06313
3.17565
3.45295
3.3998
3.8501
3.13401
2.54841
2.90005
3.44805
2.71864
2.86545
3.17707
3.29736
3.50639
2.38348
3.84408
3.76932
