2.18369
3.10794
2.37999
2.31425
2.53984
2.76422
2.88402
2.99612
1.55612
3.141
3.01301
3.18329
2.50654
2.99162
2.64901
2.42571
2.6917
3.43699
2.70657
2.80963
2.70961
2.5044
2.79315
3.31254
3.70693
4.25728
3.09672
3.14974
3.11205
3.49451
3.26494
4.03319
3.71904
3.6985
3.10818
2.59257
2.79267
3.26403
2.7205
3.28897
3.1322
2.75903
3.48033
3.44828
2.61116
2.98217
3.12564
2.46236
2.57919
2.89238
2.42873
2.54939
2.04667
3.0806
3.17273
3.51431
3.70734
2.86889
3.54632
3.3476
3.44727
3.6663
4.09827
3.05276
3.54392
2.71714
3.11688
3.35419
3.76394
3.42795
2.7951
3.81088
3.43238
3.60537
3.54533
3.18241
3.05267
3.29155
3.13008
3.48775
3.13692
3.19428
3.4312
3.20729
3.27345
3.04762
2.90516
3.5196
2.6923
2.90529
3.42256
3.47223
2.40279
3.71668
2.80248
3.17008
3.15105
2.9562
3.1954
3.22095
3.42217
3.4184
2.92726
2.96532
3.17136
4.45312
3.54601
3.33888
3.80026
3.29469
3.60997
4.11802
3.58905
3.1402
3.67243
3.06545
2.81228
3.23642
2.19975
3.18046
2.80871
3.35446
4.27212
2.8542
3.64412
2.877
2.7881
3.52211
3.35973
3.79856
3.69791
3.88768
3.72134
3.13055
3.69732
3.40233
3.2556
3.19952
3.23155
2.91412
2.88038
3.01407
3.18187
3.08137
2.89646
2.83293
3.12344
3.33522
3.63424
3.25876
3.1746
2.36512
2.93293
2.62605
2.14046
2.81812
2.78195
2.76415
2.75889
2.75171
2.99186
3.67123
3.28858
3.32756
3.01435
2.33639
3.58569
3.84727
3.37171
2.79011
3.12433
3.8306
3.21025
2.99552
3.61247
3.74907
3.82963
3.22694
3.58699
3.46621
2.21818
2.8584
2.70352
2.3976
2.46659
2.51147
3.15372
2.87649
1.66508
3.1242
2.75082
3.15633
2.38169
2.83402
2.7985
2.69336
2.642
3.41464
2.60008
2.88704
2.85684
2.74202
3.01485
2.78758
3.18484
3.34518
3.25541
3.52597
2.96736
3.26572
3.58553
3.15876
3.37404
4.096
3.06144
2.29646
2.64193
2.87541
2.48436
3.42658
3.16464
2.68987
3.58597
3.5105
2.82509
3.05686
2.66182
2.88772
2.83368
3.02904
2.4709
2.60083
2.0536
2.8914
2.97169
3.52122
3.37637
3.05878
3.18001
3.50881
3.96402
3.45784
3.69475
2.91588
3.02901
2.65767
3.24003
3.16515
3.71321
4.04901
3.39548
3.29398
3.2968
3.55921
3.2016
2.90003
2.62299
3.19119
3.1783
3.07095
2.52684
2.85844
2.91816
2.79338
3.13566
3.05514
3.13201
3.16553
2.92944
2.92598
3.09933
3.31792
2.25696
3.38378
2.91438
3.29758
3.57243
3.57584
3.44242
3.17976
2.92377
3.50686
2.97382
3.08988
3.36898
3.8484
3.7118
3.39956
3.85197
3.87853
3.44205
4.19296
3.25699
3.05029
3.22646
3.24667
2.74897
3.28282
2.42016
3.17951
3.47047
3.6314
3.9255
2.79239
3.39854
3.91736
3.24543
3.37461
3.14496
3.27617
3.58713
3.9484
3.47908
3.40816
3.27373
3.10402
3.30438
3.38337
3.12493
2.98153
2.85638
2.71012
3.1161
3.01894
3.10314
3.01792
2.96717
2.95093
3.12785
3.143
3.35846
2.67795
2.7426
2.92033
2.72205
3.08769
3.08425
2.38348
2.7583
3.08156
3.02759
3.43484
3.53195
3.54517
2.69829
3.45081
3.59515
3.44857
3.24916
2.86064
2.85742
3.45521
2.95236
2.99783
3.54274
2.98793
4.05361
3.16922
3.47319
3.36743
