2.14949
3.14178
2.48282
2.4629
2.61517
2.89775
2.65929
3.13465
1.78247
3.1758
3.34368
3.68814
2.8759
2.63823
2.9646
3.0292
2.74795
3.25426
2.57103
2.47315
3.27892
3.08676
3.14243
3.03241
3.42218
3.50547
3.05023
3.29719
3.40451
3.17167
3.39191
3.96033
3.70411
4.2147
3.21502
2.44046
2.85812
3.19998
2.57311
3.37104
3.35562
2.73494
2.99544
3.30516
2.89812
2.80929
2.55382
2.70554
2.57437
2.9112
2.58747
2.60215
2.30692
3.17913
3.15105
3.49327
3.63622
2.46224
3.88764
3.19574
4.02866
3.55205
3.77363
3.20749
2.99353
3.11999
3.24021
2.98441
3.6162
3.58437
3.30139
3.40824
3.20713
3.0939
3.3192
3.10729
3.47476
2.90401
3.31957
3.21953
2.87667
3.28449
3.13443
3.05312
3.09086
3.0579
3.32325
3.3547
2.95809
3.30554
3.60049
3.25787
3.21273
4.16981
2.54952
2.97772
2.88278
3.38322
3.74929
3.69553
3.96271
3.85763
2.89724
3.24531
3.43767
4.28475
3.31077
3.69046
4.14926
2.95886
3.41612
4.32174
3.72544
3.15576
3.41404
2.61918
3.16777
3.6573
2.06958
3.39206
2.21641
3.92772
3.93127
3.29682
3.18185
3.24594
2.97117
3.55639
3.21073
3.44884
3.83449
3.50242
3.44011
3.54141
3.45654
3.52859
3.38616
3.65211
2.99333
3.12201
2.99405
2.83614
3.51739
3.03282
2.70946
2.99029
3.65773
3.11829
3.18451
3.11094
3.08685
2.37056
2.93772
3.27627
2.46879
3.53287
2.98763
2.64098
3.1585
2.93492
3.30939
3.26213
3.20252
3.97662
3.2102
3.49315
3.75864
3.71021
3.08227
2.90868
2.88276
3.89354
2.84522
3.23972
3.53795
3.68375
3.00528
2.99541
3.35452
3.54954
2.30969
3.02213
2.58266
2.6586
2.7203
2.7363
3.12394
3.0219
1.70691
3.22358
3.53282
3.28545
2.83496
2.79012
2.88661
2.78033
2.62221
3.26809
2.7159
2.78272
3.0719
3.0738
2.91449
3.14744
3.2174
2.9037
3.17865
3.42678
3.09491
3.17363
3.51196
3.78304
3.56611
3.7644
3.01391
2.58368
2.78471
3.2208
2.42951
3.22449
3.44941
2.62147
3.33683
3.05029
2.62756
2.78978
2.67149
2.68942
2.34844
2.64117
2.40417
2.62567
2.30867
2.74187
2.96843
3.35048
3.39408
2.63536
3.00478
3.39393
3.4898
3.74182
3.64538
3.22307
2.84087
3.37909
3.17055
3.07405
3.60622
3.19209
3.32805
3.24585
3.10491
3.15751
3.17965
3.2569
3.68344
3.21241
2.69944
3.22339
2.94372
2.99452
3.01913
3.00567
3.05606
3.19046
3.21661
3.67851
2.98985
3.10248
3.8787
3.29378
2.89939
3.78691
3.11888
3.15533
2.8176
3.17553
3.06335
3.3462
3.75311
3.79157
2.82268
2.9281
3.21833
4.25205
3.44467
3.56686
3.67828
3.13511
3.52441
4.12727
3.39334
2.94057
3.46046
3.192
3.06829
3.22554
2.42321
2.85017
2.70753
3.33573
3.95574
2.69443
3.32092
3.3894
2.82962
2.81861
3.16557
3.4937
3.97707
3.98229
4.03181
3.07491
3.60838
3.65288
3.62539
3.20163
3.65789
3.78075
3.26676
2.96165
3.02012
3.01438
2.72385
2.83716
3.2403
3.10668
2.92178
3.34943
3.05018
2.9974
3.47644
2.7142
3.28695
3.36089
3.31615
3.04996
2.74778
2.91363
2.91982
3.32909
3.56273
3.97182
3.07091
3.11304
3.61256
3.61077
3.16578
3.11037
3.18918
3.86171
3.00815
2.9276
3.37267
3.11255
3.30347
3.50869
3.48776
3.07284
