2.28961
2.44054
3.02835
2.66501
2.81467
2.87399
3.1226
2.84467
2.27735
2.93391
3.60577
3.15786
3.08827
2.38802
3.27621
3.25866
3.01539
3.37004
2.91247
2.72388
2.68572
3.13364
3.02404
2.98781
3.28279
4.11159
3.28192
3.24422
3.57869
3.14253
3.73977
3.52492
3.43002
3.63086
3.2886
2.90438
3.06262
3.61013
2.99732
3.74508
3.49064
2.5382
3.53523
3.3346
3.092
2.92519
3.26877
2.64221
3.12849
2.70601
2.84473
2.82105
2.26344
3.09645
3.08544
3.20659
3.06505
1.88081
3.09341
3.28099
3.2152
3.29017
4.09149
3.13232
3.07157
2.61741
3.29343
3.17892
3.76784
3.76462
3.1279
3.66062
3.01579
3.52885
3.20403
3.43857
3.28625
3.16487
2.98524
3.04174
2.85035
3.01762
3.17784
3.15531
3.13507
3.11251
3.16354
3.60678
2.914
3.59371
3.39554
3.02366
3.16609
3.43386
2.53537
3.00477
3.19088
3.22285
3.28783
3.3048
3.16678
3.04849
3.17239
3.0209
2.86195
3.9406
3.16858
3.362
3.75295
2.40837
3.34504
2.93156
3.01862
3.29539
3.27385
3.41859
2.72282
2.94439
2.40269
3.10567
2.50997
3.18697
4.25239
2.59717
3.38468
3.55088
2.90343
3.61397
3.1494
3.6637
3.72163
3.77626
3.43217
3.35828
3.12269
2.96216
3.04786
3.32475
3.27724
3.16627
2.95397
2.85564
3.23648
2.85919
2.77274
2.91638
3.12634
3.34553
3.05446
3.10185
3.40347
2.78758
3.48116
3.0685
3.34569
3.13923
2.58162
2.93511
3.3821
3.3193
3.06901
3.7813
3.3497
3.07446
2.79011
2.8473
3.77239
3.45035
2.99565
2.78159
2.94939
3.70328
2.67781
3.36155
3.21422
3.06737
3.20766
2.76686
3.60889
3.17978
2.0808
2.85182
2.78195
2.46351
2.83849
2.78294
3.37468
2.98169
1.99791
3.08922
3.18049
3.27726
2.70435
2.78861
3.15329
3.00233
2.67536
3.38625
2.78197
2.52945
3.83194
3.22976
2.96135
3.14805
3.39328
3.90959
2.96602
3.50234
3.37577
3.32419
3.59474
3.40217
3.47129
3.77143
3.23465
2.852
3.01057
3.29008
2.97547
3.27932
3.27767
2.99819
3.84136
3.45252
3.09347
2.98736
2.74206
3.14538
3.19371
2.81223
3.1153
2.83402
2.37148
3.09099
3.1355
3.87002
3.40439
1.79674
2.92162
3.30685
3.16099
3.35722
3.77585
3.06743
2.50227
2.83748
3.36305
3.22205
3.59237
3.68672
2.75785
3.01808
3.36817
2.81031
3.43274
3.54188
3.50499
3.11032
3.05836
3.14283
3.67043
3.28858
2.88858
3.11413
3.11328
3.18565
3.13943
3.38419
3.2368
3.40336
3.685
3.23047
2.47346
3.32211
3.33401
3.1424
3.23256
4.07382
3.45744
3.38528
3.30346
3.11871
3.18659
3.11417
2.93824
2.88361
3.67346
3.29136
4.19377
3.05284
3.44415
2.89761
3.34017
3.07426
3.41181
3.56096
2.78854
3.11583
2.44095
2.90765
2.65533
3.56217
4.08659
3.08357
3.81894
3.62091
3.29442
3.17454
2.89953
3.50287
3.30844
3.78322
3.27648
3.56016
3.28615
3.42847
3.54913
3.08707
3.31187
3.10804
3.04992
2.91629
3.43254
3.09566
3.26692
2.87674
3.0641
2.92775
3.38789
3.15598
3.39421
3.29854
2.67545
2.82259
3.23973
3.33252
3.1526
2.88558
3.15688
3.20641
3.07566
3.43467
3.64813
3.03468
2.61045
3.1097
3.6219
3.39269
3.08188
2.85729
3.17978
3.80922
3.28117
3.01208
3.22304
3.02587
3.27173
3.10718
2.9313
3.38095
