2.10577
3.01291
2.49396
2.34352
2.47699
2.83561
3.21268
2.9661
2.02369
2.99549
3.09002
3.03859
2.78192
2.9241
3.09442
2.75383
2.75868
3.14693
2.61857
2.96017
2.75652
2.78905
2.99528
3.51823
3.4183
3.53045
2.69544
3.27653
3.4384
3.03238
3.17743
3.44216
3.67991
3.90821
2.95998
2.72053
2.69875
2.90121
2.41766
3.25621
3.13591
2.29636
3.41663
3.16117
2.65849
2.67073
2.57021
2.71597
2.54044
2.70348
2.6539
2.60237
2.12805
3.00216
3.08726
3.08306
3.35981
2.66079
2.77915
3.04769
3.41504
3.27748
3.81487
3.00093
3.08531
3.29678
3.09161
3.00333
3.64513
3.29555
2.87821
3.31153
2.97997
3.12956
3.07087
3.52277
3.29328
2.98022
2.89401
2.78228
2.8856
2.78233
2.98941
3.19861
3.09176
2.98769
3.19095
3.09921
2.97975
3.00334
3.73477
3.63982
2.76659
3.19489
2.73125
3.04668
3.17162
2.91449
3.20798
3.15384
3.2131
3.63646
3.01105
2.78635
3.04233
4.52191
3.29076
3.45848
3.96391
3.71422
3.49193
4.52231
3.64052
3.14047
3.59857
2.76326
2.94855
2.96633
2.31768
3.26456
2.71426
3.36686
3.68762
2.88736
3.34988
3.32892
2.75048
3.25582
3.10971
3.34611
3.66607
3.64208
3.28784
3.04108
3.20592
3.18645
3.33611
2.86352
3.30072
3.37347
2.96476
3.04915
3.26811
2.71599
2.67666
2.76203
3.14914
3.05024
3.08149
3.20318
3.09916
2.99666
3.02921
3.1739
2.5305
2.89815
3.02648
3.1514
2.62001
2.66223
3.05218
3.34474
3.92433
3.28993
3.06172
3.07364
3.84094
3.34477
3.16359
2.86414
2.96137
3.70173
3.43682
3.04308
3.34761
3.70158
3.33523
3.04687
3.53761
3.74645
2.05182
2.73277
2.431
2.32576
2.68489
2.60198
3.48976
2.92882
1.8152
3.13936
2.60037
2.90565
2.508
3.30311
2.72608
2.84796
2.64456
3.32968
2.54571
3.15869
3.07348
3.06915
3.02581
2.81959
3.17132
3.66242
2.99164
3.30617
2.7955
3.04338
3.55365
3.60097
3.07264
3.25631
3.14513
2.4807
2.67975
2.87042
2.41877
3.16956
3.0741
2.60566
3.54792
3.0874
2.63155
3.27256
2.44508
2.15001
2.61228
2.94285
2.7424
2.7458
2.15371
3.19967
3.02277
3.12153
3.3639
2.77754
3.736
3.01269
3.23176
3.51061
3.61943
2.83911
3.30418
3.47957
3.02779
3.22714
3.51382
3.4102
3.04981
3.47362
2.94062
3.42253
3.10992
3.18732
3.39277
3.21348
2.91331
2.98312
2.6488
2.79259
3.0171
3.05619
2.98875
2.91887
2.96273
3.25388
2.86218
3.03005
3.7005
3.44149
2.49348
3.56542
2.93869
3.0144
3.12706
2.79352
3.13124
3.38616
3.37401
3.94121
2.62632
3.12951
2.94081
4.00707
3.26314
3.37195
3.3534
3.7961
3.51749
4.53832
3.85091
2.95951
3.60815
2.85438
2.70837
3.13229
2.55669
3.10698
2.83668
3.68497
4.01556
2.98658
3.3844
3.25319
2.91242
3.16949
3.11127
3.26981
3.88292
3.58982
3.36103
3.12598
3.45734
3.16904
3.47383
3.04743
3.01457
2.83039
3.36422
2.85712
2.99903
2.67827
2.8611
2.4916
3.11072
2.82223
2.91436
2.84067
3.0569
2.78083
2.93459
2.69647
2.66867
3.23491
2.88541
2.73242
3.06478
3.12896
2.8623
3.32016
3.54379
3.36996
2.88332
3.18825
3.38859
3.38296
3.29308
2.90732
2.7947
3.4999
3.21036
2.718
3.51381
3.3732
3.14195
2.88799
3.0044
3.49519
