1.79557
2.93231
2.41741
2.22515
2.55748
2.44074
2.53624
2.72357
1.4493
3.39016
2.84468
2.69544
2.40549
2.55167
2.7969
2.21659
2.39342
3.01758
2.5329
2.28414
3.40165
2.82741
2.5091
2.9381
2.90671
3.47936
2.75217
2.61773
3.30459
3.19733
3.44827
3.96989
3.20054
3.1641
2.94502
2.10174
2.68557
3.04078
2.05865
3.15076
3.41244
2.51535
3.87597
3.11077
2.94327
2.9013
2.48548
2.46364
2.64083
2.64857
2.03902
2.34361
2.19994
2.38108
2.53178
3.32561
4.12991
2.34005
2.99569
3.0904
2.99436
3.66793
3.60481
2.90387
2.93352
3.11299
2.9715
2.97336
3.45041
3.30484
2.91528
3.08843
2.91848
3.17181
3.17608
3.08387
3.32665
2.90226
2.91764
2.76601
2.83074
2.8483
2.77615
3.12007
2.6686
2.82129
2.98065
3.01362
2.91814
3.04976
3.25455
3.56076
2.81764
3.46678
2.60611
3.01525
3.18214
2.64707
3.17401
3.29499
3.3188
3.33149
2.75517
2.83806
3.09634
3.86429
3.19583
3.2403
3.56972
2.15059
3.68112
3.81448
4.00341
3.21584
3.42543
2.76164
2.60187
2.74793
2.37645
3.00939
3.35607
3.16311
3.79988
2.64888
3.3818
3.11532
2.8325
3.31715
3.63829
3.48258
3.825
4.08321
3.33075
3.30055
3.12134
3.17829
3.74565
2.90982
3.03432
2.692
2.92771
2.89407
2.95068
2.65554
2.75649
2.49971
2.4401
2.82922
2.83494
2.77638
2.91519
1.853
2.42519
2.85308
2.31812
3.36756
3.29718
2.68879
2.63219
3.06085
2.69104
2.9292
3.31973
2.92413
2.72913
3.12488
3.61545
3.39759
3.09515
2.81228
2.70773
3.59985
2.75227
2.94173
3.51396
3.32839
3.32956
2.53984
3.41149
3.05041
1.83331
2.64936
2.25184
2.17126
2.35307
2.52171
2.80937
2.807
1.55689
2.62111
3.3607
3.29018
2.47332
2.65504
2.57668
2.63266
2.37597
3.4909
2.51914
2.88455
2.84594
2.49404
2.71126
2.93114
2.80599
3.54834
2.74133
3.14886
2.97439
2.98314
3.05615
3.6838
3.35497
3.73734
3.19291
2.41072
2.53448
3.031
2.19424
2.9972
3.18674
2.82703
3.3793
2.97612
2.86909
2.62469
2.53123
2.52756
2.76079
2.49692
2.38001
2.41896
2.2415
2.44424
2.54248
3.51642
3.32174
2.6166
3.53654
3.07584
3.23175
3.02138
3.94587
3.14466
2.50492
2.87738
2.80957
2.80581
3.40677
3.2099
2.84949
3.04046
2.92934
3.12759
2.90894
2.9936
2.98453
2.89225
3.08137
2.83784
2.63327
2.68385
2.70939
2.86465
2.84722
2.89482
2.67789
3.3614
2.77086
3.06749
3.30419
3.1149
2.77579
2.97572
2.76791
2.7318
2.50814
2.97312
3.55393
3.40705
3.28841
2.99034
2.7506
2.77469
2.99847
3.48582
2.9805
3.42445
3.36755
2.8487
3.48416
3.12716
3.70744
3.10415
3.37945
2.81227
2.59506
3.18292
2.68556
3.27419
2.88543
3.21863
3.70182
2.51909
3.35937
3.19572
2.97676
3.3511
3.29541
3.40144
3.53009
3.643
3.34018
3.25214
3.19262
3.15936
2.94859
2.96287
2.8307
3.13269
2.6321
2.67277
2.83984
2.60494
2.67662
2.49955
3.05014
2.96058
2.82021
2.84779
3.10628
2.40639
2.64814
3.31548
2.14658
2.78584
2.95559
2.78321
2.49464
3.40942
2.69445
3.08841
2.8362
2.56378
2.54822
2.69028
3.64527
3.65028
3.23609
2.46203
2.65405
3.74727
3.05446
2.64414
3.05602
3.09176
3.39516
3.26144
3.77545
3.64541
