2.28928
2.73186
2.59767
2.45739
2.6794
2.85605
2.76037
2.83754
1.7746
3.03594
3.22267
3.48194
2.5897
2.84792
2.7271
2.75179
2.69683
3.67654
2.87834
2.51938
3.0352
3.23195
2.83057
3.14859
3.59128
3.46511
3.24078
2.65534
3.4122
3.09683
3.20735
3.73309
3.80869
3.9721
3.18581
2.78966
2.83553
3.08863
2.78765
3.33483
3.01953
2.69231
3.54568
3.51823
2.99714
3.13343
2.83891
2.45064
2.54227
2.88268
2.74282
2.67417
2.08728
2.89136
3.0725
3.55658
3.23168
2.54243
3.71559
3.42157
3.00476
3.76281
3.65647
3.1987
2.9188
3.16923
3.26117
3.22952
3.52733
3.52488
3.30011
3.52683
3.18893
2.93877
3.33408
3.58235
3.25825
3.29331
3.42803
2.96156
3.11747
3.16994
3.01697
3.02176
3.14718
3.0193
3.53255
3.33528
3.06527
3.7942
3.97917
3.7301
2.94209
3.83343
2.99201
3.0065
3.23683
3.46281
3.44017
3.50088
3.46709
3.27395
3.08948
3.2878
3.0687
4.28713
3.40234
3.24945
3.74777
3.16618
3.4802
4.83364
3.2935
3.1612
3.22064
2.82921
2.90164
3.23936
2.77426
3.30532
3.26299
3.54956
3.92454
3.43012
3.65559
3.5226
3.1349
3.21621
3.51363
3.65672
3.91241
3.84281
3.55272
3.49831
3.59101
3.05668
3.17514
2.89252
2.95695
3.35127
3.00578
2.75121
3.23395
2.67945
3.16587
2.80465
3.13725
3.07247
3.08825
3.07604
3.06007
2.29261
3.52172
3.01075
2.83897
3.11036
2.7357
2.72929
2.71713
2.90341
2.66505
3.07134
3.61441
3.78404
2.86482
3.26177
3.67803
3.1673
3.05697
3.31833
3.2121
3.62021
3.20627
3.53683
3.72907
3.5763
3.61222
2.80819
3.43619
3.51606
2.00778
2.91746
2.6127
2.47798
2.60974
2.78539
3.24569
2.91817
1.90711
2.93556
2.91623
3.54694
2.45255
3.27596
2.84811
2.42344
2.82328
3.5242
2.22679
2.996
2.80519
3.06924
2.67569
3.02779
3.18165
3.79634
3.01226
3.37898
3.47833
2.71153
3.32188
3.77354
3.49707
3.21076
3.06286
2.58047
2.73814
3.25102
2.75775
3.15177
3.49262
2.78671
3.37441
3.23652
2.98031
2.88525
2.76075
2.25368
2.48917
2.52995
2.72468
2.61507
2.25769
3.38162
3.13583
3.37294
3.84955
2.32871
3.44288
3.07137
3.13907
3.8711
3.57448
3.36346
2.87929
2.98969
3.4221
3.34235
3.70522
3.3475
3.32319
3.25541
3.19925
3.40185
3.31119
3.20445
3.47867
3.26401
2.81134
3.14928
3.08059
3.04948
3.21681
3.20936
2.68254
2.93564
3.09772
3.75751
2.91676
3.4361
3.32526
3.64567
3.20279
3.70756
2.41663
3.15349
3.06105
3.64817
2.97397
3.79387
3.10435
3.20522
2.95152
3.11399
3.1225
4.05693
3.26258
3.27107
4.08445
3.48762
3.40884
4.61351
3.01451
3.21075
3.45152
3.00243
2.81081
3.39369
2.50046
2.98594
3.61128
3.44707
4.13821
2.68804
3.68955
3.57681
3.28775
3.5017
3.04881
3.519
4.11849
4.081
3.22695
3.07523
4.0607
3.43691
3.4738
2.97253
3.04871
2.64891
2.92371
3.02529
3.28078
2.82101
2.8033
2.71397
3.57617
2.89087
3.33009
3.059
3.08178
2.6635
3.47843
3.03244
2.8756
2.88227
3.12567
2.66991
3.18083
3.24568
2.82266
3.03315
3.66689
3.64391
3.28218
3.58649
3.45294
3.20718
3.30254
3.03365
3.11658
3.73772
2.92815
2.9762
3.32889
3.70169
3.26867
2.74796
3.50635
3.88757
