1.81936
2.76787
2.00812
2.24108
2.40489
2.62261
2.75199
2.82461
1.72269
2.7449
2.66926
2.91474
2.19068
2.50073
2.70944
2.24043
2.26819
3.24554
2.63157
3.00566
3.32961
2.86366
2.73879
2.86798
3.29442
3.52405
2.96988
2.73185
2.89326
2.90443
3.36957
3.59793
3.63428
3.37101
3.19142
2.53118
2.91284
2.95529
2.54656
2.87969
3.1896
2.24275
3.40824
2.99247
2.6134
2.33544
2.34189
2.45025
2.43973
2.41212
2.55326
2.50203
2.01799
2.78769
2.97985
3.33744
3.54353
2.24865
3.63227
3.10548
3.19948
3.69579
3.85981
3.08427
2.73475
2.98422
2.90931
2.97997
3.2264
3.03942
2.99919
3.09038
2.92358
2.93568
3.1547
2.9305
2.9988
2.93465
2.9696
2.91034
2.76693
2.71392
2.9305
2.74623
2.88297
2.84203
2.74477
3.28951
2.79114
3.24272
3.78034
3.27563
2.68465
3.8547
2.55804
2.75805
2.85703
3.0035
2.83083
3.06361
3.44683
3.23484
3.21522
2.69909
3.0554
4.28516
3.29607
3.2253
4.06382
2.69477
3.27422
4.18236
3.26831
3.03391
3.38783
2.84982
2.59238
3.07733
2.22038
3.37269
2.4161
3.44845
3.14864
2.93941
3.29546
3.93456
3.20203
3.16914
3.1386
3.2915
3.74081
3.91932
3.14514
3.42004
3.06938
2.92479
3.16176
3.05599
2.80507
2.99312
2.86656
2.49221
2.98942
2.53057
2.55296
2.86583
3.19476
2.85326
2.85893
2.84221
2.82799
2.3576
3.59372
3.10126
3.43339
2.88192
2.59792
2.76572
2.75702
2.58969
2.95188
2.65316
3.33785
3.70943
2.79004
3.40809
4.31151
3.46387
2.96534
2.71211
2.8327
3.40449
2.74039
2.99344
3.32124
2.96774
3.59144
3.14755
3.40266
3.38282
1.80302
2.68486
2.16809
2.32366
2.49302
2.63321
2.79558
2.82905
1.78128
2.69547
2.7117
2.70025
2.2737
2.95188
2.94338
2.457
2.52153
3.22617
2.66704
2.56592
2.89002
2.85518
3.13199
2.74445
3.23975
3.43034
2.89832
3.1578
2.22483
2.9943
3.19147
3.51653
3.63395
3.64095
3.15637
2.43918
2.59058
3.03279
2.21862
3.19174
3.14892
2.46071
3.37403
3.03071
2.76825
2.33336
2.33935
2.28
2.52934
2.35852
2.64276
2.63555
2.11914
2.7043
3.00285
3.02461
3.31143
2.70167
3.51798
3.36832
3.23074
3.65097
3.81288
2.96585
2.77925
2.87961
2.78256
2.8315
2.95653
3.19641
3.05976
2.9738
2.71154
2.76707
3.16521
2.94853
2.86702
2.95325
2.82669
2.91
2.82823
2.79261
2.66377
2.89835
3.03397
2.74924
2.76066
3.22466
2.86977
3.06653
3.75135
3.75296
2.71717
3.82687
2.54065
2.91658
2.80683
2.97204
3.16934
3.30376
3.08825
3.61121
2.87789
2.86835
2.86156
4.30008
3.53143
3.25896
3.75575
3.50473
3.3476
4.49816
3.25044
3.42549
3.41809
2.838
2.79925
3.35049
2.37114
3.53096
2.33312
3.44367
3.6169
2.59273
3.22419
3.52576
3.23593
2.93645
3.15786
3.25145
3.89136
3.34579
3.35935
3.35054
2.9902
3.37374
2.99272
2.49405
3.11459
2.98178
3.16833
2.43759
3.12311
2.70258
2.56229
2.62992
3.07379
2.78315
2.90753
3.05938
2.95961
2.13163
3.41827
2.65401
3.25128
3.28002
2.70871
2.80446
2.89179
2.97607
2.80482
3.17932
3.51861
3.06823
2.80769
3.5063
3.83753
3.21353
2.99259
2.72158
2.54341
3.57487
2.84141
2.78501
3.04046
3.24749
3.3037
3.37166
3.50735
3.47561
