1.87865
2.50079
2.33696
2.34148
2.62665
2.78825
3.51493
2.9954
1.76432
2.8599
2.72991
3.30121
2.27869
2.55041
2.81757
2.45921
2.5954
3.23637
2.66119
2.46101
2.92189
2.87789
2.97269
2.99145
2.96989
3.88574
2.90381
2.59952
2.98948
3.13943
3.61756
3.60406
3.32982
4.16083
3.12432
2.60114
2.7045
3.00736
2.42752
2.9923
3.26798
2.80569
3.40116
3.33424
3.04611
2.48001
2.80848
2.53487
2.58193
2.61842
2.61198
2.53646
2.20293
3.10503
3.15746
3.60479
3.65851
2.06359
3.671
3.08123
3.47718
3.09162
3.59953
3.0724
3.27717
2.69022
3.07308
2.99663
3.64345
3.52037
3.17168
3.47223
3.00875
3.15518
3.1418
2.99766
3.23122
3.16131
2.86237
3.13
2.83635
3.03986
3.21863
2.89319
2.86298
3.08829
3.32908
2.80066
2.58361
3.2169
3.05965
2.88968
2.94071
3.53507
2.72652
2.9528
3.02766
3.28998
3.27537
3.02319
3.14571
3.22544
3.1815
2.90089
2.89263
3.08432
3.32693
3.27752
3.06141
2.89475
3.39848
4.06233
3.71866
3.42775
3.20407
3.28782
2.69425
3.07489
2.07278
3.40123
2.60876
3.53782
4.32832
3.02313
3.24785
3.49459
2.80531
3.34834
2.94627
3.50118
3.92516
3.76125
3.24963
2.9574
3.29767
3.0165
3.38368
3.00612
2.83377
2.80151
2.64396
2.6174
2.90185
2.65504
2.79856
2.7402
3.69321
3.12956
3.14232
2.96374
3.0839
2.78468
3.47016
3.48746
2.59957
2.92154
3.031
3.14898
2.71431
3.15466
2.8781
3.34793
3.21974
3.46286
3.1339
2.90471
3.81784
3.27762
2.98761
2.98113
3.37067
3.88392
2.98405
2.76476
3.48722
3.19014
3.37347
2.87219
3.1155
3.66239
1.77743
3.02975
2.59634
2.21476
2.54318
2.63146
3.03655
2.84244
1.74276
2.90164
2.60468
3.03241
2.35967
2.63299
2.76352
2.55337
2.38498
3.07989
2.65454
2.59847
2.70302
2.83337
3.06112
2.94973
3.28016
3.33492
3.11696
2.94329
3.36322
3.17098
3.62218
3.63426
3.88381
3.62798
3.32233
2.58238
2.71227
3.20177
2.86367
3.30869
3.18848
3.0427
3.44501
3.2167
3.01165
2.50839
2.59686
2.59808
2.28511
2.60541
2.73639
2.70478
2.01858
2.94728
3.05925
3.30266
3.47383
2.16592
3.03824
3.22161
3.37918
3.61084
3.72967
3.13192
2.58457
2.95987
3.21901
3.00377
3.36267
3.80366
2.99125
3.11487
2.93208
3.16471
2.9983
2.9148
3.08255
2.83341
2.87856
2.99834
2.74543
2.86462
2.83871
2.87122
2.89976
2.8896
3.13536
3.07157
2.78297
3.05321
3.18669
3.25683
2.77739
3.36848
2.64492
2.94401
2.87367
2.91772
3.09596
3.74668
3.41273
3.05737
2.67049
2.89639
2.76054
4.16864
3.29965
3.37081
3.83074
3.73375
3.40531
4.49338
3.48628
3.18299
3.12232
3.268
2.84977
2.86234
2.18073
3.19738
2.5004
3.30214
3.63239
2.51669
3.2593
3.44011
3.0523
3.27305
2.68142
3.13846
3.51815
3.46318
3.23028
3.07239
3.51856
3.09787
3.16456
2.8718
2.72836
2.77689
2.99744
2.66025
3.19291
2.89239
2.81424
2.85048
3.658
3.24298
3.21364
2.9284
2.89131
2.45434
2.95598
3.06034
3.07973
3.03944
3.13567
2.83791
2.72637
2.98223
3.1117
3.11693
3.73228
3.72
2.72661
2.81574
3.83909
3.21271
3.1178
3.23465
2.96446
2.78329
2.61222
2.50385
3.24117
3.22178
3.42215
3.16483
3.80865
3.83605
