2.09536
3.12311
2.4848
2.42145
2.51042
2.80944
2.92215
2.81419
1.78403
2.97602
3.0372
3.28906
2.6396
2.90761
2.97523
2.91371
2.65775
3.12606
2.7556
2.78985
3.02557
2.74599
3.28781
2.86302
3.01097
3.56962
3.03164
3.19268
2.94451
3.02503
3.65215
3.36052
3.68922
3.34716
3.18298
2.66121
2.70507
3.08963
2.13451
3.02111
3.23919
2.25209
3.19849
3.21926
2.55117
2.50837
2.60952
2.81384
2.77182
2.70615
2.47237
2.45458
1.98337
2.82173
2.89016
3.09228
3.67569
1.97876
3.1469
3.16903
3.16248
3.39191
3.71889
3.19606
2.90154
3.10799
3.13679
3.29531
3.34001
3.73479
3.32995
3.06796
3.13448
2.94153
3.04887
3.32465
3.22034
3.05339
2.96427
3.14585
2.84817
3.01702
2.80605
3.24596
2.95202
2.92157
3.00255
3.22006
3.13376
2.9942
3.35994
3.14912
2.93701
3.25794
2.47642
2.94256
3.37533
3.75762
2.94853
3.21009
3.81608
3.56392
2.58561
2.93748
2.97015
3.88865
3.0732
3.30897
3.41744
3.40437
3.39647
4.13596
3.46538
3.11031
3.2733
2.81861
2.87688
2.62533
2.20412
3.02748
3.3371
3.80018
3.04373
2.63078
3.68278
3.61892
3.03145
3.57415
3.33221
3.55037
3.49361
3.81635
3.26784
3.19344
3.24101
2.9996
3.48838
2.91894
3.03392
3.08083
2.8774
2.95895
3.16458
2.71355
2.81852
2.89804
3.0177
3.0869
3.05127
3.1548
3.28414
2.4185
3.1028
3.26488
2.81839
3.38437
2.9799
2.93428
3.019
2.74491
3.03819
2.73725
3.42444
3.57337
3.05293
3.38586
3.16102
3.31194
2.99678
2.87654
3.05746
3.83213
3.05106
2.62577
3.46402
3.11342
3.62789
2.60555
3.40755
3.19744
2.0017
2.83029
2.57595
2.51188
2.54558
2.58249
3.14101
2.94381
1.80731
2.86676
2.74581
3.12681
2.39604
3.02436
3.0724
2.66773
2.59311
3.02661
2.43164
2.77753
2.88953
3.09486
2.8808
3.24351
3.34205
3.57798
3.06528
3.27379
2.60517
3.14849
3.7381
3.64009
3.55878
3.61902
2.96311
2.4514
2.80907
3.12656
2.39629
3.05422
3.36979
2.45207
3.59068
3.20984
2.65415
2.79714
2.75614
2.57062
2.60876
2.39934
2.5173
2.39818
2.03854
2.96159
2.96991
2.88031
3.54408
1.96313
3.26005
3.47737
3.52211
3.21913
3.48279
3.09841
2.99842
2.44012
3.28306
3.20543
3.38548
3.44433
3.19333
2.88457
2.99114
3.14803
2.99711
3.16229
3.00299
2.75084
2.93304
2.87242
2.8869
2.91154
2.88929
2.88165
2.89823
3.08169
2.85021
2.98687
2.72589
3.32235
3.34984
3.0973
3.091
3.5396
2.57679
3.03895
3.04715
3.2308
2.87165
3.03672
3.21084
3.6615
2.78118
2.92178
3.33691
4.34329
3.15831
3.35698
3.81767
3.05513
3.35728
4.4622
2.91173
2.94576
3.34109
2.66186
2.54656
2.84696
2.6964
2.93686
2.95454
3.80668
3.98145
2.56458
3.0283
3.46737
3.35428
3.35138
2.99025
3.36571
3.77008
3.54224
3.29587
3.0948
3.11897
3.06627
3.04243
2.86718
2.91817
2.9385
2.98971
2.88709
3.35807
2.87706
2.77095
2.83486
3.061
3.05048
3.06746
3.1391
3.29898
3.00524
3.15254
2.81322
3.21037
2.77801
2.51429
2.72666
3.06771
2.78274
2.76008
3.21623
3.51055
3.59221
3.02385
2.81385
3.8045
3.57025
3.13331
2.71023
2.62559
3.69283
2.88769
2.71995
3.30793
3.30889
3.01565
2.7872
3.01562
3.84754
