1.91286
3.02788
2.62689
2.36614
2.53574
2.66489
2.9913
3.12943
1.80426
3.1166
3.10048
3.26615
2.59072
2.48284
3.00997
2.72746
2.65655
2.88001
2.54544
3.14876
3.09267
2.49559
2.95903
3.10514
3.10693
3.60303
2.98795
2.94878
2.545
3.57002
3.25122
3.65569
3.18049
3.55158
2.95586
2.63694
2.90164
3.13955
2.65025
3.44301
3.36773
2.61531
3.64152
3.47774
3.06177
2.59872
2.80442
2.45407
3.07504
2.96196
2.40261
2.45819
2.20708
3.16156
3.35613
3.11177
3.64461
1.84995
3.59052
3.46774
3.42544
3.45361
3.68666
3.22057
2.56576
2.97541
2.91221
3.01431
3.70517
3.64541
3.03586
3.26656
2.77352
3.19716
3.33607
3.31975
3.38036
3.09913
2.71908
3.12625
2.80617
3.08843
2.71803
2.96371
3.08865
3.0634
3.02939
3.31975
3.17369
3.63947
3.77408
3.50777
2.73534
3.62632
2.57096
3.1297
3.00008
3.33721
3.22988
3.26666
3.19837
3.26004
2.73026
3.02346
3.33365
3.96553
3.36749
3.36966
3.83679
2.92879
3.38961
3.69868
3.50682
3.12245
3.2861
2.80969
2.78611
3.23986
2.31024
3.24502
3.10239
3.43211
3.70272
3.04734
3.31869
2.91991
2.86918
3.20656
3.24843
3.53554
3.97618
3.47988
3.2698
3.23873
3.19403
3.34401
3.44953
3.00995
3.1428
2.84496
2.9126
2.59571
3.06938
2.70976
3.04032
2.79733
3.3042
3.08319
3.14834
3.19495
3.02328
2.73402
3.13972
3.43841
2.59965
3.09023
2.75034
2.73946
3.03358
2.90685
2.97497
2.88054
3.37571
3.22227
2.55211
3.25113
3.14366
3.56026
3.1127
3.17913
3.02765
3.69999
2.88502
3.14906
3.53143
2.97067
3.13075
2.96732
3.43321
3.34721
2.04304
2.81566
2.23566
2.25499
2.6002
2.59863
3.16289
3.05537
2.01019
3.15431
3.01388
3.47554
2.53354
2.71963
2.87274
2.59296
2.63427
3.15283
2.56336
2.61612
2.6982
2.83137
2.9295
2.81176
3.285
3.86859
2.82332
3.22008
3.23981
3.3266
3.41711
4.06328
3.01329
3.94816
2.98039
2.43913
3.07024
3.08524
2.80444
3.32066
3.4193
2.61369
3.54454
3.49759
2.81492
3.05309
2.92095
2.96658
3.12383
2.9946
2.51084
2.54502
2.2651
3.18252
3.13643
3.4946
3.52836
2.24171
3.18756
3.24372
3.73246
3.5064
3.77519
2.97472
3.35593
2.76701
3.1735
3.02256
3.42403
3.85674
3.10878
3.2924
3.23672
3.25365
3.04471
3.21886
3.09932
2.85177
2.86601
2.81468
2.74947
3.01737
3.21373
3.0059
2.82241
3.01567
3.08343
3.51915
3.08836
3.23883
3.66671
3.2108
2.7269
3.64379
2.78569
3.09896
3.36213
2.94268
3.08464
3.26692
3.79055
3.1452
2.81226
3.431
3.60733
3.63185
3.39075
3.16094
3.62313
3.73481
3.52472
3.78388
3.69906
2.82128
3.44808
2.96062
2.92456
3.33136
2.12228
2.85917
3.62764
3.33424
3.89044
2.64511
3.23872
3.03137
3.2863
3.31187
3.24236
3.49814
3.89759
3.53786
3.21511
3.25492
3.15594
3.14099
3.06071
2.86344
3.29716
2.82242
2.98149
2.62115
3.2212
2.80712
2.9189
2.83336
3.08433
3.27045
3.22081
3.28965
2.93661
2.49649
2.9091
2.76896
2.89718
3.20327
2.87246
2.88658
3.1519
3.43759
2.96287
3.401
3.64312
3.09969
2.92714
3.15113
3.40604
3.4698
2.98545
2.77221
2.83214
4.08013
2.88506
2.68319
3.32885
3.04389
3.31672
3.0103
3.45884
3.87384
