2.20954
2.86125
2.63546
2.38215
2.58393
2.73068
3.07077
3.05083
1.91666
3.08575
3.0124
3.09439
2.41408
2.79663
2.98886
2.71799
2.72626
3.3371
2.67325
2.85458
3.3229
3.42575
3.3802
3.2943
3.33001
3.45163
2.71093
3.02063
3.22536
3.0203
3.58652
3.76201
3.45777
4.53508
3.21118
2.62072
3.02481
3.30261
2.67681
3.1754
3.27704
2.49715
3.19677
3.54942
2.99105
3.40113
2.70493
2.39084
2.98458
2.82997
2.72839
2.58539
2.12395
2.94517
2.92519
3.31552
3.8456
2.42864
3.54027
3.27689
3.18028
3.57863
3.74446
3.0986
3.47469
3.00365
3.08595
3.32676
3.32179
3.65381
3.58172
3.49086
2.93768
3.04778
3.23429
3.23842
3.23625
3.10465
2.94202
3.29407
3.03573
2.84657
2.90855
3.08273
3.0041
2.8593
3.20216
3.07399
2.97309
3.36087
3.70976
3.62833
2.73061
3.61537
2.8106
3.03297
3.21247
3.35912
3.46092
3.08893
3.27202
3.52949
3.08293
2.92652
3.02635
3.83885
3.20098
3.59604
3.83069
2.52089
3.69244
4.32868
3.45172
3.16794
3.4477
2.88266
2.68619
3.46582
2.45566
3.74073
3.10788
3.92854
3.68891
3.01279
3.62123
3.61544
2.88392
3.4157
3.32722
3.36703
3.79346
3.46217
3.27683
3.0734
3.03888
3.52061
2.80063
2.80177
3.07488
2.77761
3.08466
2.8105
3.0339
2.88216
2.98436
2.62428
3.31582
3.19271
2.88955
3.22903
3.51754
2.66787
3.30402
2.88244
2.63489
3.4216
3.20582
2.56816
2.68766
2.78474
2.82195
3.35663
3.57339
3.90388
2.85597
3.39207
3.66125
3.61292
3.09486
3.0066
3.08452
3.81677
2.99039
3.02871
3.42187
2.96294
3.52503
2.87738
3.22539
3.60316
2.10718
2.77097
2.43986
2.4538
2.60104
2.77574
2.79011
2.98158
1.86723
2.78871
2.91313
2.76344
2.33129
2.80931
2.87261
2.8597
2.76326
3.21558
2.65647
2.63456
2.89871
2.99684
3.04058
3.08868
2.8806
3.53231
3.0399
3.28257
3.01431
3.20422
3.71504
3.86055
3.37406
3.92335
3.19094
2.6174
2.96867
3.33603
2.56741
3.36483
3.45592
2.62846
3.40764
3.53412
3.07887
2.71625
2.7261
2.38371
2.71622
2.73114
2.59975
2.66599
2.15387
2.81433
3.17869
3.3689
3.60775
2.68842
3.21181
3.15626
3.1924
3.18755
3.75843
3.13406
3.25499
3.21435
3.49732
3.10042
3.48519
3.59393
2.99529
3.37364
3.06717
2.96359
3.37147
3.28716
3.1281
3.09462
3.17894
3.2388
3.08174
2.9768
2.90195
2.86482
3.13445
2.93239
3.2173
3.16685
2.83888
3.01327
3.95529
3.80269
2.79366
3.53105
2.72727
3.12896
3.07491
3.53099
2.8748
3.25985
3.7143
2.79269
2.86379
3.02833
3.46744
4.20576
2.89147
3.33779
4.1232
4.05814
3.60326
4.15429
2.95711
3.12062
3.30712
2.78451
2.7737
2.95866
2.24184
3.21162
3.10577
3.77083
3.85894
3.03081
3.28564
3.64192
3.23155
3.52377
3.05797
3.6326
3.57083
3.61679
3.14208
3.58902
3.20866
3.37748
2.97488
2.99128
3.00605
3.09439
3.07116
2.88702
3.10945
2.76337
2.81674
2.73065
2.78676
3.29431
3.10493
3.03219
3.29712
2.68362
3.09505
2.84205
2.81921
2.77031
3.20754
3.01148
3.06724
2.76991
2.96614
3.24782
3.45763
4.02253
2.97418
3.31031
4.23262
3.11658
3.14922
3.20981
2.82125
3.81207
3.2258
2.8499
3.4563
3.14392
3.46948
2.75334
3.49674
3.73176
