2.21893
3.08387
2.34339
2.37575
2.53547
2.86377
2.81682
3.16901
1.86722
3.15563
3.3471
2.97587
2.72195
2.84144
2.761
2.48906
2.77646
3.28973
2.75766
3.14538
3.03578
3.19153
2.77584
3.01049
3.255
3.65535
3.24644
3.07794
3.11777
3.34461
3.36591
3.92442
3.60438
4.20789
3.42594
2.68714
2.88469
3.15449
2.68921
3.3503
3.65074
2.67233
3.55966
3.29701
3.05281
2.77001
2.82942
2.74675
2.58557
2.84114
2.78835
2.57045
2.37078
2.99971
3.59084
3.46541
3.49097
2.31584
3.80684
3.57035
3.6467
3.79764
3.92563
3.2845
3.07872
3.18401
3.47564
3.33234
3.67814
3.70195
3.56056
3.75344
3.13548
3.16956
3.02231
3.52195
3.51271
3.19448
2.8648
2.95904
2.9446
3.11789
2.77331
3.04078
3.19141
2.98251
3.72841
3.58188
3.30846
3.64208
4.03661
3.49287
3.00097
4.20524
2.67411
3.25406
3.33518
3.76645
3.28589
3.32694
3.7487
3.33424
3.32979
3.32076
3.41372
3.83555
3.45094
3.59206
4.41423
2.96276
3.71581
4.74199
3.75504
3.20652
3.25627
3.06188
2.75692
3.61146
2.29569
3.06309
2.79624
3.89206
3.34028
2.99086
3.6988
3.13597
2.55958
3.19162
3.09414
3.38173
3.65219
3.68565
3.45278
3.06373
3.16592
2.80032
3.16386
3.22022
2.99733
2.60722
3.35207
3.06226
3.44191
2.84506
3.0133
2.89322
3.45748
2.99828
3.11497
3.17844
3.14013
2.86575
2.56431
3.20259
2.41747
3.05248
2.74891
2.83004
3.24788
2.30043
3.89736
3.81225
3.26986
3.83716
3.30997
2.40083
3.72128
3.44173
2.97462
3.03041
3.11591
3.44394
3.07954
2.98254
3.37763
3.09199
3.56541
2.97084
3.75069
3.7098
2.25311
2.54805
2.84106
2.37798
2.38148
2.58581
3.08189
3.07143
1.91885
3.10712
2.98222
3.12047
2.44804
3.11207
2.84675
2.71832
2.55897
3.12823
2.65072
3.0204
3.39468
2.45712
2.81457
2.9835
3.50786
3.74073
3.20126
3.34814
2.58665
2.79151
3.28176
3.57974
3.62856
3.9175
3.12618
2.83555
2.86381
2.86851
2.82937
3.28011
3.31435
3.0752
3.76658
3.54038
2.64616
2.74704
2.67852
3.01664
3.08646
2.75065
2.71956
2.63183
2.09255
3.2826
3.46103
3.5535
3.4391
2.90304
3.32369
3.44825
3.81536
3.55086
3.48319
3.18448
2.7685
3.33685
3.17797
3.00571
3.59152
3.9782
3.49122
3.34949
3.26683
2.98868
3.07952
3.20645
3.41038
3.07237
3.01115
3.16626
2.78621
3.09163
3.03399
3.02908
3.16122
3.11569
3.30463
3.61521
3.19444
2.83564
3.43419
3.07488
3.26515
3.46875
2.93815
3.11553
3.15066
3.24025
3.47852
3.4363
3.51819
3.4426
2.9016
2.76232
2.92993
3.86375
3.74932
3.51459
4.27584
3.78392
3.55263
4.46995
3.32698
3.07165
3.32791
2.94183
2.9543
2.87822
2.39308
3.09649
3.08556
3.81237
4.34584
2.80399
3.55198
3.26948
2.99186
3.25067
3.16362
2.89408
3.46789
3.45696
3.12432
3.2135
3.25306
3.04398
2.90264
3.05895
3.00737
2.99196
3.0917
3.21229
3.0476
3.08456
2.88632
2.53236
3.40156
3.20917
3.24741
3.26119
3.38834
2.69508
2.46779
3.14194
2.67703
3.40058
2.79101
2.95042
3.28458
2.68484
3.38398
4.07237
3.73724
3.61331
2.4676
3.22766
3.43545
3.38024
3.24072
3.11427
3.00374
3.4712
3.00399
2.83079
3.06426
3.00465
3.31978
3.25371
3.6396
3.62384
