2.06217
3.12463
2.37835
2.32287
2.43993
2.56117
2.75644
2.97537
1.78036
3.09208
2.92409
3.23002
2.42213
2.66218
2.87373
2.80831
2.89569
3.22277
2.73856
2.45527
2.78881
2.9677
2.64716
3.01367
3.32072
3.85072
2.89995
2.77104
3.24833
3.13386
3.52586
3.93412
3.36755
4.0523
3.31034
2.76538
3.04438
2.85177
2.64307
3.14347
3.29104
2.3965
3.45625
3.53981
2.90343
3.02577
2.89706
2.5217
2.87386
2.84087
2.78924
2.66731
2.0673
3.12202
2.98294
3.53009
3.71563
2.12252
3.6431
3.29064
3.44794
3.14001
3.78081
3.25068
2.91245
3.22724
3.64635
3.06464
3.57111
3.73534
3.07622
3.46234
3.28367
3.03128
3.34823
3.31277
3.36115
3.17181
3.32839
3.15753
3.02792
3.01998
2.97177
3.04202
3.08766
3.10586
3.20464
3.29384
3.1718
3.35762
3.78262
3.62092
2.72411
3.61907
2.85284
3.11474
3.41631
3.574
3.45516
3.80508
3.46239
3.31468
2.80739
2.64986
3.26555
3.86006
3.31018
3.6684
3.80641
3.0039
3.46269
4.04454
3.58928
3.64581
3.44761
3.1089
3.02264
3.31083
2.62896
2.93963
2.76499
3.56661
4.19829
3.10403
3.38007
2.63533
2.81356
3.18611
3.15641
3.31943
3.85615
3.65772
3.3622
3.30991
3.3083
3.19777
3.46573
3.10698
2.95321
3.12954
3.03667
2.68364
3.05932
3.26734
2.90379
2.90542
3.76941
3.24218
3.20353
2.97018
3.01794
2.58402
2.30094
3.03967
2.5133
3.07834
2.91119
2.72256
2.62986
2.57265
3.0778
2.7355
3.17737
3.57248
3.28475
3.12346
3.46159
3.61554
3.05569
2.84176
2.98433
3.53262
2.94436
3.15394
3.6384
3.41654
3.39675
3.53856
3.48588
3.77788
1.87357
2.80104
2.36248
2.10057
2.49211
2.66208
2.80547
3.06636
1.81923
2.8323
3.33774
3.27697
2.28538
2.882
2.92088
2.53889
2.70189
3.36856
2.79712
2.54833
2.86314
2.47975
2.78245
2.99077
3.41387
4.0317
2.8812
3.24545
3.27004
3.39083
3.43516
3.16037
3.57454
3.6721
3.03112
2.29491
3.09298
3.17063
2.29855
3.14403
3.49286
2.57756
3.5652
3.52368
2.75679
3.17917
3.05877
2.47993
3.02471
2.74557
2.70946
2.61664
2.19144
2.98601
3.00832
3.43913
3.79294
2.7142
3.66162
3.52018
3.56388
3.54744
4.1085
3.12921
3.02634
3.25472
3.54422
3.28338
3.46977
3.95932
3.14589
3.08629
3.08909
3.38488
3.13853
3.22276
3.54792
3.36503
3.04085
3.29034
3.21597
2.9274
2.80795
3.12502
3.23342
2.88582
2.99456
3.65125
2.94245
3.19818
3.37671
3.51885
2.79171
3.79652
2.81369
3.12668
3.66584
3.05991
3.54524
3.57231
3.0255
3.75698
2.66919
2.87403
2.80205
4.0448
3.20352
3.55422
3.54266
3.00447
3.59408
3.60128
3.60048
3.2243
3.68329
2.91079
2.93872
3.52729
2.45633
3.18148
2.71378
3.55218
4.27323
3.10567
3.42794
2.56232
3.20355
3.04393
3.07043
2.98818
3.77352
3.47932
3.21371
3.36702
3.29755
3.46106
3.29528
2.80221
2.73346
2.88562
2.89195
2.66557
2.85458
2.95373
2.87684
2.73923
3.29166
2.97495
3.12331
3.19165
3.32193
2.5846
2.6343
3.08671
2.60842
2.70496
2.91682
2.78268
2.95354
2.87924
3.0022
3.13599
3.11048
3.70754
2.78072
3.04337
3.86936
3.63714
3.30627
2.90854
3.0063
3.89624
3.2361
2.8651
3.5398
3.24078
3.23258
3.18529
3.51954
3.52419
