2.17777
2.52467
2.73481
2.34691
2.59597
2.56442
3.1247
3.16597
2.00144
3.18424
3.69402
3.8501
2.45857
3.35896
3.12191
2.84738
2.78014
3.52369
2.66117
2.58809
3.19689
3.38764
2.81793
3.42426
3.35137
3.51399
3.08029
2.80445
3.41286
3.59078
3.8833
3.82833
4.14401
4.11353
3.04612
2.76858
2.98774
3.03722
2.58245
3.52135
3.39171
2.69296
3.42668
3.30871
3.4148
3.26863
2.96564
2.62859
2.73987
2.87146
2.55638
2.65225
2.27585
3.30151
3.08416
3.67101
3.93783
2.75023
3.93024
3.71847
3.74738
3.62796
3.95471
3.28473
3.22074
2.90304
3.54634
3.40534
3.76888
4.01757
3.51562
3.45495
3.41785
3.62295
3.67938
3.42672
3.13124
3.21496
3.48325
3.30185
3.04444
3.38216
3.16395
3.19751
3.09037
3.13672
3.848
3.70107
3.04324
3.725
3.66695
3.05148
2.95862
3.58312
2.85886
3.37819
3.51617
3.41907
3.53575
3.54212
3.30222
3.72957
2.75813
3.17738
3.05958
3.39114
3.53992
3.54348
3.74827
2.21252
3.37032
3.14669
3.34833
3.25916
3.34426
3.01139
3.01191
3.05573
2.67334
3.2173
2.85653
3.9091
4.40967
3.38774
3.26076
3.03763
3.1303
3.61982
2.96744
3.28958
3.92435
3.98751
3.60636
3.614
3.42577
3.25521
3.41114
3.00453
3.13733
3.19385
3.08279
2.93637
3.19593
3.24655
3.00557
2.82354
3.27153
3.25338
3.59986
3.21608
3.34774
2.89281
2.48164
2.46918
2.80045
2.91219
3.0069
2.80104
3.22936
2.69331
3.12046
3.96183
3.42236
3.24579
3.00084
2.76962
3.37274
3.48531
3.3689
2.93349
3.36259
3.50193
3.35164
3.18376
3.57701
3.54582
2.84245
3.14103
3.7132
3.87732
2.14555
2.73309
2.72967
2.33569
2.66946
2.91398
3.46394
3.24116
2.19346
3.18506
3.32986
3.57797
2.45573
3.18588
3.09649
2.54707
2.734
3.51084
2.56959
2.39825
3.26395
3.15315
2.9538
3.24119
3.20534
3.75059
3.31781
3.7543
3.28796
3.35624
3.43691
3.64107
3.83706
4.24561
3.16236
2.76066
3.22114
3.07009
2.63726
3.58739
3.66511
2.83724
3.45019
3.44461
3.18493
3.00636
2.7744
2.87999
2.79898
2.86661
2.75798
2.81865
2.28611
3.47191
3.53338
3.9702
3.73833
2.4546
3.72339
3.47187
3.70138
3.98996
4.40817
3.32363
3.0452
3.20665
3.33037
3.39921
3.91435
4.01799
3.44348
3.74475
3.42513
3.09403
3.49808
3.5461
3.60455
3.46248
3.11053
3.03683
3.05833
3.04497
3.34284
3.31897
3.11671
3.1474
3.29402
3.34027
3.04111
3.56833
3.49128
2.88106
3.16715
3.55355
2.98065
3.10844
3.22933
3.41671
3.19683
3.70888
3.21657
3.5604
2.51005
3.11813
3.18164
3.48938
3.43156
3.42987
3.83418
2.58314
3.42604
3.43545
3.82136
3.12189
3.63338
3.19486
3.04189
3.4894
2.3237
2.90849
3.13012
3.93663
4.04347
3.25257
3.94689
3.37338
3.29561
3.73073
3.33159
3.15138
3.78159
3.77982
3.7459
3.55006
3.1404
3.5937
3.3372
3.37661
3.11077
3.17749
3.00363
3.16687
3.35724
3.44917
3.05477
2.76003
3.36392
3.55298
3.25925
3.19599
3.67021
2.8027
3.09039
2.65904
3.05734
2.8749
2.59262
2.93523
3.07184
3.16445
2.84875
3.42793
3.25556
3.58226
3.0194
3.27324
3.59694
3.18827
3.81137
3.02507
2.89587
3.58178
3.09456
3.11694
3.45034
3.34565
3.44865
3.27816
3.59308
3.71302
