1.75696
2.67444
2.66254
2.00445
2.16223
2.42913
3.4953
2.87854
1.95209
2.85869
3.29531
3.075
2.40861
2.87529
2.88586
2.49912
2.67605
3.3586
2.40202
2.19536
2.81709
2.83709
2.57559
2.75949
2.96647
3.65675
3.50849
2.99572
3.22298
2.90895
3.00503
3.32716
3.32326
3.49504
3.27179
2.71479
2.9036
3.44161
3.02484
3.62815
3.09992
2.57385
3.60231
3.26046
3.06917
2.4426
2.73504
2.77752
2.71621
2.5114
2.54505
2.86238
2.08856
3.00825
3.02286
3.08636
3.29538
2.36914
3.43697
3.1089
3.03896
3.51408
3.70218
3.05748
3.35984
3.7089
3.21207
3.14052
3.24932
3.44968
3.733
3.44666
3.43903
2.7571
3.37708
3.39829
3.6612
2.69311
3.48498
3.25848
2.58375
2.91699
3.1505
3.11878
3.60795
3.40146
3.9659
4.06832
3.48328
3.62312
3.52248
3.14409
2.69247
3.01796
2.71078
2.81656
3.35381
3.59614
3.33922
3.00391
2.33686
2.98842
2.85563
2.76298
2.86385
3.65073
2.20613
3.33036
3.27507
2.58134
3.37736
3.2451
2.95384
3.42835
3.49753
3.52867
2.65443
3.09177
2.29264
2.8172
2.59407
3.31319
2.42445
3.06535
3.21635
3.9072
3.30286
3.26819
3.18876
2.82409
3.42744
4.08956
3.17289
3.55182
3.06857
3.81199
3.22333
2.83357
3.07958
2.73948
2.5724
2.48293
3.09938
2.76345
2.73148
2.58965
3.31222
3.14921
2.98386
3.22531
2.86223
2.4904
3.46658
2.82044
3.4054
2.8817
3.0629
2.42144
2.73293
2.52147
2.82719
3.01774
3.14682
1.69847
3.63353
3.33102
2.91112
3.13166
3.15534
3.16917
4.25025
3.40985
2.78076
2.45739
3.49435
3.27379
3.1141
2.01566
3.61982
3.21473
1.60507
2.19747
2.16147
2.12539
2.329
2.59461
2.41159
2.64567
2.2105
2.77535
3.07272
2.68207
2.2881
2.8201
2.96359
2.48338
2.39768
2.91309
2.37
2.69706
2.9216
3.00829
2.38185
2.40999
2.58129
3.36843
3.02948
2.58733
3.0315
3.42974
3.39866
4.13246
3.34797
3.15529
3.16224
2.53303
2.89932
3.23075
2.53721
3.31858
3.37996
2.49472
3.44794
3.42256
2.45084
2.33294
2.5307
2.84671
2.70678
2.52124
2.58112
2.80449
2.23724
3.23089
2.76458
3.49085
3.27085
2.4131
2.9819
3.44967
3.27943
3.96755
3.83009
3.75132
3.62669
3.36395
3.03827
3.03921
3.95005
3.77563
3.08703
3.68431
2.92434
3.29394
3.01188
4.1068
3.23708
3.25802
3.03994
2.89359
2.64403
3.07463
3.01855
3.2343
3.41032
3.23001
3.4322
2.92337
3.562
2.95479
3.57328
3.65455
2.62943
2.90979
3.00047
2.76259
3.05322
3.1172
3.28742
2.75174
2.97388
2.86619
2.51115
2.73008
2.588
3.42609
2.95381
3.33265
3.20561
2.33345
3.36223
3.06437
2.9715
2.78946
3.28279
3.20194
2.8761
3.27082
2.33343
3.08136
2.29116
3.15722
3.75577
2.71951
3.30549
3.56822
3.31902
3.43457
3.20276
2.88976
3.69217
3.66581
3.55233
3.43111
2.87797
3.07231
2.99313
3.15685
2.53036
3.01379
2.75867
2.35359
3.11099
2.73343
2.96917
2.75274
3.06778
3.02067
3.44162
3.19028
3.04802
2.12501
3.40546
3.01194
3.51801
2.98614
2.46187
2.67511
2.45845
2.84913
2.73297
3.22545
3.22764
3.12835
3.31117
2.61361
3.2361
3.11762
3.14306
3.76995
3.44608
4.06945
2.47751
2.82525
3.01942
3.09745
3.36741
2.57854
3.72456
3.30354
