2.16426
3.05895
2.43565
2.2262
2.44557
2.67451
3.0064
2.97692
2.0122
2.77806
2.90475
3.30439
2.50151
2.75575
3.00768
2.53628
2.58583
3.39952
2.60084
2.24324
3.38003
2.97388
2.89281
3.21202
3.06303
3.48925
3.13957
3.04863
2.74084
3.22243
3.25212
3.87511
3.30942
4.19697
2.89892
2.3067
2.71287
2.99798
2.39696
3.255
2.98697
2.51055
3.17389
3.22573
2.55441
2.31293
2.61379
2.28231
2.2713
2.55191
2.73257
2.74655
2.15189
3.16223
2.90763
3.48864
3.64914
2.36063
3.85893
3.21927
3.81682
3.64123
3.59482
2.9235
3.33434
2.90641
2.97292
3.16617
3.48736
3.60122
3.05565
3.62703
3.10141
3.35307
3.05211
3.27523
3.51
3.23441
3.25686
3.32851
2.78216
2.84729
3.07454
3.02893
3.19613
2.95087
3.07857
3.73524
2.99915
3.62935
3.81226
3.30852
2.51273
3.68818
2.34718
3.05726
3.3287
2.97528
3.43974
3.64158
3.78691
3.54563
2.66154
3.01876
2.75711
3.85066
3.40831
3.6374
3.71825
3.13536
3.25574
3.92985
3.80772
3.17177
3.6309
2.96714
2.72646
4.05414
2.50246
3.17764
3.03334
4.18051
3.8964
3.32442
3.40347
2.94749
3.55015
3.23914
3.26435
3.5825
3.70257
4.19059
3.38227
3.50059
3.3155
3.14406
2.93478
3.378
3.4573
3.00673
3.01894
2.77402
3.02259
2.84979
2.49962
2.63299
3.0376
3.15274
2.88502
3.01739
2.80111
2.88355
2.89759
3.11714
2.73573
2.79086
3.0942
2.55435
3.00949
2.73063
2.65638
2.91067
3.20215
3.71377
3.04983
2.80797
3.36173
3.47868
3.17884
3.10498
3.0549
3.80511
3.03011
2.67533
3.72006
3.37331
3.68367
2.93317
3.34387
3.70544
1.96006
2.81994
2.1754
2.29193
2.40902
2.62049
3.24634
2.82584
1.85578
2.83768
2.79491
2.99112
2.44444
2.9199
2.98475
2.7327
2.84862
3.55444
2.56169
2.42037
3.01096
2.76162
2.72608
3.06862
3.09287
3.41491
3.1004
2.9685
2.43057
3.12844
3.33274
3.68411
3.57779
3.89734
2.73513
2.53685
2.39615
2.87317
2.27944
3.13892
3.34821
2.47607
3.33643
3.20992
2.98699
2.61085
2.88833
2.18978
2.35224
2.69249
2.629
2.59824
2.10301
3.23417
3.0848
3.49337
3.51637
2.55778
3.61519
3.51759
3.94005
3.70135
3.70438
3.15658
3.01385
3.47632
3.12043
3.31467
3.72757
3.14589
3.10199
3.43927
2.95082
3.05124
3.64353
2.77845
3.43398
3.12358
3.2284
3.27631
3.00472
2.84846
2.99487
2.91219
3.23192
2.80595
3.09496
3.49708
2.92277
3.21679
3.26311
3.57482
2.66715
3.64257
2.29193
2.95549
3.10752
2.55079
3.31129
3.68429
3.50554
3.66532
2.6511
2.8568
3.06961
3.56337
3.26636
3.42278
3.95775
3.30775
3.19229
3.46276
3.89547
3.09818
3.70821
3.03661
3.07272
3.20246
2.58864
3.44897
2.80602
3.55714
4.08568
2.88652
3.32809
3.53174
3.1031
3.31125
3.07166
3.31345
3.65172
3.31421
3.4468
3.90988
3.22781
3.68488
3.27618
3.16428
3.03296
2.93395
2.69075
2.61467
2.83156
2.96394
2.43103
2.67821
3.50037
3.16113
3.12625
2.98977
2.81469
2.83702
3.48424
2.7745
2.54712
2.97466
2.68856
2.95003
2.76665
2.64677
2.89786
3.2674
3.34154
3.73486
3.57189
3.29958
3.52777
3.74003
3.30149
2.90538
3.10983
3.97779
3.24493
2.75755
3.28632
3.06657
3.29016
3.09402
3.50196
3.40674
