2.07656
2.83312
2.38879
2.23246
2.4113
2.92389
3.22705
3.03816
1.56884
2.97104
3.12859
2.72646
2.52466
2.26259
2.66869
2.96617
2.92503
3.42512
2.64607
2.96838
3.08932
3.03914
2.59055
2.7999
3.24021
3.40746
2.61831
2.77994
2.91492
3.10694
3.53938
3.6145
3.55089
3.97725
2.88634
2.54838
2.58926
3.16546
2.38488
3.50553
3.42892
2.10971
3.52886
3.46804
2.85971
2.63124
2.44145
2.26156
2.38588
2.89654
2.3397
2.51722
2.09892
3.26601
3.24162
3.3207
3.54566
1.94045
4.02959
3.95487
3.27881
3.42665
3.68168
3.03906
2.74183
2.83036
3.37096
3.37404
3.41269
3.34578
3.14659
3.3243
3.12515
2.78801
3.39298
3.28345
3.30871
3.05144
3.19006
3.25876
2.87602
2.7983
3.1176
3.08356
3.06062
3.14187
3.27182
3.36863
3.56216
3.24594
3.63437
3.33789
2.78949
3.02658
2.52747
3.03151
2.97855
3.46691
3.05495
3.10057
3.26667
3.71012
2.90078
2.62702
2.91167
4.08501
2.7685
3.54294
4.12896
3.09561
3.43731
4.45206
3.50554
3.55144
4.03544
2.80677
2.72853
3.49234
2.06331
3.19229
2.44786
3.94025
3.4403
2.71681
3.19261
3.47483
3.01071
3.10393
3.43992
3.74426
3.60194
3.68777
3.38947
3.53166
3.2798
3.25368
3.77772
2.88594
3.13614
3.38165
2.72338
2.84911
3.19376
2.94005
3.21572
3.01306
3.40153
2.95906
3.17898
2.91396
3.19514
2.68626
3.34385
2.84917
2.93071
3.22575
3.20974
3.44972
3.07294
2.80734
3.01492
3.31312
3.59877
3.93553
3.84463
3.17145
3.85129
3.60011
3.11791
3.29712
3.08378
3.43996
2.85159
2.81373
3.35608
3.10984
3.58927
2.64001
3.46663
3.51944
1.89866
2.96863
2.61013
2.23751
2.51813
2.79186
3.12991
2.99356
1.72361
2.80353
2.76442
2.99201
2.31239
2.29465
2.82889
2.62336
2.62177
3.16137
3.03143
2.69515
3.26618
3.06121
2.99146
2.70064
2.52042
4.11572
3.15413
3.58549
3.29907
3.05863
3.31312
3.73128
3.36838
3.73524
2.7606
2.66472
2.97387
2.88883
2.77918
3.31679
3.48402
2.3794
3.74148
3.28847
2.59085
2.84023
2.42431
2.38943
2.49554
2.30846
2.46554
2.54548
2.10411
3.06859
3.17735
3.4139
3.53336
2.70107
3.38279
3.26861
3.55714
3.10384
3.82079
2.88115
2.97949
3.18548
3.30285
3.12964
3.4897
3.52016
3.3685
3.55891
3.16692
2.76211
3.10157
3.30699
3.36806
2.97068
3.10741
2.99792
2.88961
2.79951
2.81747
3.11448
2.92548
2.90432
3.01447
3.25855
2.79821
3.58394
3.45509
3.13412
2.9731
3.39349
2.85475
2.9833
3.51217
3.25596
3.39235
2.99892
3.45682
3.4774
2.63235
2.71056
3.12018
4.66649
3.02285
3.55891
4.15673
3.28707
3.60829
4.01328
3.55146
3.70581
3.4943
2.88452
2.43097
3.68354
2.295
3.3724
2.41149
3.74235
3.6304
2.536
3.32071
3.64401
3.77144
3.31013
3.09258
3.46237
3.59429
3.65034
3.15831
3.21079
3.41898
3.16259
3.32638
3.03516
3.04435
3.18951
2.58208
3.03292
3.2961
2.71219
2.86462
2.98215
2.89
2.79037
2.95949
2.96953
3.27412
2.67563
3.29874
3.03054
3.72312
3.24777
2.99421
2.69027
2.75398
3.14472
2.85096
3.03874
3.56954
3.64086
3.19104
3.23757
3.37055
3.6142
2.9607
3.02463
2.87105
3.42032
2.52577
2.30443
3.18622
3.11363
3.47274
2.93001
4.07039
4.12592
