2.0621
2.69104
2.31834
2.43023
2.62344
2.81626
2.80565
3.08377
1.72035
3.01436
2.97698
3.48082
2.65804
2.24084
2.62563
3.0242
2.66915
3.14423
2.61276
2.55491
3.13911
3.10928
3.05769
2.9897
3.53581
3.86283
2.9611
3.03287
3.42804
2.94469
3.07141
3.69742
3.12559
3.66956
3.17035
2.60351
2.77223
3.26762
2.54876
3.34734
3.50268
2.77496
3.62964
3.22235
3.18557
2.53203
2.63516
2.725
2.6194
2.80867
2.4148
2.55749
2.17528
3.16081
3.28785
3.31728
3.57917
1.64415
3.58242
3.581
3.72046
3.69118
3.74504
3.26479
2.87748
3.11849
3.25518
3.09858
3.57291
3.47049
3.38458
3.0743
3.10975
3.32312
3.32228
3.48438
3.25067
3.17167
3.49584
3.08056
2.85062
3.19945
2.89578
3.16051
3.20154
2.93447
3.04585
3.05191
2.98573
3.07395
3.61988
3.15371
2.67659
3.49361
2.64337
3.07876
3.4426
3.04178
3.51156
3.24408
3.7883
3.1979
3.04728
3.16646
2.99644
4.16248
3.68659
3.52678
4.34671
3.34482
3.57999
4.61828
3.70641
3.04334
3.218
2.75857
2.84645
3.13018
2.33106
3.0283
2.37568
3.44988
3.88391
3.10486
3.65025
3.01559
2.81287
3.60076
3.02333
3.49703
4.10963
3.6597
3.3779
3.39121
3.29398
3.2705
2.85367
3.17453
3.15533
3.18114
3.13992
2.50614
2.79432
3.05385
2.65661
2.90753
3.22463
3.06499
3.05357
3.06479
3.13723
2.94248
2.95576
2.82502
2.53757
3.43475
2.81473
2.66498
2.89993
2.40345
3.12109
2.49468
3.38516
3.37139
2.39108
2.91686
4.10574
3.68133
3.21194
2.80759
2.99629
3.72321
2.96773
2.79344
3.45194
3.2994
3.52631
2.94664
3.34777
3.36858
1.92472
2.89869
2.39254
2.3889
2.625
2.63504
3.09811
3.07972
1.89586
2.9752
3.3211
3.18626
2.544
2.50932
2.7054
2.78618
2.78338
3.28497
2.86624
2.2615
2.71319
2.86443
2.70889
2.72489
3.35729
3.51058
2.81206
3.28707
2.72208
3.07307
3.25954
3.48722
3.17946
3.9374
3.08661
2.57536
2.59178
3.18277
2.55294
3.39623
3.24502
2.75814
3.34145
3.28984
2.97075
2.88894
2.78897
2.90084
2.94767
2.73276
2.71092
2.58179
2.28761
3.29135
2.93972
3.30786
3.88905
2.07892
3.82892
3.26823
3.54286
4.07767
4.19607
3.31129
2.92985
2.66405
3.40577
3.20946
3.75031
3.42517
3.14547
3.4244
3.19278
3.00251
3.24371
3.2376
3.07755
2.83267
3.26649
2.98031
3.11605
2.83798
2.97588
3.09612
2.86842
3.01661
3.29456
3.58601
2.93023
3.03746
3.52525
3.04664
2.92317
3.34038
2.74563
3.17343
3.22804
3.02718
3.22209
2.8883
3.2736
2.87456
2.88542
2.74571
3.199
3.9437
3.76807
3.10017
3.35926
3.46915
3.36446
4.48523
3.19999
3.15407
3.29453
2.9067
2.64162
3.31604
2.13057
3.16763
2.44947
3.61412
3.9933
2.54401
3.23527
3.4078
3.31768
3.04384
2.99876
2.97058
3.88559
3.46736
3.2917
3.61842
3.2918
3.28677
3.1255
2.74128
3.45524
2.93241
2.99393
2.76767
3.50356
3.06409
2.63215
2.70994
2.95745
3.40601
3.18059
3.03518
3.14821
2.82487
3.43347
2.79524
2.99029
2.3918
2.81919
2.77799
2.56435
2.94016
2.63817
3.56098
3.44065
3.81054
2.82417
3.10836
3.96933
3.16099
3.51681
3.43827
2.82427
3.55614
3.09336
2.80948
3.47983
3.11122
3.17722
3.0711
4.00059
3.7598
