2.03103
2.69621
2.44152
2.43643
2.48231
2.74346
3.67255
2.90926
1.72559
3.05838
2.78274
2.92029
2.35521
2.37955
2.94819
2.78557
2.86568
3.18138
2.85601
2.66529
3.13752
2.74903
3.31149
3.32264
3.58378
3.1131
2.91292
3.02257
3.1292
3.40338
4.16768
3.72951
3.39723
3.44298
3.56166
2.65444
3.17412
3.33535
2.58774
3.19151
3.63883
2.9246
3.06714
2.9578
2.76773
2.92076
2.48299
2.62913
2.51028
2.82081
2.37066
2.44251
2.26977
2.99743
2.91775
3.53177
3.47673
2.35785
3.58242
3.63828
3.73432
3.39858
3.30386
3.63845
4.14064
2.93773
3.03211
2.99759
3.99033
3.55153
3.25736
3.87514
2.97047
2.91408
2.97256
3.45036
3.47728
3.06713
2.94154
2.89727
2.93836
3.24073
2.98345
3.08927
3.50478
3.17567
3.36461
3.67372
3.2234
3.62695
3.44988
3.67011
2.79104
3.60829
2.96139
2.84849
3.17618
3.23954
3.12994
3.42444
3.12385
3.15403
2.47372
2.91357
2.65933
4.29079
3.74075
3.32988
4.203
2.39951
3.8614
4.01542
3.45624
3.03771
3.31012
2.66998
2.84514
2.84443
2.3605
2.96465
2.4246
3.1157
2.98096
3.16677
3.35843
3.48807
3.04976
2.90899
3.25251
3.79172
3.45541
3.65077
3.50835
3.28705
3.38038
3.17227
3.75909
3.01194
3.11779
2.70733
3.13947
2.89794
3.73464
3.03814
3.11449
2.68909
3.37482
3.38829
3.00071
3.11361
3.21444
2.67866
3.27492
2.98542
2.75024
2.83217
2.87059
2.80724
3.2333
3.19072
2.89109
3.16958
3.20336
3.90661
4.16325
3.23533
3.68511
3.42123
3.03137
3.09592
3.06537
3.62989
3.04137
3.60441
3.6229
2.75955
3.24252
3.1621
3.34359
3.59473
1.98146
2.39928
2.68782
2.50339
2.47618
2.49611
3.23695
2.8019
1.71827
3.25549
3.27284
2.96213
2.24394
2.41348
2.79597
2.39103
2.81958
3.09455
2.50435
2.51425
2.76432
2.77655
2.72616
3.29384
2.83656
3.34119
3.09684
3.09257
3.75198
3.24972
3.55153
4.04496
3.66504
4.17477
3.36269
2.25971
2.68758
3.20122
2.34408
3.26167
3.22823
2.48144
3.00429
2.89223
3.23005
3.18839
2.53885
2.34293
2.58548
2.51604
2.36479
2.34115
2.23566
2.7698
3.05931
3.21049
4.16995
2.2354
3.39173
3.16721
3.62376
4.01282
3.53023
3.7497
3.22771
3.11188
3.34968
2.98086
3.75759
3.65016
3.35274
3.46868
3.04083
2.83036
3.12096
2.988
3.6109
3.01132
2.98696
2.87764
3.12656
3.0388
2.99383
2.77068
2.93466
2.9108
3.13787
3.48323
3.24311
3.23953
4.40847
3.84224
2.863
3.15677
2.73023
2.89982
2.82491
2.81973
3.18198
3.70252
3.10084
3.37432
2.57886
2.95341
2.6118
3.70397
3.33458
3.55251
3.56351
2.91698
3.61101
4.04047
3.42369
3.37137
3.32548
2.8145
2.67598
2.99984
2.18381
3.1257
2.83498
3.88318
3.62436
2.81413
3.08629
3.34087
3.24952
3.1611
2.95484
3.18809
3.59771
3.36891
3.44393
3.10475
3.55362
3.1625
3.56682
3.11356
3.23948
3.00519
2.78841
2.65937
3.07808
3.0476
2.86476
2.9271
2.90367
3.21931
3.05182
3.06289
3.15366
2.80189
2.39377
3.01982
2.87481
3.10608
3.0889
2.58784
3.27642
3.2971
3.1412
3.16566
3.51162
4.12795
3.4034
3.47779
3.89956
3.41964
3.24566
3.03803
2.64436
3.2321
2.98741
3.21852
3.0828
2.98326
3.07842
3.17598
3.23969
3.08976
