1.81829
2.88498
2.35149
2.21174
2.39421
2.54635
3.28559
2.94561
1.82771
2.83037
3.42922
3.2501
2.44211
2.81631
2.50902
2.28753
2.64312
3.12576
2.76035
2.55996
3.43002
3.30795
2.81626
3.08576
3.21104
3.83784
3.60644
2.89791
3.01064
3.37407
3.3475
3.50747
3.7548
4.10749
3.29258
2.45587
2.7526
3.17658
2.36759
3.34718
3.20647
2.69292
3.6354
3.35454
3.31214
2.7371
2.74689
2.58323
2.56662
2.6404
2.67699
2.72817
2.0635
3.17218
3.01663
3.68339
3.54905
2.04958
3.82952
3.3114
3.98768
3.71785
3.99927
3.57555
3.0756
2.72209
3.32641
3.0846
3.93429
3.71394
2.74316
3.13386
3.38267
3.14611
3.6013
3.41316
3.41354
3.04541
3.35587
3.04843
3.23352
2.99017
3.06825
3.20481
3.27622
2.96652
3.06663
3.43973
3.21903
3.33833
3.3868
3.18054
2.42291
3.7472
2.9337
2.93527
3.21403
3.18342
3.15558
3.50803
2.93381
2.95562
2.88426
2.84788
3.08168
4.0963
3.34933
3.32585
3.69024
3.19534
3.52483
4.27065
3.53101
2.85123
3.31161
3.24359
3.01108
3.31582
2.30306
3.16746
3.21831
3.53139
3.72208
3.14774
3.42805
3.71823
2.93289
3.4374
3.02245
3.51093
3.56398
3.70895
3.36961
3.44036
3.1494
3.53315
3.29429
3.23546
3.26745
2.88169
2.63958
2.75977
2.87862
3.2244
2.8582
2.83574
3.31673
3.11038
3.07767
3.0353
3.09313
2.25889
3.03282
3.05861
2.5605
2.61972
3.09143
2.7792
2.93447
2.68867
3.02619
4.05612
3.64678
3.68337
3.17114
3.25272
3.61554
3.57705
3.3072
3.13723
3.10864
3.48524
3.10969
2.78194
3.29204
3.59507
3.43061
3.03361
3.32848
3.61282
1.79458
2.667
2.2403
2.03213
2.22869
2.47798
3.03676
3.04471
1.84057
2.86883
2.71287
3.66988
2.49646
2.74235
2.61151
2.65653
2.72782
3.37585
2.77476
2.55714
2.87694
2.84788
2.6974
2.85253
2.97983
3.97235
3.07721
2.90026
3.21166
3.14819
3.15718
3.48612
3.68906
3.70071
3.04548
2.41604
2.68271
3.09731
2.37138
3.21341
3.21593
2.6468
3.38656
3.3772
2.81609
2.86342
3.23273
2.3728
2.95112
2.60784
2.62442
2.5259
2.35941
3.29773
2.94816
3.80965
3.31511
2.57487
3.7738
3.56153
4.0298
3.48187
4.05562
3.10115
2.70468
2.82992
3.52643
2.9126
3.76684
3.70451
3.11134
3.11345
3.12306
3.55357
3.20878
3.25358
3.49954
3.3107
3.15157
3.30302
3.16528
2.99772
3.17769
3.14342
3.21054
3.18236
2.84543
3.3886
2.95379
2.77048
3.51337
3.15349
2.25689
3.18393
2.87875
3.15645
3.40177
3.38222
3.70647
3.70167
3.58433
3.47928
2.38196
2.92126
3.17378
4.24559
3.41691
3.2849
3.60146
3.38659
3.53961
3.88522
3.47977
2.97642
3.24318
3.36521
2.95138
3.34912
2.24519
3.14705
2.31156
3.49434
3.73588
3.26992
3.30938
3.5055
3.26353
3.09608
3.03108
3.04743
3.46582
3.60062
3.46902
3.17495
3.09757
3.0316
2.98432
3.05105
2.88749
2.89147
3.03392
2.76162
2.80305
2.89321
3.18074
2.76279
3.78176
3.20691
3.15981
3.14969
3.01842
2.77705
3.08376
2.90115
2.58896
2.94719
3.02442
2.60909
2.75767
2.82386
2.92247
3.58859
3.53994
3.26203
2.76505
3.27423
3.09247
3.49029
3.29445
2.69993
3.06299
3.64516
3.02721
2.9392
3.51381
3.24255
3.1343
3.01916
3.6786
3.38778
