2.11005
3.47974
2.26394
2.40644
2.61132
2.75804
3.10981
2.90372
1.9307
3.04091
3.41736
3.6029
2.51256
2.8039
2.74625
3.449
2.93572
3.3349
2.81474
2.80213
3.0252
2.35709
3.06499
3.21821
3.47385
3.54913
3.09561
3.04841
3.29054
3.38369
3.38469
3.69129
3.6295
3.96828
3.21227
2.70806
2.60633
2.84855
2.26557
3.26818
3.20122
2.72932
3.50063
3.47107
2.6455
2.65214
2.65496
2.48748
2.70513
2.51379
2.70666
2.64507
2.18954
3.04593
3.04157
3.44702
3.63435
2.15148
3.29605
3.25286
3.03386
3.23722
3.55033
3.24314
2.43435
3.28805
3.29206
3.18939
3.37994
3.56439
3.46765
2.81151
3.11428
3.31536
3.23421
3.54108
2.95455
3.58404
2.90449
3.02455
2.87998
2.93652
2.90834
2.98746
2.9778
2.9068
2.97414
3.27096
3.26969
3.33363
3.69918
3.61846
2.84208
3.73716
2.87058
3.07543
3.40136
3.26373
3.20855
2.97224
3.4245
3.1408
3.08552
2.99173
3.19993
3.97612
3.06776
3.30982
4.3205
2.43774
3.77785
4.31251
3.51281
3.32985
3.02887
3.28293
2.88912
2.9817
2.32339
3.33727
2.85965
3.53595
3.60835
3.01657
3.60283
2.77405
3.00571
3.23394
3.4834
3.7104
3.53619
3.32591
3.42071
3.30811
3.59982
3.19268
3.38464
3.24836
3.39632
3.05001
3.06823
2.48134
3.37547
3.20712
2.9998
3.13715
3.06005
3.23935
3.14492
3.47182
3.40216
2.5456
2.81023
2.46343
2.43865
3.06218
3.22722
3.01079
3.10683
2.82677
2.94196
2.65292
3.51384
3.06357
2.63716
3.24103
3.5749
3.34668
3.41377
2.82886
2.98715
3.62116
2.95764
3.08155
3.29911
3.14806
3.17517
3.10685
3.28762
3.49162
2.22503
2.69697
2.67643
2.38318
2.63456
2.61768
2.89569
2.92578
2.07596
2.89532
2.69801
3.31514
2.78702
2.68811
2.95042
2.60798
2.72202
3.37358
2.75189
3.34389
2.85403
2.393
2.76379
2.66115
3.34409
3.71769
3.17341
3.1912
3.11429
3.08796
3.26253
3.5957
3.75625
3.66335
2.8753
2.60088
2.44626
3.04365
2.21892
3.20284
3.06675
2.65839
3.37286
3.15438
2.7676
3.10008
2.93204
2.57638
3.47287
2.91305
2.83564
2.87966
2.16943
3.1455
3.19246
3.18205
4.04829
2.22397
3.60346
3.18422
3.304
3.58761
3.82303
3.19328
3.39738
3.27401
3.20559
3.14952
3.54936
3.94851
3.45544
3.37862
3.1391
3.29663
3.14367
3.54661
3.22997
2.9942
3.40023
3.42755
3.58428
3.11971
3.19953
3.36789
2.71051
3.15891
3.30829
3.57677
3.1134
3.49397
3.39366
3.6376
2.69067
3.71078
2.79906
3.17263
3.27064
3.26666
3.25907
3.02481
3.30538
3.10243
2.94823
2.87497
3.23258
4.3418
3.04781
3.4653
3.86212
3.37946
3.5238
3.28691
3.52561
3.3064
3.50943
3.18114
2.98992
3.00544
2.31987
3.30928
2.67654
3.15025
3.50354
2.45487
3.27863
2.89075
3.30252
3.23996
3.05774
3.20272
3.52727
3.40126
3.4406
3.23618
3.81147
3.13725
3.2537
2.92428
3.59482
3.41719
3.18992
2.96661
3.06652
2.77651
2.88946
3.09589
3.21451
3.41838
2.86293
3.19074
3.11088
2.42664
2.68187
2.83053
2.46393
2.81731
2.76638
3.3836
3.06748
2.8322
2.93814
3.21267
3.79472
2.9846
2.46742
3.08828
3.97014
3.52604
3.2457
2.73995
2.97618
3.93125
2.78035
2.40104
3.03741
2.928
3.68601
3.05989
3.59312
3.24115
