1.94354
2.67571
2.33551
2.12364
2.375
2.71212
3.35563
3.07269
1.78781
3.1641
2.94004
3.32442
2.60684
2.89037
2.88377
2.60726
2.59428
3.16081
2.62057
3.06799
3.03135
2.4914
2.5531
3.13704
3.14229
3.37845
3.09439
2.8351
3.52253
3.15761
3.49104
3.44843
3.03437
3.86085
2.83652
2.69046
2.93381
2.90689
2.74911
3.33485
3.58634
3.02729
3.39404
3.22628
3.14381
2.81774
2.45991
2.39834
2.36693
2.52097
2.70974
2.66334
2.13099
2.97139
3.01797
3.29363
3.05613
2.71835
2.82134
3.53326
3.2406
3.255
3.86899
2.71654
3.26249
2.80539
3.46838
3.11268
3.39353
3.55559
3.28175
2.73156
2.9949
2.82035
3.0324
2.74266
3.11536
3.06302
3.02656
2.94899
2.78503
2.65792
2.99692
2.94637
3.22668
2.9376
2.882
3.49095
2.75598
3.38185
3.69884
2.82316
2.38465
3.06682
2.2918
2.96128
2.96136
3.22857
3.2026
3.53109
3.6138
3.17963
2.57394
2.86343
3.13121
4.44024
3.56455
3.20351
3.29758
2.42448
3.21877
4.10103
3.58075
3.21624
3.39037
3.03493
2.66245
3.15996
2.70765
2.97045
3.18781
3.36071
3.68008
2.81028
3.16575
3.10363
2.51299
3.01865
3.10543
3.05437
3.26008
3.80873
3.22987
3.24546
3.15943
2.90556
3.1243
2.66633
2.91239
2.71474
2.96691
2.68707
3.04884
2.75765
2.83501
2.89333
3.41758
3.00653
3.08976
3.35189
3.24804
2.6972
2.9628
2.91725
2.43107
2.51215
2.73092
2.9759
3.08201
3.1582
3.04044
2.88066
3.33386
3.27911
2.64081
2.99957
3.68889
3.3581
3.08289
2.84225
3.09885
3.24673
3.10922
3.05669
3.16454
3.12758
3.64746
3.00849
3.45595
3.45711
1.9815
2.81386
2.27823
2.41402
2.40773
2.77257
3.16953
3.0616
1.91728
3.01476
2.86432
3.31361
2.26058
2.88279
2.96338
2.69201
2.8209
3.11592
2.72807
2.52027
3.14739
3.42586
2.85367
3.12467
3.04899
3.51521
2.95491
3.15105
3.26036
3.14123
3.32546
3.21112
3.6103
3.84037
3.14154
2.81182
2.83268
2.82731
2.70231
3.26111
2.99542
2.91601
3.58037
3.50347
3.1135
2.80976
3.01943
2.62907
2.97361
2.73471
2.57823
2.54146
2.23577
3.19329
2.96935
3.47535
3.26478
2.47847
3.36169
3.57845
2.87747
3.72477
3.58604
2.98315
2.86817
2.66769
3.1217
3.24622
3.53414
3.40882
3.30054
3.0312
2.99062
3.12259
3.17808
2.86893
2.98832
3.24618
2.88498
3.44019
2.86861
3.12488
3.14518
2.90781
2.6001
3.0873
3.13531
3.17394
2.7117
3.4306
3.32064
3.15225
2.16708
3.14572
2.67208
3.17778
3.22178
3.16367
3.23059
3.45048
2.93262
3.12273
2.91117
3.03558
3.4143
4.43152
3.47307
3.42851
3.97054
3.57315
3.62085
3.68493
3.94444
3.28871
3.62114
2.77727
2.73293
3.05008
2.81598
3.2527
2.99407
3.51227
3.67616
3.07133
3.57311
3.43716
2.86556
3.50661
3.08819
3.32806
3.47054
3.61797
3.55616
3.16397
3.12569
3.28631
3.46435
3.04598
2.80008
2.83745
2.6899
2.61018
2.88715
2.83784
2.79494
3.03622
3.75828
3.38089
3.23856
2.79913
2.91992
2.60209
2.79895
2.99119
2.72287
2.49874
2.98753
2.62874
2.94942
2.73965
2.91473
3.56992
3.29472
2.93752
2.87512
2.89597
3.51034
3.59079
3.29119
3.03125
3.02112
3.06611
3.35144
2.91349
3.55339
3.0712
3.39752
3.24575
3.51347
3.66687
