1.78118
2.66197
2.48751
2.2219
2.48089
2.78216
3.2006
3.14509
2.10505
3.17176
3.26304
3.28286
2.50314
2.47734
2.90746
2.83652
2.66615
3.27302
2.84778
2.62371
2.89905
3.25538
3.11072
3.40886
3.60737
3.78611
3.16844
2.94288
3.26424
3.42049
3.41386
4.04549
3.40455
3.64761
3.17725
2.68485
2.92758
3.2814
2.54407
3.33639
3.06055
2.97613
3.84254
3.55753
3.05947
2.73347
2.76795
2.6928
2.78764
2.78008
2.90796
2.81361
2.25349
3.39502
3.47022
3.39734
3.63325
2.07016
3.54605
3.52172
3.18651
3.82859
3.92672
3.26745
2.81137
3.30452
3.46493
3.21831
3.53804
3.53946
3.14006
3.08948
3.29837
3.37331
3.3565
3.52732
3.48296
3.1243
3.19546
3.45724
3.07068
2.9049
3.10276
3.1344
2.83587
3.3348
3.45785
3.19574
3.05704
3.11183
3.46247
3.34343
2.19375
3.70386
2.89731
3.25546
3.21806
3.70726
2.87228
3.38873
3.50081
3.28139
2.98073
3.27935
3.39393
4.22931
3.63799
3.25899
4.04404
2.96403
3.75028
4.15245
3.08751
2.99297
3.13818
3.11342
2.86235
3.04891
2.20252
3.2128
2.45513
3.30359
3.80889
2.91091
3.4959
2.77488
2.43877
3.15856
3.5559
3.98566
3.84775
3.93744
3.55464
3.18733
3.17624
3.32134
3.14702
3.02063
3.43597
3.40958
3.15596
2.71254
3.25643
3.09904
3.06399
3.09147
3.22313
3.33828
3.10557
3.19195
3.38784
2.58513
2.87175
2.67134
2.40479
3.05749
2.77498
3.1951
3.058
2.89022
3.21086
3.05409
3.03868
3.16371
2.85446
3.19321
3.81802
3.64945
2.99081
2.99688
3.15353
3.69932
3.05104
3.08756
3.24283
3.62013
3.7257
3.19562
3.48894
3.47247
1.77491
2.92094
2.59442
2.22259
2.52827
2.79798
3.03079
3.09352
2.14802
3.14689
2.69791
3.0796
2.66242
2.79311
3.08968
2.88183
2.77484
3.4548
2.81472
2.6838
2.53283
3.27863
2.93179
3.24992
3.20266
3.50455
3.30757
3.2176
3.49867
3.14623
3.35386
3.90394
3.50581
4.19298
3.5399
2.70453
2.90865
3.31344
2.68955
3.34749
3.41076
2.86628
3.69588
3.43296
3.09371
3.11661
2.92179
2.6073
3.08429
3.00419
2.81443
2.65668
2.25753
3.24578
3.28551
3.20982
3.38644
1.80934
3.46135
3.3751
3.08961
3.84745
4.06522
3.22614
2.66587
3.43575
3.60561
3.19338
3.5913
3.51519
3.13294
3.19341
3.22153
3.31539
3.13762
3.53247
3.26829
3.06221
2.92365
3.26875
2.81395
2.79859
3.0554
3.17079
3.21251
2.97968
2.81534
3.20352
2.74704
2.84908
3.54353
3.78043
2.3719
3.47887
2.94903
3.17898
3.28926
3.66642
3.01435
3.34621
3.41192
3.51324
3.05044
3.30575
3.27073
3.84618
3.20356
3.22416
4.12167
3.64966
3.44244
4.49569
3.17101
3.01222
3.24538
2.9405
3.0617
3.24506
2.20983
3.02888
2.46088
3.28034
3.47791
2.89811
3.24302
3.05524
2.93739
2.93543
3.05546
3.29164
3.37045
3.61741
3.26869
2.97305
3.12776
2.8931
3.55955
3.06364
3.22127
3.07019
2.9984
2.55321
3.36627
3.11695
3.01706
3.15308
3.25057
2.54366
3.21357
2.97126
3.08925
2.52717
3.0016
2.91597
2.74536
2.71194
3.31576
3.22449
2.53234
2.62561
3.27048
3.27031
3.56601
3.14147
2.63667
2.75317
3.7532
3.54778
3.11651
2.83126
3.14886
3.41148
3.11627
2.80835
3.52683
3.1795
3.26142
3.4293
3.77976
3.51899
