1.93869
3.20912
2.51275
2.26459
2.59427
2.87767
3.42159
3.01404
1.78341
2.96966
2.94342
3.09167
2.43369
2.26081
3.27378
2.67915
2.83578
3.72084
2.71331
2.82268
3.34033
3.51217
2.68616
2.84578
3.13648
3.86573
3.03697
2.76609
3.42138
3.36481
3.53598
3.52565
3.72341
3.74148
3.32396
2.87556
3.0584
3.12267
2.93454
3.55209
3.1559
2.60589
3.62666
3.43692
2.9628
2.72746
2.48733
2.62222
3.0115
2.722
2.55038
2.75219
2.25773
3.14228
3.12625
3.55856
3.51641
1.83922
3.86849
3.25723
3.15256
3.58718
3.95923
3.22045
2.64734
3.10546
3.313
3.0735
3.427
3.45593
3.13987
3.50347
2.97349
3.0324
3.25565
3.35047
3.51281
3.44489
3.00778
3.14137
3.1764
2.86714
2.89898
3.14552
2.97099
2.88852
3.29546
3.71118
3.09409
3.56888
3.40882
3.25282
2.92604
3.49717
2.74928
2.90965
3.34931
3.79785
3.07579
3.0815
3.059
3.3444
3.18294
3.22805
3.28611
3.31505
3.28628
3.26747
3.25144
2.12352
3.34747
3.1958
3.24528
2.85935
3.03138
3.04761
2.79665
3.26305
2.20744
3.49587
2.44561
3.73176
4.13522
3.16575
3.81809
3.16941
2.87616
3.32163
3.16545
3.46934
3.81662
3.5154
3.13313
3.57126
3.29716
2.98319
3.36269
3.01942
2.83151
3.04883
2.99983
2.98496
2.98824
2.79109
2.90435
2.93731
3.34464
3.30496
3.22068
3.21106
3.25889
2.63963
2.94756
2.85977
2.73355
3.26642
2.69828
3.18628
2.8156
2.80325
3.27019
2.71701
3.48679
3.25702
2.74566
3.27545
3.33309
3.5811
3.06532
3.02615
3.11021
3.3537
2.97076
3.17877
3.644
3.40617
3.62977
3.00364
3.70927
3.58708
2.00918
2.66188
2.41146
2.29649
2.42878
2.80399
3.54115
2.99316
1.75787
3.60064
2.9161
3.02057
2.58363
2.58219
2.85089
2.42174
2.5804
3.27048
2.47369
2.64087
3.24414
3.14733
2.59492
3.29526
3.14706
3.82908
3.56012
3.74352
3.13194
3.33935
3.08669
3.59446
3.42183
3.88948
3.34159
2.92724
2.82307
3.28093
2.72819
3.54103
3.46991
2.88496
3.72444
3.28236
2.84725
2.85642
2.5365
2.14764
2.71665
2.67001
2.59864
2.63151
2.29716
2.86738
2.79197
3.72057
2.92858
2.16282
3.52516
3.29138
3.35675
3.83656
4.24026
3.46993
3.21673
2.97485
3.32947
3.26315
3.84104
3.45104
3.4187
3.2456
3.06602
2.74589
3.06185
3.14389
3.29951
3.33189
3.23606
3.13949
3.29532
3.37179
3.31124
3.21444
3.03178
2.97568
2.97573
3.77789
2.84427
3.35586
3.34368
3.29383
2.65067
3.41979
2.57042
2.96458
3.14306
3.3555
3.33233
3.39772
3.38751
3.22997
2.71555
2.94596
3.15412
3.63256
3.24501
3.17734
3.48887
2.53017
3.4893
3.54681
3.44426
3.20761
3.44273
3.0217
2.8438
2.87073
2.15921
3.28156
3.16007
4.09901
4.52774
2.75708
3.46972
3.23616
3.23426
3.23346
3.12602
3.39244
3.44788
3.75048
3.28904
3.20942
2.99277
3.17716
3.23272
3.30131
3.08057
3.26682
2.93275
2.75867
3.19085
2.73971
2.72174
2.76186
3.28304
3.00175
3.06545
3.17077
3.21788
2.64137
2.86616
3.01335
3.13723
2.9594
3.01784
3.26634
2.58032
2.85991
3.03623
3.39924
3.51282
3.18836
2.76845
3.001
3.62114
3.30002
3.21167
2.80266
3.11076
3.56581
3.3081
2.68158
3.42061
3.06486
3.87731
3.15807
3.46445
4.08159
