1.87395
3.11132
2.41097
2.30615
2.4953
2.72826
3.16908
2.64228
1.49944
3.30894
2.7573
3.64413
2.3986
2.62968
2.58838
2.51503
2.69745
2.94351
2.53667
2.78962
3.25105
2.64219
2.69924
2.81159
3.51106
3.53565
3.06565
2.64389
2.70518
3.14411
3.86525
3.8806
3.50255
4.2692
2.92787
2.11651
2.53183
2.92181
2.12251
3.22064
3.01712
2.62604
3.23123
3.54863
2.85366
3.03425
2.43091
2.18353
2.39748
2.37875
1.98233
2.06424
2.07376
2.95906
2.86782
3.17723
3.40707
2.51681
3.47795
3.30136
3.25003
3.53094
3.83799
3.48943
2.31727
2.82015
3.17949
3.03791
3.64457
3.793
3.28386
3.44733
2.99302
3.07862
3.44947
3.45071
3.41179
3.05935
3.06416
2.98692
2.74529
2.74592
3.0546
3.11511
3.274
2.9588
3.3846
3.28488
2.94328
3.56055
4.01783
3.13239
2.87039
3.83566
2.13282
2.89708
3.47806
3.45351
3.30629
3.70431
3.25917
3.22262
2.48897
2.80899
3.09761
3.65625
3.11177
3.64593
3.38291
2.66285
3.56467
3.78045
3.48778
3.31481
3.27613
2.81402
2.35974
2.83021
2.26105
3.3366
3.26976
3.40064
3.84162
2.91051
3.41249
3.47715
2.70709
3.03261
3.13776
3.74085
3.89607
3.7932
3.31344
3.43839
3.39876
3.09966
3.57573
2.90025
3.18891
3.05947
3.14734
2.73085
3.52563
2.38678
2.52756
2.57462
3.35382
3.21853
2.88498
3.13634
3.01761
2.50775
3.0259
3.13757
2.51449
3.10182
2.97208
3.02629
3.18172
3.03925
3.07946
3.06614
3.46004
2.84884
2.51137
3.16139
3.51352
3.26318
3.40218
2.92412
3.13548
3.84676
2.84158
2.22434
3.67664
2.91127
3.27534
2.78308
3.2855
3.91317
1.9837
2.79928
2.142
2.44864
2.55014
2.67851
2.98119
2.66797
1.58347
3.34853
2.81272
3.13519
2.01021
3.35516
2.75657
2.69872
2.55714
3.2795
2.79019
2.56306
2.90649
2.88564
2.8491
3.25588
3.60447
4.04991
2.93072
3.38671
2.74802
2.89036
3.52937
3.56546
3.09763
3.38889
3.22282
2.18807
2.49037
3.18194
2.03762
3.22757
3.18836
2.5124
3.61646
3.38539
2.879
2.49346
2.41038
2.10106
3.13972
2.49156
2.44969
2.25821
1.82744
2.89832
2.93131
3.4255
3.31706
2.67856
3.67274
3.01476
3.91047
3.45667
3.94462
3.10276
3.16004
2.79036
3.29171
3.21973
3.83698
4.20149
3.24287
3.39827
2.98115
3.14461
3.36098
3.54133
3.4422
3.31159
3.11356
3.06851
3.0413
2.95655
3.14972
3.0784
3.55866
3.06869
3.25489
3.79558
2.82292
3.88638
3.65702
3.28657
2.86886
3.5665
2.4764
2.84326
3.4325
2.67116
3.41788
3.13251
3.38447
3.09203
2.7344
2.65561
2.92641
3.18896
3.28542
3.41624
3.4788
3.02229
3.59449
3.75879
4.05624
3.25068
3.47936
2.88694
2.35069
3.21655
2.50294
3.30549
3.54739
3.28696
4.04144
2.62296
3.3262
3.63821
2.97093
3.16634
3.13285
3.0954
3.62411
3.55552
3.26586
3.3565
3.45841
2.91005
3.22959
2.66622
3.01926
3.06927
2.67498
2.5304
3.47338
2.56798
2.67104
2.78226
2.88015
3.12121
3.2537
3.34205
3.29572
2.87509
2.80218
3.43627
2.75894
3.18013
2.88618
2.87166
2.70096
3.53562
3.08936
3.0678
3.59396
3.59913
3.49924
3.29349
3.25007
3.20877
3.13553
2.88854
3.23918
3.64274
3.07455
2.52768
3.4519
3.06748
3.49592
2.87238
3.59738
3.73168
