1.85178
3.03884
2.19253
2.35545
2.37127
2.59859
2.78536
2.75426
1.78819
2.60766
3.16668
2.95198
2.53775
2.52742
2.9788
2.79129
2.58679
3.29905
2.78197
2.4273
3.01186
2.93327
3.18727
3.30865
3.11628
3.60802
2.93039
3.13282
3.13067
2.95352
3.47487
3.8646
3.38225
3.68378
3.23162
2.48633
2.70841
2.89755
2.80023
2.92646
2.79451
2.92305
3.3241
3.35701
2.70607
2.71637
2.61508
2.86916
3.01766
2.6102
2.35668
2.44428
2.10455
2.86641
2.87568
3.39502
3.89153
2.18743
3.39129
3.00057
3.48367
3.59921
4.01375
3.34488
2.84112
3.11503
2.89154
3.1552
3.3454
3.46287
2.75613
2.96482
3.18
2.91829
2.99681
3.06559
3.00308
3.10215
3.48147
3.25806
3.20887
2.81038
2.69634
2.68638
2.57723
2.68245
2.88587
2.71782
2.44126
3.01791
3.19963
3.32884
2.60361
3.44945
2.87458
3.02278
3.20966
2.981
3.50718
3.57286
3.89708
3.39898
2.8132
3.0697
3.06822
4.6161
3.12038
3.28722
4.07268
3.78443
3.48916
4.42888
3.70267
2.87684
3.286
2.76505
2.44974
2.75393
2.58743
3.17138
2.58051
3.11521
3.24298
3.6321
3.4758
3.02423
2.83423
2.95324
3.48725
3.96046
3.44885
3.76951
3.38987
3.0805
3.40357
3.0983
3.59916
3.53364
3.0413
3.07661
2.94213
2.48633
3.06341
2.80529
3.078
3.3481
2.94828
2.79341
3.04286
3.15387
3.09067
2.39593
2.77051
3.05482
2.41097
2.92726
3.26405
2.88757
3.26168
3.10047
3.44389
3.23865
3.00451
3.73401
3.28074
3.40529
3.81886
3.34675
3.12629
2.63316
2.72101
3.66585
2.78035
3.28349
3.42758
3.70743
3.74675
3.08997
3.29083
3.22263
1.94286
2.85496
2.18029
2.26298
2.47141
2.67837
3.08959
2.79835
1.90762
2.96807
2.98364
3.52676
2.4228
2.74413
2.88321
2.59424
2.40018
3.30336
3.04833
2.67848
3.18656
3.35447
2.35205
3.10876
3.06971
3.48373
2.86571
3.14573
2.95831
2.85657
3.47445
3.83456
3.44616
3.64552
2.92435
2.40132
2.60553
2.9544
2.31852
3.13529
2.77261
1.96876
3.35226
3.38269
2.54143
2.67938
2.24965
2.50607
2.42784
2.51115
2.62029
2.42414
2.02186
3.21555
3.19514
3.29846
3.39149
2.46462
3.62052
3.10464
3.01381
3.66887
3.81749
3.03342
2.86965
3.22766
3.18021
3.2068
3.51451
3.47921
2.85752
2.88266
2.98091
3.10666
3.04977
3.11817
2.97445
3.09398
2.96055
3.05887
2.66295
2.88304
2.74794
2.83513
2.81357
2.6144
2.76657
2.80852
2.53345
2.8666
3.21192
3.18733
2.52491
3.23598
2.8702
2.93112
2.72014
3.00452
3.12289
3.805
3.28844
3.27852
2.526
3.0688
3.09417
4.40702
3.4576
3.27246
3.63645
3.72659
3.40916
4.1544
3.30844
3.05798
3.1637
2.79422
2.70425
3.23096
2.60717
3.44538
2.59814
3.35746
3.50139
3.33828
3.04783
3.08682
3.0534
2.94687
3.0125
2.97871
3.54857
3.51483
3.31885
3.31936
3.3473
3.03122
3.244
3.03175
3.21269
2.92606
2.78153
2.39041
3.12869
2.75762
2.95285
2.80588
3.33671
2.94312
2.84036
3.01869
2.81879
2.41957
2.61977
2.81719
2.8497
3.01353
2.62853
3.26567
2.88132
3.00749
2.5402
2.71247
3.22171
2.73879
2.42565
3.4873
3.59084
3.42253
3.78871
2.70345
2.66681
3.94578
3.06393
2.68111
3.12243
3.09386
3.05275
2.80856
3.09762
3.48361
