1.93115
3.02621
2.3277
2.2253
2.30191
2.60494
3.17113
2.94267
1.74751
2.94001
2.70862
3.42286
2.43787
2.54969
2.57218
2.46807
2.51667
3.04965
2.61859
2.66212
2.81142
2.89904
2.69173
2.88918
3.16221
3.32288
3.26765
3.26985
3.38703
3.05564
3.02566
3.97549
3.13612
4.10599
3.12827
2.71746
3.00319
3.32337
2.81727
3.24971
3.6164
2.70971
3.19602
3.27402
2.83632
3.03372
2.68361
2.52665
2.9617
2.81479
2.49453
2.59078
2.01154
2.96416
3.12133
3.1908
3.74497
2.07501
3.50944
3.23803
3.6587
3.27995
3.95953
3.11375
2.49574
3.26392
3.43153
2.96406
3.44395
3.89373
3.54005
3.56884
3.00785
2.89634
3.22783
3.51088
3.29979
2.92433
3.05449
3.21043
2.6664
3.12382
3.29715
3.03767
3.07037
3.10699
3.47591
3.34368
3.12119
3.36683
3.79258
3.42373
2.68456
3.14618
2.76582
3.21953
3.39102
3.0432
3.19829
2.88414
3.59721
3.11575
2.45071
2.58794
3.02775
4.04058
3.02531
3.35625
4.09786
3.55287
3.3243
4.48617
3.3292
3.04656
2.88398
2.9344
3.16203
2.8546
2.28361
2.97465
2.74896
3.6743
3.79354
3.31676
3.71006
2.55627
2.90641
3.20268
3.54336
3.86328
3.93173
3.71897
3.40834
3.05884
3.52973
3.16011
3.32539
2.96148
3.05708
2.76117
2.87578
2.50237
2.95862
2.90051
2.88191
2.61492
3.13285
3.18144
3.00454
2.87497
3.15584
2.41405
2.59588
3.35212
2.54826
3.44335
3.02682
3.13533
2.93264
2.52223
2.44226
3.65561
3.53601
4.13298
3.65371
3.26349
3.54296
3.62903
3.13872
2.94523
3.38577
3.99238
2.69915
3.08596
3.68166
2.99159
3.4412
3.07044
3.55052
3.83125
2.02003
3.21117
2.65106
2.1941
2.46935
2.63667
3.91382
2.8927
1.76432
2.67519
2.77659
3.26087
2.17678
2.66495
2.79476
2.39308
2.3485
3.44791
2.49919
2.51926
2.94117
3.15993
2.76854
2.85291
3.42591
3.85815
3.05356
2.92758
2.94326
3.15626
3.40736
3.83806
3.20377
4.08318
3.01919
2.50332
2.87545
2.99839
3.22138
3.54523
3.17378
2.60461
3.87023
3.22653
2.99811
2.48255
2.65475
2.57467
2.93916
2.68435
2.51915
2.64378
2.15677
3.10325
3.00951
3.51462
3.5814
2.63482
3.04625
3.27861
3.75832
3.72194
3.62071
3.03218
2.9769
3.2545
3.40678
2.8393
3.50303
3.81928
3.39531
3.58662
3.1847
3.02892
3.22777
3.55281
3.4362
3.08582
3.03248
3.02569
2.81327
3.04426
3.00126
3.02003
3.18501
3.12003
3.42943
3.11663
3.01722
2.98064
3.60177
2.97227
2.70753
3.39192
2.95271
2.95388
3.17352
3.26128
2.98846
3.17465
3.25954
3.49258
2.78467
2.97356
2.73725
4.05711
3.14458
3.21408
3.38781
3.94545
3.46966
4.50887
3.28477
2.98371
3.23136
2.62053
2.75275
3.11717
2.1276
2.64448
3.17388
3.63427
3.20537
2.77078
3.12477
2.8635
2.82746
3.05144
3.2043
3.32247
3.72247
3.4695
3.30713
3.23459
3.43712
2.89071
3.35198
2.9832
3.32669
2.85629
2.85124
2.59588
2.78726
2.71971
2.94991
2.74975
3.22759
3.18449
2.99845
2.85441
3.0166
2.2163
2.59792
2.90654
2.55826
2.9767
3.35182
3.11267
2.84494
2.81672
2.56738
3.60227
3.29239
3.81971
2.71744
3.65989
3.37808
3.50445
2.98088
3.10038
2.87445
3.44156
2.88724
2.73704
3.20816
3.33685
3.05665
3.02262
3.662
3.69117
