1.7152
2.98972
2.34177
2.2914
2.28479
2.82159
3.51552
2.66674
1.48644
2.72822
2.52632
2.86779
1.91283
2.4062
2.70125
2.30607
2.67542
3.36946
2.21148
2.65689
3.02248
3.28398
2.85426
3.00213
3.58883
3.30788
2.80572
3.26218
2.56512
3.35488
3.05088
3.67817
3.75164
3.89604
2.9266
2.00142
2.40082
2.96241
2.16773
3.11436
2.87736
2.28577
2.83879
2.73588
2.62772
2.58502
2.63919
1.99747
2.52011
2.25397
2.43532
2.31051
1.95346
3.02673
2.57169
3.03156
3.59155
2.71767
3.35743
2.97246
3.67892
3.43554
3.07742
3.0632
3.74878
2.56629
2.77721
2.90097
3.6437
3.14072
2.87407
3.11633
2.94554
2.93743
3.05571
3.58033
3.25643
2.75705
2.72121
3.04556
2.68412
2.56228
3.06121
3.08924
2.86011
2.86852
3.20792
3.53772
3.37909
3.01375
3.29249
3.0818
2.80345
3.27297
2.26566
2.83421
3.41708
3.06143
3.11676
3.23118
2.5522
2.96362
2.90567
2.85278
2.78087
4.02612
3.19614
3.14768
4.11423
2.26322
3.03556
3.96665
3.29389
2.83514
3.03687
3.20613
2.46781
3.02359
2.55891
3.18898
2.36202
3.21385
3.42357
2.79935
3.51803
3.70102
2.83337
3.26933
3.02195
3.48186
3.38674
3.79852
3.84822
3.19076
3.48415
2.59975
3.43193
2.84533
3.26264
2.8154
2.50102
2.33859
3.15259
2.80407
2.44204
2.59215
3.63421
3.07222
2.96803
3.0488
3.03762
2.25212
3.54874
2.8344
2.82138
2.54686
2.761
2.55889
2.65499
3.00371
3.24633
2.61449
3.43231
3.32296
3.03543
2.94787
3.38883
3.39571
3.14012
2.99894
3.02024
3.65357
2.77494
2.85483
3.68106
3.25444
3.42433
2.64226
3.17896
3.53595
1.79138
2.44295
2.14058
2.13583
2.39534
2.51064
3.19077
2.59075
1.49547
2.65509
2.67451
3.03436
1.90333
2.63733
2.71257
1.86919
2.66535
3.69256
1.89409
2.23869
2.98113
3.14433
2.43795
3.0013
2.81155
3.22357
2.80021
3.67524
2.47934
3.1412
3.44583
3.79908
3.28707
3.65505
3.01094
1.95401
2.08459
3.02721
2.11787
3.20796
3.31381
2.27444
2.7753
2.95979
2.15943
2.57725
2.41014
2.3085
2.42566
2.52359
2.36461
2.29686
1.93214
2.72861
2.75955
2.63974
3.37311
2.60997
2.84653
2.75476
3.71695
3.30894
3.43508
3.58848
3.93464
2.35661
2.86731
3.06916
3.79933
3.07341
2.77584
3.34695
2.93785
3.149
3.32444
2.85659
3.33496
2.99569
3.1476
2.71719
2.7577
2.72151
3.52245
2.80548
3.0491
3.06462
2.99631
3.31743
3.24322
3.36836
3.4841
3.39475
2.76379
3.78989
2.71441
2.81506
3.00067
2.61602
3.23271
3.28799
3.29901
2.88129
2.60505
2.68263
2.61648
3.25592
3.35328
3.4233
3.72292
2.3191
3.3326
3.71041
3.27626
3.09979
2.98007
2.65739
2.90434
2.99597
2.47166
3.06836
2.87691
3.53542
4.03709
2.6864
3.47205
3.74381
2.92481
3.18971
2.9077
3.0778
3.63546
4.18525
3.69077
3.24537
3.50699
3.30933
3.49298
3.09411
3.11747
3.29933
2.76943
2.46365
2.91927
2.92053
2.53914
2.55946
2.78547
3.08771
3.04308
2.91907
2.44049
2.2472
3.06465
3.22276
2.803
2.53577
3.25367
2.32873
2.58231
2.42306
3.17617
2.6538
3.4338
3.53131
2.91227
2.618
3.47666
2.96487
3.02737
3.39658
3.13428
3.47626
2.90127
2.78077
3.59284
3.18775
3.90182
2.48007
3.49223
3.46257
