1.98165
2.89442
2.25257
2.28403
2.49196
2.82826
3.11677
2.79811
1.84393
3.13835
2.8816
3.47568
2.46419
2.5588
2.57756
2.72253
2.45338
3.32294
2.72659
2.29976
2.95011
3.06746
3.00338
2.89788
3.23383
3.46429
2.7034
3.15509
3.02176
3.15429
3.51096
3.78623
3.26469
3.85423
3.05366
2.40487
3.05397
3.22011
2.47667
2.67876
3.52502
2.26656
3.28488
3.51206
2.9572
2.56563
2.28392
2.63179
2.73378
2.42242
2.59094
2.81817
2.05337
2.91875
3.24862
3.06391
3.79757
1.8596
3.23774
3.16951
3.6156
3.33181
3.35864
3.39138
2.98099
3.24457
2.94602
3.0478
3.44574
3.54376
3.12212
3.60882
2.84609
3.28555
3.08645
3.06914
3.26642
3.07387
2.8528
3.16891
3.01753
3.11317
2.94713
2.91943
3.20267
3.03431
3.2971
3.25688
2.70232
3.13762
3.43438
3.22348
2.93719
3.67
2.90106
3.02044
3.04625
3.78552
3.12288
2.98551
3.46185
3.25295
3.29278
3.01383
3.06219
4.18354
3.4243
3.52263
3.70644
3.63002
3.70101
4.69073
3.14066
3.27112
3.48687
2.84834
2.86863
2.96121
2.45008
3.0714
2.4573
3.49461
3.86335
2.77698
3.16434
2.97278
2.88378
2.94375
3.75323
3.78758
3.75948
3.70722
3.04848
3.12379
3.45325
3.13329
2.88316
3.04789
3.40218
3.0778
2.79887
2.67773
3.03555
3.11927
2.71894
3.04828
3.15195
3.04453
3.17755
3.21799
3.24925
2.43945
3.08394
2.93152
2.6065
2.86425
2.61215
3.00137
2.97209
2.80833
2.96009
2.87703
3.15597
3.89846
3.27869
3.8193
4.02279
3.40193
3.30674
2.96832
2.96504
3.81774
2.95568
2.63872
3.2328
3.29536
3.1979
3.17432
3.24403
3.26814
2.04357
3.10911
2.28188
2.28058
2.34886
2.71427
3.34314
2.76517
2.03416
2.92638
2.71297
3.20423
2.32875
2.88975
2.64347
2.50208
2.35725
3.25383
2.87753
2.62702
2.69011
2.58785
3.19792
3.17825
3.37185
3.41121
2.95755
3.6399
2.74364
3.12994
3.35369
3.70652
3.33556
3.99914
3.02407
2.66897
2.83643
2.88376
2.53294
2.99489
3.15682
2.43734
3.55677
3.10905
2.65388
2.75773
2.56816
2.44158
2.51218
2.46729
2.72721
2.68845
2.00161
3.04946
3.03931
2.90533
3.46107
2.91656
3.49368
3.16618
3.66465
3.20254
3.85533
2.99402
3.13812
3.34844
3.07357
3.25735
3.16953
3.64563
3.25884
3.33612
3.06674
3.12575
3.15179
3.22555
3.42213
3.20944
2.99278
2.77397
3.17025
2.95592
3.01636
3.02277
2.97028
2.86531
3.09804
3.33724
2.90589
3.20155
3.88815
3.23766
2.69869
3.79281
2.67544
3.16953
3.14293
3.62894
2.72368
3.09698
3.53559
3.42952
3.16318
2.98858
2.93173
4.04893
3.154
3.27147
3.9598
4.32334
3.5828
4.69229
3.52544
3.26481
3.47177
3.04628
2.95013
3.04538
2.70485
2.97972
3.14852
3.23303
3.8208
2.54142
3.33359
2.89298
3.48119
3.06132
3.19932
3.4505
3.72219
3.62318
3.20843
3.21636
3.40156
2.87285
3.10541
2.7444
2.88178
3.04124
2.9721
2.58809
3.14732
2.87777
2.64041
2.88882
3.12746
3.00821
3.11865
3.08036
3.0124
2.41793
2.48059
2.87183
2.87789
3.23401
3.15414
2.92799
2.63783
2.56373
2.91018
2.92214
3.37525
3.49333
2.49996
3.9584
3.7401
3.21365
3.17309
2.90493
3.01344
3.22746
2.979
2.56835
3.26093
3.30451
3.40732
3.4659
3.12733
3.63735
