1.87467
2.54099
2.44401
2.3071
2.29146
2.51785
2.99113
2.79661
1.47653
2.67821
2.31799
3.08968
2.19916
2.96397
3.09447
2.42882
2.64767
3.2373
2.55907
2.39997
2.90703
3.37006
2.9312
3.07796
3.74815
3.89767
3.6652
3.1243
3.38741
3.03536
3.57808
4.01765
3.20185
3.95866
3.58437
2.6166
2.84084
3.14648
2.57933
3.32119
3.58493
2.67021
3.45643
3.30395
2.89709
2.92984
2.71827
2.80898
2.50719
2.2662
2.52323
2.20164
1.73233
3.08501
3.09871
3.47866
3.62171
2.37422
3.16611
3.57665
3.38469
3.41481
3.65413
2.87536
2.29084
2.93974
3.55948
3.042
3.58925
3.70045
3.38239
3.10838
2.95323
2.98822
3.19992
3.12314
3.14847
2.91912
2.85374
3.04293
2.87777
2.89345
2.85679
2.83793
2.73706
2.80148
2.89545
3.31633
2.92814
3.66676
3.86818
3.41431
2.71142
3.69211
2.65802
2.74052
3.06064
2.64144
3.37699
3.33282
3.52577
3.33597
2.95885
3.06963
2.83291
4.31733
3.39453
3.3036
3.52435
2.59464
3.48705
3.97076
3.14435
2.9547
2.84367
2.51772
2.23398
4.08437
2.46365
3.11049
2.83831
3.83676
3.41439
3.35019
3.40647
3.35071
2.8329
2.91621
3.26403
3.7876
4.08364
4.26324
3.68076
3.38703
3.39967
2.8415
3.52289
2.92765
2.94436
2.79143
2.76935
2.81111
3.14248
2.55639
2.6825
2.85992
3.64521
3.32767
3.10554
3.10855
3.07206
2.94244
2.87873
2.4951
2.28109
2.96239
2.87667
2.77143
2.55593
3.33217
2.75771
3.31527
3.3751
3.64283
2.57797
3.31097
3.68598
3.30454
2.88088
2.73083
2.53073
3.76386
3.17677
2.96616
3.61374
3.25672
3.85784
3.06305
3.38329
3.49424
1.97785
2.58413
2.03748
2.18911
2.35182
2.28488
2.58694
2.85146
1.64382
2.75164
2.55502
3.30692
2.69878
3.18385
3.00311
2.4336
2.23852
3.39229
2.02664
2.38502
2.75922
3.54985
2.85292
3.46967
3.48339
3.88214
3.31052
3.21644
3.33194
3.52109
3.53774
3.67225
3.06709
3.46212
2.87284
2.50366
2.62092
2.99243
2.53461
3.29711
3.15145
2.2959
4.04627
3.15071
2.81277
3.09354
2.76884
2.23244
3.08596
2.48282
2.59752
2.54412
1.7731
3.16991
3.27555
3.34507
3.10266
2.00247
3.31618
3.43622
3.35709
3.50983
3.81176
3.12684
3.17357
3.3468
3.72568
2.84935
3.43369
3.66299
3.06965
2.99137
2.90324
2.88295
3.12693
2.99936
2.98633
3.18415
3.1234
2.76269
3.147
2.85519
2.6316
3.21386
2.94664
2.7427
2.94944
3.6114
2.51922
3.23725
3.54514
4.04798
2.48983
3.64541
2.57518
2.94845
3.04817
3.53752
3.10097
3.43839
3.58315
3.24956
2.5446
2.56944
3.26994
4.19535
3.38552
3.29041
4.00317
3.84796
3.28431
4.37936
3.05795
3.22816
2.97852
2.92132
2.47438
3.93577
2.61379
3.36854
3.61392
3.97605
4.04939
2.95687
3.35129
3.6734
3.01273
3.2873
2.80339
3.21473
4.15261
3.89199
3.11553
3.42012
3.29166
3.3391
3.35709
2.96081
2.82463
2.56083
2.53479
2.77135
3.28367
2.67626
2.83248
2.45837
3.20386
3.37772
3.0849
2.9798
3.19631
2.61717
2.51302
2.48438
2.61709
1.89527
2.38906
2.70274
2.37623
3.04122
2.64702
3.12367
3.07146
3.61892
2.7643
3.60046
3.83527
3.21839
2.89196
2.58818
3.03624
4.23592
3.04058
3.09775
3.45239
3.1854
3.17158
3.04669
3.53686
3.68899
