1.90734
2.47447
2.50199
2.24895
2.60513
2.72104
2.90503
2.90626
1.84659
2.76255
2.68501
2.94697
2.50941
2.46875
2.73951
2.7248
2.56308
3.10107
2.64852
2.6859
2.89966
2.94974
2.80364
2.81635
3.17012
3.51103
2.78777
3.0915
3.213
2.8941
3.45137
3.88608
3.53399
3.55711
3.0189
2.67243
2.65646
3.32752
2.77009
2.99963
3.2067
2.57037
3.33272
3.25064
2.50298
2.81436
2.88383
2.37415
2.95665
2.56646
2.86234
2.76485
2.12849
2.95738
3.09768
3.45186
3.66502
2.40078
3.46294
3.1815
3.03
3.05159
3.9555
2.86006
3.15313
3.06532
3.03577
3.04536
3.37421
3.64015
2.87871
3.17427
2.86075
3.07582
3.04178
3.66982
3.19643
3.02171
3.11713
3.14295
3.07377
2.7622
2.93722
2.92288
3.19885
3.03891
3.04361
3.23178
3.17181
3.52175
3.62878
3.00599
2.4849
3.79981
2.61402
2.91211
3.3626
3.15869
3.26191
3.29914
3.13646
3.32428
2.99353
2.86653
2.91161
4.19231
3.04529
3.34909
4.00466
2.70862
3.32546
4.21998
3.3128
3.15705
3.8603
3.17431
2.97625
3.13034
2.13528
3.50731
2.89801
3.64065
3.53368
2.84571
3.22772
3.8346
3.14011
2.91386
3.20727
3.11109
3.69538
3.63444
3.14984
3.17416
3.13482
3.05554
3.03196
2.86521
2.94608
2.99584
3.05005
2.43619
2.98955
2.96342
2.90077
2.99258
2.99718
3.08599
3.01825
2.90657
3.11107
2.9402
3.01114
3.00659
3.33205
3.03621
3.07616
2.87044
2.92437
2.99836
3.00191
2.92564
3.24628
3.09401
2.7434
3.40227
3.77383
3.49857
3.00949
3.02688
2.85719
3.56888
2.85526
2.73561
3.2736
3.25909
3.10065
2.92898
3.3423
3.24435
1.88068
2.73381
2.74948
2.25758
2.58671
2.81268
2.90339
2.9325
1.87928
2.90652
2.93642
3.11656
2.53809
2.48842
2.85117
2.75968
2.75824
3.08163
2.71933
2.87316
2.85905
2.89552
2.44076
2.76795
2.89162
3.54959
3.14129
3.02841
2.50115
2.76163
3.20049
3.66832
3.4619
3.65124
2.93107
2.61638
3.06881
3.09753
2.58836
3.16054
3.1077
2.90579
3.40144
3.17074
2.91864
2.6444
2.82805
2.72233
2.75519
2.81766
2.73151
2.63857
2.07051
3.05678
2.82626
3.37494
3.51977
2.51338
3.7653
3.23437
3.78494
3.40909
3.93831
3.30189
2.94596
3.25012
3.32036
2.83599
3.60112
3.51834
3.29745
2.99736
2.75282
2.80629
2.95246
3.25749
3.18561
3.1941
2.86309
3.11773
2.66731
2.72777
2.89568
2.81526
2.94714
2.86226
2.73776
3.5987
3.12104
3.04379
3.45777
2.90249
2.43031
3.52403
2.35753
2.97144
3.23899
3.35723
3.043
3.08822
2.79794
3.27158
2.71135
2.87008
2.84193
4.47829
3.28014
3.48139
4.10267
4.10302
3.87963
4.10217
3.37866
3.07986
3.32624
3.21679
2.86761
2.43685
2.41925
3.54358
2.64351
3.75885
4.10894
2.81192
3.22308
3.45262
3.27965
2.70471
2.67226
2.82815
3.41578
3.2889
2.96586
3.17687
3.3016
2.60737
3.04319
3.07917
3.19015
3.1794
2.73252
2.721
3.2774
2.93767
2.81422
2.71423
2.94484
2.93591
2.93656
3.01527
2.88981
2.71159
2.99445
2.92989
3.0582
3.06577
2.87465
3.05457
2.90812
3.1191
2.92519
3.23567
3.32151
3.83807
3.18626
2.9228
3.29736
3.37104
3.14742
2.82071
2.7687
3.68601
2.9824
2.55137
2.95484
2.94493
3.15931
3.03216
3.03841
3.89517
