1.6873
2.8772
2.28081
2.08861
2.30771
2.65973
2.87709
2.99516
1.69338
3.02961
2.85078
3.11889
2.3439
2.21992
2.97931
2.60997
2.43646
2.94244
2.76084
2.68714
2.35106
2.44891
2.59694
3.16612
3.07446
3.75768
2.75794
2.95968
2.87979
3.02851
3.49001
3.71882
3.62727
3.93071
3.41567
2.35942
2.59054
3.08986
2.40053
3.37064
3.13152
2.05255
3.3842
3.46152
2.75643
2.56888
2.18979
2.25627
2.40456
2.57343
2.55838
2.47417
2.12291
3.32656
3.03589
3.42373
3.70087
1.92155
3.8557
3.21684
4.11361
3.42394
4.07067
3.31738
2.99589
3.24817
3.00241
3.10305
3.6518
3.76859
3.44735
3.67206
3.21721
3.02753
3.28516
3.65718
3.53728
3.00886
3.05081
3.09643
2.78877
2.90076
3.02724
3.12085
3.19242
3.0084
3.41547
3.88552
2.99097
3.6404
4.34544
3.18979
3.0412
3.6876
2.74627
3.13026
3.10504
3.56207
3.53186
3.25368
3.06645
3.62548
2.69442
2.76833
3.0682
4.00318
3.31379
3.5626
4.1764
3.43616
4.06756
4.25969
3.25954
3.05975
3.48669
2.91108
2.77298
3.29828
2.19469
2.91653
2.61039
3.37312
3.53092
3.34293
3.15457
3.2319
2.87932
2.88384
3.00439
3.49434
3.88905
3.88403
3.2335
3.59229
3.42474
2.92317
2.57962
2.78387
3.00819
2.71115
3.13837
2.69619
3.01912
2.84275
2.82622
2.55949
3.04238
2.53964
2.74029
2.95908
2.82139
2.31276
2.6421
3.29369
2.59757
2.36516
2.99715
2.6829
2.39113
2.75203
2.94902
2.79989
3.02389
3.6395
3.40162
3.27994
3.65319
3.2276
3.39505
3.02978
3.35697
4.03372
2.89458
3.10807
3.38716
3.02872
3.0921
2.65885
3.3868
3.8721
1.768
2.37382
2.22715
2.24956
2.27045
2.56385
3.0298
2.85382
1.81257
2.97641
2.72463
3.04563
2.28542
2.74132
2.65049
2.44598
2.59626
3.19924
2.98726
2.25506
2.73693
2.44011
2.70977
3.12719
2.92592
4.0658
2.76793
2.96693
2.77007
3.20652
3.30006
3.92642
3.48561
3.59706
3.121
2.78304
2.73563
2.96095
2.62447
3.35164
3.16828
2.33308
3.5235
3.42536
2.52029
2.62627
2.46856
2.18111
2.47234
2.49541
2.49246
2.56689
1.99467
3.19533
2.79473
3.41783
3.63064
2.33137
3.5008
3.31592
4.14785
3.85861
4.1264
3.35505
2.84383
3.17225
3.33585
3.21862
3.89677
4.00861
3.31511
3.78241
2.92241
3.28261
3.35427
3.19052
3.31629
2.98736
3.31895
2.84914
2.91259
3.21653
3.13166
3.16393
3.01574
3.12556
3.12601
3.35722
2.46175
3.74599
3.43216
2.98333
2.90316
3.41244
2.50898
2.99866
3.23525
2.89694
3.26021
3.15767
2.9859
3.41335
2.59863
2.76564
2.93346
4.11168
3.33619
3.45698
3.52336
3.82591
3.19419
4.19163
3.59156
3.21238
3.57933
2.96022
2.66605
2.94075
2.12197
2.73594
3.07459
3.11253
3.15893
2.64268
3.08779
3.01915
2.7535
3.21933
2.92866
3.14144
3.87828
3.78858
3.06268
3.41035
3.91741
3.50812
3.049
2.90347
2.82957
2.74947
2.82266
2.74516
2.61788
2.69966
2.63072
2.77088
3.22943
2.70649
2.88244
3.05751
2.93432
2.93867
3.02474
2.73474
2.59063
2.34075
2.90809
2.2984
2.45401
2.7808
3.18854
3.07062
3.02514
3.97348
3.67488
3.35131
3.76413
3.35653
2.91281
3.3008
3.39837
4.03434
3.1466
3.04319
3.30889
3.0669
2.96294
3.21992
3.37934
3.89139
