1.86371
2.64321
2.38729
2.21332
2.26013
2.50509
2.70539
2.88205
1.74611
2.6934
2.93232
3.02027
2.45475
2.81073
2.65828
2.76067
2.84113
2.95826
2.58264
2.63802
2.63075
3.09238
2.9497
2.82698
2.99795
3.69929
2.84407
2.88854
2.66688
2.80106
3.3021
3.84084
3.71558
3.75562
3.03581
2.45654
2.89639
3.03938
2.85353
2.99828
3.14789
2.44406
3.27225
2.86592
2.91341
2.89222
2.70267
2.59021
2.68816
3.03678
2.55692
2.56981
1.92086
2.63364
2.82587
3.13976
3.88487
2.55102
3.69212
2.99055
3.25393
3.42433
3.2523
2.98304
3.19339
3.07648
2.66779
2.98887
3.19767
3.1982
2.95552
2.78075
2.76495
2.88919
3.04166
3.02866
3.1179
3.06492
2.95925
2.79355
2.92844
3.09024
3.02694
3.02364
3.03361
3.08505
2.99115
3.41983
2.9287
3.29922
3.3395
3.49215
2.7142
3.50557
2.71632
2.79424
2.7014
3.05519
3.14907
3.5101
3.55875
3.3444
2.80726
2.69188
2.79881
4.36706
3.15849
3.29127
3.26608
3.51213
3.31464
3.95974
3.27078
3.15216
3.42732
3.12662
2.69644
3.57979
2.82595
3.56053
3.01571
3.52192
3.21603
2.79181
3.60604
3.40491
2.65379
3.22711
3.1042
3.12835
3.37591
3.85481
3.32226
3.2703
3.07747
3.31768
3.41345
3.01579
2.79096
3.45861
3.05894
2.71545
3.06529
2.84604
2.8666
3.04977
3.14138
3.07117
3.15816
3.15732
2.96152
2.66218
3.12774
2.84786
2.53882
2.4235
2.98126
2.74184
2.91013
2.92524
2.86286
3.10642
3.52265
3.3647
2.84718
3.17037
3.47786
3.48838
3.13916
2.85532
2.93836
3.46125
3.16512
2.56503
3.40786
3.24135
3.47973
2.95558
3.19658
3.4017
1.77949
2.6288
2.38671
2.17734
2.45841
2.56496
2.64454
2.52855
1.82159
2.79939
2.39547
2.87566
2.43455
2.88746
2.65998
2.65927
2.65031
3.10029
2.64479
2.95872
3.02599
3.04334
2.60531
2.7516
3.17446
3.25346
2.98059
3.1321
3.12866
2.92002
3.5432
3.4457
3.56676
3.50267
3.44537
2.59591
2.70928
3.01292
2.60141
3.00999
3.01947
2.58846
3.20875
3.18569
2.79716
3.34054
2.4514
2.50636
2.79091
2.69191
2.64377
2.65144
1.96205
2.50338
2.85462
3.27339
3.19821
3.03622
3.47591
3.03294
3.11995
3.37667
3.8905
2.90738
2.76704
2.9785
2.76213
3.19292
3.23481
3.06813
2.94825
2.92387
3.17442
3.35407
3.16182
3.17284
2.70156
3.27632
3.05915
2.90766
2.8563
2.85403
3.02083
2.93421
2.79229
2.79218
2.93447
3.33332
2.51398
2.75385
3.11213
2.99983
3.1377
3.17448
2.82436
2.89373
3.04213
2.93731
3.25143
3.46182
3.12878
3.31427
2.51309
2.90621
3.22523
4.27451
3.21072
3.53652
4.04083
3.80387
3.13851
4.34707
4.09295
3.08554
3.51913
3.05188
2.78999
3.54366
2.6578
3.25339
3.74674
3.39621
3.784
2.68827
3.40028
3.45986
3.03061
3.16043
2.90464
2.99758
3.41376
3.55038
3.30499
3.47718
2.99436
3.2849
3.63087
2.70412
2.76284
2.73422
2.99799
2.68313
3.24187
3.00294
2.6066
3.00279
3.43871
3.08398
3.14461
2.94734
2.95699
2.75573
2.72723
2.63273
2.42215
2.39596
2.63379
3.01665
2.64421
2.54276
2.89073
2.8562
3.52412
3.23906
2.7496
3.16388
3.8811
3.38381
3.02308
2.72456
2.83501
3.36913
3.11659
2.75889
3.3941
3.0965
3.21866
2.95092
3.18665
3.23459
