2.06201
2.66624
2.28961
2.32153
2.61542
2.79894
3.46764
2.86395
1.66777
3.06308
2.77377
3.37043
2.60266
2.51683
2.8223
2.45223
2.9891
3.19486
2.70041
2.72015
3.11021
3.36204
3.04432
2.77192
3.11617
3.56066
3.10297
2.48721
2.99441
3.23737
3.26376
3.49903
3.43755
4.10052
3.37173
2.39197
2.66813
3.0736
2.18747
3.02445
3.38486
2.53833
3.1918
3.2923
2.98974
3.06548
2.50152
2.58845
2.22417
2.58413
2.38164
2.51784
2.10206
3.25602
3.10159
3.09987
3.65186
1.89032
3.34675
3.22871
3.6009
3.40638
3.92194
3.07838
3.23008
3.00146
3.23858
2.92068
3.60157
3.9335
3.21543
3.03321
2.92561
3.36587
3.02886
3.46183
3.3166
3.23921
3.27394
2.96237
2.76553
3.04137
2.70688
3.16884
3.12512
2.9887
3.29415
3.273
3.14611
3.39904
3.58616
3.56177
3.08629
3.59752
2.4661
2.88929
3.19027
3.18944
3.01021
3.09383
3.3961
3.21293
2.74705
2.68353
2.99461
3.76523
3.31223
3.49132
3.78786
2.52892
3.51052
3.66291
3.41946
3.05449
3.13973
2.94783
2.92511
2.63365
1.95081
3.11419
2.48173
3.83798
3.86466
2.69081
3.28774
3.27333
2.87264
3.55468
3.30891
3.57727
3.76515
3.671
3.35775
3.60628
3.22373
3.40311
3.68289
2.8885
3.03519
3.11643
2.84794
2.57111
2.91089
2.82003
2.84744
3.22895
3.22628
3.06621
2.94418
3.00197
2.91982
2.56354
3.00164
3.18823
2.56782
2.65433
2.93467
2.95975
2.71989
3.1272
3.23195
2.89486
3.61006
3.98576
3.59163
3.26854
3.86716
3.42536
3.18075
3.03526
3.20322
3.4948
2.74619
2.53506
3.5128
3.45516
3.52621
3.07105
3.4211
3.52098
2.01428
3.05751
2.34727
2.32436
2.63599
2.83709
3.41383
2.87257
1.70938
3.04128
2.81084
3.14395
2.3559
2.84871
2.82335
2.60611
2.64369
3.51066
2.59322
2.61884
3.1862
2.56313
2.88096
3.17845
2.59146
3.60791
2.71089
3.03437
2.67437
2.97759
3.40941
3.76466
3.22744
3.77507
3.07283
2.45294
2.52939
3.01782
2.52045
3.00396
3.07576
2.64624
3.5917
3.35191
2.71502
2.74415
2.58572
2.5959
2.93754
2.71616
2.53105
2.32823
2.11316
3.18644
3.37686
3.18519
3.47286
2.27858
3.14115
3.05418
3.37316
3.51207
3.69677
3.37337
3.20599
2.92261
3.56681
2.98083
3.63226
3.63987
3.05476
3.48396
3.08106
3.24213
3.29408
3.01062
3.5224
3.32842
3.0537
3.06488
2.60697
2.91586
2.89615
3.11626
2.75748
3.10665
3.1066
3.39425
2.96525
2.94229
3.77207
3.46063
2.60645
3.45019
2.56406
3.17988
3.21595
3.31589
2.80526
3.25912
2.96866
2.89873
2.65051
2.79613
2.91491
4.29207
3.38978
3.36159
3.82634
3.55655
3.14237
4.46009
3.30855
3.3635
3.59732
2.68911
2.83439
2.75179
2.41371
3.2388
2.19031
3.87663
3.60354
2.68079
3.23337
3.64875
3.30169
3.49328
3.00559
3.24045
3.55931
3.64037
3.31211
3.39655
3.14181
3.37612
3.0324
3.09326
2.88523
3.16048
2.94015
2.54149
3.15111
2.86316
2.74932
2.67511
2.92023
3.19382
3.24792
2.92175
2.9891
2.82299
3.00032
3.01506
3.06469
2.87891
3.23833
3.06759
2.4891
3.5298
2.89757
3.44877
3.50793
3.8584
2.79221
3.25189
3.53641
3.22403
3.0739
2.86624
3.10674
3.85713
2.9972
2.571
3.394
3.11933
3.14801
3.02883
3.37139
3.78282
