1.97258
3.06828
2.52364
2.28554
2.60882
2.91681
3.71279
2.88307
1.53172
2.89625
2.99006
3.41682
2.45055
2.62216
2.7933
2.43809
2.63083
3.71021
2.71913
2.28095
2.7042
2.53343
2.93318
3.32948
3.1193
3.75346
3.10054
2.78547
3.26736
3.17048
3.15025
3.81352
4.13686
4.16099
3.31298
2.70846
2.82727
2.98148
2.85025
3.23688
3.1685
2.3977
3.82836
3.52158
2.97326
2.64046
2.6946
2.5161
2.84164
2.67191
2.1344
2.39971
1.98922
3.00561
3.29597
3.55954
3.94844
3.0227
3.64024
3.36917
3.71645
3.6272
3.23646
3.59834
3.40863
3.1519
3.22997
3.15026
3.80821
3.52079
3.47617
3.92516
3.26103
3.25832
3.30103
3.40036
3.21862
3.36269
3.37055
3.23391
3.18727
3.32131
3.04507
3.15214
3.16389
2.96824
3.18683
3.66677
3.23359
3.75757
3.69587
3.20911
2.81876
3.0585
2.83367
2.96008
3.14298
3.72671
2.99331
3.08228
3.05369
2.81317
2.74278
2.69845
2.66822
3.51044
3.03182
3.53759
3.96554
3.61038
3.21846
3.80905
3.20868
2.87987
3.44637
2.87182
2.76552
3.60553
2.2783
3.27418
2.47486
3.50358
3.52407
3.06183
3.08532
3.70715
2.92245
3.06969
2.96703
2.94014
3.69687
3.70618
3.5901
3.19028
3.71704
3.10071
3.38454
2.93912
2.72429
2.83323
3.04655
2.54965
2.7828
2.79725
2.53443
2.57221
2.85119
2.48807
2.866
2.81591
3.01292
2.41065
3.533
3.18965
3.08389
2.42223
2.90994
2.6694
2.72865
3.34157
3.03217
3.01286
3.14627
4.05267
3.27883
3.37491
3.29078
3.2758
3.25899
2.74127
2.86212
3.69683
3.08745
3.20091
3.21978
2.91494
3.304
2.6149
3.23085
3.80493
1.63538
2.61485
2.35971
1.98455
2.4124
2.68024
3.655
2.9062
1.44181
2.91433
2.88842
3.32147
1.8294
2.68693
2.74131
2.42943
2.59402
3.35229
2.88445
2.17502
2.97261
3.09929
2.51327
2.68188
3.14862
3.55713
2.91362
3.1313
3.01442
3.15072
3.20803
3.42573
3.88267
3.7646
2.89718
2.74875
2.69666
2.85907
2.45052
3.21016
3.23608
2.5756
3.43828
3.26003
2.56179
2.96415
2.33567
2.20555
2.63581
2.48193
2.01873
2.2578
1.97139
3.19465
3.20177
3.59466
3.33775
3.57662
3.74859
3.41526
3.78975
3.79705
3.66666
3.40738
3.48591
3.40761
3.05106
2.98974
3.63194
3.40155
3.19171
3.30587
3.09933
3.09045
3.20307
2.97227
3.41831
2.90641
3.0238
3.00697
3.01938
3.00253
3.02483
3.00342
2.90017
3.14916
3.05611
3.43906
3.13725
3.13815
3.02212
2.99702
3.0037
2.95454
2.59668
3.09806
3.17442
3.33772
2.7965
2.93309
3.4263
3.13903
2.39924
2.75438
3.20852
3.87332
2.87118
3.40877
3.79102
4.01058
3.34073
4.37661
2.84597
2.9348
3.23121
2.65424
2.57087
3.19095
2.50344
3.12399
2.43437
3.35693
3.55508
2.64361
2.97776
3.33063
3.00949
2.85966
2.89456
2.82799
3.31465
3.44803
3.31643
3.07339
3.27324
3.32193
3.11299
2.87718
3.15479
3.28654
2.51392
2.89435
3.1413
2.68076
2.75747
2.6831
3.1195
3.07974
2.80248
2.98404
2.77152
2.3936
3.65869
3.45076
2.48594
2.15353
2.34987
2.70114
2.51919
3.21783
2.71128
3.25193
3.42774
4.03133
3.79462
3.70437
3.37641
3.38899
3.0601
2.81337
3.27971
3.44343
2.74568
2.75795
3.07178
2.76187
3.10325
2.5196
3.75093
4.01057
