1.68661
3.1341
2.17152
2.29243
2.41639
2.72164
2.84887
2.88053
1.84852
2.91673
2.94479
3.47486
2.35085
2.70087
2.77985
2.5317
2.5111
2.96692
2.2092
2.86451
2.50568
2.65647
2.78637
3.47388
3.47144
3.50978
2.81252
3.40766
2.60353
3.41696
3.51949
3.73111
3.60104
3.62238
2.96989
2.5281
2.94176
3.12441
2.43436
3.19375
3.48072
2.74818
3.4534
3.22699
2.83334
2.45882
2.57159
2.48876
2.31997
2.61153
2.90617
2.6518
2.37395
3.23546
3.22237
3.64482
3.25596
1.85209
3.57635
3.64365
3.22091
3.21512
3.79784
3.21189
2.9268
3.44965
3.38811
3.08942
3.52571
3.73888
3.38245
3.09805
3.23352
3.2806
3.62653
3.68463
3.30458
3.25747
3.38289
3.53974
2.97348
3.25096
3.3936
3.18296
3.25503
3.10957
3.47652
3.66083
3.50725
3.87593
3.74477
3.35138
2.66259
3.84902
2.59955
3.07503
3.18741
3.21705
3.79821
3.98214
3.44347
2.99735
2.95396
3.11399
3.00851
3.84178
3.43526
3.41303
3.78421
2.30692
3.54898
3.21874
3.82863
3.24232
3.38329
3.03217
2.75938
3.53517
2.64528
2.56715
2.60413
3.37653
4.06264
3.32108
3.51481
3.5933
3.02629
3.24896
3.14784
3.41439
3.65981
3.93806
3.73695
3.06634
3.2404
3.17474
3.61362
3.20042
3.31402
3.34761
2.61634
2.59953
3.07661
2.60797
2.5177
2.57016
3.30062
3.34857
2.92908
3.36997
3.28609
1.98706
3.12547
3.57576
2.66191
2.76965
3.17614
2.81911
3.3511
2.78626
3.00576
3.63457
3.28169
3.57191
2.85827
3.11491
3.19418
3.32929
3.31
3.18345
3.55578
3.58739
3.36937
2.89325
3.52515
3.36926
3.18212
2.65707
3.69077
3.33606
1.80085
3.17414
2.11815
2.29051
2.40081
2.81554
3.25475
3.07173
2.02213
2.78384
2.81167
3.16682
2.37057
2.96223
2.92081
2.40869
2.25904
3.14927
2.54844
2.50388
3.43442
2.92919
3.01559
2.8879
3.28002
3.57429
3.11613
3.25897
2.33005
3.12396
3.32327
3.67094
4.02854
4.24815
3.27125
2.70046
2.81231
3.09925
2.18476
3.42712
3.48984
2.47488
3.65596
3.42802
2.88633
2.33904
2.73901
2.29677
2.60941
2.58822
2.88712
2.63886
2.23203
3.1502
3.32891
3.65249
3.31795
2.29927
3.21111
3.56587
3.17855
3.67849
4.03326
3.3915
2.83301
3.43636
3.53801
3.41287
3.75063
3.58985
3.28043
3.56251
3.07088
3.12537
2.98224
3.51395
3.26499
3.01297
3.07238
3.00193
2.99187
3.26184
3.02164
3.50687
2.86992
3.12197
3.23022
3.72366
3.51368
3.94561
3.63062
3.59103
2.73616
3.37238
2.36805
2.96492
3.16786
3.12904
3.23591
3.64206
3.49072
3.19566
2.91851
3.14264
2.88635
3.67527
3.37305
3.32551
3.75542
2.57617
3.37467
3.18344
3.13588
2.79011
3.1391
2.61277
2.81487
3.24683
2.37988
2.25566
2.76405
3.85175
3.40472
2.74947
3.00588
3.3593
2.70022
2.95593
3.27718
3.65926
3.49204
3.77688
3.12377
3.10726
3.1757
3.29808
3.33177
3.13835
2.86818
3.07157
3.15649
2.37746
2.78097
2.76671
2.60573
2.69868
2.95851
3.11927
3.42048
3.06705
2.8559
2.11898
3.02786
3.45192
2.4387
2.32959
2.63168
2.63191
2.75789
2.75802
2.9985
3.77657
3.39857
3.39215
2.90541
3.02453
3.25418
2.91895
3.30668
3.31651
2.95626
3.47136
2.69583
3.15291
2.87651
2.78141
2.80217
2.389
3.64139
3.19217
