1.95906
2.60442
2.46582
2.29162
2.53077
2.81527
3.05827
2.90674
1.67091
3.09243
2.86115
3.06366
2.57869
2.68429
2.73517
2.79936
2.79898
2.93095
2.74711
3.14595
3.07047
3.19366
2.63404
2.8288
3.27256
3.25482
2.56526
3.21307
3.16285
3.21849
3.44967
3.46013
3.53598
3.47199
3.04003
2.56506
2.93021
3.0271
2.35132
3.18268
3.00362
2.53235
3.28757
3.21801
2.6443
2.87297
2.58162
2.98034
2.69394
2.73454
2.47659
2.48777
2.15291
3.10988
2.93872
2.91481
3.29135
2.60598
3.25372
3.16771
3.471
3.47212
3.18191
3.08464
2.51092
3.10966
3.30657
3.06354
3.29698
3.48431
3.05707
2.93184
2.93775
2.96656
2.74418
3.43466
2.94159
2.8894
3.34922
2.90822
2.83788
2.87018
2.67259
2.89689
2.89985
2.72058
2.9576
2.97169
2.77955
3.39223
3.4093
3.65596
2.63451
3.37534
2.75509
2.78198
3.11827
2.87016
2.83834
2.99816
3.40633
3.61163
2.56479
2.81631
3.06858
3.92283
3.24501
2.99922
3.51823
3.74739
3.31399
4.4807
2.83552
3.16276
3.21873
2.70396
2.63175
2.73337
2.31463
3.29849
3.22902
3.07702
4.00453
2.80861
3.3152
3.15546
2.94252
3.10866
3.2439
3.46032
3.45806
3.81897
3.52178
3.35672
3.15861
3.23441
3.22463
3.12892
3.31115
3.06495
3.1168
2.39804
3.03245
2.83798
3.09489
2.92743
3.13128
3.20277
2.92185
3.18273
2.9762
3.13455
2.49859
2.96665
2.63063
2.65372
3.08563
3.14602
3.42488
2.90048
2.76292
2.8562
3.47357
3.14476
4.16944
3.16434
3.71358
3.96013
2.94023
2.76643
2.85985
3.46532
2.78956
2.97471
3.21682
3.14658
3.24573
2.54692
3.16151
3.05658
1.87938
2.59986
2.62505
2.27544
2.50389
2.62588
3.14831
2.83358
1.73638
2.71362
2.45831
2.88487
2.98428
2.65136
3.09411
2.71023
2.70401
3.20363
2.7919
3.01272
3.18782
2.53897
2.85622
3.09692
3.16413
3.3036
2.72141
3.10632
3.27317
2.97323
3.57284
3.87057
3.33752
3.89033
3.29078
2.24815
2.66466
3.07522
2.30205
3.15004
3.13415
2.34535
3.19734
3.16169
2.51647
3.10063
2.46456
2.54948
2.49163
2.75189
2.31543
2.33655
1.97264
3.20233
2.95138
2.92351
3.40525
2.65559
3.96728
3.31187
3.55638
3.50107
3.8314
2.72742
3.06215
3.32324
3.04023
3.14801
3.37411
3.67292
3.02752
2.90137
2.83572
2.8231
2.90101
2.87165
3.22766
2.97653
2.86331
2.95508
2.87238
2.85681
3.00107
2.92868
2.79625
2.98497
2.94196
3.55223
2.88845
3.28388
3.65031
3.16135
2.95287
3.08079
2.42946
2.94645
2.80462
2.76065
2.83881
3.14481
3.35311
2.72977
2.43852
3.13296
2.64061
3.90745
3.45217
3.19827
3.89815
3.3515
3.15138
4.07213
2.96528
3.33049
3.13973
2.98004
2.63113
2.86615
2.33208
2.87051
2.89472
3.3779
3.41398
2.90533
2.97868
3.04481
3.29315
3.09513
2.81515
2.99927
3.41458
3.62157
3.12627
3.19114
3.5176
3.02073
3.20228
2.92603
3.05586
2.97747
2.72549
2.68361
3.26247
2.92135
2.81482
2.81567
3.34839
3.07708
2.90946
3.15902
3.23139
2.81837
2.35873
3.05975
2.89055
2.98653
2.69462
2.95851
2.83359
2.86883
3.01947
3.25081
3.31942
3.69856
2.97065
3.47799
3.56345
3.06964
2.99883
2.82673
2.95632
3.27788
2.93341
3.16317
3.21886
3.2919
3.64483
2.65651
3.44729
3.63375
