1.86425
2.67234
2.39175
2.0928
2.60072
2.7789
3.2597
2.73474
1.76722
3.05751
3.09667
3.45633
2.17448
2.47832
2.85131
2.44296
2.55676
3.17763
2.58679
2.43624
3.53087
2.46635
2.88162
2.81094
3.59271
3.91919
2.73879
3.11248
3.10312
3.49761
3.28301
4.05249
3.25493
3.63146
2.9067
2.2898
2.64081
2.94751
2.5229
2.97644
2.78745
2.5584
3.09362
3.09413
2.6332
2.69196
2.6893
2.45053
2.62048
2.66489
2.51788
2.5961
2.12609
3.23397
3.035
3.36548
3.32363
1.52918
2.99694
2.9071
2.8315
3.07856
3.56245
2.95567
2.9244
2.83826
3.11179
3.10672
3.07848
3.34407
3.03746
2.84057
3.05894
2.94531
3.12294
3.29619
3.11145
3.20801
3.15813
3.06628
2.96337
3.15099
2.89113
2.91506
2.84327
2.64006
2.53469
3.32425
2.97853
3.66402
3.94133
3.39652
2.55111
3.19872
2.80267
2.94673
3.32949
3.11135
3.04692
3.22026
3.36532
2.97082
2.68646
2.97943
3.22696
3.20761
2.99903
3.039
2.98072
2.58912
3.14147
3.04366
3.482
2.8101
2.87094
2.89202
2.71685
3.06398
2.0408
2.43644
2.40909
3.6111
3.36815
3.04912
3.42413
2.90178
2.69307
3.23599
3.04806
3.18767
3.42079
3.77642
3.29739
3.31289
3.3923
2.89307
3.48944
2.58903
3.09946
3.13871
2.82486
2.66381
3.16984
2.85884
2.81131
2.55988
3.21219
3.14597
3.18469
3.05528
3.10592
2.40662
2.70989
2.65068
2.23888
3.21514
2.9606
3.12287
2.88541
2.70027
2.94161
2.78441
3.13472
3.28663
2.33824
2.39723
3.03317
2.92186
2.87067
2.86001
2.8631
3.56606
2.6667
2.78836
3.13884
3.31529
3.42012
2.15735
3.28087
2.78107
1.70322
2.68153
2.67832
1.95746
2.3204
2.46907
2.99093
2.76716
1.67463
2.78098
2.60691
2.92444
2.43724
2.77399
3.01863
2.54612
2.5142
3.18896
2.43444
2.70687
3.15483
3.03065
2.79078
2.94453
3.31849
3.28459
2.65486
3.08357
3.19313
2.7982
3.52273
4.01808
3.05189
3.55436
3.13729
2.34717
2.45893
2.84036
2.40459
2.87098
3.04763
2.44634
3.15658
3.10096
2.84556
2.53886
2.75979
2.59508
2.84163
2.68816
2.42336
2.53782
2.08837
2.90164
3.0927
3.40959
3.16236
2.48308
2.56259
3.18255
3.28897
3.25115
3.57642
3.17658
2.85939
2.95217
3.28638
2.85828
3.27254
3.5507
3.09462
3.0789
2.9672
2.96547
3.0802
3.52104
3.53206
3.06767
2.76851
2.94599
2.86939
2.96359
3.248
3.19094
3.14203
3.07515
2.80491
3.47673
2.59365
3.29028
3.37914
3.26453
2.70547
3.17987
2.70404
2.92289
3.0209
2.6732
3.29784
2.99303
2.8568
2.89037
2.31646
2.74222
2.93692
2.96958
2.84255
2.88568
3.37701
2.94669
3.07496
3.5515
2.87811
3.35392
2.60415
2.70824
2.59171
3.10091
2.37357
2.39302
2.62506
3.92999
3.98367
2.68326
3.05053
3.18062
2.94047
3.17647
3.01502
3.02261
3.58601
3.62272
3.39335
3.44192
3.20503
3.31457
3.10419
2.97625
2.7023
2.68357
2.74924
2.77948
3.03814
2.67024
2.60746
2.7215
3.10812
3.05224
3.25995
2.85151
3.05253
2.6028
2.55344
2.69317
2.50034
2.94977
2.77439
2.98365
2.85488
2.5512
2.74656
3.01667
3.54607
3.00678
2.94181
2.71561
3.12255
2.81758
2.85709
3.09022
2.88956
3.2476
2.39665
2.74105
2.9206
3.27145
3.40099
2.91087
3.26872
3.59467
