1.91124
3.10972
2.69865
2.21167
2.51924
2.75388
2.97129
2.9322
1.90225
3.48205
2.60246
3.07587
2.5577
3.50096
2.90928
2.93599
2.95292
3.35338
2.44293
3.23031
2.6211
3.03126
3.21011
3.15633
3.22842
3.8024
3.28575
3.29794
2.60836
3.55732
3.51545
3.48609
3.3133
3.68901
3.37891
2.78754
2.59108
3.1151
2.75102
3.52561
3.22123
2.74584
3.73904
3.57731
3.06925
2.44075
2.59036
2.25574
3.00448
2.60395
2.6497
2.43328
2.06
3.31174
2.90671
3.26114
3.31864
2.66185
3.41249
3.41584
4.18575
3.54395
3.95607
3.39799
3.0927
2.92068
3.30899
3.10826
3.79491
3.70804
3.23564
3.19679
3.13192
3.15548
3.37231
3.32468
3.48494
3.04139
3.36603
3.18787
3.04361
3.17589
3.10068
3.20335
3.03489
3.02763
3.53705
3.29991
2.85285
3.10444
3.74446
3.27905
2.83252
3.58461
3.28195
3.04747
3.27794
3.70619
3.51465
3.4798
4.19454
3.22108
2.76602
2.74343
2.98351
3.88597
3.73967
3.3936
4.42478
2.8659
4.07764
4.28681
3.54177
3.12735
3.28333
2.74967
2.71056
2.84118
2.45701
2.67913
3.12222
3.28762
4.19823
3.18829
3.66218
3.33235
2.72872
3.15814
3.09779
3.44106
3.79274
3.59105
3.38908
3.44457
3.14765
3.36402
3.22429
3.21538
3.40222
3.28474
3.07721
2.90681
3.19779
3.14324
3.00362
3.12094
2.75961
3.08961
3.03437
3.25137
3.13066
3.35767
2.45195
2.95565
2.58906
3.02256
3.03806
2.99343
3.60102
2.80809
2.81253
4.14284
3.3981
4.22356
3.93955
3.24159
3.7019
3.72337
2.94505
2.84767
3.21599
3.84064
3.18778
2.8588
3.29243
3.20563
3.21864
2.46874
3.78522
3.68999
1.92233
3.006
2.64948
2.46821
2.59289
2.76526
2.90678
2.75566
2.00616
3.17157
2.69381
3.34437
2.32594
2.63309
2.74705
2.64498
2.71739
3.57574
2.51929
3.13685
2.88052
3.27008
3.06535
2.72921
2.70025
3.75481
3.28924
3.07261
2.80449
3.48093
3.30924
3.73853
3.18305
3.9893
3.2381
2.89689
2.74401
2.97496
2.9699
3.13987
3.17857
3.00855
3.77677
3.2337
2.48581
2.3468
2.92586
2.28518
2.89414
2.86652
2.7918
2.67193
2.02425
3.16532
3.10142
3.34424
3.27787
2.26204
3.35957
3.60403
4.12221
3.27559
4.32585
3.54759
3.18409
2.92332
3.17098
3.07332
3.71892
3.58486
2.86468
3.13799
3.02466
2.89221
3.18277
3.38715
3.44456
2.97172
2.88611
3.03496
3.02259
2.91382
3.1873
3.2258
3.29221
3.02821
3.00904
3.62884
3.01798
2.98669
3.6842
3.24177
2.77926
3.61508
2.96285
3.09543
3.18869
3.73713
3.09404
3.21297
3.41243
2.95021
2.69357
3.06442
2.69419
4.30155
3.39001
3.3305
4.08645
3.99628
4.2451
4.5411
3.69724
2.69737
2.96133
3.32961
2.93562
2.81239
2.58853
2.70735
2.868
3.15068
3.65788
2.92318
3.58122
3.65052
2.95918
3.49271
3.33708
3.07157
3.61011
3.30434
3.4452
3.27355
3.84923
3.17508
3.23779
2.94183
3.47668
3.36496
3.38985
2.91683
3.36901
2.76581
2.89154
2.86128
3.28752
3.05633
3.21792
3.0065
3.21771
2.93803
3.24605
3.04339
2.71475
2.93343
3.09343
2.75512
3.33695
2.88734
2.84274
3.60837
3.30994
4.34409
3.83637
3.20176
3.53115
2.95674
3.13814
2.84933
2.74742
3.65606
2.84227
2.62673
3.42797
2.91556
3.4372
2.86665
3.51778
3.94211
