2.0433
2.96444
2.53397
2.5336
2.60199
2.94904
3.50431
2.94522
1.9209
2.94777
3.27694
3.21715
2.83254
2.77143
2.84239
2.83591
2.74753
3.56625
2.83854
2.86132
3.19368
2.98804
2.85244
3.29067
3.28922
3.80422
3.00511
2.93569
2.97707
3.37635
3.42494
3.76031
3.68868
3.58781
3.15123
2.76435
2.8738
3.26926
2.52591
3.32821
3.34903
2.61391
3.93508
3.50879
2.6478
2.64575
2.8477
2.66167
2.75279
2.74716
2.75339
2.63343
1.97704
3.28975
3.13192
3.31248
3.45212
2.33858
3.62469
3.28934
3.40942
3.59346
4.17019
2.78367
3.14475
3.06441
3.41107
3.28111
3.49362
3.63176
3.09742
3.25462
3.14119
2.92338
3.29234
3.4443
3.08838
3.08762
2.97192
2.99294
2.80706
3.03284
2.84684
3.33873
2.69731
2.95653
3.30275
3.12294
2.63594
3.06087
3.75447
3.37283
2.40275
3.61293
3.15478
3.34161
3.02556
3.83454
3.26295
3.52996
3.97134
3.75663
2.57653
2.69229
2.95163
3.56495
3.16244
3.46468
4.107
3.01241
3.41265
3.97184
3.31342
3.06259
3.08771
2.95218
3.06628
3.41696
2.11222
3.01401
2.76792
3.96747
4.25074
2.75533
3.29251
3.24574
2.70994
3.86071
3.3727
3.30451
3.82021
3.64228
3.03816
3.36752
3.15329
2.8297
2.79347
3.41584
3.34626
3.00892
2.66574
2.87186
3.15555
3.0509
2.98555
2.79408
3.60477
3.13663
3.18563
3.32029
3.2478
2.53676
2.90314
3.53174
2.511
2.83845
2.83487
3.03158
3.11417
2.73855
3.06614
4.0172
3.94405
3.47018
3.48236
3.28093
3.25813
3.45388
3.26917
3.11183
2.89544
3.68634
2.63188
3.12892
3.26293
3.57822
3.36012
3.41547
3.4768
3.37458
1.98064
3.10607
2.55954
2.40529
2.71466
2.89463
3.25026
3.01667
1.85301
3.00055
2.77493
3.33158
2.6726
3.03556
2.99948
2.56486
2.78167
3.38225
2.62019
2.53969
3.00765
2.96717
3.0632
2.88387
3.23084
3.67321
2.7018
3.55475
3.20201
3.25956
3.45712
3.91145
3.24652
3.65014
2.66716
2.74335
2.76574
2.8552
2.52947
3.32621
3.17624
2.89901
3.85517
3.4127
2.50835
2.61901
3.27315
2.7183
2.85232
2.52234
2.7493
2.68127
2.26184
3.22704
3.31306
2.96791
3.78201
2.44569
3.47256
3.28938
3.23568
3.71958
3.88249
2.77666
3.45313
3.37556
3.30625
3.17941
3.49288
3.32316
2.90705
3.60205
3.07664
3.37395
3.19414
3.60496
3.44828
3.10808
3.14169
3.18118
3.30537
3.09664
2.88419
3.10313
2.99716
2.9273
2.91846
3.23787
2.90272
3.41776
3.78581
3.4445
2.47209
3.26411
2.95351
3.10196
3.40407
3.10368
2.97961
3.41849
3.38937
3.4058
2.95647
2.96009
3.23872
3.7848
3.04066
3.29192
3.63304
3.21556
3.62935
4.34655
3.35048
2.89367
3.0841
2.98347
2.91532
2.87374
2.50692
3.01939
2.91618
4.09425
3.80149
3.06069
3.51086
3.95208
3.54175
3.57314
3.35784
3.72396
3.55082
3.54435
3.63016
3.44119
3.29541
3.24942
3.43018
3.04607
3.17875
3.34663
3.11895
3.01167
3.05478
3.12015
3.0751
2.6839
3.28089
3.22402
3.31752
3.29524
3.35827
2.88552
2.56998
3.44958
3.29523
3.19718
3.13572
2.69218
3.03939
2.84762
2.96777
3.4642
3.6396
3.70405
3.21007
3.05719
3.50474
3.38894
3.07744
2.9067
3.04769
3.52853
2.91674
2.93925
3.26309
3.44144
3.55426
3.14706
3.37975
3.97821
