2.01158
2.87449
2.5576
2.36549
2.65449
2.68399
2.79473
3.02383
1.83466
3.14435
3.04229
3.26388
2.70166
2.5549
2.83338
2.69472
2.79909
3.07348
2.51548
2.72798
2.83737
3.09268
2.8839
3.38812
3.1929
3.55594
3.3069
2.86026
3.03044
3.25007
3.24073
3.76834
3.50803
3.46398
3.02296
2.80469
2.90869
3.42145
2.85311
3.47851
3.30585
2.89342
3.28598
3.55543
2.84823
3.54773
3.20449
2.95976
2.72902
2.85649
2.70385
2.74387
2.04861
3.2869
3.1332
3.55578
3.4751
2.17074
3.42505
3.36251
3.66489
3.76078
3.80501
3.07922
3.1538
3.33929
3.36982
3.20054
3.70792
3.85888
3.26251
3.66653
3.29731
3.01392
3.42
3.59202
3.28029
3.28207
2.95907
3.3689
3.12764
2.99499
3.05212
3.02685
2.99652
2.87505
3.34273
3.48802
3.52047
3.61844
3.81144
3.34269
2.90355
3.56444
2.67427
3.059
3.32485
3.61522
3.3753
3.56038
3.433
3.96918
2.98934
3.21341
3.30416
3.85439
3.19014
3.32572
3.73167
2.59847
3.68414
3.90153
3.396
3.12807
3.30822
3.42113
3.05506
2.93501
2.17919
3.09801
2.93161
3.58367
4.29859
3.46831
3.34738
3.26181
3.04918
3.24126
3.26466
3.37946
3.74133
3.72437
3.51755
3.66884
3.29081
3.28123
3.30013
3.19443
3.09812
3.00402
2.87104
2.67411
3.31139
3.10249
2.96236
3.11115
3.30657
3.22904
3.27649
3.30954
3.32065
2.59804
3.25508
3.36929
2.58119
2.72768
3.18305
3.2145
3.36903
2.91309
3.03131
3.35922
3.6
4.09026
3.45733
3.35509
3.98104
3.74088
3.13929
3.02604
2.8512
3.92775
2.84652
3.34706
3.38321
3.29832
3.80104
3.40716
3.44328
3.35666
2.00832
2.7646
2.42473
2.53128
2.70544
2.63248
2.97163
3.05374
2.00738
3.2203
3.02911
2.93893
2.53561
2.35537
3.18991
2.8635
2.63571
3.09491
2.50471
3.01396
2.88084
2.99663
2.71287
2.92618
3.16114
3.5828
3.49155
3.5528
3.40561
3.32564
3.66471
3.84753
3.29584
4.05083
3.11247
2.57421
2.79716
3.30833
3.08678
3.25229
3.48103
3.0609
3.36349
3.44104
2.83244
2.92664
2.83725
2.79281
3.36503
2.85512
2.80209
2.6712
2.2185
3.17124
3.53311
3.40358
3.53281
1.92084
2.70285
3.33867
3.51516
3.31132
3.95953
3.48238
3.49772
3.13501
3.31107
3.18369
3.7295
3.70446
3.56827
3.58384
3.05244
3.49449
3.20948
3.57414
3.14804
3.18421
2.91748
3.05285
2.93777
3.08059
3.02911
3.36662
2.94368
3.2316
3.562
3.517
2.93071
3.57721
3.46927
3.42248
2.96002
3.84314
2.72531
3.24889
3.18398
3.3698
3.50014
3.5811
3.30848
3.48549
3.21026
3.20829
3.01329
4.27339
2.93644
3.52146
3.89307
3.54226
3.85737
4.55163
4.30875
3.16309
3.73721
2.96775
2.919
2.84559
2.48264
3.12448
2.85219
3.40817
3.94023
2.77906
3.35363
3.62078
2.80117
2.9064
3.24568
3.27926
3.99157
3.54219
3.33142
3.44298
3.2594
3.19694
3.47053
2.85282
3.18169
3.35612
3.01605
3.0088
3.39109
3.18982
2.89122
3.24909
2.9871
3.20868
3.12206
3.21482
3.13769
2.70723
3.25988
2.90551
2.54056
3.08673
2.944
2.78334
3.15238
2.77379
3.12012
3.53555
3.3058
4.18787
3.24818
3.24336
3.85712
3.19976
3.527
2.969
3.07087
3.57009
3.14265
2.69847
3.30539
3.32162
3.5001
3.68646
3.36824
2.95054
