2.08916
2.9013
2.43758
2.47846
2.60146
2.61259
2.73653
2.87206
1.67818
2.93146
2.97585
2.98482
2.34087
2.55503
2.48076
2.52723
2.62834
3.29125
2.48443
2.42555
2.64131
2.97556
2.8004
3.04122
3.11975
3.16586
2.98861
3.36985
2.82566
2.91464
3.54284
3.50596
3.48932
3.95208
3.30244
2.45098
2.57228
3.29301
2.10192
3.32376
3.41297
2.42045
3.54148
3.35309
2.5959
2.42742
2.36244
2.54038
2.17426
2.52508
2.46897
2.28659
2.01573
3.23485
2.81507
3.40891
3.54043
1.76564
3.45298
3.74262
3.82646
3.35162
3.59007
3.30569
2.76779
2.9458
3.15558
2.99456
3.12906
3.06762
3.02505
3.04411
2.88648
3.05778
3.34094
3.35314
3.38425
3.12166
2.97414
2.83978
2.80793
2.8941
2.83343
3.04395
2.68077
2.95264
2.81421
3.4183
3.19854
3.17122
4.07976
3.00392
3.13248
4.10212
2.33103
3.01304
3.17121
3.25519
3.4642
3.34744
3.51249
3.47699
2.93793
3.3111
3.11739
3.76035
3.69715
3.30118
4.00428
2.01418
3.44795
4.07612
3.36848
3.21302
3.10003
2.72025
2.55012
2.96483
2.25594
3.12078
3.04384
3.40453
4.40127
2.95827
3.41764
3.79737
2.8141
3.14336
3.05628
3.24154
3.82671
3.68256
3.03186
3.21232
2.95735
3.58252
3.40886
2.7038
3.1149
3.23006
2.78892
2.73423
3.22291
2.73707
2.88502
2.65207
3.31251
3.06746
2.92102
3.01135
2.95589
2.33139
3.37675
2.73034
2.7675
2.87419
2.94631
2.61969
2.98657
3.07517
2.85646
3.10642
3.35402
3.59766
2.89223
2.93548
3.91496
3.44455
3.08737
2.81734
2.80382
3.53404
2.87523
2.76396
3.65962
2.84885
3.38939
2.81817
4.12389
3.35621
2.10202
2.6907
2.50662
2.49586
2.51746
2.72099
3.21058
2.89591
1.83217
2.90345
2.85565
2.69502
2.28064
2.48213
2.5507
2.37277
2.42468
3.16146
2.51114
2.60287
3.07807
3.3691
2.66512
2.74229
2.83234
3.54411
2.66264
3.32694
2.83578
3.05512
3.24344
3.5021
3.65005
3.83953
2.89271
2.30087
2.54018
3.23933
2.21602
3.39033
3.35841
2.27368
3.85636
3.04228
2.81332
2.73435
2.43244
2.49133
2.30399
2.38187
2.54148
2.57709
1.94444
2.978
2.82756
3.31272
3.39845
2.26258
3.56902
3.72696
3.6384
3.77127
3.65859
3.19033
3.35689
3.52638
3.06764
3.10678
3.7069
3.45342
2.98879
3.22397
2.89442
3.09898
2.95028
2.84768
3.18298
2.97861
2.90455
3.16597
2.78118
2.94013
2.74555
2.76801
2.56456
2.72446
2.88193
3.14176
2.94942
4.02523
3.59566
3.80971
2.84507
3.29964
2.54699
3.00204
2.9549
2.75957
3.20083
3.18503
3.60227
2.96428
3.21833
2.65453
3.2454
3.66195
3.19303
3.44779
4.09261
2.39959
3.48499
3.63824
3.56074
3.1448
3.44027
2.73933
2.65777
2.9366
2.27215
2.65249
3.30684
3.58154
3.69129
2.76702
2.73544
3.68324
3.34274
2.94478
3.25324
2.91139
3.66585
3.2689
3.17724
3.3257
3.06006
3.04139
3.17603
3.15914
2.95855
2.98913
2.8418
2.93306
2.90836
2.76123
2.63328
2.72331
3.32531
3.35255
2.96156
2.91905
2.70311
2.43317
3.62392
2.71894
3.01421
2.69573
3.2167
2.93437
2.4715
2.89195
2.69386
3.72017
3.62293
3.8924
2.87706
2.83938
3.78772
3.29053
3.30624
2.62603
2.62701
3.33546
3.17131
2.82912
3.14131
2.88514
3.09789
3.06117
3.69762
3.68156
