1.8528
2.78164
2.73615
2.26319
2.53881
2.80085
3.11806
3.11699
1.77027
3.01035
3.31105
3.30246
2.558
2.61351
2.92416
2.69699
2.72717
3.22652
2.72144
2.6221
2.78703
3.16295
2.8394
3.14476
3.31033
3.61443
3.15072
2.96205
3.03261
3.11989
3.68988
3.98199
3.7643
4.05548
2.7921
2.78678
2.89563
3.18661
2.81476
3.0137
3.51373
2.93549
3.6251
3.52397
3.04763
3.01891
2.92551
2.66995
2.58929
3.20559
2.47793
2.58728
2.21487
3.17713
3.47883
3.54743
3.16346
2.33231
3.78312
3.28672
3.06297
3.44487
3.83312
3.19642
3.0227
3.61615
3.47024
3.09867
3.797
3.38496
3.28398
3.59626
3.26937
3.35928
3.06874
3.28567
3.63762
3.22334
3.19654
3.29722
3.18312
3.0053
3.26314
2.92299
3.10043
3.3371
3.39069
3.07501
2.90421
3.07929
3.42826
3.33666
2.76386
3.70431
2.83501
3.19434
3.10478
3.47524
3.33618
3.16652
3.59091
3.27759
3.11517
2.79572
3.23435
4.25676
3.49897
3.66643
4.02904
2.8535
3.94671
4.22862
3.13252
3.16196
3.30813
3.02809
2.83204
3.05428
2.28605
3.03617
2.57597
3.73425
3.64927
2.69691
3.61777
3.24085
2.83582
3.39126
3.11802
3.55309
3.65977
3.99043
3.30603
3.18478
3.26245
3.23148
3.50699
3.06926
3.2653
3.36861
3.17345
2.94695
3.06475
3.02542
3.17409
3.00408
3.47629
3.15297
3.27239
3.22071
3.21695
2.83398
2.96319
3.42175
2.53245
2.40477
3.08698
2.62602
2.85659
2.93684
2.71595
2.67723
3.4454
3.62625
3.21835
3.07995
3.73381
3.54045
3.07574
3.19068
3.26596
3.90051
3.10961
2.70804
3.34078
3.33586
3.42108
3.24632
3.37825
3.66274
1.8602
2.9768
2.57765
2.35586
2.55087
2.83908
3.39251
3.067
1.83667
3.04396
3.30257
3.2397
2.66087
2.66242
2.79091
2.94511
2.68297
3.45454
2.83975
2.78111
2.90451
3.12136
2.61192
2.67963
3.16892
3.67586
3.16628
3.14413
3.28233
3.17202
3.37015
4.05757
3.29059
3.8883
3.04322
2.4394
2.86142
3.16589
2.62645
3.48253
3.31819
3.03416
3.2301
3.34374
2.88876
2.7926
2.73164
2.52056
2.93233
2.82116
2.8925
2.74404
2.24859
3.3289
3.3038
3.21813
3.32105
2.34695
2.98755
3.1729
3.68794
3.29372
3.82539
3.11133
3.55599
3.72349
3.33705
3.12488
3.78205
3.56409
3.43061
3.1558
3.20167
3.32738
3.123
3.34943
3.38959
3.07276
2.97843
2.96711
3.22683
3.49039
3.21775
3.21357
3.15018
3.17057
3.27027
3.32599
2.99087
3.36325
3.47807
3.80953
2.54888
3.33718
3.27139
3.19558
2.99964
3.36218
3.5148
3.48879
3.43877
3.51081
2.81669
2.76379
3.07239
4.22269
3.22531
3.63819
4.05103
3.28751
3.96986
4.58774
4.06165
3.03489
3.4907
3.24587
2.95089
2.44098
2.21507
2.71361
2.93023
3.44751
3.80301
2.57698
3.51038
3.31333
3.07364
3.49983
2.89621
3.43215
3.88282
3.9707
3.48193
3.59131
3.39731
3.62096
3.32476
3.18059
2.94633
3.17031
2.99997
2.83768
3.12071
2.81985
3.26275
3.00116
3.56429
3.29081
3.1186
3.23713
3.03332
2.87886
2.65471
3.47019
2.80647
2.85745
3.61624
3.04006
3.12992
2.79218
2.90094
3.26412
3.77088
3.5069
2.67112
3.1154
3.84293
3.66205
3.37378
2.85331
3.18039
3.68944
3.14152
2.54685
3.24305
3.26018
3.50797
2.99453
3.32698
3.79701
