1.72359
2.76018
2.25726
2.02365
2.3083
2.75745
2.88415
2.99541
1.80867
3.32151
2.67883
3.10508
2.37221
2.37636
2.69811
2.65837
2.68369
3.25718
2.61225
2.94135
2.45777
2.47473
2.39637
2.69213
3.25229
3.33013
2.95175
3.12218
2.85505
3.25687
3.20656
3.82714
3.71579
3.96629
3.49276
2.69379
2.91102
3.0457
2.57851
3.14485
3.29461
2.69415
3.76728
3.26166
2.69631
2.53006
2.8133
2.55303
2.62183
2.7329
2.60806
2.55854
2.23045
2.85412
3.00511
3.26837
3.44567
2.23722
2.56326
3.05887
3.38739
3.1254
3.93736
2.87131
2.83719
3.04966
3.34612
3.09343
3.61379
3.32988
3.25939
3.32457
2.95352
3.47823
3.432
3.51363
3.18197
3.14778
3.02039
3.15983
2.93388
2.881
3.22578
3.04923
3.19246
3.05362
3.1766
3.80059
3.06495
3.9171
3.44891
3.43518
2.9524
3.54737
2.38795
3.07958
3.43833
3.34813
3.22444
3.57762
4.15223
3.98338
2.47012
2.94072
3.19779
4.42863
3.15045
3.51386
4.33671
2.83346
3.87398
4.22447
3.57818
3.19492
3.33406
2.93425
2.78224
3.03552
2.57621
3.27371
2.405
3.79074
3.40064
2.91607
3.34512
3.35877
2.88731
3.22384
3.45246
3.52075
3.77336
3.58158
3.27637
3.39066
3.17259
3.23916
3.20164
2.68814
3.13687
2.91857
3.26522
2.56317
3.38898
2.86348
3.21017
2.81461
2.85317
3.22497
3.17307
3.08997
3.31402
2.36179
3.24105
3.13503
2.55385
2.87076
2.84605
2.45606
3.25554
2.61851
2.61875
3.23919
3.45847
3.78559
2.67978
3.03184
3.7447
3.7985
3.15235
2.93035
3.01296
3.67806
2.69245
2.9234
3.32679
3.15685
3.46051
2.91631
3.32865
2.93351
1.92894
2.69138
2.38928
2.1548
2.42461
2.64027
3.01484
3.02416
1.87616
2.82336
2.81421
3.04619
2.47204
2.55948
2.91522
2.49357
2.54709
2.9293
2.62588
2.41065
2.76336
2.47559
2.72066
3.10106
3.02704
3.69568
3.11832
3.24634
3.02451
3.28271
3.28869
3.78733
3.62347
3.99848
3.18609
2.92861
2.87422
3.30845
2.59455
3.32428
3.37568
2.59525
3.50627
3.00806
2.69177
2.6908
2.64653
2.69477
2.66616
2.69449
2.77656
2.62654
2.02038
3.4155
3.17872
3.15806
3.78463
2.34481
3.17951
3.15434
3.12377
3.1519
3.49356
3.14708
2.86861
3.43166
2.94899
3.15427
3.61082
3.54211
3.05376
3.01053
3.01928
3.04711
3.1685
3.22699
3.33468
3.00298
3.21795
3.33399
2.8254
3.10907
2.8998
2.99867
2.80531
3.04686
3.09623
3.1845
3.04298
3.28381
3.89997
3.46406
2.96718
3.48918
2.65665
2.99626
3.00825
3.23537
3.28037
3.61507
3.1851
3.52523
2.97333
2.78423
2.75731
4.15793
3.02175
3.47126
3.71556
3.31654
3.55684
4.30887
3.34901
3.06453
3.47358
2.89887
2.79737
3.14006
2.44932
2.93049
2.88147
3.61248
3.52578
2.74962
3.32381
4.07081
3.46103
3.04667
2.93211
3.31193
3.48804
3.59529
3.10726
3.19429
3.08968
3.03641
3.3511
2.74786
2.92235
2.98107
2.72637
2.93321
3.3645
2.76665
2.56818
2.71441
3.2409
3.0601
2.99686
2.86838
2.96605
2.23914
2.52861
2.69205
3.69283
2.98187
2.91361
2.68741
2.71089
2.91533
2.80795
3.54011
3.36417
3.86533
2.58528
3.51324
3.37932
3.8664
3.08409
2.79129
2.9564
3.50772
2.58853
2.98125
3.36156
3.06593
3.50476
3.05956
3.18169
3.78969
