1.94061
2.99082
2.74129
2.35768
2.51393
2.57188
3.2618
2.97906
1.82664
3.1084
3.13326
3.17993
2.33864
2.83645
3.00539
2.7757
2.63025
3.38427
2.48929
2.78174
2.85916
2.86484
3.10979
3.0024
2.98488
4.12725
3.29741
2.91246
2.69429
3.21302
3.50484
3.49126
3.45106
3.80818
3.10824
3.39314
2.87308
3.31924
2.62501
3.3864
3.37533
2.29336
3.15969
3.41482
3.08766
3.0112
2.49862
2.67106
2.75583
2.74859
2.22172
2.4438
2.225
3.08372
3.29493
3.47893
3.79447
1.94178
3.50639
3.48581
3.16273
3.54676
3.89378
3.45448
3.04399
3.24954
3.08825
3.17468
3.71008
4.01395
3.29925
3.43143
3.09462
3.43817
3.23411
3.78012
3.29514
3.23771
3.2715
2.97606
2.87902
2.80186
3.20756
3.34005
3.45999
3.15546
3.0231
3.16267
3.15954
3.32219
3.73293
3.33533
2.68926
3.3091
2.32132
2.89885
2.96358
3.3032
3.3246
3.32007
3.74912
3.57092
3.34973
3.06932
3.24175
4.11379
3.19324
3.37825
3.88979
2.53
3.19204
2.86525
3.43312
3.15987
3.64701
3.01737
2.7421
3.01109
2.18488
3.04462
2.74676
3.52277
3.83469
2.73081
3.45311
2.64174
3.09381
3.01081
3.01791
3.45295
3.92004
3.35089
3.70294
3.15262
3.73377
3.24241
3.0744
3.13625
3.19242
2.81269
3.00199
2.7931
3.40911
2.77284
2.58604
2.71168
3.37608
3.34882
3.08927
3.14502
3.25661
2.42898
2.1192
3.00685
2.65152
3.09785
2.94195
2.62554
2.79509
2.7652
3.22822
3.61081
2.94775
2.96107
2.73619
2.62225
3.55886
3.57752
3.20168
3.03997
3.12271
3.38824
3.17404
3.16731
3.42578
3.47158
3.49628
2.93184
3.3926
3.52958
2.02264
2.73991
2.45824
2.44065
2.5973
2.73013
2.90637
2.95295
1.76108
3.17144
2.68399
2.73826
2.36892
3.60979
2.99295
2.73083
2.54104
3.20546
2.68307
2.47219
2.99238
2.76785
2.81975
3.56026
3.42157
3.70216
3.02447
3.50503
3.02219
3.42118
3.36907
3.81243
3.99752
3.4729
3.1922
2.79836
2.56215
3.13458
2.47132
3.11982
3.53036
2.64912
3.79396
3.29836
3.01306
2.77596
2.68395
2.57625
2.8309
2.66953
2.47472
2.45564
2.11627
3.06382
3.24749
3.61013
2.84231
2.87623
2.9393
3.23004
3.42956
3.47302
3.90637
2.94734
2.59864
3.05503
3.13236
3.24478
3.8157
3.7584
3.33838
3.42288
3.2969
3.2361
3.43951
3.09981
3.40588
3.04949
3.01739
3.03563
2.90886
3.04288
3.32405
3.23714
3.17103
3.04426
3.02309
3.29509
2.81799
3.06688
3.59668
3.35915
2.5028
3.00682
2.85142
3.12814
2.88889
3.03607
3.43286
3.19643
3.66133
3.26302
2.98558
3.29631
3.18732
3.50327
3.14273
3.2677
3.56789
3.03915
3.14879
3.5344
3.31787
2.77846
3.25145
2.88198
2.6446
2.9918
2.47575
2.56706
2.5912
3.65965
3.85799
2.89812
3.04527
2.49104
3.15481
2.94621
3.15771
3.26252
3.94168
3.4159
3.00269
3.3425
3.69789
2.68603
3.06347
2.77182
3.24444
2.76321
2.87042
3.07478
3.16736
2.7802
3.00813
2.52467
3.21415
3.28441
2.95798
3.01336
3.33888
2.3772
2.27278
2.62537
2.45232
3.19278
3.00062
2.94218
2.96165
3.14437
3.03807
3.05997
3.2273
3.4201
2.42949
2.84882
3.65317
3.67457
3.10904
2.86025
2.97185
3.54474
3.12054
3.21074
2.97326
2.96389
3.41725
3.2793
3.47681
3.81734
