1.91761
2.9087
2.48875
2.35084
2.68529
2.91186
3.30938
2.97246
1.76171
3.02577
2.74307
2.90654
2.49847
2.91932
2.75717
2.48172
2.68631
3.36394
2.61407
2.94697
3.59818
3.1678
3.00333
2.67174
3.46062
3.7007
2.85909
2.84463
3.16036
3.11358
3.00425
3.61344
3.49971
4.06679
3.42752
2.67874
2.76748
3.34988
2.49253
3.34677
3.3186
2.57003
3.85715
3.6656
3.06165
2.86681
2.5868
2.65959
2.51765
2.81547
2.63702
2.60542
2.23958
3.17442
3.27651
3.31187
3.29383
2.73733
2.67971
3.51366
3.34711
3.41913
3.73099
2.85497
3.35538
2.85408
3.24077
3.01619
3.41264
3.52917
3.37939
3.06426
3.08021
3.20485
3.17056
3.57689
3.19595
3.51435
3.32954
3.01626
2.86754
2.90536
2.86624
2.95027
2.7505
2.92449
2.91001
3.12427
2.8897
3.05471
3.36277
3.73833
2.64934
3.79954
2.66785
3.05948
2.85869
3.25449
3.67344
3.77065
4.16126
3.49721
2.8162
3.07225
3.36577
3.89319
3.40151
3.46468
3.92478
3.15921
4.21527
4.50934
3.81426
3.23099
3.40489
2.96451
3.00503
2.79456
2.35202
3.47264
2.64977
3.58545
4.37765
2.8826
3.27644
3.04817
3.27959
3.17998
3.34438
3.72351
3.68403
3.62756
3.18989
3.28821
2.91393
3.51012
3.55331
3.09872
2.81633
2.71363
2.70584
2.33293
3.19206
3.09114
2.8464
2.67111
3.71766
3.16888
3.30871
2.94724
3.26849
2.62698
3.59039
3.06514
2.63858
3.30758
2.81203
2.80573
3.02259
3.35348
3.07776
3.20657
3.32072
3.89324
3.64674
3.21209
3.57287
3.35901
3.11112
2.8872
2.70341
3.67729
2.80011
2.65865
3.479
2.86813
3.59814
2.96158
3.54884
3.44009
1.90768
2.6642
2.48212
2.23167
2.5619
2.64223
2.99373
3.07285
1.81558
3.30806
3.30501
3.79175
2.27522
3.20059
2.87777
2.54103
2.57787
3.41283
2.65908
2.73662
2.90828
3.17498
2.94928
3.30349
2.84484
3.67231
3.55068
3.08895
3.19518
2.94587
3.18206
3.54973
3.22954
3.70063
3.22379
2.61922
2.81094
3.3088
2.61705
3.54857
3.6876
2.65345
3.54913
3.55877
2.78875
2.83375
2.99434
2.39477
2.57721
2.69826
2.63113
2.5731
2.3776
3.13681
3.16524
3.67598
3.75944
2.84165
3.36573
3.33243
3.62794
3.1885
3.98622
2.69088
3.02136
2.93259
3.32188
3.02191
3.58249
3.61617
3.14866
2.90148
3.12545
3.27303
3.17849
3.52401
3.03493
3.18632
3.07009
3.36915
3.02616
2.88005
2.85945
3.14812
2.73808
2.98998
3.392
2.99629
2.76834
2.73755
3.31473
3.42733
2.3832
3.62371
2.63761
3.22655
3.26561
3.25706
3.40876
3.67769
3.79308
3.17308
3.32322
3.53167
3.49748
3.88742
3.91041
3.45781
4.18193
3.37756
3.61251
4.35506
3.54723
2.9143
3.31491
3.05819
2.76983
2.68814
2.36363
3.33642
2.70866
3.74759
3.99423
2.8595
3.13828
2.92476
3.28444
3.02276
2.91421
2.94811
3.73043
3.52983
3.49248
3.03694
3.14059
3.58347
3.30093
3.00094
3.22571
2.81321
2.93482
2.43132
3.04355
2.81509
2.80693
2.63909
3.11353
3.42426
3.38278
3.10753
3.13329
2.57693
3.19447
2.85376
3.20699
2.96958
2.8015
2.54429
2.70706
2.74822
3.10986
3.4219
3.15417
3.66529
2.5351
3.55188
4.20355
3.32515
3.22726
2.77006
3.10668
3.51372
3.37095
3.0664
3.27393
2.90159
3.30432
2.93956
3.32484
3.51786
