1.99899
2.42024
2.3508
2.40165
2.53328
2.77473
2.91959
3.16518
1.73295
3.07136
2.82649
3.24363
2.51628
2.76373
2.98656
2.26335
2.43597
3.07356
2.75722
3.18151
3.49991
3.60261
2.82011
3.05095
3.45881
3.80281
3.07297
2.80318
3.04488
3.35412
3.15966
4.21932
3.63513
3.95117
3.15964
2.81358
2.73352
3.10245
2.96881
3.25642
3.40569
2.97896
3.54402
3.37046
3.39892
3.43062
2.99045
3.22556
2.9344
2.78436
2.70433
2.7704
2.1438
2.83608
3.07372
3.47796
3.33261
2.12702
3.62583
3.98713
3.57264
3.83914
4.03999
3.14869
3.10903
2.86025
3.45821
3.15918
3.58134
3.80075
3.04957
3.37358
2.93308
3.01899
3.37136
3.00956
3.15956
3.19541
3.12153
3.19077
2.95328
3.42072
3.00036
3.37924
3.38522
3.2075
3.47625
3.56589
3.03966
3.29885
3.44508
3.46021
2.67476
3.853
2.98517
2.98069
3.2637
3.45544
3.08302
3.62793
3.75666
3.35508
2.18791
3.02171
3.14209
4.36126
3.08308
3.29861
3.66695
3.25374
3.62294
4.49142
3.40347
3.11324
3.12722
3.13003
2.91998
3.13664
2.57751
3.22929
3.76793
3.78849
4.18153
3.15546
3.59079
3.94068
2.88841
3.49124
3.31664
3.35122
3.75504
4.17778
3.50871
3.36632
3.12259
3.51064
3.58552
3.0548
3.1986
3.44448
2.79405
2.53544
3.50941
2.97219
2.92166
2.88093
2.99202
3.18542
3.09694
3.325
3.27153
2.30475
3.03312
3.08878
2.72107
2.87419
2.45924
3.39531
2.68488
2.73312
3.07436
3.54545
3.59737
4.28593
3.2632
3.41238
3.85303
3.67236
3.07726
3.21213
3.40197
3.68259
2.8549
2.70514
3.83722
3.40184
3.59862
3.0103
3.46643
3.8373
1.96552
2.96969
2.37464
2.30731
2.70253
2.7482
3.02748
3.02459
1.87145
3.04283
2.88199
3.04937
2.32929
2.70536
2.64453
2.64433
2.53978
3.33871
2.62258
2.64302
3.10969
3.52401
3.32997
2.94425
3.53015
3.67828
2.98066
3.72289
2.77853
3.35632
3.68195
3.55257
3.94273
4.01176
3.38788
2.58298
2.81459
3.27037
2.61644
3.1891
3.36714
2.62005
3.66665
3.46448
2.88391
2.71124
2.76168
2.51695
3.1401
2.64752
2.85998
2.52662
2.13789
3.07385
3.18264
3.57319
3.70039
2.57964
3.95347
3.3015
3.58391
3.78032
3.68132
3.08326
2.88283
3.26124
3.30615
3.09175
3.67936
3.67079
2.8321
3.1755
2.93811
2.89048
3.24554
3.16583
3.51312
3.18552
2.88248
3.16641
2.91052
3.00102
3.26694
3.62879
3.07653
3.02896
3.39138
3.618
3.37926
3.32148
3.70898
3.54816
2.8972
3.49793
2.73485
2.94637
2.97908
2.9507
3.31492
3.64968
3.49173
3.53371
2.65643
2.68568
3.28494
4.22509
3.85694
3.41676
3.82073
3.51079
3.53763
4.29605
3.56379
3.01401
2.97948
2.78962
2.8711
3.36452
2.58944
3.27248
3.42096
3.69723
4.35993
2.77159
3.55368
4.33883
3.63523
3.33283
3.07197
2.93234
3.83789
3.85324
3.39327
3.40726
3.09203
3.11622
3.49446
3.21083
3.16011
3.30334
3.10972
2.74059
3.46194
2.84023
2.79739
3.03882
3.11337
2.96576
3.34049
3.11216
3.08112
2.57439
3.1348
2.74191
3.33427
2.64715
2.98229
3.03412
3.11551
3.28024
3.19704
3.56186
3.45724
4.10801
2.54749
2.99585
3.93491
3.39199
3.47129
3.01198
3.2331
3.8593
2.9066
2.86982
3.38819
3.18876
3.54644
3.29239
3.38338
3.71868
