1.92123
2.94944
2.36419
2.58794
2.66092
2.82132
3.27551
2.87933
1.87247
3.02737
2.72923
3.01296
2.62542
2.41668
2.88334
2.8477
3.00936
3.46538
2.64446
3.20165
3.24698
2.89038
2.77845
3.19729
3.54235
3.90305
3.39181
3.10076
3.24939
3.09832
3.4942
3.66544
3.51379
4.00678
2.86648
2.53523
2.85856
3.0625
2.75931
3.12321
3.41195
2.54186
3.34115
3.17505
3.07598
3.2926
2.76382
2.49086
2.76202
3.08939
2.48691
2.56213
2.06926
2.95836
3.33628
3.18839
3.82575
2.0224
3.97501
3.35906
3.75577
3.82754
3.86901
3.62315
2.50168
3.1665
2.90186
3.11608
3.62722
3.149
2.90222
3.07661
3.30462
2.95979
3.19948
3.52811
3.41226
3.12668
2.81696
3.12968
2.84768
3.06866
3.22559
3.08726
3.10691
3.02263
3.13247
3.43872
3.11331
3.59511
3.66144
3.38499
2.8861
4.0711
2.71402
3.19892
3.34517
2.97158
3.22117
3.28506
3.75717
3.61124
2.7098
2.83997
3.18069
4.12885
3.21976
3.4664
4.35169
2.52524
3.76062
3.86949
3.67895
3.09983
3.3226
2.95093
2.97508
2.796
2.21245
2.69707
2.9197
3.34566
3.68479
2.95927
3.47815
3.066
2.90523
3.1648
3.07925
3.25945
3.7554
3.52692
3.50241
3.24442
3.67475
2.93442
3.55068
3.69046
3.18667
3.27458
3.09392
2.84893
3.43356
3.05466
2.93146
2.81062
3.1933
3.21782
3.25717
3.33208
3.33635
2.63547
3.28029
2.95727
2.70763
3.38714
2.75244
3.00185
3.67612
3.35542
2.5314
3.26561
3.50422
3.52531
3.40578
2.98009
3.30971
3.51776
3.11086
3.00135
2.96056
3.53436
2.79961
2.95433
3.38082
3.18539
3.75928
2.60979
3.45385
3.7854
1.92745
2.94314
2.43991
2.62715
2.84165
2.9605
3.50872
2.99142
1.87454
3.03159
2.78128
3.04335
2.81398
2.6447
3.28302
2.69574
2.74802
3.5774
2.71281
2.71402
3.02614
3.07017
2.75466
2.8822
3.66729
3.37326
2.84712
2.95689
3.01258
3.10119
3.60934
3.65034
3.77847
4.11581
3.23403
2.31841
2.65707
3.10073
3.23661
3.34168
3.30242
2.8291
3.4592
2.95194
2.49792
3.25635
2.86734
2.53888
3.30064
3.14691
2.71454
2.73319
2.13436
3.20422
3.02357
3.21341
3.77398
2.55898
3.5867
3.39432
3.91369
3.21719
3.59385
3.66627
3.21734
3.18018
2.9519
3.29364
3.40156
3.45275
3.18963
3.34828
3.27178
3.05168
3.37051
3.01425
3.3511
3.0867
3.05702
3.79609
3.03827
2.82654
3.07517
3.38078
2.8413
3.0151
3.16259
3.47999
2.87317
3.4198
3.81776
3.64646
2.69763
4.17462
2.71301
3.0729
3.14077
3.49038
3.03908
3.23925
3.33592
3.58099
2.90632
2.8148
2.86556
4.01838
3.35535
3.5744
3.97941
3.73364
3.43508
4.18942
3.61569
3.31242
3.28633
3.02393
2.88358
2.61756
2.05843
2.62154
2.7871
3.56411
4.02017
3.09826
3.48406
3.04624
3.38721
3.37082
3.28978
3.49006
3.90906
3.80114
3.28877
3.0866
4.04312
3.34589
3.27154
2.94424
2.69105
3.06873
3.16401
2.98079
3.4224
2.78708
2.98429
2.99575
3.28098
3.14356
3.16826
2.9978
3.231
3.13991
3.17683
3.01565
2.7061
3.4525
3.17908
2.8204
3.11254
3.35565
3.06797
3.05336
3.90517
3.54387
2.90543
2.67356
3.38619
3.25303
3.18409
2.84504
3.30515
3.58067
2.57007
2.8379
3.63686
3.08443
3.64543
2.91347
3.56546
3.79403
