1.91035
3.02993
2.70547
2.28412
2.35014
2.65813
3.23592
2.97426
1.93851
3.21463
3.35698
2.99871
2.46792
2.69821
2.70486
2.86819
2.82479
3.1853
2.53415
2.82662
3.26197
3.58597
2.74796
2.90021
3.40286
3.51474
3.14717
3.25481
2.95301
2.96811
3.27845
3.98004
3.86733
3.97869
3.47286
2.71091
2.96536
3.11116
2.48041
3.34841
3.2448
2.83583
3.51112
3.36709
3.10284
2.86696
3.036
2.65977
2.9744
2.90066
2.37089
2.61906
2.15398
3.04821
3.25707
3.51018
3.44725
2.12501
3.54877
3.09091
3.83526
3.81763
4.08602
3.24553
2.81877
2.63273
3.3732
3.11082
3.63529
3.50501
3.17632
3.32045
3.24836
2.87369
3.26935
2.90663
3.24918
3.1825
2.99411
3.14958
2.73154
2.99676
2.81993
3.23462
2.94886
2.76594
2.90343
3.01815
2.69293
3.42823
3.77348
3.10592
2.68402
3.66613
2.96396
2.96034
2.94552
3.54903
3.26151
3.31503
3.89312
3.29192
3.00385
2.8601
3.00607
3.99794
3.35982
3.15386
3.51026
2.94808
3.4063
3.99707
3.06418
2.90439
3.13005
2.95925
2.86826
3.22934
2.4074
3.52343
2.71635
3.72817
4.00356
3.3359
3.74024
3.78018
2.70972
3.14906
3.43855
3.67801
3.7025
3.86876
3.42143
3.13378
3.59507
2.97954
3.46943
3.21781
3.25879
3.42747
2.87248
2.93512
2.93071
2.89888
2.95614
2.73411
3.33407
2.96395
3.12989
3.25131
3.21768
2.38773
3.31624
2.66439
2.64905
2.95373
3.23119
3.27442
2.77634
2.68779
2.76931
3.1271
3.02985
3.68276
3.34915
2.49501
3.37715
3.47341
3.21078
2.83037
2.81379
3.93236
2.85579
3.17157
3.58945
3.2337
3.41988
2.96926
3.56802
3.41822
1.75338
2.67548
2.70925
2.33055
2.31162
2.61652
3.45331
2.87634
1.9874
3.13865
3.06272
3.15731
2.31989
2.34898
2.46208
2.76314
2.74229
3.55089
2.98991
2.68702
3.03899
2.96671
2.89325
2.98391
3.17073
3.34335
3.11775
3.49834
3.00023
3.07924
3.11218
3.30311
3.40728
3.94543
3.3875
2.86864
2.80014
3.10641
2.82181
3.22362
3.09603
2.68123
3.68108
3.3862
3.05749
2.82579
2.66
2.5525
2.72552
2.65355
2.9293
2.72392
2.11971
3.21479
3.18847
3.34653
3.09317
2.11508
3.12627
3.34049
3.71086
3.12062
3.91956
3.6812
3.68294
3.5508
3.53881
2.91603
3.679
3.62556
3.08719
3.24977
3.01636
3.6775
3.18088
3.43286
3.12948
3.09581
2.96157
3.02054
2.98798
2.8081
3.06293
3.16033
3.05294
3.02267
2.97443
3.38496
2.73998
3.37468
3.28764
3.12012
2.86437
3.28458
2.93553
2.98672
3.35351
3.6247
3.35151
3.31669
3.61712
3.66978
2.62361
3.26741
2.98009
3.80489
3.24335
3.326
3.74309
3.61976
3.77771
4.25978
3.57595
3.00104
3.48456
3.48092
3.02357
3.6815
2.47345
3.43615
2.66724
3.46819
3.76673
2.90397
3.35435
4.17338
3.2007
3.01861
2.91417
3.14042
3.60116
3.20923
3.22636
3.4473
3.18532
3.18625
3.24033
2.87957
3.05497
2.6826
2.91204
2.68871
3.12295
3.04855
2.8733
2.88581
3.12159
3.22393
3.35788
2.97912
3.28805
2.37579
2.71974
2.41372
3.47284
2.76812
3.10918
2.72936
2.62679
3.03267
3.31813
3.76449
3.85409
3.82433
3.29314
3.44343
3.68954
3.41716
3.25214
2.65108
3.24227
3.60551
2.68594
2.83989
3.28825
2.92642
3.41146
2.74697
3.10404
3.88499
