2.13854
3.27654
2.58752
2.46016
2.39191
2.63694
3.34588
2.89699
1.69166
2.93133
2.78236
3.17167
2.3233
2.82488
2.87137
2.51328
2.66536
3.08234
2.75474
2.62512
3.34765
3.55521
3.17003
3.68607
3.45588
3.69259
3.25775
3.36906
3.51533
3.60285
3.12065
3.70611
3.76425
4.19006
3.23613
2.79105
2.70451
3.43615
2.91829
3.2681
3.15498
2.77799
3.67329
3.28725
3.1917
2.95824
3.31665
2.5068
2.89537
2.70258
2.35754
2.62389
2.15032
2.71925
3.16136
2.97516
3.77955
2.10315
3.80031
3.29271
3.50365
3.29933
4.19658
2.99348
3.05971
3.00902
2.74396
3.24005
3.58436
3.66242
3.23092
3.25483
3.2286
2.99145
3.35363
3.568
3.15151
3.08252
3.21318
3.23081
3.17704
2.81881
3.19923
3.0943
3.12123
2.97788
3.10314
3.90558
2.72686
3.2604
3.74811
3.74568
2.50332
3.53018
2.59583
3.15547
3.67308
3.19241
3.21656
3.704
3.93455
3.17096
3.00808
2.96963
3.38483
4.2635
3.67172
3.47835
4.38938
3.11485
3.71283
4.23608
3.93424
2.96465
3.34087
2.97623
2.94174
3.29915
2.65281
3.05862
2.41745
3.292
4.5724
3.35663
3.8096
3.02073
2.94212
3.69574
3.61013
3.93684
3.61522
4.10702
3.38823
3.6159
3.2459
3.121
3.31304
3.00276
3.47886
3.22042
3.21542
2.73307
3.13262
2.99633
2.98662
2.9758
3.59479
3.3389
3.28883
3.35681
3.21501
2.97295
3.4385
3.00676
2.44874
3.08717
2.70515
2.97702
3.00243
2.39158
3.08188
3.37293
3.47683
3.57814
2.55252
3.01268
3.74948
3.44955
2.97745
2.86551
3.03857
3.88473
3.21877
3.45828
3.63923
3.31256
3.81881
3.04237
3.71552
3.26173
2.10295
2.9443
2.38734
2.42243
2.64701
2.83903
3.4268
2.94888
1.73759
3.03989
2.82294
2.77448
2.38936
2.99709
3.00872
3.0985
2.83458
3.56664
2.86621
2.33321
3.07347
3.14648
2.71345
3.19951
3.29027
3.86364
3.28041
3.6148
3.18611
3.72633
3.60734
3.52428
3.50679
3.83231
3.40801
2.60515
2.99816
3.23808
2.58487
3.14776
3.61043
2.74892
3.89036
3.45451
3.33055
2.89411
2.99015
3.00311
2.93334
2.63673
2.42533
2.7655
2.13945
3.0529
3.29977
3.16872
3.36203
2.2525
3.18083
3.20496
3.65063
3.33057
3.91604
2.9505
3.26806
3.63102
3.59563
3.00105
3.64296
3.84078
3.54425
3.26639
3.33306
3.09496
3.17456
3.33533
3.53894
3.24941
3.74766
3.43054
3.34829
3.10096
3.23572
3.13712
2.92436
3.01
3.19832
3.6828
3.352
3.14654
3.49228
3.5457
2.42441
3.41915
3.02286
3.13957
3.22183
3.23753
3.27229
3.54395
3.39572
3.4097
2.55262
3.21059
3.48784
4.28725
3.12736
3.46904
3.69776
4.05983
3.3136
4.15062
3.24723
3.00301
3.29928
3.18487
3.14153
3.42013
2.57946
2.74984
2.49425
3.66458
4.30867
2.88423
3.47379
3.18615
3.31119
3.4529
3.38504
3.42636
3.90784
3.79235
3.57708
3.64907
3.16252
3.72495
3.62454
3.15283
3.45544
3.2827
3.06666
2.91349
3.15931
3.17987
2.81267
2.78008
3.38789
3.37936
3.33484
3.38389
3.12861
2.87326
3.13466
2.91722
2.84031
3.06439
3.19919
2.89272
2.9046
2.76117
2.91066
3.1111
3.31927
3.56356
2.86418
3.05448
3.36797
3.72318
3.0858
2.77118
2.9059
3.99879
2.773
3.06198
3.44017
3.34943
3.30687
2.91482
3.4673
3.61399
