1.94698
2.80249
2.33409
2.4711
2.55736
2.59667
2.80534
3.0004
2.05755
3.03223
2.69238
3.47021
2.67323
2.16364
2.87085
2.50427
2.93704
3.19052
2.52497
2.72066
3.49109
2.93143
3.38637
3.13102
3.11967
4.12422
3.01807
2.88567
3.22122
3.15779
3.37105
3.24562
3.28745
3.75124
3.24333
2.49393
2.84218
2.84493
2.61357
2.9861
3.42771
2.90675
3.68433
3.56693
3.2275
3.08981
2.92528
2.35712
2.57565
3.01773
2.93152
2.85725
2.18393
3.31307
3.46743
3.27823
3.31428
1.97227
3.5114
3.66341
3.55342
3.6881
3.62622
3.17592
2.62137
3.36556
3.26889
3.05133
3.42829
3.77935
3.03658
2.98495
3.11928
3.93758
3.73829
3.50681
3.40344
3.35094
3.33557
3.03413
3.14672
3.24939
2.93701
3.24112
3.086
3.0689
2.98414
2.97045
2.95628
3.75877
3.45754
3.48173
2.77265
2.45865
2.85521
3.09882
3.37486
3.62534
3.59122
3.2598
3.78042
3.47484
2.75478
2.82309
3.13189
3.39867
3.66387
3.62549
3.73908
3.01581
3.63748
3.61956
3.54082
3.06225
3.31272
3.13662
2.95512
2.8676
1.83039
2.56941
2.12551
3.79816
3.65684
3.12654
3.50665
3.12689
2.8616
3.13517
3.44886
3.90622
3.71438
3.77712
3.76223
3.27743
3.19563
3.16291
3.50069
3.04285
3.13465
3.09689
2.90441
2.85672
3.11017
2.74324
3.0599
2.8806
3.21576
3.49375
3.27699
3.34581
3.1058
2.8186
2.81177
2.82346
2.61106
3.22316
2.74458
2.8118
2.71789
3.071
2.65391
3.07859
3.01943
3.63985
2.75796
2.94655
2.871
3.61104
3.40347
2.97377
3.31314
3.34438
3.16138
2.99413
3.40328
3.2569
3.91029
2.12018
3.38421
3.21276
1.91521
2.7509
2.27376
2.41993
2.53554
2.58215
3.22041
2.93453
1.98
3.14273
2.55064
3.20361
2.68927
2.42575
2.9504
2.67679
2.69389
3.06605
2.68938
2.44959
3.15788
2.39283
3.07803
3.01702
3.1794
4.24273
2.75737
3.79527
2.89453
3.22432
3.4981
3.85932
3.41521
3.66843
3.04365
2.56991
2.66015
2.86702
2.63243
3.42278
3.26194
2.70697
3.84429
3.85369
2.86471
2.75717
2.83999
2.56409
2.84692
3.00165
3.00924
2.81064
2.30158
3.28748
3.73519
2.98709
3.70442
1.85637
3.63935
3.40333
3.66647
3.68158
4.12723
2.72746
3.13363
3.28866
3.63375
3.30612
3.50524
4.33352
3.41534
3.44064
2.99775
3.54717
3.36213
3.43764
3.68965
3.25382
3.14278
3.01489
3.32173
3.06854
2.85628
3.06782
2.90227
3.16231
3.07299
3.60855
2.96564
3.26545
3.47018
3.46649
2.77093
3.29766
2.88562
3.34242
3.53414
3.19839
3.4492
3.41875
3.77509
3.63857
2.51682
3.07442
3.37426
3.29914
3.17674
3.54903
3.52795
2.88098
3.70069
3.46869
3.90518
3.36891
3.34814
2.91251
3.08016
2.84264
2.27995
2.35709
2.46215
4.39072
4.09387
2.68098
3.20395
3.03386
3.20451
3.12127
3.15403
3.42512
3.73936
3.89773
3.45643
3.07279
3.08389
3.31599
3.22877
2.92212
3.25853
3.04107
2.67977
2.6984
3.18922
2.82535
2.73708
2.87863
3.41984
2.86725
3.15685
2.96121
3.47649
2.69066
3.27746
3.12605
2.95704
3.25036
3.11996
3.18353
3.05783
3.04865
2.80085
2.74694
3.29224
4.01694
3.19585
2.98533
3.25261
3.6296
3.4191
2.63022
2.84914
3.57794
3.05526
2.79631
3.31249
3.16124
3.50636
2.46807
3.37712
3.80232
