2.08331
2.84456
2.53228
2.24583
2.37766
2.81177
2.69417
2.84472
1.72161
2.92153
3.10928
3.46769
2.2728
2.29137
3.03436
2.38921
2.60398
2.43224
2.47674
2.53976
2.76716
2.45571
2.71743
2.88951
3.15909
3.65787
2.90201
2.56324
3.17365
3.27969
3.3894
3.66371
3.69261
4.34435
3.37926
2.58919
2.75512
3.29023
2.63504
3.21431
3.27218
2.69872
3.08492
3.11367
3.10741
2.63504
2.75252
2.59265
2.91465
2.4574
2.40366
2.49228
2.0463
3.01101
3.08421
3.16029
3.21676
2.11516
3.33419
3.13674
3.36092
3.68436
3.81982
3.17328
3.01571
3.14314
3.4496
3.26824
3.82713
3.60331
3.15158
3.48971
3.1392
2.90287
3.17102
2.82018
3.27294
2.91309
3.15789
3.29111
2.87148
3.16794
3.19332
3.12579
2.97405
2.98249
3.26037
3.40429
3.15186
3.38772
3.36809
3.65976
2.52725
3.42702
3.03936
2.9623
2.94976
3.0647
2.72904
2.89594
3.30284
3.4746
3.31977
3.01573
3.11155
3.36413
2.92552
3.56312
4.11798
2.97442
3.78256
4.42949
2.99048
3.24299
3.35212
2.79213
2.82091
2.61576
2.04981
3.41253
3.0337
3.25162
3.58548
2.99541
3.34976
3.25123
2.73316
2.95491
3.10288
3.1206
3.50373
3.48761
3.23301
3.1454
3.47379
2.82029
2.86216
2.60401
2.84911
2.89099
2.89194
2.86844
3.41739
2.93902
2.7673
2.90807
3.1471
3.27201
3.00538
3.1278
3.40277
2.76767
3.49431
3.27105
2.34787
2.58343
2.6185
2.73454
2.46601
2.76916
2.93226
3.87029
3.02104
3.33444
3.09621
3.03477
2.93748
3.38186
2.91717
2.94707
2.85602
3.52791
2.82434
3.19146
3.36214
2.91959
3.34962
3.13051
3.45945
3.78931
1.92594
2.7294
2.28744
2.21289
2.37812
2.61393
3.07785
2.92864
1.8051
2.97427
2.83596
3.02389
2.15535
2.55237
2.91803
2.37245
2.25077
2.89046
2.54427
2.6971
2.67377
2.46276
2.56407
2.91909
3.11325
3.84302
3.22608
3.33632
2.81407
2.89437
2.97729
3.91329
3.53244
4.45135
3.32781
2.51885
2.88688
3.13856
2.50304
3.09914
3.14369
2.78842
3.67716
3.30473
2.79148
2.83775
2.56224
2.58931
2.66794
2.5712
2.50806
2.45302
2.15997
3.14501
3.14492
3.30435
3.2376
2.74438
3.24022
3.42208
3.47372
3.69945
3.73564
3.13415
3.21723
3.11345
3.33808
3.09803
3.75409
3.6811
3.16713
3.57654
2.98041
3.09209
3.11591
3.1046
3.38784
3.33
2.91111
3.01442
3.32243
3.22523
3.12687
3.40939
3.10205
3.08447
3.17651
3.64047
2.82743
3.29028
3.30066
3.34745
2.67183
3.0242
2.5232
2.98424
3.17798
3.26112
3.28722
3.33024
3.34632
2.9606
2.58378
2.87236
2.98822
3.69679
2.79677
3.4493
3.70655
3.37975
3.53951
4.40029
3.15696
3.03534
3.38962
2.8024
2.88646
2.63865
2.33145
3.07826
2.97312
3.79439
3.44274
2.68515
2.97147
3.14013
2.63843
2.74929
2.7128
2.98181
3.59206
3.21331
3.16471
2.93552
3.23453
3.29029
3.10837
2.84487
3.06695
2.90704
2.76337
2.59159
3.27544
2.78983
2.84969
2.58896
3.13826
3.32163
3.04581
3.14962
3.05361
2.37505
2.3576
2.57202
2.52287
2.61533
2.90237
2.82499
2.61142
2.65242
3.10989
3.61786
3.2443
3.00456
2.58624
2.7039
3.51096
3.44959
3.07659
2.88594
3.21159
3.03524
2.479
2.88363
3.11148
2.95635
3.15725
3.26612
3.57359
3.33188
