1.93747
2.95013
2.14844
2.15055
2.42787
2.52616
3.09778
3.10377
1.74308
3.11474
3.63577
3.35194
2.68644
3.31812
2.89774
2.55813
2.58569
3.33003
2.48353
3.16359
3.37525
2.99072
2.74797
3.3714
3.73718
3.60006
2.86383
2.97796
2.53065
3.52892
3.32933
3.59874
3.40063
3.91589
2.94376
2.46806
2.62293
2.97023
2.48243
3.33461
3.33434
2.53408
3.42842
3.58542
2.74732
2.59629
2.79712
2.72126
3.1407
2.61912
2.46784
2.4437
2.05479
3.16385
3.22769
3.68632
3.62661
2.84724
3.6606
3.30205
3.65682
3.43698
3.63876
3.17031
3.05023
2.80459
3.35172
3.3709
3.68557
3.47157
3.32084
3.31144
3.07026
3.16189
3.2885
3.23997
3.34518
3.06953
3.25767
2.78634
2.90456
3.14389
3.06043
3.02306
2.97964
3.0507
3.28744
3.16923
3.22914
3.40597
3.26396
3.2073
2.59124
3.83775
2.73252
3.18817
3.30203
3.55892
3.41276
3.623
3.82141
3.00963
3.41393
3.1546
3.14022
4.2181
3.33048
3.30928
4.02697
2.48098
3.45995
4.32597
3.53761
3.20628
2.89125
2.79177
2.67355
3.4535
2.07053
3.25048
2.24457
3.69819
4.04093
3.11621
3.2803
3.46933
2.7601
3.10474
2.94278
3.12008
3.80032
3.973
3.17129
3.27804
3.23923
2.98608
3.17824
3.04988
3.10568
2.90831
2.88538
2.45449
3.1573
2.71556
2.98784
2.59734
3.28439
3.48641
3.04421
3.1746
3.33559
2.33527
3.10627
2.67289
2.7072
2.86718
3.16816
2.81068
2.89707
2.70356
2.81908
3.10709
3.58727
4.0456
3.43329
3.58548
4.01638
3.42727
3.06553
2.8813
3.27472
3.76415
3.20578
2.81246
3.55818
2.90262
3.67342
3.10797
3.46551
3.60597
1.80642
2.93973
2.11575
2.09901
2.34758
2.67003
3.47021
3.08896
1.63535
3.13575
2.68135
3.16937
2.315
2.97523
2.91647
2.8604
2.74423
3.34892
2.92423
2.84863
2.83351
2.87828
2.97224
3.11438
2.88015
3.55685
2.97058
3.45896
3.03211
3.27863
3.34007
3.53458
3.58646
4.16619
3.34278
2.66598
2.45219
2.8375
2.56986
3.36349
3.27649
2.5703
3.36043
3.40924
2.68783
2.74799
3.21734
2.46057
3.13464
2.99487
2.69994
2.76604
2.18554
3.23307
3.16096
3.43393
3.25954
3.17952
3.61827
3.33537
3.50543
3.65796
3.7178
3.12157
3.22899
3.74925
3.16705
3.07689
3.67567
3.58096
3.29537
3.20465
3.19762
3.12657
3.02857
3.19881
3.16429
3.05376
2.96938
3.09624
2.93824
2.92153
3.35574
3.24829
2.85026
2.86521
3.12687
3.26999
2.72047
3.31373
4.02698
3.47453
2.86263
3.56759
2.80684
3.03079
3.17574
3.48159
3.51918
3.85112
3.6774
3.13439
3.61763
3.42543
3.52838
4.06385
3.18762
3.4841
3.97174
3.2994
3.50071
4.1942
3.65667
3.16725
3.32012
2.88509
2.82519
3.43141
2.82147
3.18941
2.33133
3.83208
3.75231
3.01635
3.11363
3.3986
3.4761
3.212
2.88122
3.70904
3.95865
3.86426
3.11798
3.56683
3.72997
3.24246
3.12139
3.13736
2.91422
3.02487
2.79217
2.78822
3.15485
2.82674
3.03414
3.0075
3.53472
3.13496
3.29256
3.41023
3.19646
2.57829
2.83276
3.2903
2.86417
3.21644
3.25659
2.71104
2.9604
2.66974
3.06816
3.51906
3.92767
3.66872
3.10596
3.62331
3.6345
3.21272
3.24983
2.60277
2.87709
3.25678
3.3011
2.84942
2.99032
3.1292
3.02024
3.5677
3.39805
3.22276
