1.88144
2.84207
2.46369
2.48456
2.51201
2.76751
2.65179
2.83954
1.88576
2.85848
2.65024
2.84322
2.4461
2.71889
2.77986
2.68749
2.91511
3.13811
2.82373
2.65759
3.25773
3.01197
3.02561
3.6395
3.09925
3.90204
3.57624
3.15168
3.22187
3.57089
3.39745
3.40989
3.93172
3.04979
2.8762
2.7359
2.96624
3.00919
2.44991
3.09127
3.11009
2.67338
3.48168
3.12802
2.96471
3.06745
2.80267
2.8331
2.70892
2.69817
2.82543
2.85044
1.99929
3.2008
3.04364
3.40292
3.10294
2.52838
2.44275
3.4283
3.86089
3.49292
3.64213
3.23475
2.84204
2.82605
3.22207
3.16006
3.55537
3.25785
3.53882
3.50209
3.09776
3.14123
3.48103
3.45071
3.37389
3.28701
3.09163
3.02219
2.90197
3.11179
3.10048
2.87253
2.87765
2.94328
3.13835
3.4637
2.86563
3.58828
3.52979
3.62705
3.11399
3.24976
3.01725
2.94949
2.77801
3.24461
3.34744
3.25464
3.31364
2.95073
2.80733
3.3543
3.33548
3.52528
2.83041
3.5273
3.95245
3.1097
3.5674
3.85895
3.11053
3.20746
3.41108
3.37314
2.79664
2.71929
2.10978
2.79309
3.10134
3.74921
4.32777
2.86053
3.44556
3.10952
2.93105
3.0488
3.08799
3.78436
3.67444
3.70208
3.44631
3.11988
3.30257
3.33286
3.45465
3.11459
3.31799
2.72914
2.87306
3.22216
3.20311
2.90057
3.11212
2.80694
2.93683
3.35857
3.20686
3.06709
3.22411
2.65393
2.72577
3.45982
2.53198
2.96511
2.67755
2.60749
2.96308
3.08488
3.28902
2.75481
2.9645
3.79403
4.11525
2.90691
3.39643
3.35168
3.26308
3.13359
3.32257
3.73051
3.05101
3.26838
3.60951
2.99598
3.57328
2.86173
3.81362
3.38377
1.99096
2.67667
2.70104
2.38165
2.67073
2.89969
3.53106
2.92729
2.06612
2.93685
2.68315
3.0322
2.81123
2.5536
3.08849
2.5501
2.90221
3.16145
3.16646
2.99534
3.04963
2.53334
2.77899
3.16936
3.02268
3.36459
3.42422
3.55647
2.89623
3.23662
3.39077
3.61206
3.70965
3.73877
2.91546
2.78069
2.88791
3.08617
2.33535
3.08979
2.95365
2.6407
3.50833
3.01687
2.80904
2.96191
2.32562
2.74376
3.01077
2.7906
2.90206
2.76954
2.05114
2.89974
3.12222
3.53692
3.52401
2.35353
3.49858
3.13648
3.32683
3.78486
3.5774
3.30163
2.9681
3.0015
3.44923
3.23983
3.53561
3.48634
3.31754
3.21583
3.08526
3.47542
3.34086
3.29394
3.56205
3.30944
2.83357
3.21584
2.82503
3.00446
2.89668
2.87604
3.19993
3.02291
3.18464
3.38754
3.09972
3.40899
3.57328
3.60974
2.882
3.5272
3.01554
2.92784
3.01694
3.00188
3.15358
3.373
3.57662
3.32051
2.92447
2.90662
3.05193
4.3616
2.88407
3.28388
3.68696
3.48692
3.31111
4.33862
3.70761
3.23449
3.40395
2.98998
3.00289
2.85627
2.32947
2.9817
2.97486
3.87784
3.64036
2.44813
3.19046
3.35954
3.01813
3.28748
2.78337
2.99994
3.57086
3.61542
3.43163
3.27507
3.22896
3.2747
3.40093
3.03576
2.99847
3.18786
3.25492
3.0638
3.35251
2.85853
3.08417
2.99908
3.05476
2.93205
3.10394
3.08031
3.05724
2.61606
3.12723
2.93583
2.82478
3.08785
3.05313
2.6411
2.72631
2.95843
2.99545
3.10238
3.31414
3.37729
2.60282
2.82703
3.86301
3.52554
3.24709
3.0653
3.07303
3.46824
3.0271
2.79293
3.13718
3.20993
2.98732
3.13721
3.36492
3.7451
