1.76181
2.55618
2.63081
2.30407
2.45768
2.69721
3.26962
2.80926
1.58187
3.00183
2.75709
3.37614
2.52948
3.19879
2.85826
2.62142
2.52048
3.3617
2.82797
2.60586
3.06273
3.199
2.6196
2.78406
2.9107
3.69979
3.16357
3.12005
3.25654
3.41062
3.73676
3.52538
3.25181
3.69443
3.0251
3.11456
2.92539
3.13211
2.83611
3.17483
3.17704
2.42526
3.70848
3.32759
3.16747
2.8941
2.7797
2.40089
2.86414
2.59662
2.46892
2.78598
1.87157
2.76232
2.92742
3.19968
3.51851
2.00028
3.90894
3.17838
3.34693
3.50616
3.99338
3.44971
2.93844
2.99331
3.21627
3.17905
3.83419
3.45187
2.90635
3.13984
3.19925
3.30557
3.37604
3.05501
3.18289
3.19629
3.09769
3.3749
3.02299
2.86257
2.72477
3.04329
3.39971
3.10318
3.02251
3.56063
3.07129
3.40642
3.58355
3.07604
2.73633
3.44176
2.3479
3.28535
2.91322
3.17687
3.40492
3.46895
3.85098
3.28703
2.12316
2.96999
3.35504
4.47262
3.9331
3.40492
4.0812
2.70776
3.73549
4.34114
3.63715
3.00352
3.59226
3.01061
2.89138
3.41067
2.71266
3.32141
3.50706
3.60404
4.18897
3.40373
3.7385
3.5
3.33153
3.40103
3.41431
3.75696
3.81207
4.04007
3.59159
3.58562
3.15372
3.32558
3.30494
3.05639
3.33189
3.08509
2.94482
3.06919
3.11452
2.84909
2.86049
3.05331
3.28425
3.17222
3.12887
3.14487
3.07226
2.63577
2.96245
3.09134
2.80923
3.16909
3.30025
3.05524
2.53471
2.87571
3.06927
2.70798
3.67973
3.8355
3.30219
2.89116
3.83061
3.56901
3.256
2.94865
2.96321
3.94246
3.30068
3.17751
3.44798
3.15278
3.44509
3.33799
3.21542
3.3852
2.01026
3.02759
2.5853
2.53268
2.54793
2.5942
2.854
2.73485
1.85027
3.22459
2.93262
3.36066
2.56187
2.55913
3.10816
2.67618
2.7571
3.0613
2.61002
3.1251
3.02783
3.18891
3.19283
2.94437
3.17025
4.16564
2.84711
3.78303
2.97528
3.0102
3.77899
3.96494
3.437
3.94453
3.09468
2.33038
2.85379
3.20199
2.60753
3.52551
3.13363
2.6736
3.41396
3.56241
2.81855
2.84642
2.87717
2.53329
2.58563
2.75579
2.55065
2.84695
2.16828
2.90178
2.70151
3.33168
3.22292
2.84243
3.48495
3.30032
3.53614
3.53481
3.64352
3.29571
3.11889
3.19443
3.28594
3.07355
3.6035
3.68024
3.29821
3.38835
3.22908
3.27231
3.18853
3.3037
3.16908
3.05753
3.2301
3.71147
2.96192
2.90704
2.97171
2.99538
3.16058
2.93309
3.12733
3.39819
2.83685
3.04691
3.36239
3.46355
2.75216
3.3768
2.89802
2.97087
3.1956
3.42738
3.12326
3.67764
3.71462
3.3715
2.66185
2.94623
3.37405
4.1522
3.79147
3.32861
3.96848
3.60086
3.65127
3.81112
3.50237
3.06212
3.29109
3.1629
3.34831
3.17185
2.7093
3.28344
3.59012
3.5319
4.23353
2.90426
3.94745
2.7715
3.26296
3.64057
2.97597
3.09168
3.80455
3.93492
3.46866
3.46308
2.92989
2.8728
3.49214
3.04055
3.24802
3.18727
2.88527
3.22103
3.28635
3.11908
2.91424
3.08051
2.87448
3.09749
3.03949
3.14049
2.99292
2.88817
3.35051
3.1106
2.63031
2.79485
3.42936
2.92044
2.96465
3.02262
2.79558
3.13775
3.39002
4.07256
3.67464
3.17567
3.57578
3.61209
3.26608
2.91273
2.83048
3.68916
3.06077
2.76276
3.45591
3.38353
3.4148
3.16464
3.4445
3.85971
