2.02902
2.90887
2.35498
2.45137
2.64829
2.90642
3.27159
3.03142
1.84486
2.89698
2.89002
3.31576
2.7978
2.82852
2.70823
2.7012
2.707
3.16925
2.66679
2.58452
3.06808
2.97497
2.57098
3.23727
3.20563
3.31508
2.76086
3.28604
2.90539
3.20386
3.48874
3.69198
3.47096
3.92806
3.14217
2.82151
2.70414
3.09747
2.62413
3.15871
3.18358
2.49318
2.97862
3.07499
3.02812
2.68002
2.57484
2.48008
2.56181
2.68882
2.26331
2.40566
2.27361
2.71804
2.82452
3.06789
3.34589
2.92563
3.07441
2.95325
3.3547
3.39121
3.95643
3.12163
3.23619
3.03816
3.15622
3.13086
3.57812
3.42409
3.21546
3.30801
2.87035
3.03821
3.11245
3.24685
3.5812
2.92683
3.04366
3.06949
3.01593
2.90276
2.8287
3.09172
3.45397
3.03521
2.90265
3.56947
2.89365
3.32701
3.38531
3.15697
2.53611
3.79303
2.55031
3.00517
2.9153
2.91209
3.23062
3.56914
3.85498
3.65191
2.19731
3.355
3.27683
3.82436
3.76033
3.31777
3.59762
3.85877
3.68139
4.58129
3.66904
3.22744
3.72777
2.74138
2.61847
2.93075
2.61857
2.65488
3.41324
3.53364
3.96473
3.26235
3.53725
3.27401
3.04396
3.13938
3.54024
3.74494
3.89967
3.84675
3.2024
3.23364
3.33831
3.17304
3.48052
2.98771
3.438
3.01688
3.07077
2.59525
3.29822
2.85359
2.78977
2.91778
3.59711
3.40729
3.25771
3.10512
3.05109
2.559
3.1702
3.14393
2.58227
2.91647
2.99346
2.71486
3.2133
3.16242
2.86685
2.8968
3.50406
3.59589
3.07413
3.23287
3.54478
3.46859
2.92597
2.6816
2.96726
3.54756
2.78143
2.93082
3.66289
3.1005
3.53316
2.86216
3.09423
3.42296
1.92915
2.61427
2.35595
2.35692
2.58031
2.67915
3.22102
2.96307
1.92987
2.90971
2.80973
3.31747
2.39773
3.37246
2.99093
2.65474
2.54637
3.30185
2.81503
3.1879
3.37305
2.96742
2.36766
2.9109
3.36709
3.52385
3.18633
3.45217
3.07299
3.21497
3.27307
3.67318
3.18695
3.44296
2.9338
2.60493
2.85962
3.14317
2.68151
3.27391
2.88805
2.72302
3.3282
3.02
2.68954
2.89369
2.48602
2.37967
2.62072
2.83039
2.54882
2.58718
2.12647
3.16067
2.8841
3.12208
3.3858
2.44786
3.3669
3.32082
3.49443
3.27835
3.40929
3.26297
2.89224
3.25854
3.07549
3.00879
3.49715
3.55489
3.36109
3.28935
2.98285
2.95091
3.00577
3.1223
3.29784
2.90791
2.96736
3.06764
2.68978
2.69453
2.88448
2.95957
3.04093
3.17327
2.98116
3.1379
2.75255
3.37219
3.78173
3.04011
2.46572
3.4371
2.58969
2.79301
2.81786
3.19737
2.93004
3.34509
3.05816
3.51272
2.33289
2.9778
3.07692
4.22123
3.86823
3.49317
3.86605
4.10028
3.31818
4.46739
4.0298
3.17387
3.76067
2.94245
2.66867
2.71411
2.5729
3.08543
3.40159
3.43711
3.5382
2.81315
3.31865
2.74299
3.12534
3.12589
2.94576
3.12643
3.64472
3.6001
3.40587
3.68468
3.48932
3.69848
3.2098
3.02216
2.96971
2.91745
2.79408
2.55483
3.17133
2.84583
2.69644
3.03349
3.26426
2.80474
3.22632
3.19587
3.12375
2.29832
3.061
2.84917
2.74695
3.07015
2.85319
2.83721
3.15284
2.34138
3.23785
3.19402
3.57341
3.47071
2.72019
2.94812
3.74482
3.26942
3.09006
2.83692
2.41469
4.01229
3.18069
2.62205
3.60145
2.98289
3.39624
3.20102
3.25229
3.48223
