1.8951
2.93964
2.15074
2.1471
2.30565
2.63517
3.04412
2.79641
1.76703
2.82616
2.65728
3.04373
2.4316
2.23232
2.83952
2.57387
2.68071
3.00683
2.3642
2.54664
3.52916
2.81295
3.02649
2.64921
3.20037
3.16963
2.58559
3.13604
2.8625
3.06977
3.40124
3.49307
3.42115
3.59784
3.53434
2.88494
3.13399
3.04364
2.80794
2.84124
2.99232
2.44469
3.73049
3.35927
2.54035
2.74138
2.33905
2.40866
2.43791
2.80605
2.4193
2.4529
2.1077
3.07867
3.02489
3.28127
3.33093
2.10618
3.38426
3.33381
3.36405
3.3461
3.25902
2.77994
2.55442
3.22985
3.16452
3.15261
3.41952
3.25274
3.30909
2.87094
3.23429
3.38371
3.29144
3.33586
3.22601
3.34871
3.1022
2.93069
3.05571
3.10482
3.1388
2.988
2.79633
2.9699
3.22977
3.1812
3.16101
3.32896
3.45773
3.01514
3.06672
3.78261
2.48839
3.06948
3.05656
3.37273
3.47528
2.98029
3.29547
3.26514
3.06146
2.87122
2.9364
4.15645
3.35408
3.47958
3.7609
2.32983
3.49014
3.65208
3.90743
3.27681
3.32176
3.07575
2.69845
3.46434
2.32206
3.35936
2.4577
3.93129
3.92601
3.17223
3.58091
3.15139
2.63412
3.19927
3.38379
3.55933
4.01466
3.78715
3.32247
3.29011
3.16715
2.95089
3.03028
3.11373
3.23186
3.28788
2.69062
2.55396
3.3987
2.76077
2.93743
2.71352
3.12857
3.06695
2.81755
3.08906
2.88353
2.43904
3.06218
3.07782
2.40957
2.92818
2.87226
2.70023
2.87662
2.7188
2.85197
3.15547
3.48561
3.75
2.74923
3.31832
3.87549
3.4967
3.2522
2.95596
3.18181
3.78434
3.12058
2.86906
3.4527
3.33834
3.68422
3.17189
3.53737
3.37677
1.91012
3.16772
2.66438
2.27568
2.43528
2.63093
2.86822
2.92236
1.84776
3.08458
3.0546
3.42049
2.43789
2.33116
2.79541
2.66363
2.72253
2.79607
2.59812
2.31994
2.95496
3.33562
3.31225
2.85748
2.98833
3.50204
2.79586
2.73344
2.57767
3.20393
3.4849
3.80681
3.16479
3.90639
2.97235
2.23816
2.72919
2.73204
2.41984
3.09141
3.14187
2.46255
3.48929
3.32841
2.50537
2.72257
2.62915
2.24646
2.47947
2.35163
2.47328
2.47952
2.0854
3.13187
3.01177
3.74205
3.25697
2.05844
3.51156
3.26478
3.62351
3.62016
3.55591
2.90246
3.10299
3.19739
3.33168
3.18041
3.41499
3.4993
3.1221
3.16895
2.99561
3.10545
3.0395
3.44275
3.38956
3.1104
2.8372
3.11379
3.07107
3.17442
3.02439
2.982
2.91108
2.92815
3.13163
3.22646
3.12028
2.96326
3.69936
3.08773
3.23078
3.60801
2.79136
2.96424
2.96729
2.68579
3.61341
3.67986
3.6656
3.30045
2.82692
3.06267
3.48643
4.0707
3.44674
3.44751
3.54703
3.78277
3.52245
3.59211
3.59175
3.12
3.3026
2.84913
2.64729
3.18049
2.14371
3.34033
2.6375
3.92636
4.33406
3.0651
3.40788
3.20003
3.18677
3.2212
3.0702
3.00623
3.85169
3.53514
3.25422
3.18116
3.15897
3.1979
3.09945
2.86241
3.28361
3.32578
3.03098
2.85274
3.47898
2.55509
2.79877
2.43206
3.77077
3.13391
3.00544
2.83885
2.85963
2.73139
2.84592
2.86365
2.68483
2.84092
2.91184
2.9446
2.91657
2.65371
2.66158
3.57076
3.30676
3.86629
3.5055
3.4919
3.51017
3.39408
3.25138
3.0164
2.99253
4.027
3.10606
2.91414
3.4731
3.04056
3.64874
3.52308
3.39057
3.73071
