2.03953
3.14658
2.56026
2.39617
2.46326
2.84078
2.65956
3.02088
1.74298
2.96357
3.04176
2.87742
2.63023
2.69146
2.78913
2.62803
2.94832
3.23966
2.98674
3.10578
3.08686
3.26704
2.23341
3.15921
3.33332
4.05167
3.4985
3.15562
3.17295
3.24195
3.18004
3.92427
3.42005
3.68456
2.87524
2.68945
2.7889
3.30011
2.66904
3.21281
3.41425
3.08594
3.45983
3.42887
3.16163
2.86546
2.99699
2.44463
2.57456
2.95072
2.59046
2.68031
2.11333
3.24215
3.10993
3.35367
3.18585
2.84909
3.08885
3.6199
3.28564
4.02289
3.93871
3.31855
2.9549
3.0877
3.3343
2.98733
3.73868
3.51539
3.17367
3.33043
2.99714
3.17619
3.24637
3.59046
3.12108
3.57919
2.8186
2.9179
2.81358
2.93806
3.19439
3.03559
2.98698
2.86686
3.26046
3.60576
3.13888
3.41355
3.61135
3.472
3.12704
3.70537
2.65594
3.02753
3.06798
3.24285
3.91426
3.43896
3.74632
3.76692
2.3862
3.10337
2.98481
4.09618
3.17986
3.71624
3.81819
3.15807
3.72201
4.18724
3.84657
3.23462
3.48434
3.15302
2.76418
3.2352
2.40526
2.84877
3.02052
3.93923
3.68825
3.33943
3.48155
3.30831
2.84004
3.16874
3.10458
3.35866
3.88238
3.78278
3.08463
3.04922
3.14549
3.06233
3.03829
2.74013
3.10743
3.1851
2.77688
2.71925
3.27004
2.89983
3.09075
3.04099
3.34492
3.20878
3.10955
3.28353
3.34975
2.61592
2.80244
3.13423
2.45377
2.77902
2.79313
2.88977
2.80226
2.4444
3.48522
3.07725
3.31158
3.63272
2.97807
3.42531
3.41597
3.90219
3.06555
3.38986
3.01242
3.88191
3.18811
3.66022
3.43422
3.07857
3.61639
2.87017
3.6954
3.19352
1.97014
2.42201
2.27355
2.3975
2.47125
2.52692
3.21163
3.09053
1.69119
2.93054
2.81196
3.30796
2.60214
2.84175
2.90858
2.8412
2.78058
3.11766
2.8271
2.86773
2.70248
2.72247
2.9882
2.87788
3.00704
3.48966
2.80114
3.49598
3.16263
3.26754
3.45033
3.62923
3.15027
3.77238
2.9596
2.61481
2.51418
3.16955
2.56799
3.37417
3.37638
3.06918
3.39516
3.06153
3.14208
2.65435
3.12562
2.39265
3.2535
2.5721
2.69644
2.86726
2.09428
3.07187
3.0081
3.04875
3.3149
2.09969
3.74838
3.19846
3.73638
3.75637
3.74633
3.02634
3.03509
2.98159
3.35495
3.01237
3.7673
3.33283
3.24175
3.22161
3.30856
3.37364
3.25629
3.43619
3.14594
3.11429
3.05615
3.12023
2.98829
3.04126
3.0451
3.14485
3.07366
3.15472
3.33573
3.33934
2.90491
3.27204
3.38225
2.99008
2.67625
3.40666
2.79229
3.08642
3.59219
3.66482
3.3716
3.62257
3.74241
3.34268
2.96323
3.18003
3.73651
4.29809
3.15089
3.40306
3.85319
3.65909
3.85742
4.22825
3.61285
2.98919
3.62237
3.06946
2.75444
2.91128
2.31579
2.69728
3.43625
4.28052
3.86379
3.12814
3.30121
3.25225
3.53102
3.15462
3.1572
3.12046
3.47304
3.42634
3.16891
3.08264
3.47175
2.88073
2.969
3.35261
3.20612
2.92649
2.77646
2.68702
3.37862
2.92053
2.84263
2.93369
3.22216
2.93484
3.32191
2.86882
3.26053
3.1948
2.57827
2.61881
2.95804
2.7529
2.46583
2.89016
2.65503
2.93366
3.17227
3.80111
3.65373
3.51426
2.73732
3.4288
4.25724
3.79512
3.20989
3.13495
3.00353
3.43913
2.85137
3.16598
3.19384
3.06169
3.39912
3.15927
3.70875
3.84285
