1.96782
2.65012
2.51725
2.31055
2.66369
2.77659
2.71704
3.073
1.96844
3.20364
3.33995
3.2126
2.6332
2.2142
2.76102
2.6787
2.72462
3.55705
2.73146
2.84282
4.0025
3.26601
2.92577
3.55491
3.07738
3.68427
3.59052
3.02074
3.0077
3.06468
3.46982
3.86027
3.6715
4.2371
3.85027
2.46625
3.33667
3.29879
3.13858
3.22689
3.28821
2.51759
3.55342
3.42356
2.75841
2.81286
2.75969
2.80735
2.81106
2.69413
2.62956
2.64834
2.2215
3.1161
3.1127
3.53794
3.46521
1.88749
3.49301
3.36557
3.75051
3.61069
3.82159
2.91133
2.85968
3.04434
3.52014
3.47545
3.80809
3.42339
3.39299
3.6934
3.21494
3.19901
3.37027
3.22204
3.28643
3.16671
3.13782
3.1719
3.00051
2.90337
3.10823
3.07677
3.05411
2.99216
3.16942
3.2562
2.86782
3.217
3.88456
3.36573
2.71342
3.54783
2.98753
3.12866
2.99928
3.35846
3.20765
3.21172
3.6283
3.22845
3.04522
2.83407
3.11954
3.93743
3.16356
3.5621
3.73666
2.89319
3.6298
3.48146
3.78854
3.12754
3.23523
3.07754
3.07881
3.56558
2.01434
3.1243
2.96189
3.92459
3.89993
3.36138
3.62836
3.14863
2.71129
3.26205
3.36483
3.86904
3.85864
3.90241
3.56124
3.4178
3.42839
3.02401
3.51941
3.30953
3.18872
3.23518
2.54929
2.61235
3.14848
2.82804
2.88629
2.72905
3.0242
3.15705
3.10783
3.09541
3.25942
2.47055
3.1932
2.86345
2.71743
3.42212
3.33514
2.79821
3.31212
2.83661
3.32102
3.42271
3.3268
3.17784
3.42683
3.06937
3.48215
3.4956
3.22584
3.15418
3.3647
3.60347
3.2597
3.40037
3.40816
3.54765
3.08216
2.53276
3.42548
3.4611
2.03225
2.84265
2.6545
2.30952
2.56581
2.9152
3.15946
2.98587
1.91197
2.97861
2.70841
3.17806
2.43367
2.61111
2.70034
2.82989
2.54723
3.14832
2.86341
2.83751
3.23208
3.04379
2.97337
3.07162
3.56526
3.52029
3.42243
3.47338
3.46086
3.30827
3.65889
3.61334
3.76023
3.91512
3.12684
2.42683
2.92293
3.16812
2.51482
3.38128
3.37527
2.46472
3.33914
3.379
2.92116
2.68238
2.60812
2.77053
2.44239
2.37706
2.84116
2.56232
1.98399
3.2067
3.05689
3.44803
3.64557
1.96742
3.44249
3.37459
3.44952
3.82184
3.76029
2.91488
2.75096
2.97911
3.56561
3.09754
3.61216
3.48262
3.3107
3.42282
3.13197
3.19579
3.1615
3.4065
3.13582
3.16016
3.14922
2.80492
2.86161
2.76663
2.98607
3.19604
3.10074
2.89671
2.93678
3.44159
2.91736
3.30817
3.48287
3.36293
2.28304
3.98525
2.58409
3.09218
3.28603
3.26106
3.20088
3.83477
3.35212
3.81295
2.9015
3.01065
3.18772
4.18321
3.56133
3.24014
3.32785
3.07708
3.55198
4.09571
3.28763
3.16824
3.36737
3.14846
2.78201
3.299
2.11062
2.49699
3.05536
3.21871
3.93651
3.03666
3.61193
3.35903
2.94016
3.15301
3.14334
3.80763
3.91827
3.59895
3.54901
3.38396
3.85276
3.33053
3.92597
3.03271
3.5991
3.31824
3.16721
2.75774
3.15157
2.97354
2.80361
2.97784
4.00401
3.29996
3.30757
3.20095
3.3332
2.46677
3.47699
2.88891
2.82596
3.46091
3.25789
2.7485
3.61452
2.87801
3.15036
3.2468
3.57515
2.99762
2.37812
3.13582
3.6573
3.61365
3.31641
2.83842
3.30873
3.86731
3.30195
2.91157
3.58034
3.32611
3.29968
2.69084
3.62527
3.68946
