1.74074
3.19938
2.57273
2.22567
2.55074
2.69533
3.03205
2.99876
1.79437
2.81574
2.73743
3.0373
2.49293
2.90778
2.61492
2.6794
2.96083
2.97328
2.49141
2.85066
2.93508
2.82314
2.90378
3.03528
3.44163
3.75237
2.98407
3.24636
3.00428
3.47098
3.24703
3.96072
3.44601
4.08719
3.21634
2.42509
2.53069
3.14004
2.67504
3.21875
3.27689
2.56406
3.27315
3.17552
2.77293
2.92288
2.9078
2.56553
2.81919
2.92944
2.50914
2.72394
2.20745
3.40746
3.05766
3.45297
3.42958
2.01427
3.46618
3.3963
3.56309
3.5927
4.00837
3.34567
2.91882
3.30354
3.19902
3.14865
3.39131
3.82437
3.11894
3.79014
3.0479
3.05894
3.19653
3.45458
3.16221
3.05361
2.66938
2.84624
2.77412
3.24891
3.1242
3.27675
3.2107
3.35274
3.5609
3.32197
3.24631
3.5269
3.33096
3.24329
3.02016
3.27984
2.96206
3.29396
3.15521
3.35636
3.15439
3.33413
3.6348
3.28402
2.7931
3.09087
3.46425
4.44647
3.44821
3.70801
4.32116
2.49246
3.3358
3.99637
3.32375
3.28728
3.02544
2.79735
3.10424
3.01237
2.73524
3.38999
2.58539
3.68874
3.91711
2.81497
3.2309
3.61875
3.05591
3.19696
3.36338
3.08065
3.87673
3.65226
3.45272
3.01476
3.17414
3.40909
3.58668
3.36035
3.38708
3.06514
2.87743
2.91586
3.47254
3.20589
2.84741
2.90879
2.8934
3.3208
3.21085
3.19321
3.23511
2.55365
3.28849
3.13813
2.82039
3.40386
3.40272
2.67319
3.02272
3.04859
3.34176
2.95498
3.38942
3.1915
3.38503
3.59081
3.95971
3.68459
2.95157
2.85945
2.7929
3.41571
2.83368
3.14555
3.46715
3.5884
3.81747
2.88102
3.30334
3.76011
1.93658
2.987
2.24054
2.36815
2.76021
2.79871
2.9267
3.06057
1.92133
2.9047
2.79786
3.29657
2.56105
2.98801
2.84915
2.90052
2.74175
3.29743
2.93596
2.87266
2.94288
3.23998
2.94384
3.20115
3.19089
3.35338
2.82571
3.37561
3.18552
3.12156
3.47661
3.86689
3.21471
3.83888
2.94327
2.50109
2.84985
2.99085
2.36266
3.00997
3.17037
2.53118
3.1731
3.1461
2.65164
2.81966
2.42728
2.69482
2.78154
2.57355
2.67328
2.69299
2.12407
3.54138
3.27188
3.39279
3.31975
2.89885
3.28614
3.08484
3.37703
3.80924
3.67796
3.00765
3.25247
3.06835
3.1901
3.358
3.56918
3.61554
3.14992
3.09468
3.19328
3.20701
3.33571
3.3747
3.37536
3.35287
2.88804
3.19189
3.01744
3.28359
3.04642
3.09936
2.94241
2.96128
3.37051
3.33694
2.74971
3.30582
3.60389
3.1319
2.81183
3.47391
2.75606
3.20774
2.86518
3.50802
3.22848
3.48694
3.86735
3.37329
2.79019
3.32854
3.23782
4.58808
3.24557
3.82928
4.27908
3.38931
3.32635
4.76322
3.56835
3.33413
3.2895
2.83665
3.07088
3.43923
2.3631
3.32821
2.56603
3.73296
3.52499
2.79755
3.34038
3.42972
3.2441
3.54116
2.9955
3.32891
3.72318
3.5368
3.6028
3.45677
3.08824
3.38326
3.6258
2.9813
3.23261
3.43611
2.87338
2.83579
3.39137
2.851
2.88622
3.05348
3.26924
3.20042
3.16955
3.28735
3.19758
2.63024
3.34223
3.05228
2.99353
3.63952
3.3079
3.01384
2.88757
2.95473
2.74827
3.41546
3.87399
3.49228
2.98558
3.43444
3.85587
3.5733
3.0503
3.23883
2.61249
3.8989
3.01792
3.34099
3.3091
3.06464
2.98812
3.21593
3.71172
3.94424
