1.78866
2.70366
2.57546
1.996
2.27043
2.44454
2.89901
2.52454
1.49321
3.07806
3.08097
3.49967
2.13269
2.73828
2.78276
2.56986
2.72693
3.13545
2.45425
2.45284
2.4312
2.41492
2.54438
3.18014
3.08017
3.481
3.13562
3.11646
3.22056
3.20333
3.25846
3.58939
3.39401
3.22619
2.65557
2.33437
2.64489
3.2074
2.84258
3.33953
2.93731
2.61636
3.16145
3.23448
2.82301
2.46736
2.57196
2.69786
2.85678
2.64323
1.94076
2.49788
2.0192
2.89628
2.85889
3.3251
3.24624
2.11496
3.38373
3.46343
3.30239
3.7883
4.31773
3.21059
2.93905
3.11088
3.10446
3.05259
3.54461
3.21107
3.06801
3.37175
3.11686
3.33653
3.47858
3.23356
3.24428
3.24166
2.96924
3.17957
2.64366
3.04668
3.11686
2.98149
3.4327
3.00964
3.40852
3.547
2.54258
3.37922
3.45567
3.23688
2.55533
3.3861
2.99227
3.0466
3.11163
3.7729
3.11487
3.49935
4.21447
3.48237
2.78288
2.70132
2.89304
4.24234
3.77394
3.56481
3.79886
2.71972
3.45342
3.75584
3.3977
3.03373
3.17019
2.71902
2.52346
2.72221
2.38158
2.878
2.69994
3.1868
3.59546
3.01022
3.69741
3.06185
2.77065
3.03347
3.5386
3.81286
3.55112
3.74214
3.27539
3.35673
3.55012
2.86389
3.1195
2.91176
3.28528
3.28358
2.56991
2.78553
3.23431
2.77994
2.85351
2.39967
3.26695
2.81005
2.86255
2.89256
3.08835
2.22437
3.11096
2.55593
2.51906
2.71623
2.64754
2.65458
2.68349
2.34846
2.70206
2.62398
3.43204
3.33606
3.49583
2.46578
3.52424
3.49143
3.24569
2.81179
3.26917
3.53805
2.9768
3.20079
3.43644
3.288
3.30449
3.16086
3.53845
3.42429
1.72744
2.74611
2.07244
2.07779
2.38423
2.6465
2.79363
2.68534
1.58717
2.98753
3.06838
3.80713
1.99896
2.56566
2.78987
2.66223
2.52452
3.26591
2.43806
2.99211
2.94503
2.87234
2.53032
3.15718
3.21332
3.54967
3.02822
3.63146
3.79184
3.20747
3.21442
3.76897
3.41445
3.7612
2.79771
2.31584
2.85329
2.94593
2.38406
3.20068
3.30675
2.70952
3.46209
3.12885
2.79981
2.65497
2.63528
2.39486
2.89739
2.7382
2.14793
2.53845
1.8937
3.05011
2.92664
3.48254
3.51284
2.08609
3.33504
3.30029
3.30299
3.84394
4.01888
3.24326
3.01965
3.11351
3.28948
2.93471
3.98987
3.75385
3.42209
3.16314
3.2924
3.27567
3.2933
3.11904
3.32638
3.30474
3.29488
3.19003
2.97732
2.85159
3.24059
3.00475
3.03693
2.90201
3.10563
3.1894
2.90182
3.03889
3.27786
3.06674
2.55649
3.33651
2.73758
3.02311
2.85918
3.37765
3.08831
3.42697
3.56595
3.82331
2.59107
3.02684
3.49995
4.18413
3.54551
3.51519
4.04923
3.01945
3.6953
3.90699
3.15029
3.0019
3.75424
2.96995
2.91861
3.11285
2.36823
2.92583
3.00969
3.33768
4.29766
3.40103
3.45498
3.00345
2.90663
3.19497
3.42104
3.26932
3.74764
3.35209
3.26243
3.22595
3.63817
3.26785
3.35505
2.82303
3.18612
2.93637
3.14216
2.54807
3.1347
2.95877
3.01007
2.65318
3.14947
2.94621
3.01655
2.89232
3.01637
2.31734
2.18125
2.57658
2.32944
2.96381
2.79966
2.41541
2.8614
2.4984
2.88708
2.8659
3.39079
3.92609
2.56844
3.11518
3.5521
3.72344
3.22839
2.75772
2.86427
3.22811
3.16098
2.93509
3.46521
2.87269
3.36548
3.09264
3.3757
3.82606
