2.07274
2.84226
2.44357
2.33724
2.47187
2.65758
3.21811
3.0103
1.83504
2.93072
3.01241
3.10765
2.49685
2.57993
3.06155
2.90145
2.72932
3.3771
2.71726
2.53687
2.98748
2.91114
2.73165
2.78265
3.58903
3.66271
2.94771
3.16163
3.01093
3.25985
3.60586
3.88691
3.84613
3.90225
3.13658
2.84262
2.75753
3.16039
2.23098
3.16633
3.19118
2.63877
3.47545
3.26356
2.83799
3.27578
2.60522
2.47828
2.51894
2.86641
2.51188
2.62991
2.14707
3.33424
3.09907
3.48873
3.51786
2.17635
3.40118
3.17979
3.17198
3.23648
3.65761
3.46569
2.82698
3.27366
3.17872
3.07346
3.72709
3.41969
3.33742
3.20524
2.98481
3.12167
3.50113
3.69145
3.19483
3.19013
2.9378
2.97507
2.98862
2.90806
2.85654
3.06995
3.17804
3.0756
3.29732
3.07832
2.94934
3.13099
3.47704
3.36464
2.76276
3.56528
2.90897
3.19374
3.45113
3.36169
3.59292
3.44253
3.07964
3.50899
3.4326
3.25471
3.18481
4.31691
3.31082
3.67302
4.54974
2.61069
3.67662
4.23696
3.35426
3.26725
3.49065
2.81081
2.73317
2.61244
2.33279
2.9821
3.22556
3.49424
4.36737
3.21888
3.52512
3.01279
2.84709
3.83666
3.1192
3.34687
3.88356
3.22041
3.17126
3.303
3.67967
3.18802
3.30271
2.97503
2.90698
3.69988
3.06106
3.11187
3.06143
2.75298
2.78488
2.82782
3.42265
3.2321
3.18321
3.13146
3.18499
2.89359
2.69198
2.81126
2.76262
2.74581
2.93104
2.48307
2.70484
3.24352
2.83942
3.18742
3.20684
3.49598
2.8548
3.01237
3.88357
3.63275
3.25336
3.06599
2.87857
3.5277
2.82983
2.68028
3.53193
3.36976
3.24708
3.10675
3.35123
3.66597
1.84053
3.2927
2.51983
2.40999
2.57419
2.83012
3.06155
2.91708
1.73428
3.32409
3.19567
3.3305
2.53042
2.35433
3.10562
2.78527
2.84235
3.35169
2.75089
2.85016
2.6719
2.4488
3.12083
3.09215
2.85614
3.52049
2.88601
3.22215
3.31986
3.56012
3.45837
3.74194
3.79242
4.31489
3.01849
2.89581
2.91218
3.21092
2.55946
3.35257
3.26807
2.70702
3.52015
3.10213
3.22413
2.87121
2.69558
2.50118
2.79007
2.95273
2.61021
2.55598
2.19083
2.93601
2.88627
3.53981
3.93136
2.65846
2.86126
3.32021
3.4199
3.43186
3.65776
3.20646
2.84783
3.04022
3.11341
2.98652
3.63353
3.42885
3.33484
3.23012
3.09416
3.46467
3.09214
3.59087
3.44356
3.32019
3.09764
3.10722
3.0992
2.92298
3.04011
3.0482
3.02081
2.97159
3.09001
3.33084
3.12817
3.23071
3.38342
3.21447
2.8735
3.70111
2.83485
2.94106
3.01512
3.11148
2.93243
3.31555
3.07142
3.93535
3.12431
3.0389
2.96727
4.48081
3.29294
3.32213
4.07703
2.74086
3.93848
3.826
2.84424
3.04327
3.59925
2.92714
2.92623
2.68718
2.29272
2.67128
2.94696
3.92872
4.0231
2.72111
3.71365
3.36507
3.10961
3.5705
2.96699
3.25039
3.96066
3.9228
3.4056
2.90268
3.44176
3.22241
3.22694
3.10575
3.40793
3.21992
2.99929
2.90561
3.1327
2.81373
3.09542
2.94304
3.15988
3.06944
3.2919
3.14782
3.27802
2.88414
3.06665
3.44065
2.89664
2.9212
3.36679
2.99114
2.76261
3.00571
2.99201
3.58628
3.33169
4.17364
3.56232
3.11472
4.0907
3.69311
3.37552
3.01507
3.00741
3.5337
3.06826
2.74017
3.0395
3.08932
3.28787
3.0325
3.53215
3.71759
