1.9496
2.66709
2.79006
2.25875
2.35235
2.40764
2.98827
2.91949
1.66769
2.77274
2.92476
2.86757
2.41185
2.65004
2.57795
2.58841
2.67245
3.10409
2.40224
2.41599
2.73217
2.95346
3.06014
2.84255
3.11247
3.43414
2.88198
2.97815
2.66338
3.15531
2.84314
3.69046
3.345
3.10712
3.21892
2.39086
2.60028
2.96086
2.2973
3.06641
2.91954
2.41958
3.26076
3.02677
2.53339
2.78847
2.48836
2.54506
2.24993
2.75933
2.36862
2.51487
2.05051
3.0771
2.84318
2.99143
3.20804
2.60191
3.70966
3.04463
3.14156
3.35815
3.66597
3.08026
2.6888
2.79579
2.80252
2.93721
3.58006
3.18933
3.15411
3.82955
2.75969
2.75119
3.10805
3.15363
3.05474
2.97229
3.11415
2.83102
2.67051
3.00826
2.75257
2.86228
2.92296
2.84976
2.99975
3.09914
2.62643
2.82804
3.64326
3.34339
2.62002
3.64362
2.63264
3.01344
2.97069
2.96342
2.92544
2.96003
3.15856
3.2294
3.2682
3.04783
2.94064
4.19986
3.35729
3.33711
3.74675
2.77356
3.4752
3.98757
3.34986
3.12163
3.14393
2.70532
2.81485
3.00135
2.21072
3.34028
2.58599
3.93336
3.11326
2.82056
3.00907
3.4578
3.07576
2.83028
2.79744
3.13629
3.47166
3.54608
2.94253
3.26363
2.98878
2.96042
2.87906
3.05486
2.96011
2.99105
2.95356
2.70017
3.22599
2.58993
2.64038
2.63791
2.9235
2.9589
3.08804
2.91653
3.28743
2.7136
3.07105
2.82012
3.07448
2.61773
2.8785
2.42616
2.77463
2.82447
2.87999
2.48922
3.41356
3.09816
2.94197
3.10837
3.94185
3.45364
2.9767
2.73865
2.81541
3.50061
2.80638
2.63072
3.16359
2.9806
3.26372
2.88381
3.37427
3.67837
1.88777
2.87494
2.35479
2.1562
2.56285
2.6182
3.2176
2.87103
1.68722
2.79286
2.8414
3.12484
2.42116
2.65323
2.59124
2.6737
2.63337
3.27151
2.61289
2.51466
2.47118
2.93446
2.73272
2.9504
3.27701
3.63806
2.76956
2.85022
2.79052
2.9011
3.18119
3.63003
3.34143
3.63912
2.82338
2.48717
2.89871
3.21633
2.42186
3.26134
2.92149
2.61641
3.11724
3.10408
2.60967
2.47703
2.83338
2.67251
2.76095
2.69114
2.51842
2.40821
2.075
3.04551
2.6894
3.17416
3.12484
2.95346
3.57368
3.38178
3.1164
3.30466
3.42954
2.9314
2.84132
3.34664
2.74551
2.81685
3.3684
3.22196
3.07
3.44122
2.91194
2.7958
2.94843
3.32869
3.65043
2.85448
2.81017
2.95952
2.88551
2.74682
2.72939
2.76249
2.71094
2.87347
3.26146
3.13425
2.77548
3.24019
3.31761
3.28781
2.69314
3.25361
2.73054
2.84455
3.2127
2.88517
2.90074
3.05428
2.82421
3.28546
2.8442
2.84675
3.31835
4.11327
3.15336
3.41942
3.28856
3.11896
3.56708
3.63934
3.13582
3.13416
3.27931
2.62297
2.5498
3.59677
2.487
3.03177
2.95056
3.92314
3.3064
2.60252
3.1885
3.52012
3.14513
3.06148
2.94363
2.94247
3.57574
3.64397
3.00014
3.4284
3.16714
2.94645
2.95621
3.05553
2.77008
3.16412
2.92076
2.55782
3.27028
2.5981
2.72344
2.69267
2.92093
3.10345
3.01112
2.99694
3.02404
2.70246
2.17692
2.64779
2.92775
2.48699
2.72799
2.52358
2.89588
2.90984
2.84546
3.38671
3.41789
3.19141
2.67879
3.45012
3.49002
3.26562
3.01712
2.67613
2.80371
3.71759
2.71447
2.63059
2.9863
3.11766
3.07275
2.91622
3.4784
3.35417
