1.29287
2.83053
1.7983
1.69375
1.77557
2.54528
3.47214
3.13626
1.7755
2.91529
3.36332
3.14754
1.46014
2.3127
2.59693
2.23233
2.82199
3.47019
2.69493
3.05919
2.7618
3.15705
2.81109
2.8751
3.78231
3.69313
3.08764
3.24097
3.06956
2.90819
3.21738
3.92807
3.1919
3.33379
3.06614
3.15938
3.20045
3.3203
2.92738
3.39312
3.52116
3.21198
3.56134
3.38869
3.24185
2.48543
2.65578
2.89673
2.73549
2.58822
2.40974
2.74936
2.24542
3.03031
3.21712
3.70029
4.02111
2.42721
4.12389
3.57668
3.68145
3.58044
4.06604
3.14767
2.78131
3.09726
2.89569
3.2024
3.55367
3.67877
3.08106
2.8902
3.18319
3.22266
3.37934
3.05273
2.9542
3.24036
3.16485
3.12923
3.18238
2.89857
2.70899
2.93663
2.77912
3.13459
3.03987
3.19822
3.00995
3.23269
3.28833
3.17706
3.00618
3.53546
2.8889
3.02499
3.29363
3.45582
3.46887
3.32322
3.25978
3.61825
2.73089
3.04757
3.31194
3.81086
3.32364
3.76163
3.48909
3.46415
3.91053
4.36913
3.76541
3.48277
3.60543
3.33827
2.89809
3.32952
2.42388
3.50042
2.9599
3.75276
3.59145
3.26882
3.91332
3.41897
2.64036
3.30375
3.2713
3.44914
3.84899
4.11491
3.79679
3.53619
3.14027
3.45474
3.86968
3.23313
3.34416
3.02054
3.1161
2.96154
3.50393
2.99453
3.00522
3.1927
3.61811
3.39278
3.10964
3.61726
3.46904
2.11928
3.4129
3.07505
2.67616
2.97185
3.26904
2.95166
2.71096
2.73225
2.85415
3.69432
3.51034
3.7198
3.03496
3.21115
3.47023
3.71524
3.32363
2.85996
2.8786
3.79953
3.10099
3.35526
3.64881
3.37683
3.81373
3.12398
3.80968
3.77334
1.46029
2.21867
1.79006
1.78282
1.79781
2.1579
2.63858
2.33721
1.4948
2.29392
2.442
1.82104
2.00348
1.94938
2.44596
2.33222
2.24633
2.67982
2.5398
1.96254
2.53183
2.20871
2.14994
1.8447
2.54291
3.44043
2.66876
2.02828
2.38981
2.60505
3.08369
3.11727
3.09453
3.32411
2.58894
2.39914
2.43557
2.89981
2.33745
3.07261
3.06871
2.48905
3.52636
2.95289
2.59839
2.65722
1.80973
2.06539
2.21264
2.51703
1.53231
2.20261
1.59312
1.92763
3.25161
1.51183
3.80394
2.03441
3.53123
3.51089
3.7399
3.94177
4.08507
3.43884
3.543
2.73418
2.05447
2.97912
3.93003
4.01603
3.69113
3.52518
2.34486
2.70938
2.83929
3.30741
2.86136
2.76508
2.96391
2.90443
2.29689
2.58029
2.05071
2.45509
2.86389
3.20975
3.48551
3.81945
3.56125
3.42825
3.57032
3.14461
3.47724
3.22508
2.34311
2.59586
2.71802
2.97554
2.21842
2.0979
2.43647
2.8158
2.53576
2.3812
2.55974
3.39619
2.71326
3.33887
3.83496
2.46464
3.44897
3.37199
2.98238
2.86205
3.19827
1.56963
2.47407
2.98513
1.70911
2.76384
2.06322
3.51155
3.44721
2.36385
2.66559
2.91101
2.93235
3.14075
2.90943
2.71757
3.28897
2.98612
2.62789
2.86625
2.83454
2.66714
2.81136
2.85008
2.76538
2.85584
2.42167
2.31822
2.91618
2.1435
2.64068
2.59234
1.83511
1.79964
1.98782
3.03047
2.49078
2.06377
2.17304
2.33383
2.89334
2.56698
2.55672
2.59672
2.49535
2.22559
2.3923
2.9904
3.03778
4.48855
3.58998
3.34827
3.08705
2.77061
3.13483
3.73719
2.77866
3.02734
2.29028
2.66561
2.44098
2.97337
3.11405
2.70672
4.13104
3.95068
