1.71796
2.40683
2.37138
1.93021
2.17916
2.61892
2.93477
3.03249
1.73961
3.31195
3.26917
3.07387
2.47736
3.25601
2.8452
2.81687
2.86316
3.12549
2.55772
3.09566
2.96284
3.25574
2.86429
3.33411
3.29045
3.61238
3.23421
3.04715
3.0617
3.26303
3.33936
3.88549
3.58407
3.61879
3.34941
2.54085
2.79288
3.39551
2.46116
3.67058
3.3868
2.43756
3.48869
3.34829
3.11842
2.74889
2.54736
2.76619
2.86827
2.68942
2.52803
2.78312
2.17466
2.94834
3.25543
3.44136
3.53777
3.55045
4.05384
3.34645
3.27172
3.48015
3.94325
2.89285
2.79681
3.05512
3.09655
2.89525
3.24221
3.25456
2.61416
2.88981
3.19008
2.84973
3.14452
3.08397
2.84593
3.21337
3.15555
3.11361
2.90123
3.02402
2.80977
2.84239
2.86324
2.64708
2.63802
2.85921
2.53311
2.6854
3.2202
3.50783
2.70186
3.43811
2.89792
3.06321
2.90257
3.2644
3.22874
3.25802
4.13842
3.42994
2.53327
2.9998
3.56312
4.07182
3.54537
3.41771
4.24252
2.77094
3.56291
4.3937
3.71329
3.06366
2.99676
2.91475
2.78773
3.39575
2.36258
2.9003
2.38042
3.67634
3.10028
2.91131
3.31727
3.06842
2.58183
3.11786
3.26299
3.53073
3.47282
3.4609
3.21854
2.97204
3.2032
3.33612
3.55616
2.85496
2.82916
2.79481
2.8721
2.7393
3.13998
2.92484
2.88681
2.77959
2.99806
3.31745
2.89474
3.16425
3.1987
2.8047
2.86322
2.66475
2.46851
2.51806
2.85617
2.76463
2.92189
2.78601
3.192
3.35825
3.10744
3.94366
3.30524
3.25002
3.58825
3.39836
2.9575
2.51138
2.86983
3.5299
2.92128
2.94892
3.5185
3.10255
3.15501
3.30281
3.49121
3.43434
1.67876
3.25206
2.49408
1.84002
2.15477
2.48488
2.91849
2.97233
1.66902
3.09779
2.99337
3.26582
2.54176
3.03729
2.93893
2.5131
2.72357
3.40724
2.86708
2.85023
3.10976
2.51228
2.91313
3.27117
2.9687
3.67047
3.01016
3.5754
3.07534
3.18196
3.57422
3.57225
3.40942
3.82651
2.86925
2.55524
2.85545
3.25546
2.18241
3.29253
2.9649
2.56849
3.31983
3.5049
2.87493
2.73543
2.62022
2.47613
2.92695
2.71397
2.41081
2.6589
2.25199
3.15809
2.77335
3.09707
3.51863
3.32485
3.1192
3.25109
3.53909
3.03399
3.57893
2.93941
2.58315
2.76095
3.20851
2.99955
3.34285
3.38232
2.86082
2.70225
3.09402
3.04981
3.07166
3.1979
2.98991
3.07193
2.71401
3.13281
2.71426
3.0197
3.01513
2.69676
2.6852
2.70349
2.71248
2.99048
2.72186
2.68603
2.99524
3.29031
2.70054
3.43384
2.96738
3.11886
2.99948
3.00258
3.48922
3.70124
2.80989
3.28645
2.65516
2.84343
3.24113
4.57613
3.38988
3.39001
4.14197
3.23684
3.53682
4.16181
3.7533
2.99522
3.3427
2.85006
2.64983
3.51199
2.29319
3.05226
2.79022
3.71438
3.41854
3.19219
3.43223
3.69702
3.11306
3.23566
2.97459
2.98129
3.44334
3.51979
3.31617
3.13114
3.04767
3.08835
3.48317
3.00902
2.80217
3.23793
3.18402
2.72524
3.19612
2.94755
2.86257
2.64117
3.10395
3.0409
3.02254
3.0275
2.98458
2.70437
2.69283
2.42405
3.28385
2.64717
3.1454
2.64028
3.01723
2.6772
2.7885
3.12505
3.42511
3.71436
2.97938
3.72088
3.79908
3.75582
3.43662
2.65892
2.94453
3.46767
3.22176
2.86582
3.42587
3.04627
3.06894
3.40083
3.48924
2.92108
