1.94863
2.74403
2.23187
2.27612
2.44596
2.60198
2.45834
2.87067
1.64531
2.98273
2.7566
2.83545
2.37801
2.86394
2.62293
2.55666
2.63389
2.92276
2.33005
3.18107
3.08373
3.13338
3.07795
2.82383
3.27342
3.65108
3.01591
2.85312
3.02296
3.11726
3.5228
3.5412
3.4605
3.67763
3.04273
2.76706
2.68755
3.02853
2.7036
3.46829
3.22787
2.45983
3.35454
3.2104
2.89789
2.60116
2.73715
2.11268
2.28709
2.6002
2.55657
2.43371
1.98524
3.0844
2.7646
3.31907
3.68287
2.52466
3.59644
3.36639
3.30173
3.3551
3.93062
3.00151
3.1322
2.75541
3.16731
2.99916
3.45526
3.53703
3.28272
3.07489
3.02392
2.91642
3.07494
3.28643
3.31255
3.17188
2.93261
3.10472
2.68822
2.97664
2.77578
2.95621
3.00833
2.82548
2.90643
3.56674
3.14357
3.3588
3.48146
3.03129
2.71924
3.56627
2.54873
2.89694
2.83561
3.47231
2.87866
3.39428
3.41447
3.38647
2.96665
3.01259
3.21069
3.7179
2.81843
3.38476
4.01394
2.91625
3.27467
3.82101
3.03766
3.24994
3.20938
3.01889
2.66466
2.97865
2.44631
3.0263
3.22217
3.53221
3.66741
2.80507
3.26044
4.22317
3.09325
3.01548
2.87016
3.32432
3.54986
3.39957
3.14242
3.10135
3.13991
3.11717
3.09366
2.97378
3.16841
2.99191
3.06862
2.51768
2.76165
2.68805
2.74601
2.7002
3.10757
3.12583
2.92281
3.13351
3.42359
2.27052
3.24791
3.45546
3.07401
2.60905
2.45364
2.37094
2.63802
2.8426
2.66615
3.69053
3.48653
3.73459
3.0171
3.41676
3.75834
3.42971
3.00354
2.92223
2.73817
3.83428
2.70475
2.66164
3.37208
2.94754
3.17032
2.63556
3.02035
3.55945
1.88678
2.85374
2.63647
2.36194
2.43803
2.46416
2.74802
3.01811
1.73356
3.0876
2.95426
3.40487
2.12861
2.84405
2.4858
2.64831
2.65546
2.92693
2.32568
2.52462
2.46076
2.81262
2.9927
2.86606
2.87542
3.22468
2.81553
3.02383
2.47627
2.7741
3.38972
3.55682
3.3387
3.96229
2.9839
2.74217
2.98373
3.25032
2.6298
3.49715
3.25879
2.71635
3.9147
3.40556
2.84224
2.64214
2.6334
2.37119
2.65297
2.64077
2.49468
2.43573
2.20249
3.05138
3.10688
3.64347
3.66253
2.84434
3.84996
3.19385
3.14623
3.5279
4.16741
3.0788
3.18167
3.21965
3.22531
3.17161
3.48696
3.43991
3.24853
3.34119
3.03127
3.00913
3.15915
3.13678
3.47706
3.00946
3.07095
2.67668
2.91563
2.95251
3.09591
3.04648
2.75623
3.15469
2.89653
3.54209
2.96134
3.11592
3.37107
3.08439
2.99774
3.58393
2.7547
2.87312
3.13254
3.02356
3.10013
3.4327
3.3537
3.06574
2.61369
2.92351
3.11275
3.68824
3.12127
3.28441
3.39491
3.20815
3.37986
4.20892
2.79014
3.05337
3.12969
2.71323
2.71247
2.94988
2.33691
2.97143
3.47233
3.95012
3.72079
3.08074
3.36257
3.73764
3.5172
3.2572
2.91121
3.16035
3.57639
3.36403
3.18099
3.05858
3.11143
3.27651
3.19465
2.94303
3.03471
3.34927
3.10726
2.43195
2.94351
3.00116
3.09126
2.78005
2.96832
3.27878
3.00519
3.15821
3.30552
2.60826
3.40518
3.0515
3.29921
2.74767
2.84721
2.53885
2.55626
2.54745
2.9146
3.6512
3.22196
3.29465
3.45112
3.34001
3.76014
3.14223
3.34928
2.85385
3.04646
3.55415
2.85338
2.98527
3.58426
3.27467
2.8466
2.95013
3.34302
3.5052
