1.93635
2.68946
2.76845
2.14164
2.367
2.63242
2.80019
2.93943
1.74778
3.06637
3.04166
3.25498
2.37763
2.51464
2.89894
2.47051
2.41678
3.13903
2.70844
2.58406
3.124
3.03042
2.96777
3.06139
3.46472
3.37774
3.09616
2.73894
3.3103
3.2098
3.59742
3.61949
2.96471
3.97139
2.94353
2.66101
2.92375
3.21074
2.84264
3.17408
3.44533
2.54272
3.41705
3.39091
2.97434
2.65145
2.83814
2.48398
2.96722
2.58625
2.71374
2.68158
2.12774
3.0099
3.22998
3.2942
3.98133
2.28081
3.55614
3.41798
3.4111
3.34128
3.7377
3.05495
3.40393
3.57966
3.09467
3.04986
3.65087
3.74762
3.02136
3.44758
3.11496
3.46376
3.28901
3.34871
3.49273
3.07935
2.92461
3.28531
2.75001
2.9694
3.16067
2.94581
2.57205
3.18485
3.16024
3.82081
2.8236
3.36248
3.33786
3.30628
2.87137
3.73064
2.48531
3.01982
3.36544
3.27574
3.00074
3.55525
3.54844
3.61167
2.82978
2.9286
3.27579
3.47494
3.08839
3.40669
3.57128
2.82726
3.33894
3.55444
3.56765
3.18354
3.2939
2.86273
3.01181
3.30504
2.16496
3.08794
2.79003
3.41148
3.63355
2.87944
3.10712
3.3827
2.75732
3.23166
2.97802
3.30526
3.74847
3.59101
3.40555
3.37409
3.22508
3.13001
2.78333
2.67955
3.048
3.00495
3.00848
3.10926
3.07239
2.8639
3.19516
3.11042
3.32834
2.88426
3.18917
2.93273
3.22912
2.33735
2.99069
3.0873
2.69812
3.25991
2.82464
3.09597
2.883
2.61746
2.62722
3.00672
3.4471
3.34713
3.51375
2.84359
3.80019
3.35882
2.97337
2.87446
3.10651
3.76225
3.23391
2.89223
3.40791
3.0746
3.46364
3.17865
3.58983
3.81374
1.98398
2.66053
2.28577
2.21995
2.47588
2.67589
3.00464
2.90963
1.89399
2.82327
2.83542
3.06942
2.55854
2.36117
2.7143
2.63289
2.53693
2.81967
2.56656
3.10088
2.73091
2.89536
2.87832
3.03332
3.35067
3.50391
2.72612
3.73422
2.51937
3.18863
3.40054
3.62007
3.34804
3.93081
2.86318
2.69099
2.7637
2.98515
2.36899
3.21398
3.01313
2.79294
3.29881
3.24231
3.05331
2.85599
2.93753
2.63135
2.57073
2.66633
2.71838
2.68704
1.98661
3.18736
3.39659
3.35592
3.5385
2.71245
3.41251
3.28062
3.14884
3.5694
3.66475
2.91545
2.86248
3.48054
3.20374
3.09858
3.46848
3.55308
3.16002
3.41783
2.94563
3.41456
3.07937
3.1583
3.49427
3.06178
2.97524
3.1394
3.00332
2.96328
2.99384
3.0698
2.81076
2.9279
3.15869
3.41298
2.83605
2.73949
3.32269
3.71011
2.55695
3.52523
2.90919
3.12968
2.9763
3.26432
3.24031
2.97868
3.66194
3.2249
2.68667
3.25452
3.61861
3.59498
2.60814
3.24259
3.62904
2.79762
3.54125
3.69126
3.94631
3.36197
3.49481
2.99053
2.81718
3.53633
2.10581
2.87487
3.03006
3.93215
3.71229
2.83005
3.10898
3.20183
3.08837
2.74879
3.15192
3.31659
3.65253
3.81686
3.16932
3.32826
3.30774
3.24404
3.11453
2.5613
3.02231
3.15097
2.74213
2.58228
3.31041
2.75435
2.86494
2.83154
2.97353
3.1682
3.09031
3.31378
3.02314
2.4414
2.50919
2.85455
2.64685
2.618
3.07088
2.51875
3.18599
2.74562
2.78027
3.60445
3.11922
3.3244
3.66649
2.77751
3.53751
3.44274
3.1386
2.83346
3.09842
3.58294
2.89785
3.21428
3.36448
2.92802
3.42255
2.87003
3.46651
3.01986
