1.92687
2.82432
2.23871
2.20115
2.40336
2.8065
2.90219
2.91648
1.72933
2.99411
2.96734
3.1485
2.71483
2.76218
2.86782
2.40727
2.44051
3.24355
2.47645
2.59661
3.11936
3.48057
3.01268
2.82561
3.09771
3.69678
2.91297
2.45378
2.54064
2.95776
2.97097
4.05693
3.6977
3.41636
2.89069
2.514
2.65721
3.14965
2.67098
3.03975
3.13749
2.44495
3.33612
3.18548
2.63906
2.43759
2.36997
1.99234
2.4384
2.3779
2.48336
2.51787
2.16514
3.19629
2.84764
3.13126
3.38234
2.1665
3.28775
2.91513
3.03842
3.14879
3.71084
2.75854
3.22064
3.15782
3.1569
3.12312
3.02574
3.53286
2.95797
3.16666
2.95231
2.94706
3.22685
3.43217
3.44939
2.88938
2.87871
2.90585
2.78081
2.85558
2.98977
2.84008
2.8671
2.6479
2.85333
3.36062
2.89058
3.49462
3.33474
3.41166
2.6543
2.98291
2.36907
2.96545
3.50336
2.98975
2.95843
3.43539
2.90893
2.95624
2.93229
2.61615
2.79315
3.24837
3.25254
3.05765
3.67373
2.53477
3.46159
3.35434
3.27797
2.78147
2.92483
2.4408
2.55036
3.03501
2.15953
2.90863
2.37251
3.25192
3.74154
2.79485
3.39506
2.70402
2.66862
3.33041
3.18077
3.31188
3.51531
3.78328
3.21436
3.24747
3.39939
3.24768
2.89852
3.41203
2.98167
2.87913
2.88783
2.49887
3.00958
2.92214
2.74233
2.64198
2.78873
2.81051
2.87571
2.87817
2.88532
2.54265
3.16827
3.04883
2.26562
3.22785
2.56096
2.80222
2.6598
2.57638
2.99233
2.66308
3.52586
2.97692
3.24252
2.93126
3.66865
3.1378
3.06308
2.81899
2.98389
3.85071
2.82007
2.54625
3.56019
3.13444
3.60994
2.75444
3.04461
3.54057
1.76222
2.58858
2.53792
2.07558
2.39635
2.54135
2.80959
2.83308
1.73856
2.89088
2.83803
3.30018
2.39763
3.38126
2.56968
2.57841
2.53255
2.84405
2.60309
2.80824
3.10493
3.20453
2.49297
2.72297
2.92309
3.66076
2.828
2.75478
3.04091
2.79911
3.2782
3.64211
3.14282
3.62263
2.86317
2.48034
2.68765
3.13354
2.70185
3.1028
3.23869
2.4982
3.14798
3.43165
2.9555
2.7771
2.52071
2.30248
2.52584
2.54603
2.57808
2.50764
2.04203
2.84908
3.02428
3.28758
3.14029
2.35772
3.3371
3.09886
3.53948
3.45541
3.04336
2.79049
2.64901
3.44864
3.1398
2.92505
3.15076
3.20012
3.10993
2.88595
3.08124
2.85636
3.22954
2.99784
3.25319
2.83218
3.21162
2.71529
2.91202
2.68518
3.0599
3.17971
3.06409
2.84745
2.87658
3.29854
2.82445
2.99879
3.28643
3.06502
2.53469
2.93461
2.22055
2.99088
3.10347
3.02138
2.65358
3.03229
2.85973
2.75313
2.39777
2.86014
2.80142
2.9163
3.06947
3.27051
3.84173
2.54585
3.36302
3.28069
3.32419
2.84728
2.81843
2.85402
2.67999
2.67907
2.26266
2.88511
2.7434
3.25846
3.50058
2.68301
3.33022
2.69501
2.90793
3.0744
3.37092
2.90911
3.44
3.95689
3.33363
3.21749
3.49837
3.65155
3.12422
2.85849
2.77119
2.95604
2.72384
2.60496
3.14351
2.75656
2.84226
2.96273
2.84794
2.79003
3.03748
2.8995
3.0088
2.70457
2.87525
3.10247
2.36501
2.97025
2.97366
2.83865
3.14
2.69088
2.81235
2.88381
3.33566
3.08585
2.61671
2.8947
3.60935
3.09351
3.43062
2.75864
3.03487
3.40067
2.40936
2.73856
2.8564
3.24393
3.84087
2.54928
3.32797
3.48834
