1.9071
2.92626
2.36436
2.45343
2.60398
2.91075
3.17846
3.00711
2.05926
3.13979
3.22164
3.35224
2.59741
2.31436
2.66747
2.79485
2.47836
3.24709
2.81849
3.00833
3.13161
3.06793
2.96847
2.92829
3.12444
3.69384
2.96086
3.42999
3.10339
3.46005
3.56079
3.66233
3.62388
3.41957
3.1929
2.64865
2.65559
3.31993
2.71224
3.11871
3.23446
2.98355
3.2191
3.25923
2.79803
2.86154
2.72325
2.78055
2.50396
2.86622
3.11386
2.96961
2.19939
3.35599
3.24854
3.0949
3.33912
1.73498
3.32681
3.03966
3.32944
3.11992
3.66056
2.89641
3.15545
3.38952
3.08047
3.11411
3.39134
3.37296
2.9952
3.19741
2.9721
3.20436
3.22578
3.7113
3.09631
3.08861
2.9952
3.10538
2.91173
2.79384
3.44328
3.06605
3.40366
3.0335
3.19129
3.28413
3.11288
3.4252
3.68235
3.67348
2.76411
3.32725
2.94344
3.09588
3.44031
3.30919
3.27972
3.31008
3.38826
3.42452
2.83983
2.98296
3.054
3.16579
3.4135
3.34393
3.92605
2.06035
3.84714
3.2235
3.15541
2.82379
3.25067
3.56011
2.78179
2.68307
2.06846
2.84953
3.14837
3.36711
3.75687
2.97498
3.60013
3.12252
2.88565
3.49308
3.43514
3.57377
3.62809
3.7028
3.36529
3.12118
3.15394
3.12079
3.1416
3.28034
3.62001
3.23823
2.69593
2.80257
3.19249
3.03443
2.8573
2.86363
3.36998
3.63633
3.32022
2.99124
3.54817
2.21495
3.38958
3.24993
2.6369
3.02652
3.3481
2.76735
3.25283
3.27546
3.12158
3.407
3.30325
3.66917
3.3069
2.93108
3.08449
3.39424
3.64213
2.89763
2.85003
3.85888
2.8088
2.60778
3.33915
3.35526
3.52514
2.69057
3.08706
3.35321
1.95261
2.73077
2.58404
2.43593
2.66504
3.08999
3.28733
2.99661
2.10036
3.09294
2.87331
3.49481
2.70438
2.45438
2.75586
2.68002
2.99571
3.20597
2.68461
2.69888
3.07407
3.10326
2.97593
3.2841
3.16966
3.58401
2.99832
3.5277
3.24661
3.20372
3.60489
3.80171
3.65797
3.60436
2.90233
2.48392
2.73544
3.0516
2.64042
3.16123
3.61782
3.04489
3.05821
3.28972
2.7099
3.35813
2.86977
2.72671
2.85535
2.81104
2.9858
2.81461
2.21363
3.30593
3.22363
3.4421
3.42464
2.02436
3.13291
3.62103
3.10758
3.584
3.81532
2.90988
2.63789
3.53454
3.46833
3.14425
3.5925
3.40477
3.02991
3.18626
3.23819
3.07438
3.15809
3.1286
3.10498
2.92624
2.96328
3.21763
2.82862
3.01005
3.09165
3.18215
3.20883
2.97202
2.83032
3.61981
2.70201
3.11809
3.43204
3.55548
2.72036
3.60381
2.95171
3.10649
3.3107
3.14494
3.62349
3.44712
3.81142
3.408
2.74871
3.14378
3.40736
4.03406
3.03761
3.48834
3.97478
2.23242
3.69659
3.69727
3.61465
2.96058
3.33283
3.00446
2.92992
3.40663
2.16088
2.67983
2.38514
3.85883
3.53766
2.81785
3.55955
3.39751
3.15689
2.98075
3.14793
3.34056
3.8224
3.5884
3.53032
3.02067
3.34709
3.14594
3.22293
3.21412
3.27208
3.18131
2.87559
2.82628
3.09623
2.94489
2.94231
2.98075
3.40316
3.54822
3.32434
3.30229
3.33122
2.91804
2.84257
3.3424
3.04244
2.91364
2.79765
2.87088
2.8613
3.23699
2.76856
2.83968
3.47962
3.75354
3.22816
2.98698
3.3753
3.48247
3.03669
2.9726
3.16759
3.57081
2.93301
3.05628
3.32125
2.8058
3.44135
2.58587
3.18269
3.44324
