1.73194
2.40604
1.99066
1.99356
2.21284
2.59292
3.02631
2.9809
1.70152
2.92737
3.15049
3.27288
2.18417
2.61593
2.90069
2.42435
2.59979
3.21659
2.62079
2.39714
2.8252
2.89565
2.81039
2.79373
3.07715
3.72402
3.08141
3.62365
3.3502
3.14797
3.02892
3.83168
3.64383
3.57017
3.12612
2.24095
2.8891
3.29809
2.24025
3.01894
3.28523
2.7736
3.1616
3.49403
2.68251
2.6825
2.97435
2.35797
2.65219
2.85197
2.44552
2.70514
2.4165
3.19477
3.21003
3.46018
3.0373
2.90855
2.55595
3.23323
3.45632
3.45558
3.68003
2.93431
2.87885
3.5123
3.32977
3.08746
3.35051
3.29844
3.131
3.56348
3.02374
3.27481
3.22696
3.32352
3.42904
3.36716
3.05842
3.27627
2.76242
3.19016
2.99193
3.20964
2.71312
2.84311
3.4236
2.95379
2.85771
3.03117
3.71279
3.23043
2.62321
3.28741
2.83215
2.91764
3.2038
3.53884
3.44175
3.38828
2.71914
3.07262
2.17629
3.09065
3.18742
3.50495
3.54578
3.56481
3.85902
3.64437
3.83148
4.61568
3.70639
2.98672
3.57181
3.20413
2.82807
3.33362
2.15403
3.02589
2.6286
3.91023
3.71895
3.08363
3.23676
3.12146
2.65124
2.9185
3.17369
3.13575
3.97047
3.34661
3.30533
3.3022
3.15731
2.81072
3.41636
2.90799
3.17364
2.97468
2.90791
2.90165
3.22991
2.98449
2.71251
2.95787
3.38253
3.20969
3.47132
2.99405
3.1588
2.1218
2.82597
2.95623
2.31605
2.81955
2.60229
2.78015
2.7076
2.95044
3.00031
2.99479
3.49742
2.8243
2.51513
3.34857
3.66163
3.57365
3.11651
3.2373
3.18371
3.551
2.90026
2.91852
3.00639
3.0463
3.02944
2.91819
3.57663
3.01088
1.77044
2.52304
2.09869
2.06702
2.34265
2.48738
3.35498
2.94838
1.71091
3.02053
2.94987
3.19535
2.1627
2.76856
2.76277
2.53706
2.60923
3.31612
2.58837
2.32298
3.09819
3.10095
2.95705
2.7359
2.96493
3.61683
2.96947
3.11792
2.81086
3.47757
3.26476
3.50635
3.69098
3.50678
2.79374
2.45522
2.98457
3.40621
2.18411
3.40163
3.3114
2.33366
3.36733
2.94303
2.59053
2.5296
2.68901
2.14064
2.70283
2.61628
2.46994
2.56821
2.339
3.09035
2.96218
3.28741
3.63091
2.81256
3.30238
3.61311
3.19341
3.54976
3.55286
2.98041
2.93037
2.91541
3.3272
3.13973
3.51983
3.60383
3.27544
3.2956
3.06816
3.03579
3.28866
3.5427
3.31157
3.15867
3.38356
3.06315
2.98042
2.61655
3.06968
3.12135
3.2365
3.01475
3.08771
3.47384
2.98516
3.26487
3.67397
3.02221
2.29672
3.15325
2.73468
3.04237
3.14548
3.52671
3.16755
3.01083
2.9244
3.40959
2.77812
2.76438
3.17332
4.27468
3.55422
3.41412
3.95484
3.43005
3.91738
4.52211
3.82906
3.24267
3.59931
3.12728
2.78003
3.11777
2.35192
2.99099
2.89321
3.66457
4.09479
3.03977
3.14536
3.43689
3.06353
3.1522
3.00454
3.36642
3.94868
3.3139
3.55804
3.16451
3.15065
3.18721
3.20499
2.85974
2.65452
2.94838
2.64497
2.52067
3.16202
2.81066
2.66045
2.8761
3.04281
2.81455
3.00763
2.75933
3.1318
2.07594
2.45112
2.92952
2.31639
3.07637
2.63354
2.9102
2.80363
3.09603
3.0595
3.58818
3.46091
3.31627
3.17757
2.73688
4.03616
3.31847
3.56678
3.03143
3.15373
3.5996
3.17535
2.67887
3.1552
3.09884
3.10964
3.1053
3.50977
2.8023
