1.91448
3.04162
2.15717
2.38755
2.46661
2.73341
3.26959
2.85996
1.53884
3.16213
2.72067
2.79415
2.49539
2.19223
2.64245
2.43887
2.59345
3.34935
2.73291
3.36741
2.88131
3.30698
3.18141
3.15123
3.15462
3.3683
2.75583
3.03069
2.78583
3.57679
3.31835
3.7851
3.13722
3.76487
3.0695
2.39871
2.59961
3.26709
2.1
2.95562
2.89307
2.41829
3.00454
3.05716
2.53642
2.41534
2.37046
2.41971
2.52669
2.69786
2.37183
2.47944
2.07743
2.86124
2.91431
3.30247
3.50727
1.99447
3.27276
3.16112
3.0682
3.39351
3.7504
2.98208
2.74558
3.08138
3.16881
2.91058
3.1292
3.15782
2.68592
2.69879
2.86785
3.35326
3.40299
3.22314
2.79981
2.97786
2.75434
2.69898
2.91986
3.00902
2.80115
3.00854
2.73022
2.77335
2.51223
3.10357
2.5554
3.44736
3.64686
3.22816
2.47034
3.71056
2.73166
2.77893
3.00896
3.43282
3.15013
3.33665
3.44646
3.04295
2.87448
2.88938
2.97116
3.64976
2.97319
3.23492
3.03889
3.4674
2.90416
3.84839
2.92243
2.90072
3.08454
2.88634
2.62795
3.56934
2.41044
2.90276
2.61876
3.8911
4.03594
3.21622
3.41855
3.53423
2.82804
3.03578
3.00952
3.66068
3.56197
3.83182
3.84504
3.56397
3.25457
3.41633
3.39371
2.80155
3.11486
3.26741
2.80466
2.5592
3.02594
2.6546
2.71388
2.96462
3.53622
2.81939
3.13178
3.05569
3.1444
2.1624
3.11013
2.93073
2.51399
2.89833
3.18186
2.96058
2.59142
2.79081
2.78613
2.90914
3.6089
3.43171
2.88462
2.72022
3.74593
3.42894
2.81451
2.59138
3.07875
3.61273
3.04574
3.28407
3.87567
3.19925
3.90813
2.87611
3.25084
3.23179
1.92983
2.44981
2.85986
2.32039
2.51459
2.8836
2.80909
2.85084
1.51864
2.71248
2.74931
3.20234
2.4993
2.5394
2.59988
2.67541
2.54103
3.4245
2.61402
2.48749
3.35556
2.97452
2.50811
2.84038
3.04003
3.30789
2.86295
3.01549
2.7471
3.02258
3.65669
3.37142
3.13943
3.80198
2.92552
2.24484
2.45199
2.9105
2.08935
3.07699
2.99937
2.39805
2.98704
2.92439
2.74636
2.72177
2.42156
2.67565
2.96521
2.41481
2.35014
2.35929
2.12736
2.89758
2.56048
3.21121
3.07358
2.66774
2.73371
3.09191
3.10383
3.2905
3.39841
2.969
3.15227
3.02345
2.93389
3.09028
3.3087
3.22842
3.06327
2.81065
2.93699
2.88482
2.86084
3.50762
3.12003
3.0295
2.91212
3.04214
2.87232
2.83642
2.87338
2.98637
2.72873
2.87362
2.77647
3.12968
3.06027
3.16344
3.319
3.30646
2.42383
3.62509
2.82208
2.83901
2.99536
2.75172
2.81372
2.96741
3.30115
2.95536
2.94455
2.75601
3.08414
3.51327
3.14372
3.22329
3.1498
2.52109
3.54414
3.38672
2.395
3.10173
2.88501
2.95668
2.76245
3.11019
2.34964
2.87369
2.90934
3.5306
3.53027
2.80811
3.43948
3.47395
3.04764
3.53948
3.16318
3.40458
3.71989
4.05547
3.44978
3.33961
3.21207
3.26268
3.43538
2.93907
3.50719
3.12295
2.77255
2.94162
3.10846
2.5449
2.92704
2.83664
3.01464
2.90758
3.0144
3.01432
2.95952
2.67501
2.81025
3.25542
2.61114
2.50905
2.49486
2.83049
2.5984
2.64166
2.92708
3.44448
3.23912
3.40675
2.98612
3.17222
3.24244
3.27854
2.98129
2.94768
2.91807
3.23252
3.04077
2.77543
3.54657
3.23809
3.50602
2.56533
3.07923
2.74954
