1.75596
2.88153
2.27208
1.88737
2.01113
2.34128
3.02518
2.84113
1.54732
2.9627
2.45128
2.72617
2.28485
2.47707
2.63188
2.27003
2.66214
3.2056
2.2421
2.24975
2.40635
2.90624
2.37761
2.92746
3.18715
3.4032
2.65248
2.86021
3.22096
2.8583
3.13338
3.46618
3.38375
3.96418
2.92174
2.21474
2.56349
2.80937
2.49864
3.12348
3.03094
2.33816
3.30648
3.50602
2.71892
2.65986
2.45557
2.46476
2.35094
2.73661
2.14608
2.24059
1.7846
3.27501
3.2006
3.31531
3.08898
2.03171
3.29423
3.20055
2.94839
3.63045
3.60702
3.09575
2.58427
2.88369
3.03536
2.89919
3.21118
3.48148
3.03015
2.99086
2.89147
2.86717
3.05772
3.17651
2.98684
2.87923
2.44992
2.87178
2.68575
2.50546
2.88711
3.06905
3.04254
2.80743
2.82486
3.21685
2.55278
3.19719
3.03148
2.89318
2.32316
3.09726
2.53988
3.0005
3.06652
3.05701
2.85979
3.35735
3.12428
3.06047
2.87286
2.47485
2.91927
3.7305
3.05875
3.17896
3.31358
2.72548
3.16474
3.84456
2.99068
2.83023
2.81776
3.04866
2.541
3.23752
2.50202
3.32438
2.46345
3.30831
3.49987
2.67564
3.1713
3.40406
2.7499
3.04773
3.04772
3.01399
3.25161
3.74477
3.28722
2.86589
3.17318
3.00753
3.19958
2.99714
2.99221
2.83335
2.30479
2.51854
2.79378
2.74481
2.59722
2.60309
2.69949
2.80892
2.83708
2.8781
3.07434
2.48306
3.01893
2.69115
2.53373
2.44661
2.65811
2.53309
2.43612
2.92416
2.51351
3.35887
3.24023
3.63512
2.58295
2.9696
3.49003
3.1822
2.97568
2.7279
2.63075
3.38617
3.1537
2.68312
3.32443
2.86395
3.14447
3.14605
3.2444
3.39045
1.68549
2.87458
2.06904
1.71809
1.94852
2.30703
3.18669
2.96816
1.52498
3.11242
2.70339
3.08407
2.19651
2.5716
2.57683
2.28648
2.25724
3.15408
2.37079
2.43302
2.77343
2.92528
2.7485
2.68177
2.71376
3.42296
2.76086
3.35555
2.8377
2.94383
3.26351
3.2617
3.42526
3.57001
2.85035
2.22219
2.4154
2.72907
2.18489
3.13162
3.15149
2.49878
3.35747
3.06391
2.40965
2.5213
2.59955
2.55755
2.73325
2.40565
2.31683
2.32461
1.95957
2.88951
3.38364
3.05492
2.59428
2.7929
3.00464
2.88817
3.00125
3.57805
3.75964
2.96607
2.74585
3.08942
3.25103
3.11685
3.26545
3.37695
3.0981
2.80064
2.9752
2.88923
3.0636
2.95059
2.93847
2.99373
2.82111
2.88456
2.97922
2.50596
3.07612
2.84379
3.05638
2.62996
2.69675
2.76823
2.6522
2.66909
3.03515
2.93716
2.11016
2.99124
2.61694
2.93281
2.94272
3.3944
2.7604
3.1594
3.08042
2.97786
2.64074
2.55275
2.65633
4.31582
3.02925
3.12788
3.30527
3.16392
2.87644
3.19925
3.02319
2.84946
3.26164
2.86851
2.70594
3.29267
2.10281
3.01632
2.46654
3.25806
3.18939
2.58981
3.20058
3.81487
2.79716
3.30331
2.86195
2.9121
3.20168
3.37175
3.15833
2.88074
3.04696
3.27517
3.28191
2.85121
2.84696
2.9225
2.70399
2.38058
2.6982
2.77611
2.71287
2.52912
2.92142
2.84817
2.97172
2.86807
3.08371
2.03736
3.24701
2.8155
2.63804
2.41477
2.59299
2.4959
2.62578
2.49826
2.81133
3.04406
3.34505
2.92914
2.82795
2.80687
3.62577
2.95694
2.98677
2.48567
2.62433
3.7386
2.66193
2.49919
3.15385
3.10582
3.52907
2.945
3.18451
3.38868
