1.85543
2.9935
2.48805
2.25869
2.59511
2.69711
2.81591
3.01896
1.81755
2.83841
3.29993
3.4999
2.50869
2.71659
2.79202
3.10368
2.94152
3.13311
2.88256
2.75086
3.02885
2.95743
2.95968
3.24719
3.52291
3.65962
3.002
3.67176
2.74971
3.20353
3.60982
3.73338
3.60038
3.59434
3.22078
2.31062
2.61253
3.1489
2.51167
3.36239
3.28681
2.46572
3.71283
3.27543
2.65367
3.0325
2.81114
2.66343
2.3987
2.74476
2.62473
2.54149
2.09796
3.20038
3.16816
3.22824
3.25434
2.78387
3.23028
3.47784
3.65378
3.4206
3.57511
3.15158
3.02978
2.84306
3.27855
3.12395
3.60053
3.31718
3.06932
3.1927
3.05441
2.98504
3.1783
3.45262
3.03449
3.04136
2.99076
3.20675
2.90663
2.93527
2.88459
3.16538
3.07603
3.00826
3.00598
3.29857
3.39891
2.94349
3.47733
3.17398
2.60749
3.61697
3.12746
3.14442
3.0261
3.17157
3.10053
3.40658
3.94061
3.70948
2.39044
3.30568
3.51084
4.06074
3.06646
3.21975
4.13162
3.35665
3.69759
4.46835
3.56631
3.28806
3.46933
2.80614
3.04051
2.89578
2.49517
2.83511
3.17561
3.69664
4.01391
2.93588
3.33235
3.95049
3.07832
3.35822
3.29859
3.34762
3.56445
3.55335
3.25792
3.20079
3.26503
3.30663
3.21846
3.06047
3.39069
3.10961
2.75135
3.02478
3.1076
2.94901
3.10719
2.90088
3.10981
3.30911
3.4011
3.45273
3.38007
2.95461
2.93202
3.18985
3.41204
3.11345
2.92263
2.48498
2.63073
3.09441
3.48802
3.18398
3.26218
3.18567
3.76973
2.91231
3.45387
3.69423
3.23059
3.05371
2.78114
3.61331
2.89108
2.81532
3.46403
3.5738
3.57444
2.92543
3.17988
3.68783
1.92957
2.89074
2.70361
2.12141
2.66142
2.61326
2.98998
2.89687
1.80538
2.91096
2.5279
2.89884
2.63505
2.90898
2.96063
2.89487
2.87711
2.77411
2.67438
2.86788
3.27387
2.67074
2.94373
3.14016
3.06479
3.28594
2.8829
3.48852
2.88795
3.09337
3.47247
3.45895
3.24034
3.61468
3.05953
2.56027
2.51734
2.96959
2.30103
3.11513
2.64357
2.77169
3.77189
2.88626
2.71234
3.04972
2.85608
2.76771
2.56246
2.58065
2.52316
2.58784
2.03042
2.88399
3.23592
3.00927
3.50717
2.67929
3.51392
3.47901
3.42741
3.56955
3.84065
3.51767
2.83381
3.26321
3.3991
3.08586
3.60671
3.45122
3.15343
3.06147
2.95391
3.03911
3.10892
3.65229
3.56505
3.15445
3.02053
3.10157
2.86326
2.82941
2.73974
3.02003
2.88492
3.06585
3.22183
3.28949
2.92185
3.06777
3.67575
3.15743
2.83995
3.60128
3.06313
3.04432
3.26982
3.81833
3.30363
2.99266
3.22153
3.16095
2.7762
3.18183
3.23721
4.04499
3.1263
3.362
4.42794
3.78025
3.52741
3.88493
3.75676
2.9586
3.56809
2.86559
2.99448
3.43196
2.54416
2.87298
3.42674
3.25817
4.0626
2.99906
3.37124
3.77522
3.3644
3.54072
3.04762
2.9983
3.34758
3.57348
3.1277
2.92394
3.29996
3.05028
3.5138
2.81847
3.27019
3.14683
3.24433
3.00373
3.2516
2.89254
3.20221
2.98775
2.96722
3.20542
3.32291
3.30996
3.43798
3.11068
2.72306
3.09764
3.42012
2.91996
2.84836
2.98371
2.85334
2.96054
3.05795
3.34984
3.10748
3.27074
2.70103
2.89782
3.50247
3.52598
3.25211
2.79351
2.94787
3.23011
3.04525
3.19256
3.33974
3.24374
2.90785
3.00802
3.35912
3.7894
