2.02691
2.64158
2.36803
2.37373
2.42519
2.48932
2.90211
2.92325
1.92783
2.77882
2.90973
3.66672
2.84542
2.53418
2.61199
3.04936
2.42142
3.38064
2.67338
2.86236
2.81023
2.47087
2.8398
3.34315
3.64017
3.83123
3.6904
3.52234
3.45098
3.33929
3.51364
3.18198
3.59179
3.74067
2.98894
2.91293
3.1275
2.93926
2.67474
2.91133
3.10883
2.41824
3.93116
3.63964
2.74096
4.06778
3.2471
2.17251
3.86488
2.67917
3.00296
2.42324
1.99055
3.37215
3.07981
3.61669
3.37202
2.2432
3.4016
3.01641
3.3845
3.58985
3.75401
2.23886
3.1588
3.49893
3.35296
3.09733
3.52764
3.56937
3.07202
3.00481
3.00428
3.21365
3.62676
3.60786
3.1843
2.78578
3.24751
2.72598
2.568
2.91844
3.00241
2.99248
3.10926
2.70927
3.34134
3.18047
2.51177
3.36388
3.5253
3.48649
2.60364
3.56398
2.54512
2.69963
3.11585
3.32043
3.25734
3.27527
3.28902
3.1815
2.66394
3.1093
2.84287
4.18568
3.54904
3.07839
3.81631
2.27698
3.64409
4.22502
3.54966
3.23601
3.37564
2.73284
2.81702
3.41283
2.30831
2.70792
2.85659
3.86203
3.10297
3.15303
3.5842
3.45086
2.52958
3.35153
3.33204
3.37867
3.45021
3.6907
3.32572
2.88685
3.15111
3.14244
3.52711
2.96981
3.54399
3.35029
2.74352
2.6433
3.23679
2.52958
2.83309
2.82531
3.18598
3.16608
3.02966
3.02383
3.23624
3.09889
3.20723
3.0872
2.40043
3.18778
3.14089
2.7609
3.1092
2.51863
3.02457
3.15074
3.41198
2.86748
2.98793
2.8194
3.26872
3.6126
2.94258
2.73676
2.89139
3.68846
2.96596
2.99909
4.01675
2.82411
3.64555
2.35669
2.81332
3.03702
1.87175
2.66815
2.39439
2.27175
2.31373
2.55245
2.64566
3.08317
2.01985
3.53175
3.24837
3.38287
2.32483
3.42693
2.672
2.25987
2.57074
3.19339
3.00267
2.20845
3.05753
3.58973
2.59411
2.87806
3.74078
3.37181
2.999
3.58677
3.01592
3.29145
3.52575
3.90989
3.38846
3.38882
2.80982
2.80516
2.81037
3.04575
2.77426
3.13098
3.14803
2.7434
3.65844
3.40464
3.32379
2.28896
3.48926
2.54551
3.11756
2.58348
2.85519
2.47793
2.16591
3.59936
3.0382
3.59824
3.50753
2.66521
3.11189
3.23513
2.87803
3.69346
4.14617
2.66706
3.79061
2.55191
3.37869
3.12009
3.98739
3.60961
3.44241
3.44404
3.12641
2.89237
3.09928
3.2008
3.52755
3.05373
3.04692
2.99533
2.69274
3.16174
3.26013
3.07718
3.15614
3.09085
3.0512
3.489
2.95003
3.43743
3.15365
4.17757
3.09291
3.59981
2.40271
3.07088
3.32509
3.67504
3.42454
3.23093
3.23831
3.149
2.43798
2.73088
2.89315
4.16532
2.98212
3.40001
3.65306
2.94465
3.31712
3.63276
3.09611
3.16185
3.26158
2.94738
2.8149
3.68673
2.75575
2.72391
2.73652
3.94881
3.67441
2.73007
3.42228
3.59169
2.81145
3.48191
2.85912
3.27769
3.55973
3.40099
3.66054
3.34585
3.00363
3.12795
3.24168
2.65809
3.02653
2.5299
2.72372
2.15831
3.12788
2.8492
2.62253
2.72644
2.79816
3.19934
3.14574
2.88233
3.53159
2.67683
3.08599
2.5823
2.54483
2.9602
3.18996
2.80989
2.37019
2.98511
2.9751
2.55673
3.20363
2.86026
2.95486
3.44623
3.5558
3.46712
2.76628
2.56143
3.44754
3.4693
3.19692
2.55503
3.47701
3.24099
3.41168
2.65256
3.37003
3.23502
