2.02649
2.80095
2.41215
2.30145
2.48829
2.75798
3.12315
2.9978
2.01489
3.07833
2.63092
3.1936
2.68552
2.87445
2.87004
3.19335
2.92476
3.43245
2.71606
2.77413
3.1805
2.48211
2.67795
2.93306
3.29448
3.2901
2.90636
3.18053
3.29216
2.84325
3.74678
3.47568
3.37784
3.60141
3.07157
2.66788
2.88983
3.49142
2.81211
3.01226
3.29387
2.65312
3.58889
3.32388
3.24035
3.36442
2.97828
2.57633
2.711
2.79768
2.92877
2.71575
2.17804
3.2847
3.13156
3.07832
3.98045
2.83339
3.63953
3.29841
3.62621
3.51342
3.65832
3.19702
2.77987
2.89355
3.28332
3.31457
3.47647
3.65461
3.13727
2.91691
3.10327
3.00307
2.89822
3.03074
3.05406
3.05278
3.1167
3.20523
2.96113
2.82731
3.02036
3.10615
2.89772
2.97023
2.92912
3.25462
2.63278
3.19792
3.52229
3.49398
2.65228
3.99235
2.80086
3.11525
3.13008
3.37596
3.30259
3.44159
3.62126
3.28759
2.80664
2.98309
3.17697
3.40195
3.26755
3.32387
3.44064
1.90157
3.7749
4.16445
3.22164
3.00532
3.00615
3.01552
3.15506
3.44097
2.48416
3.06452
2.91601
4.14479
3.84898
2.97941
3.61389
3.22876
2.8377
3.25743
3.75661
3.92039
3.875
3.86352
3.66052
3.09154
3.31222
2.95989
3.56449
2.95262
3.40932
3.17812
3.16297
3.05647
3.36664
3.18551
2.87669
2.86912
3.16839
3.03254
3.20685
3.118
3.2284
3.0901
3.003
2.95621
2.743
2.93535
3.02131
2.80236
2.77003
2.61344
3.20991
3.13063
3.62052
4.0278
3.39276
2.89009
3.55693
3.35912
2.83099
2.75704
2.73751
3.42826
2.92509
2.6999
3.6834
3.37595
3.40129
2.82224
3.33676
3.66305
2.06156
2.77999
2.52703
2.38006
2.6368
2.83169
3.04682
3.07105
2.13036
2.93453
2.63053
3.35007
2.6055
2.53449
3.09139
3.00982
2.87146
2.92566
2.9978
2.742
3.19579
2.8516
2.91157
3.00682
3.0888
3.39627
3.04698
3.1487
3.42699
3.16827
3.34588
3.81488
3.38398
4.01236
3.25244
2.76432
2.89251
3.21082
2.72539
3.29823
3.27291
2.95391
3.51613
3.23042
3.01256
2.73963
2.84618
2.62258
2.54391
3.03459
3.13815
2.72049
2.26397
3.35286
3.30017
3.5227
3.77991
2.67176
3.24407
3.27926
3.48645
3.36341
3.60743
2.82757
3.14409
2.95037
3.34
3.05646
3.64412
3.44184
3.14492
2.86077
2.99307
3.06624
3.15234
2.85885
2.96101
2.98479
2.8357
3.20848
2.79792
2.6019
2.98521
3.02973
2.85386
2.88456
3.20567
3.07182
2.7533
2.72769
3.15485
3.62677
2.57335
3.61365
3.08928
3.15248
3.45477
3.35796
3.288
3.51159
3.71985
3.5816
2.83075
2.94074
3.30678
4.42422
3.33059
3.33109
4.15846
2.89592
3.49134
4.14881
3.27967
3.30925
3.53078
3.1554
3.00813
3.72815
2.31247
2.97888
3.07577
4.05385
3.41134
2.93776
3.47033
3.6637
3.65299
3.19485
3.11557
3.09336
3.83401
3.66776
3.41582
3.37402
3.35782
2.8544
3.36081
3.01902
2.77154
3.09621
3.53078
3.08272
3.20568
3.20213
3.0074
3.10907
3.13226
3.23372
3.33241
3.33155
3.20143
2.89795
2.80444
2.84117
3.28492
2.64909
2.86907
3.00828
2.99081
2.90329
3.15313
3.2991
3.58639
3.90478
2.87344
3.15124
3.68602
3.52382
3.04445
2.84736
2.82483
3.42248
3.14298
2.72436
3.3877
2.93437
3.12539
3.26978
3.45109
4.2976
