1.79434
2.64132
2.19676
2.19653
2.45558
2.58216
2.87421
2.84099
1.62173
2.60381
2.77814
2.87607
2.27831
2.61792
2.89084
2.49705
2.59184
3.23202
2.64358
2.89594
2.60488
2.78453
2.59689
3.12127
3.25145
3.47899
2.6944
2.92462
2.72519
2.96081
3.49751
3.70839
3.03682
3.37262
2.7309
2.53138
2.65729
3.07402
2.18318
3.09536
3.22393
2.45282
3.28368
3.07951
2.76706
2.91867
2.72295
2.35226
2.3252
2.60546
2.35849
2.51028
1.99584
2.90816
2.85977
3.03072
3.80153
1.95101
3.19389
3.34065
3.31916
3.60427
3.73361
3.24305
2.9319
2.80713
2.99807
3.10286
3.38508
3.38545
3.01572
3.01162
2.91021
2.79724
2.95914
3.18546
3.08404
2.90931
2.88572
3.06218
2.85008
2.81061
2.64942
2.97643
2.88778
2.93808
3.09168
3.38148
2.69928
2.96188
3.24771
3.22816
2.9205
3.28645
2.7405
2.91351
2.83562
3.00524
3.30487
2.91493
3.28013
2.98274
2.72059
2.70442
2.87529
4.26736
2.99367
3.30559
4.21968
2.61325
3.23468
4.19383
3.28309
3.54753
3.30295
2.82093
2.9887
2.71127
2.32181
3.19027
2.6417
3.75556
3.18763
2.95015
3.34737
3.57092
2.8287
3.06052
3.12169
3.20376
3.68246
3.64729
3.05092
3.21483
3.24953
3.19769
3.03609
2.91701
3.19211
2.8559
2.65561
2.58148
3.02692
3.02115
2.78535
2.69123
2.85419
2.95605
2.84665
2.84828
3.05621
2.28988
3.12631
2.95492
2.60649
2.71948
2.32864
2.61186
2.66043
2.91803
2.64122
2.55405
3.711
3.686
3.00556
3.10808
3.67364
3.62081
3.13286
2.6887
2.78725
3.32592
2.97215
2.91192
3.52505
3.268
3.04058
2.74766
3.21659
3.20316
1.80559
3.01068
2.52194
2.23556
2.45427
2.66956
2.47386
2.6973
1.71783
2.82617
2.38542
2.74145
2.59673
2.64857
2.77902
2.77345
2.60787
3.09008
2.75201
2.66408
3.20284
3.11213
3.13122
2.38762
2.64333
3.42556
3.18437
3.1945
3.15687
2.79211
3.19492
3.78843
2.92839
3.08375
3.06183
2.49429
2.56662
3.02614
2.45016
2.96286
3.2485
2.37871
3.42839
3.02594
2.70593
2.70401
2.60284
2.43927
2.41769
2.51409
2.26493
2.29497
2.02132
2.96153
3.03848
2.9011
3.54647
1.98742
3.3821
3.08667
3.15714
3.51156
3.69555
3.20793
3.00806
2.95031
2.95654
3.07204
3.44291
3.11657
3.01885
3.12901
2.84686
2.89247
2.81072
2.92877
2.87545
2.82201
2.8307
2.83279
2.56905
2.75165
2.81128
2.86966
2.68393
2.8213
2.90133
3.26462
2.85254
2.87856
3.20257
3.35327
2.67166
3.30936
2.55206
2.89761
3.21231
2.93662
3.0702
3.06928
3.05947
3.52837
2.86435
2.8989
2.66553
4.17497
3.23047
3.34796
3.70435
3.55397
3.52333
4.43587
3.35483
3.10763
3.43235
2.97887
2.56288
2.69315
2.39835
2.83632
2.59429
3.79769
4.03885
2.82802
3.4683
3.23859
2.90407
3.19109
2.95823
3.19193
3.66266
3.40805
3.29815
3.28762
3.20519
3.52127
2.93218
2.95979
3.07041
2.82478
2.84058
2.64696
3.06704
2.8821
2.8866
2.83357
2.84877
2.76675
2.79944
2.94601
2.97672
2.49874
2.74253
3.06004
2.40268
2.99202
3.01043
2.81785
2.91904
3.02382
2.8791
3.26307
3.46007
3.4605
2.68056
3.05185
3.52395
3.26359
2.91099
2.77092
2.77638
4.19478
2.60094
2.60489
3.32824
3.24793
3.41619
2.97541
3.26591
3.53111
