2.18186
2.9565
2.55012
2.43189
2.6015
2.7135
3.17337
2.93737
1.84819
2.90539
3.13089
3.02089
2.37208
2.82614
2.86148
2.74998
2.74964
3.20276
2.72785
2.88987
3.50432
2.90241
3.33265
3.31396
2.94027
3.59503
3.20022
3.1434
3.03473
3.26344
3.52865
3.82805
3.37038
3.66996
3.0951
2.74495
2.73306
3.0993
2.61508
3.29606
3.18445
2.73991
3.22418
3.03485
2.72653
2.80983
2.93303
3.07892
2.62351
2.64995
2.75934
2.8358
2.1827
3.10859
3.01556
3.26029
3.36098
2.52696
3.65076
3.40047
3.65523
3.61243
3.69337
3.2247
2.95346
3.04688
2.96457
3.12119
3.53146
3.41826
2.8647
2.79127
3.00221
3.07786
3.08026
3.11511
3.07809
2.98383
3.19981
3.24647
2.66299
2.98832
2.94401
2.67399
2.63581
2.79973
3.02305
2.91482
3.01298
2.97914
3.35958
2.99504
2.55047
3.3898
2.89041
2.95921
2.96436
3.05737
2.87465
3.04927
2.99318
3.09935
2.85206
2.74443
2.89842
3.3077
3.18508
3.51015
3.9077
2.76495
3.30289
3.82868
3.07967
3.24309
2.97711
3.09246
2.95714
2.86196
1.82693
2.83635
2.82451
3.67106
3.89329
2.90891
3.51331
3.15707
2.74258
3.46274
3.29646
3.59665
3.66142
3.12523
3.43315
3.10416
3.14321
3.3921
3.3102
3.24714
3.26405
3.12416
3.14257
2.48165
3.16335
2.81631
3.03574
2.66081
3.20783
3.13317
2.96944
2.98443
3.1793
2.60486
3.15163
3.09947
2.68319
2.87642
2.99346
2.68059
2.75547
3.023
3.05725
3.38718
3.41003
3.74037
3.43823
3.14777
3.77622
3.0209
3.21156
2.79111
3.0319
3.65099
2.91434
3.21638
3.30579
3.07024
3.36662
2.70021
3.3994
3.69485
2.1749
2.67063
2.72853
2.44068
2.52065
2.54583
3.16746
3.01554
1.96854
3.20309
2.84764
2.95434
2.46533
3.24151
2.79111
2.93711
2.7449
3.3821
2.90806
2.38316
2.60115
3.08149
2.59792
3.0877
3.15875
3.71872
3.03081
3.41825
2.80569
3.19215
3.45368
3.62246
3.275
3.65048
3.02133
2.69301
2.84194
3.30968
2.50491
3.20668
3.32953
2.90166
3.63018
3.24513
2.88512
2.79816
2.8557
2.94963
3.0304
2.73975
2.86446
2.7336
2.37294
2.98681
3.08642
3.39464
3.77092
2.47695
3.44699
3.51329
3.32829
3.67699
3.69891
3.1397
3.21518
3.37862
3.13522
3.18563
3.71858
3.34308
3.08977
3.14768
3.04767
2.82005
2.93143
2.80168
3.13391
3.04096
3.10616
3.1937
2.6553
2.70584
2.88155
2.9805
2.87229
3.01673
3.00087
3.26384
3.26507
3.21557
3.44181
3.47157
2.74444
3.48978
2.84125
3.05498
2.94132
3.4966
2.98011
3.27646
3.23339
3.01551
2.99525
3.04687
2.93077
4.39397
2.87291
3.32948
3.8126
3.47264
3.3715
3.98445
3.10393
3.05676
3.46601
3.22787
3.0176
2.74359
2.14175
2.67849
3.47597
3.97273
3.63308
3.21148
3.50961
3.36793
2.98176
2.95411
2.93973
2.94234
3.77088
3.23051
3.27297
3.39388
3.02992
2.93742
3.22046
3.23103
3.03805
2.9495
2.99589
2.91527
3.05119
2.61662
3.08622
2.83241
3.0572
3.1736
3.01996
2.92267
3.16725
2.87825
3.27403
3.08907
2.59656
2.30245
2.81497
2.48099
2.46546
3.11874
3.00149
3.9973
3.41841
3.92205
2.70247
3.14014
3.73658
3.09512
2.94206
3.2232
2.85739
3.94744
2.64553
3.22122
3.61483
3.30896
3.25096
2.78219
3.26668
3.65798
