1.86093
3.06152
2.71376
2.23836
2.67993
2.76689
2.91022
2.74729
2.02172
3.18943
3.01509
3.31234
2.6957
3.25015
2.56099
2.7978
2.34833
3.00201
2.63331
2.95074
3.17249
3.5616
2.97039
3.37659
3.89396
3.96295
3.09017
3.28276
2.35349
2.78626
3.17032
3.93909
3.80213
3.54925
2.74083
2.6484
2.56841
3.11699
2.8751
3.0691
3.18328
3.32709
3.3446
3.3107
3.19237
2.80121
2.67508
2.42483
2.66105
2.74012
2.5879
2.62104
2.08089
3.19605
2.98914
2.9536
3.58248
2.04823
2.86607
3.42905
4.33524
3.07727
3.54517
3.9974
3.64589
2.90275
3.37593
2.90996
3.68499
3.80279
3.95604
3.97054
3.44487
3.21163
3.633
3.70712
3.49813
3.39871
3.04431
3.06356
3.03829
3.40527
3.50545
3.31713
4.07141
3.57246
3.94138
3.91915
3.30798
4.10947
3.91866
4.02744
2.66149
3.86751
2.83616
2.78282
3.2285
3.53232
3.05868
3.71642
3.25851
3.16858
3.00661
3.002
2.89482
3.01049
3.17434
3.42778
3.22556
2.71074
3.75917
3.87457
3.45712
3.19246
3.05147
3.33148
3.09413
3.56856
2.67291
3.54009
3.05773
3.61122
3.43532
3.21128
3.45919
4.16727
3.25047
2.80147
3.24176
3.3871
3.63465
3.73426
3.52182
3.59666
3.37163
3.10905
3.54636
3.10486
3.16377
2.99427
2.7996
2.9676
2.99672
3.18636
2.66442
2.52501
2.89696
3.62373
3.29203
3.40856
3.2351
2.41373
2.83928
3.05961
3.25719
3.3291
2.82789
2.40301
2.93361
3.05265
3.05441
3.33624
3.47793
3.65955
3.91545
3.24107
3.27994
3.29303
3.28775
3.27867
3.09556
3.75795
2.72624
2.83741
3.54642
3.21961
3.62514
2.34811
3.1535
3.40154
1.72859
3.11472
2.5453
2.20275
2.58576
2.63034
2.76804
2.69734
1.91046
2.65864
2.75509
3.04091
2.89177
3.40694
2.46648
2.44292
2.882
3.05051
2.92284
2.60969
3.18668
3.61633
3.21537
2.95585
2.95464
3.52999
3.06246
3.07055
3.18165
3.16025
3.23564
3.48682
3.59395
3.27482
2.8303
2.51368
2.45468
2.98891
2.32228
3.47459
3.33297
3.08498
3.29281
3.40582
2.83825
2.9565
2.53738
2.33846
2.8381
2.43823
2.47757
2.56675
2.30956
2.97467
3.47913
3.18893
4.13388
2.37195
3.46873
3.37003
4.26629
4.14418
4.15606
3.79385
3.97842
3.11339
3.5042
3.12748
3.93223
3.79602
3.41404
4.13283
3.27007
3.35182
3.46868
3.75605
3.40849
2.98215
3.12571
2.94569
2.89027
3.36148
3.52052
3.24665
2.77494
3.18309
3.26924
4.13606
3.07378
3.11064
3.82279
3.27619
2.76687
4.08345
2.57602
2.923
2.95655
2.95571
3.267
3.53761
2.80713
2.72852
2.82116
2.83167
2.60162
3.89383
2.80272
3.07074
3.85218
3.40865
3.55489
4.61428
3.69479
2.89807
3.36224
2.98942
2.78515
3.45704
2.98595
3.07745
3.11761
3.49827
3.19764
2.84226
3.38428
4.13006
3.5466
2.9874
3.15393
3.49176
3.48315
3.71469
3.63183
3.10219
3.03409
2.80795
2.56952
3.32246
3.24711
3.00448
3.21947
2.8459
3.29021
2.90802
2.77657
3.13571
3.27672
3.36591
3.25519
3.07202
3.45556
2.95055
2.36756
2.5486
3.85503
3.10649
3.06785
2.70125
2.79865
2.88455
2.84103
3.18451
3.29408
3.69004
3.23426
3.66866
3.39472
2.8941
3.41171
3.40696
3.45305
3.27095
2.77382
2.85976
3.45124
3.20859
3.69987
2.71572
3.6443
4.12808
