1.87106
2.97415
2.22301
2.1057
2.48263
2.59926
2.81069
2.91717
1.74775
3.28516
3.30257
3.36545
2.46856
2.64208
2.80242
2.70027
2.50441
3.21001
2.6
3.10526
2.68277
2.82507
2.63603
3.10416
2.9731
3.55712
2.98418
3.10358
3.23425
3.23339
3.43299
3.59464
3.18865
3.89664
3.03827
2.56236
2.83337
3.17308
2.37538
3.17492
3.31528
2.53221
3.46391
3.35706
2.64869
2.59835
2.77868
2.60183
2.41748
2.96039
2.45991
2.69481
2.09336
2.96334
3.17454
3.55104
3.57321
2.37241
3.31404
3.22449
3.21862
3.42964
3.68091
3.22131
2.84944
3.49542
3.12687
3.11946
3.54405
3.99747
3.21376
3.38
2.88661
3.40423
3.27553
3.49685
3.4363
3.03689
3.00388
3.20595
2.68725
2.78944
2.91766
2.86163
2.94957
3.0113
3.19149
3.31604
3.14203
3.1636
3.6628
3.39765
2.68993
3.44261
2.9366
3.21103
3.27144
3.40086
3.11513
3.54825
3.69671
3.28412
2.7246
2.905
2.89981
3.73776
3.13217
3.14932
3.7381
2.34785
3.48117
3.92194
2.80553
3.1721
3.36992
3.17349
2.78625
3.53306
2.21912
2.95761
2.85384
3.54382
3.61628
3.12978
3.2156
3.84493
2.90311
3.28726
3.19456
3.37631
3.71745
3.6951
3.71807
3.4525
2.82027
2.89448
3.67995
2.89931
3.0189
3.17679
2.93529
2.52971
3.02782
2.82959
2.69869
2.73146
3.22087
3.01636
3.04409
3.23776
3.22818
2.23447
3.03635
2.82061
3.04934
3.13325
3.04896
2.69389
3.31267
2.69739
2.58565
3.06225
3.37847
3.29636
3.32469
2.46704
3.6267
3.19956
3.02943
2.84067
3.12888
3.59716
3.03761
3.06757
3.25194
3.68306
3.51268
2.87216
3.60668
3.61266
2.09775
2.71563
2.64096
2.34361
2.54123
2.59496
2.9127
2.82108
1.65717
2.92893
2.60734
2.85142
2.47586
3.09078
2.76447
2.69226
2.39145
3.72227
2.76656
2.65437
2.88188
3.06587
2.97086
2.97007
3.19305
3.70981
2.88842
2.69416
3.20571
2.95866
3.45358
3.46665
3.42674
3.97902
3.11199
2.41844
2.85568
3.13651
2.60004
3.14865
2.9306
2.74745
3.40052
3.24466
2.77118
2.80855
2.62793
2.6776
2.67944
2.52795
2.36052
2.46005
2.03282
3.21411
2.98469
3.19683
3.48658
2.88235
3.72482
3.41016
3.54348
3.65012
4.05346
3.41288
3.14587
2.96675
3.17815
3.2623
3.86033
3.81279
3.44043
3.04213
3.13551
2.76578
3.01055
3.19584
3.38671
3.07399
3.01319
3.10257
3.12187
3.09465
2.92739
3.12568
3.11927
3.08521
3.14455
3.11127
2.77824
3.0317
3.87525
3.60553
2.98693
3.77634
3.06837
3.10397
3.03982
3.03683
3.38426
3.14467
3.54183
3.15476
2.56982
3.16556
3.16366
3.85338
2.89659
3.34924
3.70214
3.15224
3.08771
3.64129
3.30231
3.16457
3.22565
2.62255
2.74508
2.81167
2.24692
2.97775
3.42001
3.37166
3.60816
2.57156
3.25182
2.99441
2.99664
3.16477
3.13651
2.98818
3.65259
3.375
3.29888
3.10804
3.54112
2.86112
3.55631
3.01366
3.07144
2.90067
2.94498
2.61969
3.27545
3.1238
2.55369
2.70421
3.16787
3.04362
2.92299
3.03622
3.26776
2.36875
3.01061
3.01876
2.90011
2.70629
2.82686
2.52363
2.99814
2.66925
2.68481
3.37564
3.51148
2.93132
3.02155
2.87639
3.77887
3.21168
3.21438
3.16839
3.056
3.55369
2.9003
2.54916
2.9509
3.12158
3.37388
2.87253
3.44905
3.89378
