1.8673
3.14698
2.46371
2.26579
2.46122
2.76026
3.06928
2.97413
1.84489
3.03929
2.82909
3.05205
2.48631
2.81015
2.74591
2.63019
2.40044
3.32566
2.77219
2.93344
3.36046
3.55528
2.87241
3.14779
3.26366
3.66261
2.92506
3.32938
2.8236
3.38645
3.18117
3.60896
3.96314
3.85
3.24338
2.46233
2.87542
3.09776
2.65249
3.2971
3.35668
2.66723
3.28712
3.32964
2.69752
2.92127
2.77917
2.47992
2.91001
2.64008
2.6513
2.66582
2.21556
3.62196
3.15969
3.24726
3.42879
1.86947
3.53719
3.17524
3.16523
3.32981
3.49308
3.17599
2.89675
3.29247
3.35254
2.96138
3.31666
3.2749
2.8606
3.08813
3.21468
3.05342
3.41347
3.01141
3.00276
2.9122
3.00696
3.49062
3.06723
3.06794
3.18337
2.90668
3.47835
2.92926
3.10581
2.98957
2.99543
3.18866
3.64778
3.32523
2.67801
3.74098
2.60295
2.97963
3.14721
3.37094
2.95153
3.52622
3.61175
3.78052
2.79353
2.93468
2.96388
3.81763
3.6056
3.39594
4.2188
3.07218
3.84315
4.3982
3.31634
3.13401
3.13666
3.04434
2.84081
3.40377
2.30126
2.90998
2.15197
3.97864
4.08758
2.93164
3.39871
3.60052
3.0445
3.41628
3.11033
3.55759
3.73114
4.08925
3.74408
3.63273
2.9641
3.22851
3.07263
3.17928
3.05615
3.22177
2.86414
2.33016
3.35507
2.78889
2.77569
2.91679
3.76793
3.23286
3.27197
3.1718
3.43769
2.45278
3.15264
3.18326
3.16199
3.05078
2.9105
3.09186
3.02196
3.19676
2.68387
3.11153
3.12234
3.68405
3.01816
3.27114
3.50027
3.46712
3.35854
2.61
3.10044
3.67222
3.00048
2.93924
3.63323
3.54679
4.10933
2.95054
3.36712
3.85955
1.83418
2.77754
2.44012
2.35815
2.56826
2.83276
2.78095
2.93181
1.95927
2.87403
2.74801
3.11699
2.39181
2.54874
2.88573
2.34241
2.43792
3.34528
2.67481
2.74135
3.07643
3.53904
2.64987
3.09273
2.94435
3.49383
2.96875
3.32361
3.12296
3.11725
3.61278
3.37739
3.16998
3.79822
3.04677
2.53881
2.59263
2.75294
2.49589
3.24163
3.38057
2.67628
3.5988
3.30557
2.6263
2.72586
2.82195
2.72229
2.94353
2.50831
2.63585
2.61049
2.17942
3.00427
3.12577
3.07571
3.78982
2.46775
3.5733
3.39831
3.91765
3.34335
3.87991
2.8835
2.77861
3.10893
3.1179
3.03035
3.56723
3.43043
3.14422
2.76141
3.29261
3.10406
2.90255
3.00568
3.53803
2.90193
2.95954
3.19095
2.72374
2.62683
2.91108
2.80923
2.5742
2.91503
2.96242
3.39809
2.78855
3.41691
3.66256
4.08168
2.87443
4.31786
2.68608
3.03355
3.14506
3.56536
3.19925
3.5928
3.31104
3.43543
2.79947
2.9487
2.948
4.24795
3.25707
3.3716
3.75982
4.06655
3.61667
4.62204
3.48648
2.74689
3.51018
2.94991
2.82828
3.84504
2.09265
3.07094
2.22821
4.29297
4.05464
2.71184
3.62887
3.65515
3.73712
3.3794
3.14766
3.32257
3.63799
3.7995
3.61859
3.4625
3.29496
3.36212
3.06396
3.09632
3.17206
3.13403
2.95519
2.50075
3.37273
2.638
2.87641
2.92476
3.01619
3.25543
3.25963
3.13674
3.10881
2.7945
3.50994
2.93726
3.25087
3.0499
2.7824
3.00205
2.77518
3.11741
2.99643
2.94999
2.85144
3.39518
2.58315
3.35891
3.84501
3.42725
3.09201
2.65693
2.96231
3.84738
2.88279
2.76409
3.61137
3.24039
3.44182
2.97765
3.51498
4.256
