2.04453
2.38196
2.83706
2.19313
2.35513
2.6345
2.81213
2.85357
1.78457
2.81982
3.35088
3.20134
2.28246
2.56732
2.89723
2.53152
2.59568
3.1321
2.76103
2.50547
3.17417
3.16476
2.76456
3.10431
3.10601
3.33559
3.14036
2.90901
2.91405
3.22977
3.59408
3.50658
3.1518
4.16967
3.00455
2.51736
2.48127
3.09981
2.29597
2.84112
3.13491
2.40216
3.25217
3.03259
2.65541
2.65704
2.48389
2.41805
2.16411
2.6796
2.46263
2.36257
2.12463
3.09577
3.03365
3.1644
3.41498
2.36137
3.60317
3.07631
3.02424
3.23184
3.14178
3.14741
2.78976
2.99803
3.11065
3.02982
3.45363
3.56088
3.28577
3.54652
3.06831
3.21692
3.27612
3.25435
3.12084
3.01418
2.99364
2.85024
2.78963
2.88752
3.05895
2.95956
2.76824
2.97517
3.16883
3.09169
3.05056
3.28279
3.27682
3.1943
2.3498
3.21618
2.57587
2.97227
3.26663
3.14216
3.11216
3.27752
2.89458
3.2597
3.00303
2.72156
3.03347
4.00598
3.55968
3.30104
3.86118
2.64246
3.44915
4.50908
3.73224
3.13793
3.53972
3.21599
2.82091
3.69728
1.95018
3.37611
2.5638
3.89129
4.24781
2.67226
3.20042
3.05517
2.74199
3.16237
3.18579
3.42226
3.81121
3.50187
3.31196
3.32794
3.13054
3.23543
3.20364
2.95289
3.16205
2.76686
2.97412
2.85699
2.75795
2.69294
2.93216
2.63401
3.16835
3.27892
2.82143
3.11165
3.25571
2.87154
2.83475
2.84161
2.67275
2.98648
2.65438
2.41686
2.5573
2.55677
2.73231
2.93603
3.37259
3.75321
2.72046
3.33706
3.49839
3.31356
3.04388
2.96461
2.99122
3.602
3.19075
2.52903
3.0286
2.86484
3.30323
2.98541
3.45884
3.68753
1.89025
2.8677
2.70243
2.26816
2.51522
2.59576
2.65577
2.90959
1.76057
2.83332
3.33192
3.30909
2.31775
2.28686
2.92948
2.69715
2.85167
3.1488
2.6987
2.50986
2.50695
2.96936
2.75706
2.72298
3.25089
3.50301
2.71874
3.17147
2.97509
3.00084
3.22721
4.30828
3.74096
4.04056
3.09802
2.77712
2.81885
3.19303
2.57819
3.11015
3.40134
2.57096
3.34355
3.15905
2.90453
2.66708
2.51392
2.28486
2.57883
2.86643
2.49889
2.61038
2.28852
3.26702
2.99213
3.45974
3.6167
2.50945
3.09774
3.45357
3.27322
3.3229
4.0436
2.80239
3.08433
2.93744
3.4056
2.97557
3.5909
3.77981
3.02309
3.27681
3.02085
3.03235
3.02796
3.17129
3.25374
3.11739
2.8902
3.30161
2.87386
3.09995
3.0188
3.17491
3.15538
2.95759
3.20549
3.20846
2.65393
3.26688
3.80615
3.42932
2.63387
3.27312
2.76083
3.0782
3.3751
3.72293
3.16897
3.05998
3.40568
3.092
2.90487
3.1161
3.15241
3.94148
3.12656
3.31904
3.59844
2.79156
3.47658
4.1671
3.30071
2.95411
3.63174
2.97877
2.80314
3.73181
2.64868
3.44147
2.89596
3.87272
4.26679
2.60462
3.00636
3.41758
3.37545
2.58261
2.95076
3.17036
3.83097
3.72215
3.08793
3.14808
3.28727
2.85009
3.20558
3.07603
3.05642
3.05549
2.7151
2.69368
3.15079
2.98884
2.96904
2.68359
3.17923
2.94718
3.1581
2.92059
3.0142
2.90589
2.68616
2.99983
2.8822
3.15109
2.98553
2.60076
2.80575
2.99924
3.01453
3.35293
3.57864
3.05483
3.11574
3.19129
3.52427
3.62829
3.15064
2.92802
2.81379
3.8814
2.99306
2.51106
3.26762
2.92753
2.83252
3.05852
3.21319
4.04728
