1.98
2.87735
2.50895
2.47207
2.69372
3.01476
3.59969
3.09195
1.64669
3.39141
3.05816
3.23278
2.41679
2.45225
3.11117
2.53868
2.6446
3.48479
2.71533
3.36647
3.0564
3.3305
2.6886
3.11053
3.30392
3.68077
3.03588
3.46356
2.93416
3.41954
3.46939
4.20153
4.06375
4.17393
3.29723
2.65928
2.84532
3.26583
2.89849
3.49833
3.29152
2.6047
3.36243
3.47831
3.11694
3.83847
2.79057
2.6345
2.88942
3.17499
2.39357
2.47151
2.03264
2.93973
3.04223
3.36478
3.71427
1.75339
3.63761
3.44281
2.97527
3.67969
4.05544
2.97624
2.78837
2.74126
3.01784
2.93727
3.69178
3.55898
2.69731
2.98624
3.06085
3.20823
3.03145
3.36059
3.24142
3.07595
3.04585
3.07612
2.89305
2.76145
3.06632
2.94709
2.98043
2.79642
2.85393
3.4546
3.16017
3.1968
3.69188
3.21149
2.67154
3.68252
2.65195
3.0364
3.37142
3.53641
3.3822
3.14934
3.06113
2.96454
2.60253
2.87437
3.21857
3.87799
3.64445
3.30934
3.28637
2.11999
3.57507
3.90241
3.2869
2.97486
3.31913
2.94491
2.88611
3.27485
2.43774
3.14851
2.60563
3.49364
3.62461
3.00456
3.70708
3.58229
2.89961
3.54673
3.61771
3.9843
3.59833
4.01399
3.61143
3.58472
3.57123
3.06139
3.28893
3.19757
3.28142
3.29111
2.66533
2.68433
3.61888
2.86916
3.12517
2.85797
3.16004
3.20678
2.89415
3.15523
3.27158
2.36391
3.34703
3.2041
2.86676
2.88194
2.8529
2.99758
3.20426
2.75742
3.06253
3.47072
3.37963
3.21224
2.94375
2.39862
3.5977
3.31742
3.14727
2.84236
3.03927
3.83151
3.18089
3.01933
3.74835
3.55655
3.88233
2.92863
3.38869
3.23502
1.8149
2.51746
2.60135
2.30622
2.58444
2.75754
3.37663
3.05161
1.68814
2.88993
3.16883
3.02743
2.54867
2.44751
2.93186
2.83468
2.71193
3.33825
2.87153
2.9808
2.90967
3.17193
3.06118
2.90936
3.29798
3.59451
3.02884
3.52615
2.99603
3.21335
3.76434
3.72604
4.23417
4.16375
3.09395
2.41476
2.52983
3.17343
2.66879
3.2365
3.19056
2.69447
3.58954
3.4676
2.9349
3.546
3.20329
2.71703
2.95501
3.00354
2.52414
2.55354
2.01783
3.08524
3.20534
3.41172
3.70559
2.04835
3.39879
3.00589
3.50124
3.52374
3.8059
3.02097
3.21256
3.0171
3.41099
3.17557
3.52872
3.77081
3.53496
3.28675
3.00776
3.18407
3.27546
3.32106
3.04094
3.15017
3.06429
3.2426
3.13381
2.93152
3.16809
2.99377
2.79051
2.88081
3.39265
3.30518
2.64308
3.07226
3.28701
3.14747
2.99242
3.57962
2.98962
2.95362
3.15826
3.37883
2.91872
3.17823
3.42661
3.27336
2.4634
2.90922
3.33812
3.67793
3.13007
3.1995
3.52314
3.29745
3.62873
3.99578
3.32823
3.00055
3.30135
3.1029
2.88198
2.89381
2.58815
2.71786
2.50221
3.25517
3.35806
2.8343
3.54185
3.41169
3.14043
3.11004
3.19682
3.14556
3.49279
3.61666
3.44737
3.3024
3.63963
3.5915
3.31249
3.04814
3.21864
3.15126
3.18504
2.67719
3.08244
2.92282
3.24662
2.92723
3.41027
2.95851
3.10866
3.12942
3.38571
2.63176
2.79151
2.7562
2.80212
3.05424
3.32376
2.84207
3.0884
3.16162
2.97739
3.08785
3.59749
3.18502
2.98319
2.88341
3.4591
3.14428
3.32729
2.93572
2.93004
3.43742
2.92314
2.76956
3.0742
3.47987
3.76242
2.4442
3.34841
3.04041
