1.93082
2.78568
2.50649
2.37061
2.5003
2.74833
2.88136
2.93798
1.9277
3.08465
2.75815
3.03509
2.31463
2.12787
2.67991
2.64018
2.75849
2.77195
2.56933
3.21305
2.87946
2.46783
2.47522
2.97349
3.05544
3.88635
2.75746
3.04905
2.72274
3.04696
3.24984
3.28208
3.16448
3.26445
2.83912
2.49953
2.93491
3.18236
2.59947
3.23286
3.38646
2.61476
3.5215
3.24233
3.00232
2.5503
2.73098
2.66692
2.91865
2.62475
2.46506
2.54059
2.15984
3.02265
2.94765
3.10616
2.93179
1.56976
3.14332
2.98391
3.4344
3.64043
3.38078
3.06368
3.05736
2.99834
2.98276
3.13157
3.31194
3.72927
3.01968
3.6593
3.00014
3.28434
3.20068
3.04041
2.84446
3.15781
2.97199
2.98223
2.78119
2.79362
2.78739
2.90617
2.98902
2.9419
2.9553
3.57256
2.54523
3.27714
3.53787
3.35289
2.64953
3.58087
2.85781
2.96269
3.44006
3.09473
3.07665
2.86057
3.16296
3.23976
3.02874
2.82474
3.0137
4.19507
2.87645
3.22872
4.15558
3.06645
3.43585
4.13293
3.30648
3.21276
3.29152
2.71507
2.70507
3.30875
1.77442
3.15511
2.22151
3.53959
2.89212
2.70562
3.1187
3.37242
2.68707
2.86625
3.00556
3.36153
3.58755
3.51877
3.24504
2.99092
2.96183
2.82107
3.07276
3.18769
2.80892
3.19616
2.67001
2.80661
3.11626
2.6888
2.91153
2.90005
3.0184
2.99015
2.86358
3.01281
2.86351
2.67434
3.28001
3.11843
2.45864
2.37913
2.81391
2.8837
2.8318
2.34162
2.85572
2.66526
3.22316
2.99933
2.87061
3.07228
3.32691
3.44357
2.83011
2.59448
2.99198
3.448
2.48081
2.55773
3.15101
2.84875
3.34851
3.10193
3.03286
3.31776
1.95837
2.37554
2.40521
2.41475
2.51338
2.66423
2.81895
2.94437
1.92405
3.06213
2.96268
2.85997
2.40586
2.40698
2.6886
2.5557
2.46436
2.94061
2.67458
2.7165
2.8904
2.84736
2.6025
3.05751
3.18964
3.58825
2.80025
3.15394
2.90041
2.89421
3.4581
3.37127
3.24013
3.6125
3.01847
2.43462
2.78137
3.31041
2.46018
3.45587
3.00456
2.51332
3.29058
3.2569
2.75725
2.61091
2.77712
2.73263
2.61126
2.52472
2.51769
2.65239
2.15058
2.90352
2.99079
3.02613
2.71734
2.14062
3.06317
3.07732
3.06517
3.30536
3.45341
3.07378
2.90876
2.8877
3.42453
3.23406
3.35413
3.56829
3.13989
3.18222
2.77282
2.92854
3.07514
2.87222
3.09124
3.09009
2.77083
3.06707
2.74649
2.777
2.76896
2.8461
2.6317
2.64888
2.83567
3.64924
2.85513
3.27331
3.16102
3.15485
2.50306
3.40748
2.80659
3.00177
3.45123
3.24336
2.73353
3.01128
3.34736
3.52736
2.75156
3.01466
3.06234
4.09505
3.36474
3.21992
3.72625
3.39886
3.24292
4.26809
3.1984
3.08579
3.29995
2.91502
2.72103
2.53343
1.68896
2.88812
2.61722
3.65177
3.73661
2.86953
3.08125
2.76373
3.14201
2.94942
2.99875
3.3848
3.4322
3.32673
2.96296
3.15338
2.97653
2.98161
3.12317
2.94609
3.11589
2.65295
2.96922
2.8326
2.96757
2.81975
2.89211
2.7465
3.08295
3.06932
2.91684
2.81603
2.99835
2.703
2.55705
2.95536
2.81918
2.88249
2.75727
2.84878
2.42984
3.1295
2.78098
3.25919
3.26911
3.02277
2.62774
3.16717
3.48474
3.45212
3.04144
2.6499
3.09211
3.63244
3.17179
2.60117
3.20507
3.19884
3.18444
2.73507
3.12746
3.08937
