1.79041
2.64676
2.34332
2.1697
2.2755
2.66101
2.4946
2.85877
1.76749
2.83488
3.07621
3.23154
2.19399
2.37937
2.56785
2.65151
2.4658
2.8415
2.73027
2.64817
3.47351
2.82313
2.72016
2.78139
3.18854
3.42564
2.60023
2.89584
2.97267
3.08049
3.234
3.47435
3.55156
3.63102
2.86867
2.13394
2.75259
2.96944
2.55163
2.97566
2.88942
2.75764
3.39004
3.38945
2.70031
2.74502
2.83273
2.6673
2.8664
2.58271
2.61188
2.63809
2.08256
3.02921
3.12261
3.02052
3.63445
2.7822
3.14341
3.23994
3.32847
3.32508
3.41299
3.4884
2.64375
3.31874
3.10432
2.98362
3.53613
3.33814
2.9687
2.75266
2.83623
3.1397
3.20786
3.13221
3.36909
3.07499
2.76255
2.97145
2.92164
2.75468
2.61222
2.82265
2.91571
2.98941
2.89946
3.37761
3.09358
3.22674
3.14077
3.35706
2.91762
3.49502
2.50947
2.93762
2.8227
3.2551
3.24303
2.90377
3.42422
2.96348
2.34062
2.87187
3.0207
4.10929
3.0938
3.04751
3.91795
3.15394
3.56433
4.33988
3.55629
2.90298
3.08831
2.72017
2.88531
3.27804
2.0746
2.62413
2.86065
3.45309
3.61857
2.94424
3.28408
2.83871
2.67091
3.29963
3.10058
3.29935
3.46621
3.51647
3.25474
3.44552
2.97017
2.82966
3.03364
2.74396
3.13088
2.71539
2.68524
3.02018
3.21571
2.86525
2.67486
2.87771
3.1982
3.14299
3.2284
2.79819
3.09698
2.61688
3.14888
3.22581
2.58541
3.26914
2.63534
2.85181
2.81723
3.03628
2.81826
2.90461
3.37281
4.08863
2.87547
3.64126
3.35606
3.21792
3.08341
2.67492
2.67748
3.61981
2.56239
2.74464
3.21022
3.01456
3.47267
2.74101
3.12602
3.31033
1.8981
2.37133
2.28506
2.13185
2.46935
2.65862
2.88304
2.87995
1.63917
2.90244
2.88582
3.12302
2.28475
2.61545
2.75749
2.6016
2.51089
3.07735
2.56662
2.56671
2.66369
2.85612
2.55854
3.05701
2.8286
3.01832
3.02102
2.9965
3.37315
3.14819
2.99314
3.19348
3.25124
3.67676
2.86011
2.42659
2.72091
2.9828
2.34645
3.11242
2.99511
2.46184
3.44514
3.07257
2.77311
2.87941
2.89484
2.58219
2.83046
2.63382
2.58083
2.46405
2.17914
2.81555
3.04611
3.09594
3.44586
2.33784
3.08685
3.2352
3.33262
3.5605
3.76272
2.94227
2.99062
3.27064
3.05498
3.13319
3.32149
3.59671
3.01705
2.77318
2.71595
2.86459
2.95672
3.49244
3.02343
2.89994
2.86672
2.80366
2.73356
2.65506
2.74536
2.88893
2.53593
2.83412
2.90296
3.00911
2.76091
2.88614
3.5042
3.28761
2.78612
3.42262
2.45898
2.95712
2.84041
2.91257
3.04498
2.97289
3.18468
2.99278
2.32891
2.92278
2.84578
3.99522
3.19165
3.07061
3.43272
3.23285
3.37637
4.01599
2.88108
2.9364
2.98407
2.8345
2.65891
2.96619
2.19169
2.66079
2.64562
3.0465
3.66834
2.61854
3.03644
2.707
3.21364
3.08335
2.9254
3.08375
3.44636
3.41626
3.1489
3.38421
3.36989
3.03623
3.22531
2.87014
2.79278
3.04373
2.9171
2.61714
3.52701
2.82197
2.7459
2.87934
2.76555
3.0096
3.09833
2.87043
3.24498
2.6095
2.60824
2.87698
2.75241
2.77699
2.91903
2.8985
2.44897
3.01689
2.84923
3.26802
3.21633
4.01907
2.92087
3.18557
3.49273
3.31376
3.4716
2.80763
2.73033
3.63061
3.06129
2.72976
3.13637
3.02639
3.2846
2.58504
3.39388
3.22947
