1.72523
2.84243
2.51941
2.22689
2.56017
2.63778
3.17679
2.88478
1.9701
3.16097
2.9196
3.62181
2.63343
2.31646
3.04702
2.72233
2.59046
3.50456
2.6977
3.01208
2.84344
3.24944
2.72007
3.19099
3.23619
3.45792
2.96213
3.01166
3.17158
3.42342
3.54535
3.8061
3.50524
3.79113
3.35127
3.03537
2.91388
3.22632
2.42342
3.27782
3.13223
2.95785
3.27308
3.4349
3.26121
2.93952
2.80428
2.69951
2.72273
2.62669
3.00687
2.82586
2.141
3.04623
3.22019
3.18245
3.34302
2.3693
3.81251
3.11204
3.51383
3.50876
3.75889
3.30814
2.88308
3.25952
3.18473
3.16142
3.58895
3.61847
3.18087
3.66976
3.19468
3.43754
3.14998
3.38024
3.36823
3.15332
3.28375
2.99063
3.01306
3.35831
3.02162
3.20113
3.03279
2.94232
3.19198
3.23922
2.93187
3.15184
3.67216
3.255
2.69695
3.15401
2.99745
2.97809
3.20229
3.39695
3.04006
3.61779
3.54635
3.28811
3.03057
3.00083
3.20874
4.23939
2.84005
3.71505
4.15153
2.58666
3.2461
4.38915
3.24973
3.20361
3.12616
2.93223
2.92407
2.87904
2.07465
2.99205
2.95484
3.29122
3.91177
2.92505
3.71309
2.77874
2.79111
3.10922
3.37064
3.63478
3.84004
3.65343
3.46865
3.3079
3.37152
2.89296
3.00421
3.27115
3.16157
3.04696
3.05253
3.17786
3.31823
3.04148
2.91905
2.81919
3.24652
3.555
3.12563
3.21601
3.69407
2.99298
3.03901
3.00244
2.44102
3.10293
3.12164
2.92026
2.91639
3.28692
2.8652
3.39345
3.01576
3.86946
3.37604
2.8239
3.8404
3.37243
3.30638
3.1685
3.09123
3.63454
2.69747
2.52822
3.64046
3.28862
3.58181
2.80408
3.20919
3.58303
1.89483
2.85572
2.43845
2.35039
2.46827
2.66948
3.01076
3.00376
2.05461
2.97437
2.8821
3.32315
2.58334
2.44213
3.1206
2.65552
2.61302
2.99978
2.66957
2.72576
2.97324
3.09633
3.23754
2.90625
3.07819
3.40674
2.79906
3.03403
2.99821
3.26899
3.58722
3.8564
3.73768
4.05895
3.16762
2.46756
2.91573
3.17434
2.18168
2.99008
3.13408
2.79847
3.22942
3.54354
3.31521
2.55464
2.92276
2.43239
2.4917
2.61579
2.85939
2.5631
2.12635
3.16497
3.14645
3.19968
3.6257
2.30493
3.48632
3.07108
4.04361
3.37301
3.95011
2.99604
3.33804
3.27598
3.1639
3.03608
3.52245
3.58444
3.27803
3.28043
3.01114
3.12421
3.07069
3.20469
3.36932
3.08487
2.99105
3.30689
3.0132
2.95779
3.16337
3.09209
3.52166
3.0513
3.12745
3.28048
3.17453
3.41637
3.56922
3.29208
2.74713
3.31973
2.44512
3.162
2.96951
3.75081
3.16479
3.26577
3.3495
3.48742
2.71228
3.08734
3.56577
4.03351
3.24512
3.28207
3.29493
3.34468
3.75661
4.3805
3.68948
3.09207
3.28063
3.18997
2.91962
2.87897
2.16221
2.90339
3.46195
3.35652
3.59833
2.94731
3.44805
2.7091
2.96208
3.37012
2.83149
3.38552
3.79534
3.52602
3.33818
3.31747
3.4679
3.01757
3.22219
3.16554
2.76224
2.92738
3.19924
2.96889
3.50507
2.80242
2.67714
2.72719
3.02444
3.20808
3.2594
2.97246
3.28627
2.94266
3.1107
2.89693
2.65715
2.86504
2.78712
3.005
2.83732
2.95844
2.94401
3.52834
3.20376
3.5504
2.82585
2.50361
4.03845
3.50814
3.16708
3.08939
3.18191
2.98653
3.11479
2.91235
3.27513
3.47628
3.44038
3.13108
3.32067
4.04059
