1.93343
2.8566
2.29934
2.27969
2.36722
2.58397
3.10033
2.75218
1.7284
2.7854
2.9549
3.32726
2.308
2.65601
3.06447
2.50009
2.46178
3.17158
2.54915
2.80308
2.85933
2.5749
2.88068
2.89769
3.21217
3.80894
3.37428
3.09983
2.79282
3.3581
3.70136
3.67612
3.6225
3.86783
3.45585
2.74959
2.47949
3.12338
2.62081
3.14394
2.8445
3.04424
3.87631
3.12471
2.82353
3.09653
2.58502
2.532
2.58529
2.70885
2.51067
2.52563
1.93195
3.03529
2.97595
2.58181
3.35279
2.22007
2.80183
3.05574
3.43213
3.65907
3.87472
3.23335
3.15934
3.05472
3.20271
2.93017
3.57795
3.55989
3.17694
3.55576
3.05909
3.13062
3.25109
2.93315
3.27182
2.93937
2.94476
3.10421
2.91959
2.95869
2.86131
3.19452
3.51041
3.18752
3.52263
3.58981
2.72763
3.05741
3.52559
3.31643
2.78647
3.92378
2.74026
2.95183
3.28017
3.11403
3.33227
3.18655
3.32614
3.2054
2.71037
2.66443
2.6934
3.78846
3.22038
3.51042
3.7692
3.42495
3.52684
4.50857
3.40858
3.07319
3.24815
2.5258
2.70679
3.30054
2.26746
3.42021
2.39951
4.11144
3.8312
2.85143
3.37769
3.7705
2.98772
3.17786
3.18182
3.67663
3.72127
3.73295
3.33398
3.38221
3.12169
3.56717
3.27565
3.05546
3.28031
2.67826
2.8456
2.48468
3.18748
2.91616
3.06472
2.85107
3.24335
2.92648
3.25305
3.03504
3.25152
2.2882
3.1016
2.88294
2.90213
2.83087
2.75505
2.85414
2.4792
2.78518
3.03328
3.2813
3.53462
3.62306
3.21962
3.28282
3.14867
3.32594
3.01187
2.86779
3.14388
3.8351
2.7507
2.9393
3.46951
2.9592
3.5874
2.62679
3.41605
3.6792
1.88592
2.27556
2.41417
2.30293
2.47264
2.5991
2.58468
2.82614
1.92995
2.93558
3.51543
3.34568
2.37531
2.80938
2.97
2.64112
2.65352
3.06913
2.68827
2.60816
2.88827
2.5235
3.08318
3.10053
3.05618
3.58027
2.82574
3.12409
2.82444
3.21113
3.33109
3.79974
3.35333
3.79901
3.22552
2.60925
2.52759
3.12486
2.53392
3.18054
3.1761
2.64155
3.13511
2.99019
2.79184
2.59886
2.83284
2.80199
2.69899
2.52006
2.73937
2.47004
2.00674
3.2093
2.86044
3.57249
3.65503
2.12829
3.42224
3.07265
3.62216
3.57494
3.90336
3.21186
3.16796
2.79543
3.6322
3.17011
3.53268
3.68147
3.4207
3.43433
3.13924
3.14877
2.96229
3.09472
3.31728
2.84238
2.98646
2.93475
2.94238
3.03158
3.20779
3.17767
3.17597
2.89372
3.41021
3.53291
2.88476
3.18852
3.33808
3.36156
2.8247
3.89191
2.54999
2.97381
3.57447
3.14671
3.27131
3.32794
2.99124
2.88874
2.82622
2.86996
2.81197
4.27406
3.40307
3.1736
3.51195
3.48183
3.85016
4.71542
3.28691
3.02732
3.29954
2.99858
2.75498
3.21394
2.44287
3.00049
2.86929
4.12052
4.18961
2.54656
3.31358
3.51448
3.41351
2.99274
2.94112
3.46227
3.7527
3.67655
3.21055
3.42672
3.29928
3.283
3.29728
2.78933
3.09123
2.91284
3.03295
2.8286
3.28104
2.70386
2.88415
3.01098
2.93135
2.82484
3.05553
2.90878
3.18951
2.4414
3.22869
2.85621
3.19622
2.85993
2.79726
2.56058
2.48469
2.43113
2.92094
3.45009
3.03632
3.6791
2.91029
3.35559
3.18155
3.09802
2.97913
2.82824
2.86543
3.40159
3.13408
3.05308
3.19372
3.34183
3.5442
2.77967
3.53633
3.68269
