1.87445
3.03814
2.06232
2.2162
2.33387
2.71754
2.92291
2.70093
1.57192
2.76613
2.23967
2.98414
2.26623
2.33655
2.91507
2.54353
2.36901
3.32691
2.75728
2.66544
2.98488
3.02269
2.80591
2.5546
2.92765
3.24518
3.33352
2.99678
2.62422
3.21442
3.45062
3.82986
3.59163
3.93101
2.83702
2.31498
2.30993
2.92629
2.13818
3.00526
3.48533
2.43362
3.06365
3.17543
2.69507
2.27008
2.23515
2.43911
2.31608
2.52649
2.28738
2.19082
1.934
2.87673
2.62811
2.85339
3.71075
3.07144
4.16991
3.44799
3.24427
3.4314
3.50408
3.22434
2.54524
3.01631
2.96121
3.08664
3.11489
3.31221
2.94956
3.18386
2.79486
3.04185
3.26234
3.12087
2.9825
2.90811
3.11693
3.00924
2.59932
2.6756
2.76994
2.85597
2.68889
2.86423
2.8461
3.09599
2.94798
2.67225
3.65742
3.85698
2.59157
3.69831
2.93926
2.80183
2.96152
3.1447
3.08371
3.81122
3.76132
3.56922
2.42514
2.86634
2.78162
4.11375
3.22135
3.44973
4.1208
3.06451
3.09583
4.25759
3.20524
3.01138
3.30668
2.79864
2.50121
3.35007
2.37245
2.96126
2.36853
3.56771
3.92883
2.59143
3.16516
3.5064
2.80258
3.04779
3.17086
3.53606
3.67086
3.77601
3.26846
3.56718
3.13242
2.91859
3.20413
2.79921
3.19455
2.78979
2.86064
2.61043
3.54673
2.67883
2.65407
2.83135
3.10601
2.63366
2.75129
2.85167
3.06784
2.51999
3.21709
2.81377
2.58065
3.26227
2.79911
3.14772
2.60289
2.47701
2.86705
3.31819
3.77381
4.14281
2.93918
3.60057
3.71186
3.71578
2.9546
3.05592
2.83883
3.7819
2.82333
2.69714
3.06516
2.91425
3.54317
2.75755
3.42034
3.73324
2.01412
2.49702
2.09826
2.29417
2.53299
2.47571
3.21079
2.79332
1.68202
2.64595
2.6805
2.85486
2.44664
3.02182
2.68379
2.80815
2.63966
3.31011
2.64134
2.45338
2.75393
2.87919
2.4913
2.46813
2.82255
3.16215
2.64688
2.60953
2.47456
3.24358
3.52856
3.59656
3.57822
4.03227
3.1199
2.33344
2.28893
3.05722
2.0595
2.88986
3.04433
2.31346
2.92822
3.21523
2.38303
2.48994
2.58638
2.04136
2.3699
2.78553
2.34448
2.27628
1.87273
2.82651
3.03271
2.8778
3.79148
3.02536
3.73132
3.4849
3.60535
3.55377
3.52364
3.20805
3.54917
3.04868
3.11717
2.85691
3.43544
3.58354
2.96381
3.14715
2.8522
2.89366
3.25598
2.97569
3.42561
2.88572
2.90874
2.86577
2.84702
2.81783
2.76238
2.65225
3.17785
2.86874
2.81987
3.62034
2.84928
3.09003
3.5468
3.88171
2.93634
3.51047
2.50277
2.96471
3.13435
3.26247
2.53237
3.19503
2.8607
3.0605
2.76528
2.81091
3.51577
3.7648
3.25971
3.29913
3.73618
3.352
3.51401
4.32844
3.07999
2.89106
3.25801
2.83897
2.653
3.48291
2.33484
2.98853
3.16582
3.49234
3.43771
2.44463
3.15421
3.66402
3.0795
3.24196
2.68396
2.95265
3.56497
3.25582
3.39151
3.3088
2.84997
3.17603
2.84441
2.82631
2.72769
2.91239
2.60812
2.63153
3.57588
2.5647
2.85763
2.80344
2.86895
2.67588
2.86252
2.8619
2.93511
2.3926
3.34549
2.96317
2.62476
3.06117
2.44917
3.07815
3.04528
2.70419
2.85274
3.25714
3.46406
3.95223
3.07316
3.64158
3.67604
3.06689
3.30454
2.86812
2.88842
3.88323
2.74206
2.52865
2.84347
3.07673
3.35079
3.22364
3.30452
3.12985
