2.03673
2.83202
2.55811
2.2849
2.32986
2.6324
3.46049
2.57423
2.65495
2.25445
2.46826
2.15808
2.61451
2.84416
3.00879
2.66193
2.61889
3.02228
2.61367
2.73437
2.72177
2.87351
2.46677
3.08035
3.05962
3.07445
3.14179
2.79872
2.84479
3.37237
3.33614
3.44413
3.65965
3.93075
3.11367
3.01528
2.62781
2.89146
2.75929
3.15706
3.06405
2.47643
2.8776
3.25394
2.4024
2.40595
2.44951
2.38512
2.53756
2.63743
2.83322
2.78329
2.58482
2.04558
2.49475
2.08572
4.03532
2.61544
3.6654
2.98357
3.07027
3.23751
3.26044
2.80407
3.09167
2.74289
3.06717
3.17292
3.19242
3.24262
2.80753
2.91509
3.02925
3.22149
3.35021
3.38403
3.10906
3.05187
3.0641
3.14434
2.91297
2.86957
2.88452
2.90278
2.80193
2.93061
2.8302
3.20711
3.00286
3.25542
3.2818
3.46822
2.80695
3.27246
3.22186
2.93662
2.94386
2.95456
2.97277
2.93631
3.0966
2.84295
2.69668
2.69624
2.94849
3.32275
2.95597
3.31512
3.62256
2.81873
3.33285
4.07771
3.28097
3.33162
3.34611
3.23099
2.5739
3.58114
2.44017
3.24682
3.15591
3.41527
3.74706
2.88399
3.26117
3.70999
3.03483
3.2929
3.0894
3.48522
3.66813
3.64715
3.47544
2.96804
3.45106
2.79725
3.33508
2.94652
3.41194
3.07828
2.60541
2.87951
2.78224
2.87548
2.87777
2.94074
3.0893
3.10178
3.14072
3.00997
3.10666
2.54406
3.17932
3.37904
2.62068
2.73847
2.91463
2.64767
3.17888
2.5199
3.04934
3.00731
3.83013
3.86223
3.23477
3.3177
3.34968
2.93996
2.89949
2.84558
2.81665
3.6213
2.7856
3.09275
3.29674
3.17837
3.38692
2.85376
3.33945
3.49259
2.06272
3.10046
2.4745
2.37835
2.415
2.70608
2.99811
2.87746
1.94837
2.84938
2.65059
2.92697
2.55331
2.73578
2.81401
2.66389
2.71035
3.37794
2.82209
2.6791
2.96481
2.78888
2.78546
3.29258
2.63946
3.21381
3.21283
3.13875
2.791
2.88173
3.45493
3.62803
3.09819
3.84199
2.76885
2.51277
2.81171
2.95179
2.67633
3.14491
3.22511
2.54954
3.2915
3.03852
2.93504
2.74181
3.13577
2.50295
2.55995
2.58629
2.76545
2.63894
2.05148
2.79711
2.93987
3.18885
3.17923
2.87095
3.22998
3.25032
3.04161
3.23022
3.46938
2.94477
3.0966
3.02
3.0407
2.87359
3.52505
3.20449
2.71026
2.90447
3.19606
3.11749
3.05539
2.93115
3.4036
2.89709
2.79646
2.74341
3.00926
2.87265
2.9785
2.9604
2.66756
2.76375
2.75765
3.23303
2.79244
2.72735
3.61867
3.27921
2.61745
2.87646
2.65935
3.01398
3.07068
2.91638
3.0694
3.01987
2.74564
2.91623
2.83304
3.00071
2.76135
4.08868
3.568
3.41361
3.9168
3.89104
3.54344
4.72205
3.89965
3.09035
3.29135
3.05203
2.73406
3.41389
2.73794
2.92549
2.96987
3.30958
3.6679
3.13312
3.61485
3.62447
2.99352
2.79581
3.15458
3.03336
3.65074
3.4464
3.36179
3.02448
3.31582
2.60691
3.37522
2.95524
3.07918
2.79736
2.82701
2.63595
3.03716
2.60981
2.63328
2.65387
3.1634
2.99848
2.79183
2.97528
3.03986
2.33429
3.57754
2.68836
2.71523
2.61472
3.10839
3.00629
3.24168
3.4407
2.96415
3.38928
3.48093
3.71407
2.49324
3.28296
3.43728
3.46048
2.98182
2.82104
3.05565
3.30147
3.14041
3.05195
3.41163
2.81829
3.13964
3.11731
3.41001
3.55341
