1.93641
2.80464
2.86684
2.42962
2.59818
2.86732
3.07944
2.92051
1.76047
3.06976
2.69709
3.19219
2.61105
2.17863
2.76347
2.77122
2.79578
3.69662
2.67023
2.97431
3.48975
2.76573
2.91129
2.74847
3.16509
3.47819
2.91559
3.00093
3.02093
3.28631
3.20426
3.7189
3.29728
3.79002
3.03567
2.65982
2.74571
3.23294
2.33729
3.04135
3.00916
2.62032
3.15056
3.17643
2.7666
2.90611
2.77102
2.6432
2.8183
2.64375
2.54008
2.53525
2.09474
3.17707
3.08201
3.37502
3.65199
2.20755
3.25383
3.24072
3.02885
3.49344
3.82999
3.0013
3.0946
3.307
3.31095
3.14406
3.49033
3.76837
3.44223
3.22579
3.12548
3.04
3.38906
3.00039
3.22541
3.11934
2.93695
2.91766
2.63116
3.14069
3.11884
3.10392
3.48756
2.96193
3.41302
3.50472
3.05156
3.26833
3.59733
3.36314
2.78207
3.10321
2.55367
3.03525
3.18571
3.53759
2.90003
3.07625
3.11606
3.30333
2.72388
2.88456
3.18317
3.91493
3.21851
3.31416
3.69883
2.94654
3.61609
4.29254
3.18134
2.95274
3.01152
2.77229
2.66095
3.12729
2.1966
3.04202
2.89447
3.48442
3.91086
2.90751
3.37686
2.94384
2.74055
3.21288
3.30446
3.64479
3.71123
3.67191
3.47072
3.40407
3.66982
3.3721
3.16487
3.06676
3.02897
3.10987
3.08409
2.92257
3.27822
2.89902
2.7287
2.84233
3.19023
3.27168
3.06212
3.09755
3.23937
2.4869
3.21865
2.91245
2.63612
3.10163
2.89886
3.06365
3.1874
3.05203
2.57093
3.06648
3.06423
4.06213
2.93559
2.83478
3.82391
3.2382
2.99908
3.04853
3.2375
3.62446
2.86494
2.98303
3.30843
3.50529
3.61458
3.07232
3.48635
3.49053
1.97194
2.82744
2.59411
2.19405
2.50205
2.61059
2.90243
2.92737
1.84721
3.01137
3.00816
3.19957
2.44464
2.34354
2.71871
2.9936
2.84993
3.41928
2.92767
2.52798
2.71129
2.83704
2.45164
2.67866
3.04818
3.52956
2.93991
3.45409
2.784
2.93061
3.48619
3.28124
3.51043
4.08346
3.02703
2.79578
2.80906
2.89677
2.68671
3.04534
3.11415
2.66666
3.21032
3.49028
3.06555
3.23774
2.91525
2.45179
2.68915
2.92936
2.72007
2.9214
2.14837
3.06987
3.08837
3.46529
3.80466
2.7359
3.09201
3.22358
3.34772
3.28027
3.52968
3.06464
2.81168
2.75919
3.2972
3.31684
3.54162
3.963
3.23886
3.23236
3.07209
3.11277
2.92452
3.11004
3.15835
3.32517
2.94992
2.9397
3.05603
3.10398
2.99694
3.21492
3.07458
3.03639
3.12495
3.41868
2.91797
2.81319
3.52045
3.37751
2.62133
3.29621
2.68644
3.19463
3.25255
3.14162
3.16958
2.82569
3.02645
3.24166
2.87594
2.89839
2.73891
4.06644
3.07076
3.25541
4.02191
3.83866
3.4512
4.4515
3.55655
3.19366
3.22511
2.76422
3.00035
2.81791
2.12967
3.22236
2.77409
3.43078
3.56119
2.78521
3.30849
3.27803
2.83164
3.26928
2.99496
3.16742
3.44962
3.34049
3.1404
3.21246
3.37877
3.46241
3.09505
3.02939
3.04716
2.97565
2.8403
2.76591
3.19296
2.79021
2.73167
2.6862
2.82574
2.99039
3.19087
3.25807
2.92072
2.72534
3.2556
2.77403
2.66355
3.19522
3.03522
2.71987
2.81838
2.83147
2.80656
3.82514
3.11516
3.35162
2.39399
3.19717
3.22067
3.48505
3.09409
2.98604
2.93392
3.80982
2.64603
2.58291
3.24451
3.21574
3.30407
3.41819
3.21838
3.39625
