1.89283
2.89277
2.40571
2.32103
2.41539
2.62353
2.78008
2.86732
1.73292
3.0844
2.76476
3.26801
2.34186
2.92719
2.66397
2.60541
2.54877
2.87806
2.55419
2.85231
2.86599
2.95716
2.73337
2.98223
3.40868
3.81058
2.762
3.00007
2.68916
3.17337
3.6928
3.81567
3.46154
3.43727
3.35856
2.26433
2.44193
3.01476
2.46859
2.86563
3.12096
2.41388
3.48437
3.4001
2.48965
2.68675
2.54078
2.4777
2.43683
2.45332
2.58586
2.60384
2.03126
3.03327
3.27958
3.05734
3.19332
2.28057
3.64573
3.43051
3.16008
3.34782
3.44199
3.07159
3.27641
2.77283
3.0895
3.22415
3.50938
3.48842
3.20411
3.22734
3.00273
3.05091
3.24574
3.52303
3.3898
2.91689
2.95482
3.09035
2.70568
2.95564
2.88605
3.10385
3.12577
2.95447
3.21824
3.52381
2.84428
3.55849
3.57461
3.08938
2.86232
3.34201
2.53235
2.95359
3.22375
3.42883
3.47972
3.15484
3.84999
3.04839
3.0342
2.63411
3.02324
3.48966
3.56953
3.30706
3.99151
2.88779
3.56657
4.1859
4.03496
3.41918
3.59455
2.89581
2.63795
3.26904
2.09848
3.22866
2.76265
3.62943
3.62091
2.89462
3.06104
3.75805
2.98188
3.34249
3.10684
3.35903
3.79848
3.71083
3.09196
3.39413
3.05498
2.98299
3.15947
3.1399
2.9057
2.72413
2.7659
2.46454
3.04917
2.88129
2.8014
2.85792
2.97243
3.1527
2.86509
3.10621
3.14192
2.71094
3.08926
3.02019
2.91004
2.90315
2.77363
2.67215
2.54368
2.83253
2.84065
2.87444
3.56444
4.14262
3.1647
3.32505
3.75709
3.31184
3.00373
2.79552
3.21919
3.7501
3.21555
2.79503
3.32033
3.57696
3.45893
2.84582
3.24418
3.89386
1.76829
2.70609
2.65199
2.2249
2.43721
2.5814
2.72637
2.9483
1.82984
3.35539
2.64721
3.54299
2.05514
3.28164
2.62796
2.33688
2.57227
3.3488
2.68005
2.68715
2.69077
3.19244
2.7367
2.31663
3.08567
3.41408
2.91098
3.19151
2.81402
2.74959
3.34056
3.78631
3.344
3.75827
2.91363
2.48213
2.61527
3.05524
2.35197
3.00019
3.02048
2.60822
3.32157
3.05325
2.70715
2.6457
2.60648
2.47849
2.46309
2.77921
2.57609
2.46677
2.17131
3.08139
2.9914
3.29911
3.12817
2.95953
2.99672
3.08169
3.25911
3.33085
3.63083
3.34791
2.87406
2.74858
3.09379
3.03352
3.2126
3.46621
3.06227
2.92098
2.96254
3.1013
3.10314
2.98627
3.14474
2.93822
3.07438
2.82432
2.68436
2.99514
2.75766
3.10119
2.88373
2.94088
2.86762
3.32854
2.92387
2.92189
3.53084
3.30541
2.6246
3.61864
2.76528
3.04168
2.98907
3.24868
3.29318
3.18344
3.24573
3.31623
3.01848
2.70091
2.89481
3.77146
3.19166
3.43053
3.53263
3.49598
3.51458
3.83812
3.61061
3.12125
3.39542
2.78541
2.75235
3.23274
2.55567
2.60166
2.55497
3.43426
3.71445
2.51963
3.22179
3.64297
3.14726
3.04778
2.95388
2.95477
3.69285
3.43183
3.05326
3.27447
3.21472
3.08041
3.15623
2.91041
3.23269
2.6717
2.72672
2.72668
2.90396
2.81441
2.90403
2.97533
3.03893
3.1404
3.1529
2.87
2.86529
2.32556
2.9924
3.13428
3.09255
2.908
3.00436
2.91653
2.84051
2.6619
2.76519
3.46069
3.2603
3.34775
4.21157
3.15488
3.92501
3.53874
3.35153
2.82386
2.80022
4.05608
2.82395
2.40912
2.94152
2.97023
3.39673
2.80199
3.21555
3.56345
