1.69325
2.80102
2.37347
1.86852
2.30782
2.38922
2.59886
2.87196
1.71882
3.24316
2.78091
2.62104
2.29229
2.98497
2.89253
2.4535
2.58481
2.98868
2.69036
2.45447
2.98909
2.75528
2.96475
3.00301
3.12517
3.51422
2.44458
3.09842
2.7712
2.67287
3.32611
3.74701
3.34451
3.0622
2.71661
2.53307
2.71259
3.04032
2.65387
2.87402
3.03785
2.67773
2.74826
3.26049
2.59885
2.49239
2.69041
2.58823
2.6344
2.44293
2.62935
2.45403
2.0435
2.93493
2.87035
3.15382
3.17537
2.13773
3.28375
3.01893
3.16074
2.88903
3.01541
2.94399
2.90137
2.89457
3.09543
2.94261
3.17658
3.38107
3.04933
2.87249
2.89905
2.72486
3.13818
3.15431
3.03419
3.01543
3.18208
3.04038
2.86956
2.77735
2.82724
2.87026
2.78047
2.88372
2.87044
3.19976
2.75053
3.19669
3.17132
2.99407
2.63742
3.20598
2.20367
2.92714
2.95734
3.14755
3.35471
3.39192
3.13042
2.96359
3.0461
2.79175
2.88555
3.90619
2.96245
3.01929
3.80951
2.7848
3.25982
3.83051
3.19326
2.98922
2.89883
2.70126
2.66389
3.02142
2.47989
3.39197
3.2316
3.19241
3.36961
3.35534
3.39956
4.06595
2.92562
2.93866
3.06136
3.64178
3.17635
3.76619
3.37062
3.14395
2.92096
2.92523
3.13662
3.12882
3.20399
3.27614
2.80825
2.81752
2.95282
2.63355
2.8159
2.868
3.14528
3.1411
2.97564
3.20629
3.11035
2.46692
2.81233
2.77428
2.5223
2.60478
2.46873
2.47888
2.75939
2.50459
2.63763
2.8776
3.6304
3.46866
3.3426
2.72161
3.68681
3.05079
2.91053
2.84435
3.14527
3.4786
2.67839
2.71964
3.36841
3.22593
2.99287
2.52135
3.38871
3.08882
1.70072
2.4443
2.51854
2.04319
2.28484
2.34542
3.21293
2.81637
1.84587
2.79648
2.90655
3.60526
2.24447
2.83466
2.54835
2.35978
2.37674
3.12017
2.46465
2.18277
2.92691
2.57793
2.75947
3.06695
3.63318
3.31683
3.0055
3.68819
2.58593
2.9673
3.30551
3.49379
3.40863
3.70145
2.89071
2.70801
2.73601
2.93972
2.75088
2.81408
3.15956
2.62683
3.05557
3.25154
2.89628
2.79217
2.67897
2.60694
3.06861
2.51546
2.67398
2.63235
2.23697
3.16809
3.1023
3.28412
3.32307
1.77002
3.2433
3.08345
3.49575
3.00559
3.13755
2.78795
3.26939
2.57283
3.38518
3.20208
3.26794
3.5725
3.15343
3.22043
2.86986
3.00318
2.95047
2.81344
3.18307
2.91227
2.68122
2.71023
2.63814
2.79555
2.73861
2.83173
2.60496
3.06861
2.93179
3.32141
2.65631
3.0853
3.30189
3.0671
2.76198
3.34862
2.66548
2.93549
3.2291
3.29567
3.36591
3.31165
3.15333
2.91337
2.76712
2.66335
2.89384
4.02521
2.9955
3.27976
3.52702
3.60046
3.38986
3.9267
3.16269
2.98513
2.88884
2.79966
2.60316
3.2623
2.19822
3.2773
2.84792
3.16183
3.78947
2.75435
3.12157
3.82346
3.36741
2.87373
2.95799
3.0513
3.24592
3.7729
3.23493
2.97752
2.96326
3.06888
3.19277
2.87149
2.85715
2.9301
2.83515
2.7053
2.98124
2.66445
2.97988
2.72445
3.03212
3.25915
3.13115
2.99456
3.1122
2.52585
2.49839
2.661
3.25967
2.87207
2.68309
2.81116
2.53228
2.69622
2.66167
3.08942
3.47628
3.59526
3.0389
3.22395
3.38314
2.88679
2.83693
2.70146
2.98992
3.5465
3.23338
2.79605
3.48363
3.30698
3.39574
2.92532
3.24706
3.79864
