1.88864
2.88481
2.40165
2.19906
2.41778
2.52073
3.09539
2.85
1.73402
3.02463
3.25931
3.33445
1.84223
3.41583
2.70853
2.19655
2.4029
3.43824
2.4935
2.75874
3.31516
2.58978
2.94395
2.83959
3.31885
3.72594
2.86463
2.79038
2.81694
2.93396
3.19564
3.63805
3.51224
3.47007
3.25763
2.17943
2.70713
2.93697
2.30499
3.05766
3.09139
2.36158
3.42551
2.89718
2.54407
2.47518
2.66178
2.25642
2.17684
2.37698
2.25378
2.51437
2.10281
3.14799
3.14099
3.25445
3.63109
3.19247
2.72227
3.18016
3.43669
3.72511
3.63672
3.86953
3.21669
3.05071
3.37841
3.14418
3.76484
3.84444
3.745
3.5666
3.32873
3.20439
3.51629
3.59444
3.20365
3.12902
2.89496
3.04396
2.9049
2.98506
3.11504
3.07995
3.03995
3.10104
3.15696
3.39376
2.85485
3.66962
3.57555
3.48391
2.90181
3.68845
2.73473
3.06861
3.10544
3.2886
3.08912
3.16054
3.52963
3.28018
2.68971
2.69835
2.68368
3.84894
3.16872
3.4198
3.90422
3.13609
3.40081
4.24121
3.38672
3.04061
3.26217
3.02861
2.64575
3.2727
2.65388
3.0054
2.58428
3.8474
3.4109
3.02296
3.10196
3.00606
2.77099
2.97063
2.96796
3.26745
3.63719
3.72775
3.15564
3.34194
2.96787
2.68253
3.26612
2.89747
2.87802
2.69118
2.7967
2.64687
3.07475
2.80548
2.97551
2.77003
3.28313
2.89585
3.10645
3.03705
3.01504
2.25895
2.32798
2.48206
2.40895
3.39103
3.23159
2.22969
2.8006
2.60748
2.95749
2.94538
3.16667
3.39201
4.32003
3.59986
3.96107
3.22294
3.26516
3.02592
2.80427
3.54042
2.94907
2.56048
3.55922
2.80157
3.18121
2.74613
3.17389
2.82752
1.76006
2.56858
1.95445
2.0551
2.17664
2.28429
2.97645
2.90107
1.66566
3.05862
2.76442
3.23086
2.08731
3.17662
2.87972
2.51588
2.4821
3.1449
2.45068
2.66753
3.10866
2.48921
2.40813
2.77167
3.50823
3.77062
2.81502
3.4654
3.00127
2.81131
3.37182
3.78298
3.46985
4.1115
3.17602
2.21094
2.72683
2.99381
2.28781
3.19045
3.42294
2.45453
3.55829
3.30834
2.68714
2.46154
2.67723
2.3003
2.49813
2.55308
2.36725
2.37346
2.20087
2.91235
3.07438
2.92134
3.34928
3.08644
3.26569
3.25425
3.61399
3.89687
3.52784
3.18911
2.72024
2.81281
3.30892
3.11542
3.64171
3.68979
3.66923
2.90521
2.89516
3.13023
2.84281
3.25167
3.27225
2.74028
2.80763
3.22607
2.79024
2.74765
3.1967
2.96476
2.80508
2.9939
3.13994
3.58264
3.22895
3.28573
3.54845
3.32553
2.95136
3.19245
2.45138
2.87975
3.12656
3.0217
2.95824
3.2474
3.47611
3.0919
2.49339
2.69647
3.05747
3.9624
3.34088
3.43289
3.60661
3.41494
3.55202
4.05303
3.35853
2.76373
3.29599
2.89798
2.70047
3.68959
2.95139
2.81317
3.01763
4.09563
3.68685
2.79349
3.16107
3.49066
3.14944
2.81792
2.95048
3.13433
3.81636
3.41476
3.25291
3.30459
3.17783
3.32436
2.67397
2.97177
2.85419
3.17183
2.58324
2.50335
3.13504
2.76977
2.64085
2.92468
3.06563
3.05759
2.95671
3.09135
3.10351
2.29862
2.18467
2.80598
2.82163
2.80185
2.83279
2.77659
2.66448
2.9474
2.73384
3.48981
3.46783
4.05139
2.934
3.04747
3.57211
3.20261
3.17015
2.96335
2.77712
3.86062
2.80954
2.82151
3.23441
2.99535
2.80981
2.76457
3.40202
3.1523
