1.9542
2.69508
2.46238
2.17544
2.41706
2.4724
2.70695
2.76805
1.60658
2.97884
2.83191
2.79477
2.26163
2.52527
2.48156
2.57161
2.26896
3.00454
2.59004
3.03498
2.74359
2.54888
2.69173
3.02042
3.31582
3.23847
3.12609
2.95898
2.90434
2.90253
3.14894
3.51975
3.4403
3.55058
3.11243
2.46574
2.57166
2.84089
2.50305
3.07078
2.92217
2.39018
3.1743
3.06431
2.65754
2.67603
2.58134
2.34178
2.48162
2.34301
2.35384
2.34261
2.03319
2.97161
3.07933
3.12893
3.48476
2.10072
3.55538
3.31476
2.94862
3.08099
3.17551
3.4128
2.94497
2.75515
2.83923
2.80733
3.08182
3.24048
2.75249
2.99296
2.97093
2.90176
3.05257
3.30763
3.03598
3.06577
3.11762
3.15604
2.85603
2.7516
2.89757
3.00497
2.84266
2.97504
2.64898
3.15955
2.84189
2.93281
3.26269
3.19595
2.59014
3.7207
2.63895
2.85222
2.90251
3.25274
2.84021
3.33158
3.30237
3.32708
2.75997
2.95485
3.07672
3.64321
3.17197
3.08808
3.33671
2.98867
2.98442
4.0911
3.35049
2.89105
3.01566
2.74003
2.78778
3.42733
2.30592
3.39763
2.49101
3.40276
3.16399
3.0274
3.11606
3.55196
2.95937
2.68388
3.19945
3.2528
3.27139
3.48064
3.23735
3.09286
3.29917
2.91489
3.23001
2.85177
2.83116
3.09374
2.82633
2.63534
3.03742
2.78543
2.97695
2.74113
3.35091
3.04016
3.08291
2.72437
3.01787
2.33864
2.64293
2.62565
2.83264
3.15487
2.83941
2.72829
2.5904
2.83276
3.02885
2.97368
3.41115
3.01826
3.01377
2.85337
3.65772
3.20283
2.80517
2.86214
2.93264
3.35126
2.91712
2.72573
3.40028
3.05698
3.54622
2.40409
2.83364
3.16454
1.8476
2.77629
2.62729
2.21974
2.51683
2.62977
2.74725
2.57263
1.55851
3.15976
2.85993
2.90882
2.15962
2.34268
2.69995
2.36218
2.53213
3.19304
2.58926
2.89174
2.91005
2.92554
2.62049
3.16605
2.79585
3.22283
2.78367
2.77799
2.52149
2.87354
3.33082
3.41222
3.34012
3.4628
2.98245
2.18849
2.59952
3.13315
2.62357
3.1368
3.10917
2.43025
2.94479
2.96639
2.5951
2.71095
2.17125
2.52091
2.28613
2.66588
2.29033
2.38069
1.91189
2.76419
2.93938
3.01952
3.53261
2.56456
3.14663
3.20649
2.75265
3.05762
3.32977
2.61632
2.78979
2.80809
3.12097
2.98478
3.07106
3.32891
2.67966
2.66903
3.10059
2.92964
2.99631
2.99744
2.52965
2.93554
2.82826
3.0258
2.88487
2.95467
2.9763
2.7919
2.76747
2.63709
2.69161
3.16478
2.68925
2.894
2.92782
3.10379
2.7067
3.35465
2.50564
2.85651
3.37214
2.98755
3.07051
3.15472
3.22397
3.05021
2.90864
2.97016
3.18366
4.12999
3.03488
3.21558
3.54018
3.47303
3.30581
4.33587
4.084
2.8957
3.7214
2.79846
2.50671
2.84739
2.31921
3.16772
2.19013
3.09788
3.23919
3.15604
3.20173
3.05787
3.01493
2.80452
3.1375
3.19736
3.40203
3.43833
3.33093
3.07116
3.39745
3.14842
3.19674
2.83124
2.5956
2.84362
2.51182
2.79718
2.90454
2.67506
2.59796
2.67857
3.10716
3.01562
3.14121
2.79458
2.90894
2.62684
2.3376
3.32828
2.76152
3.2001
2.84586
3.07073
2.56017
2.88216
2.94842
3.33102
3.36244
3.46431
2.55235
3.0537
3.61861
3.46314
3.1476
2.67682
2.68867
3.4941
3.04577
2.75605
3.2332
2.66591
3.2625
2.75559
3.21387
3.15156
