2.04113
3.17695
2.52491
2.40852
2.59849
2.86957
2.71047
2.79658
1.62281
2.87983
2.89558
2.91861
2.67618
2.79934
2.71728
2.76919
2.64977
3.39625
2.88886
2.88748
2.91958
3.57721
3.63222
3.37947
3.40085
3.45801
2.77109
2.68403
2.66364
3.34136
3.21831
4.02696
3.55411
3.3936
3.11857
2.29767
2.47678
3.31119
2.17925
3.02286
3.00772
2.40288
3.09082
3.19539
2.6119
2.85685
2.15867
2.52337
2.30198
2.45811
2.45935
2.28965
2.08799
3.0801
2.86394
3.26848
3.39069
2.62957
3.76901
3.19958
3.84537
3.25809
3.53553
3.63859
3.2669
2.89407
2.87047
3.07366
3.12646
3.38911
2.90757
2.79707
2.87524
3.0863
3.03044
3.21422
3.20437
2.9838
2.63347
3.1918
2.70863
2.7242
2.888
2.8922
2.91324
2.73688
2.77845
3.16228
3.04408
3.54978
3.32527
2.92451
3.10378
3.20836
2.33802
2.91705
3.00175
3.27025
3.1267
3.1236
3.26888
3.30685
3.1071
2.97888
2.71246
3.89778
2.96145
3.05213
3.54971
2.7511
3.30568
3.82606
3.48988
2.99937
3.08955
2.94881
2.4982
3.69137
2.49483
3.50687
2.60972
3.69325
4.01954
3.24555
3.42537
3.77117
3.10309
3.16454
3.21652
3.69104
3.51328
3.41187
3.61017
3.80754
2.95177
3.32903
3.13729
3.12982
3.10771
3.23392
3.26543
2.69834
3.15881
2.77777
3.0916
2.88873
3.2222
2.91835
2.95636
3.40789
3.34192
2.2466
3.25742
2.71751
2.86625
2.99314
3.16754
2.76169
3.38309
2.54916
2.71792
2.63229
3.46008
2.56472
3.24625
2.62685
3.8575
3.41249
2.93111
2.8883
2.92697
3.38169
2.79629
3.4044
3.89181
3.54858
3.4573
2.82068
3.223
3.72929
1.74246
2.80763
2.48451
2.25725
2.79353
2.86384
3.05728
2.78815
1.71439
2.85018
2.97794
2.87037
2.6842
3.20447
2.87891
2.67774
2.41254
3.26056
2.63941
3.04991
2.98652
3.57325
2.92121
3.29464
3.20869
3.18902
2.66265
3.35346
2.61182
3.19221
3.30899
3.34982
3.44509
3.93058
2.94168
2.21984
2.19696
2.89975
2.07617
2.88497
2.81604
2.29582
3.14799
3.4291
2.10651
2.61897
2.54659
2.28935
2.75756
2.53071
2.63008
2.45935
1.93454
2.90516
3.02841
3.27575
3.18754
2.65359
3.51419
3.63281
3.66558
3.16285
3.26007
2.9624
2.98061
2.66641
3.08261
3.07044
3.28607
3.43815
3.08301
2.89604
2.82152
2.85941
3.03145
3.25937
3.18518
2.92078
2.81613
3.00688
3.07265
2.99433
3.03554
2.90103
2.87481
2.90705
2.91713
3.26065
2.56654
2.87978
3.52715
2.65722
2.9407
3.31797
3.00511
2.77639
2.95483
3.209
3.04132
3.30007
3.57759
3.0956
2.98034
3.0846
3.08658
3.47253
3.49054
3.30961
3.85954
3.33131
3.33158
3.64425
3.08724
3.23591
3.16523
3.13712
2.99605
3.63991
2.91376
2.5022
2.19452
3.82597
3.10585
3.04862
3.62356
3.49911
3.147
3.05199
3.26638
3.06015
3.47428
3.66605
3.46669
3.36963
3.06509
3.18726
3.3104
3.20153
2.98089
3.09727
3.09565
2.67889
3.30895
3.04015
2.72799
2.67578
3.1651
2.82122
3.01619
2.99154
3.17058
2.53414
3.08787
3.39892
3.1848
3.33512
2.9721
2.98212
2.79242
3.03326
2.91044
3.82341
3.29031
3.62426
2.75422
3.47867
3.45517
2.90136
2.99902
2.73714
3.04393
3.85354
3.06065
3.24607
3.30849
3.17973
3.53503
2.85453
3.13571
3.26344
