2.02187
2.95588
2.29252
2.3826
2.55471
2.75058
2.98258
2.99019
1.83485
2.90028
2.84997
2.83268
2.45555
2.30673
2.6716
2.51415
2.64896
2.9164
2.53869
2.84545
3.20016
3.09555
2.97537
3.08117
3.15344
3.95088
2.99446
3.13209
3.00983
3.224
3.66278
3.51373
3.51412
3.37652
2.92341
2.57751
2.43447
2.99683
2.55181
3.14835
3.30804
2.78431
3.79043
3.2613
2.66392
2.28433
2.663
2.7283
2.39385
2.78882
2.49505
2.57929
2.01799
3.41765
3.0502
3.36842
3.87474
1.84878
3.43943
3.43584
3.28691
3.3077
4.26558
3.06156
2.55302
2.86838
3.31329
2.96382
3.34507
3.92941
3.26239
3.15947
3.0298
2.99163
3.08613
3.32967
3.26704
3.18015
2.92211
3.05111
3.0856
2.90269
3.13041
3.07452
2.9182
3.05755
2.79709
3.31209
3.02934
2.99896
3.77868
3.25427
2.7369
3.62431
3.06398
2.9232
3.32657
3.27464
2.99064
3.3288
3.08157
3.0253
2.77843
3.20819
3.32108
3.04544
3.25499
3.58096
4.21062
2.77693
3.78056
4.2651
3.26922
3.14775
3.41369
2.82952
2.90504
2.85913
2.06425
2.91765
2.78171
3.72308
3.96208
3.12867
3.47813
3.8662
3.28851
3.16328
3.27253
3.70111
3.85448
3.5333
3.39837
3.25764
3.17339
3.41967
3.0276
3.14754
3.40589
3.0251
2.9542
2.98044
3.02443
2.84246
2.9552
2.70953
2.96824
3.17993
3.13478
3.18121
3.2097
2.69432
2.81791
3.31907
3.38446
2.92282
2.59197
2.49742
3.32457
3.0933
2.81191
2.49306
3.46333
3.83739
2.51628
3.21746
3.64085
3.36408
3.14571
2.80477
2.79152
3.96589
2.82214
3.1809
3.31157
3.1244
3.42738
3.07237
3.39305
3.41026
1.90742
2.53811
2.62577
2.2817
2.52667
2.63495
2.90835
2.87355
1.83875
2.6894
2.69766
3.13324
2.2677
2.71474
2.7018
2.3922
2.6699
3.38446
2.59714
2.97513
3.11167
2.77748
2.89015
2.91536
3.51016
3.8378
2.9682
3.63599
2.99329
3.0097
3.21743
3.48533
2.86214
3.83924
3.16198
2.33978
2.54508
2.8524
2.4629
3.17573
3.27694
2.47912
3.50847
3.64683
2.71511
3.15806
2.82601
2.57706
2.49381
2.89452
2.58933
2.41619
2.19772
3.02669
3.18494
3.4412
3.33361
2.01389
3.62458
3.40742
3.25317
3.26465
3.93634
3.04213
2.94879
2.89365
3.31171
3.0893
3.36985
3.78707
3.27385
2.77455
2.97934
2.90156
2.97799
3.12526
3.09313
3.06574
2.9937
3.00886
3.24334
2.74582
3.21565
3.36892
3.05455
3.03134
3.15974
2.80659
3.34538
3.01516
3.11812
3.24898
2.61269
3.41568
2.88158
2.98621
3.19742
3.62573
3.32081
2.93997
3.29752
2.99086
2.74644
2.73092
3.37574
3.20839
3.53824
3.40116
3.56566
2.9977
3.75526
3.8229
3.15174
2.91122
3.17575
3.11485
2.65239
3.48757
2.58186
2.69368
3.0205
3.63387
4.03267
2.9143
3.66034
3.80546
3.2848
3.24981
3.20531
3.40042
3.46642
3.44779
3.12211
3.37455
3.11513
3.35875
2.89934
3.02374
2.89992
3.09641
2.90801
2.58465
3.11203
2.76349
2.94118
2.7753
3.35315
3.3803
3.13321
3.13462
2.88092
2.35809
3.06926
3.03582
3.24258
2.59777
2.47811
3.01123
2.95661
2.90628
2.82172
3.44609
3.3589
3.57502
2.88515
3.1131
3.98431
2.95656
3.0861
3.0551
3.19948
3.15718
3.43536
3.0058
3.36669
3.0707
3.40198
3.57198
3.13245
3.42868
