1.79441
2.99035
2.1132
2.10237
2.3215
2.7483
2.87077
2.72161
1.81652
2.81815
2.88115
3.33064
2.34297
2.445
2.49263
2.55416
2.43287
2.99277
2.52892
3.34851
3.28491
2.69301
2.93437
3.39591
3.16212
3.50095
2.70368
3.0639
2.66652
3.16834
3.1463
3.84158
3.61588
4.20989
3.31264
2.39272
2.75788
3.27916
2.62018
3.39039
3.26403
2.81647
3.74185
3.27133
2.80801
2.87062
2.59716
2.7567
2.88445
2.78634
2.30696
2.57599
2.03424
2.97998
3.14932
3.31033
3.55057
2.12465
3.36578
3.1852
3.37567
3.73818
3.82156
3.40121
4.01409
2.58859
3.09752
3.08306
3.56445
3.6979
3.20232
2.83509
3.20155
3.19083
2.94319
3.25108
3.31403
3.15762
3.11447
3.17943
2.85531
2.84232
2.81022
2.92966
3.17071
3.02198
3.00665
3.41222
2.8319
3.80205
3.28818
3.07452
2.84393
3.76641
2.84592
3.08212
2.92697
3.34901
3.5762
3.33904
3.67453
3.43345
2.82553
3.07505
3.19484
4.42397
3.37139
3.7167
4.29699
2.96116
3.93241
4.44326
3.71968
3.56952
3.58032
3.25322
2.73116
3.33252
2.42463
2.74716
2.53792
3.40607
3.56798
2.855
3.3801
3.96693
3.18574
3.35458
3.24546
3.58217
3.56346
3.53231
3.81372
3.51595
3.36527
2.7904
3.38722
2.73768
3.2873
2.88832
3.01355
2.64865
3.27073
2.92703
2.83115
2.79497
3.57747
3.19225
2.89438
3.25514
3.35139
2.3699
2.49125
3.49907
2.89073
2.54893
3.03396
3.00211
3.33258
3.37489
3.26464
3.15316
3.84915
3.59159
3.37493
3.45356
3.44926
3.49222
3.15674
3.07156
2.91371
3.70497
2.99241
2.9887
3.56625
3.11307
3.49576
3.13438
3.41978
3.35235
1.63428
2.37802
2.51565
1.9788
2.29158
2.40782
3.19943
2.8523
1.8034
3.05159
2.51715
3.29412
2.50991
2.57472
2.42586
2.63302
2.61976
3.14343
2.55351
2.77413
2.53068
2.59618
2.48388
2.82216
3.29944
3.52023
2.98624
2.98686
2.84848
2.90989
3.39813
3.58048
3.29289
3.98702
3.33266
2.08517
2.30166
2.8595
2.37669
3.29346
2.98068
2.4698
3.58866
3.28313
2.51669
2.8757
2.36688
2.97754
2.83692
2.81872
2.66425
2.5038
2.08143
3.28039
2.85879
3.13817
3.64484
2.50985
3.21964
3.2033
3.18863
2.91095
3.85973
3.03945
2.76203
3.09681
3.12897
3.17761
3.40744
3.23608
3.23215
3.11994
3.14078
3.72482
3.21775
3.49077
3.40522
3.05059
3.09294
3.14291
3.00789
2.8769
3.13069
2.92504
3.11683
3.19225
3.00783
3.45594
2.94597
3.41213
3.57824
3.30881
2.60113
3.22224
2.80717
2.97212
3.01928
3.39378
3.26738
3.68818
3.30783
3.19717
2.70655
3.05802
3.1304
4.44619
3.25937
3.53886
4.0127
3.4444
3.57006
4.3468
3.64512
3.29405
3.60694
2.7156
2.94245
2.72753
2.47035
3.22053
3.11852
3.44103
4.29492
2.8481
3.2318
4.09602
3.47454
3.382
3.08517
3.39356
3.55571
3.73513
3.71576
3.04021
3.67696
3.30724
3.2062
3.1165
2.86333
2.8399
2.64239
2.73709
3.04068
3.01357
2.87675
2.71937
3.63656
3.05127
3.19438
3.00081
2.97007
2.49482
2.58947
2.74099
3.24127
2.91837
2.65701
2.63062
2.934
3.12928
2.92167
3.37896
3.55857
3.60704
2.84323
3.34838
3.25104
3.5416
3.26776
3.12706
2.94457
4.08139
3.02027
2.65646
3.25375
3.37021
3.67214
3.25386
3.26409
4.10467
