2.01395
2.42088
2.45475
2.51642
2.67536
2.74035
3.27641
2.9356
1.89713
3.15962
3.19009
3.14106
2.46012
2.3071
3.24416
2.91743
2.58822
3.17966
2.68323
2.76738
3.01041
2.68191
3.0281
2.82648
3.29907
3.68979
3.15956
3.23006
3.32723
3.15707
3.13264
3.83784
3.40785
3.79988
3.26032
2.66878
3.34961
3.3758
3.12131
3.24886
3.38909
3.11551
3.44524
3.1568
3.2917
2.79285
2.6111
2.97099
2.6134
3.0198
2.69982
2.67438
2.17644
3.04162
3.08005
3.33104
3.82134
1.99799
3.41482
3.04697
3.7217
3.75001
3.89158
3.51634
2.59251
3.15215
3.50225
3.0432
3.71975
3.81481
3.23037
3.47953
3.12814
3.02024
3.14381
3.7183
3.49292
3.10444
2.76719
3.21116
3.03356
2.95469
2.94848
3.15967
3.17657
3.00898
3.10487
3.3205
2.92088
3.19663
3.92111
3.17689
2.52927
3.35517
2.87965
3.17209
3.32206
3.54175
2.98924
3.49018
3.77104
3.43423
2.89672
3.1435
3.08577
3.56981
3.15189
3.31237
4.37096
3.49435
3.97229
4.32016
2.73976
3.22313
3.01868
2.60698
3.00334
2.90324
2.0873
2.97798
2.89676
3.44118
3.54162
2.85908
3.42017
2.60023
3.13267
3.09755
3.28123
3.61362
3.90196
3.94442
3.37689
3.1137
3.26229
3.33889
3.59385
3.24723
3.46409
3.73764
3.05498
3.14654
3.25472
3.04211
2.72602
2.95556
3.39565
3.15097
3.19303
3.07591
3.05842
2.83373
3.15582
3.10545
2.61561
3.09939
3.07251
2.91718
2.93581
2.85551
3.34686
3.60909
3.40297
3.62454
3.38053
2.9403
3.72401
3.1073
2.76726
3.0531
3.13939
3.89137
2.98686
3.24033
3.35193
3.50438
3.23066
2.76631
3.30639
3.18555
1.96037
2.78846
2.53178
2.38027
2.46764
2.78144
3.53037
2.86691
1.94698
2.83945
2.58283
3.53134
2.25483
2.62264
3.00319
2.70925
2.48001
2.9526
2.60226
2.60097
2.69463
2.80788
2.69498
2.99472
3.1407
3.6662
3.17983
2.9906
2.97023
3.33598
3.6741
3.58589
3.54561
3.87091
3.01596
2.62705
2.81612
3.00121
2.89178
3.34556
3.29198
2.99036
3.6828
3.42568
2.93962
3.11348
2.96777
2.63127
2.64802
3.08579
2.97517
2.88957
2.40497
3.18493
3.05324
3.23047
3.14176
2.72709
3.16125
3.16861
3.64754
3.5405
4.07379
3.42655
3.68872
3.3935
3.32398
3.11994
3.6444
3.49948
3.13218
3.67154
2.99304
3.20135
3.3858
3.53018
3.53661
3.14364
2.6465
2.65834
3.20978
3.09415
2.8666
3.19291
3.11111
3.0482
3.17504
3.60065
3.08019
3.3371
3.65476
3.28426
2.6712
3.4271
2.98163
2.92729
3.09037
3.13691
3.12316
3.57317
3.74472
3.54095
2.82536
3.07433
3.42148
4.49863
3.58772
3.44393
4.223
3.55112
3.79294
4.49553
3.18719
3.18315
3.46278
3.14278
3.0868
3.13017
1.79691
2.83699
3.27229
3.52365
4.12309
2.71378
3.45202
2.89005
3.28674
3.26548
2.87397
3.05603
3.83875
3.88029
3.22586
3.28537
3.52232
3.27607
3.19743
3.03075
3.05207
2.88875
2.83879
2.78211
3.0466
2.94794
2.91432
2.83325
3.63482
3.41905
2.78752
3.03228
3.10205
2.83019
3.13052
3.05621
2.85793
2.9588
2.89465
3.1968
3.27016
2.99444
2.93683
3.10097
3.61436
3.76974
3.7005
2.81272
3.67503
3.61379
3.24859
3.22258
2.7379
3.8954
2.96085
2.82331
3.32769
3.2272
3.36154
3.31332
3.1655
3.76455
