1.81962
2.5385
2.34411
2.18813
2.28262
2.55851
2.93776
2.65091
1.52393
2.8798
2.77487
3.07266
2.06502
3.01391
2.80689
2.35261
2.43032
3.03203
2.5705
2.49667
3.33543
2.74353
2.55557
2.54405
3.26768
3.78198
2.89759
3.21257
3.03334
3.05692
3.14099
3.53942
3.40625
3.73433
3.11784
2.55888
3.08656
3.077
2.809
2.95359
3.04714
2.62714
3.78736
2.95527
2.92379
2.87147
2.72865
2.31291
3.15773
2.51229
2.35237
2.38362
1.94322
2.92192
3.2367
3.17764
3.1825
2.82749
4.03976
3.40065
3.17957
3.81223
3.82111
2.84098
3.16532
3.01541
2.88353
3.05142
3.47957
3.61456
2.89094
3.01348
3.01751
3.22933
3.3125
3.02892
3.09389
3.01495
3.2877
3.02782
2.7764
3.23542
2.8272
2.80172
3.08857
2.90197
2.95202
2.99922
2.52555
3.25012
3.66043
3.38973
2.71923
3.44593
2.61292
2.82659
3.24206
3.38329
3.2642
3.2252
3.04796
2.93387
2.8433
2.8292
3.52324
3.8814
3.44265
3.61311
3.96292
2.66161
3.44551
3.71194
3.35056
3.03325
3.66829
3.45208
2.75074
3.1396
2.19988
3.10967
3.00041
3.32936
4.34753
3.07529
3.569
2.86337
2.77686
3.15366
3.07212
3.36346
3.81322
3.24862
3.17104
2.99675
2.6965
2.75131
3.15454
2.74353
3.27325
2.79064
2.75491
2.75721
2.87726
2.87705
2.66503
2.52622
3.71496
3.25633
3.06045
2.93582
2.90201
2.42145
2.55428
3.0556
2.40034
2.65882
2.79899
2.6898
2.39227
2.60405
2.61836
3.14593
3.22366
2.74721
3.1401
2.9733
3.29929
3.20851
3.1459
2.72982
2.90793
3.42227
2.68025
3.00616
3.22083
3.21536
3.30097
2.91912
3.39551
3.30503
1.88099
2.46303
2.29378
2.02113
2.17111
2.48168
2.84336
2.83869
1.67898
2.88676
2.58645
2.89806
2.23344
2.7227
2.80992
2.27434
2.54382
2.77172
2.46744
2.33784
2.57794
2.46748
2.40573
2.86883
2.81178
3.68903
2.8055
2.97848
3.09809
2.80735
3.23415
3.74415
3.39975
3.41415
3.00171
2.38165
2.66348
3.30709
2.83174
3.13719
3.25219
2.84365
3.44352
3.18128
3.0551
2.94885
2.94077
2.24059
2.54848
2.42452
2.56711
2.42358
2.00955
3.27787
3.10293
3.53311
3.41696
2.57705
3.0037
3.34164
3.41279
3.69788
3.74924
3.42105
2.95407
3.00148
2.89229
3.13946
3.90065
3.71324
3.46798
3.1468
3.23908
3.25327
3.22878
3.56202
3.10618
3.3429
3.20637
3.06019
2.71593
2.87887
3.18964
3.00718
2.9232
2.94484
3.13595
3.1015
2.81622
2.98249
3.02465
3.7128
2.71629
3.23127
2.20239
2.91743
3.6779
3.61015
2.97894
3.25794
3.32392
3.03612
2.80968
3.06332
2.84125
3.9691
3.65985
3.32153
3.34683
2.63807
3.86835
4.01075
3.87864
3.21708
3.5559
3.04276
2.79666
2.79685
1.99315
3.31897
2.40693
3.08338
3.61296
3.04996
3.42984
2.7307
3.07825
3.08917
3.03983
3.05744
3.69605
3.13934
3.21835
3.20508
3.17189
2.95684
2.85698
2.62594
3.15183
2.62896
2.76573
2.88988
3.17163
2.74711
2.77615
2.71778
3.04566
2.8736
3.11408
2.81298
2.98409
2.46872
2.60339
3.00976
2.65476
2.86985
2.5314
2.73434
2.32882
2.52018
2.66738
3.62085
3.22268
3.80306
3.49726
3.10419
2.97681
3.17836
3.46929
2.87064
2.85845
3.78344
3.22937
2.94133
3.21569
2.88478
3.00508
3.11848
3.5157
3.11841
