2.09782
2.95465
2.7738
2.31014
2.78001
3.10943
3.08444
2.95222
2.06215
2.94656
2.61636
2.9329
2.65647
2.35303
2.92496
2.47323
2.72296
3.34965
2.75781
2.85773
2.63957
3.27076
2.87258
3.37235
2.71624
3.48372
3.13447
2.78682
3.11336
3.12609
3.74239
3.46957
3.72221
4.09306
3.32459
2.51317
3.18849
3.25978
3.05354
3.12552
3.46361
2.92723
3.31114
3.49224
3.15515
3.08342
2.67402
2.6272
2.67972
2.85578
2.6513
2.70307
2.16122
3.19277
3.01065
2.91224
3.46699
1.94592
3.48263
3.3689
3.58513
3.58588
3.90538
3.15276
3.82102
3.18143
3.15284
3.08621
3.58887
3.4251
3.18595
3.69481
3.05901
2.95181
3.47393
3.4604
3.232
2.94349
2.80642
3.11669
2.90938
3.20358
3.23054
2.96448
3.31406
3.02552
3.26188
3.78345
3.33673
3.66526
3.78407
3.5003
2.89464
3.51753
2.90465
2.92484
2.7817
3.27587
3.72233
3.6
3.3592
3.48515
2.79478
3.01362
3.34687
3.54086
3.52207
3.19299
4.11901
2.3166
3.57492
3.75006
3.21571
3.26937
3.50194
2.93878
3.06511
3.2785
2.40362
3.03121
2.68536
3.94652
4.20115
3.21505
3.39743
3.64441
2.58867
3.11174
3.36677
4.00608
4.07192
4.16636
3.56075
3.36138
3.34625
3.72438
3.46245
3.10837
3.24711
3.28757
3.02267
2.64018
3.42495
3.12274
2.93088
2.61696
3.332
3.28523
3.10168
3.29589
3.46629
2.89827
3.28507
3.04216
2.63578
2.69018
2.81139
3.13678
3.12494
2.55819
3.24789
3.43
3.23879
3.59911
3.3866
3.19403
3.35718
3.41092
3.38681
2.82632
3.20294
4.12508
3.07823
2.69194
3.44323
3.16948
3.5772
3.48496
3.09976
3.43931
2.03996
3.29909
2.49288
2.30709
2.59247
2.61203
3.09067
3.08008
1.99119
3.20006
2.91133
2.88707
2.3149
2.71263
2.97699
2.64891
2.70964
3.32406
2.53502
3.00955
2.86562
3.25727
2.71091
3.02854
3.14127
3.54057
3.19069
3.2451
3.69979
3.3051
3.23095
3.60146
3.63973
3.72816
3.19698
2.82083
3.20164
3.11894
2.81523
3.21948
3.52402
2.84283
3.54026
3.35216
2.83368
3.3929
2.90465
2.59183
2.62824
2.75384
2.68453
2.56973
2.27195
2.86206
3.08746
3.83853
3.99506
2.70178
3.3875
3.03548
3.44413
3.71719
3.83152
3.4021
3.17078
2.89938
3.4332
3.16222
3.7649
3.55262
3.63902
3.44868
3.22322
3.6873
3.46983
3.54959
3.28848
3.4823
3.1889
3.07875
2.83208
2.84116
3.14362
3.22651
3.12881
3.14583
3.37129
3.19809
3.22893
3.54473
3.55543
3.43
2.61677
3.36494
2.92641
3.0941
3.20856
3.47608
3.68704
3.24258
3.55271
3.21435
3.17219
3.42275
3.28011
3.81697
3.23076
3.43413
3.60331
3.00401
3.46466
4.22902
3.97911
2.86802
3.67167
3.03652
2.81987
3.20325
2.04604
3.22158
3.08625
4.41661
4.18442
3.14884
3.69957
3.61732
3.67641
3.54243
3.43435
3.30261
3.8972
3.64095
3.31925
3.24813
3.14994
3.2686
3.71975
3.11689
3.14248
3.22225
2.97826
2.35088
2.9164
2.91584
2.97697
2.65283
3.49314
3.20179
3.16084
3.14074
3.34345
2.89653
2.92944
2.86241
3.90003
2.92344
2.97444
2.94949
2.84472
2.73396
3.06506
3.59216
3.56447
3.60123
3.0985
2.58458
3.9753
3.85694
3.12557
2.9171
2.968
4.04098
3.16404
2.55285
3.73646
3.50895
3.39373
3.35146
3.32144
3.5784
