2.07422
2.69018
2.62704
2.35927
2.59182
2.71411
2.65478
2.81723
1.78359
2.67307
2.93103
3.00554
2.75813
2.31753
2.74544
2.65565
2.46536
3.2624
2.78579
2.80304
2.85733
3.10793
2.74959
3.12064
3.08241
3.12551
2.79001
3.1189
2.38545
3.07457
3.46782
3.49743
3.29511
3.30698
2.65992
2.2766
2.52894
2.96716
2.25495
3.09867
3.14491
2.47572
3.12062
3.24254
2.70076
2.52891
2.8598
2.57027
2.29167
2.70782
2.47656
2.49882
2.0607
3.12908
3.18001
2.73806
2.80789
2.90915
2.58057
3.32627
3.59793
3.21024
3.53226
2.83738
2.99962
2.93594
2.95431
2.95149
2.92872
3.55066
2.7756
2.76794
2.98944
2.68728
2.88495
3.17766
3.09237
2.84554
3.0049
3.19161
2.83084
2.80007
2.63674
2.7859
2.86549
2.89836
2.90685
3.15475
2.57437
3.17485
3.67083
3.19127
2.5576
3.30313
2.87871
2.91129
2.88196
3.15509
2.98289
3.23349
3.2912
2.95861
2.72547
2.86369
3.28226
3.70838
3.18796
3.44683
4.27193
2.96598
3.76973
4.15913
3.67077
3.09128
2.94597
2.75398
2.6913
3.22017
2.63087
2.94117
2.77708
3.43133
3.90955
2.92409
3.36159
3.4739
2.83929
3.02536
3.15815
3.27072
3.51522
3.19079
3.12608
3.02471
3.06596
2.93089
3.12904
3.12758
3.09834
3.01823
2.83553
2.83168
3.01722
2.97005
2.55552
2.66356
2.74368
3.17798
2.94665
2.90378
2.80855
2.77598
3.31699
2.89584
2.80977
2.86667
2.76082
2.99944
2.74409
2.83481
2.69698
3.11238
3.21945
3.61861
3.0501
3.00426
3.42859
3.13559
3.10839
2.79978
2.59104
3.44252
2.95011
2.91885
3.31698
3.19443
3.21792
2.83016
3.44985
3.07781
2.06917
2.84358
2.48488
2.42013
2.58039
2.66859
2.77557
2.77448
1.91635
2.8947
2.49384
2.90577
2.65543
2.5671
2.71971
2.92319
2.77613
3.3593
2.99937
2.58061
2.90855
3.02206
2.70813
2.81537
3.17506
3.28
2.88725
3.01696
2.88798
3.00253
3.34829
3.32647
2.88061
3.9149
2.90953
2.43984
2.71418
2.69584
2.4433
2.93252
3.2432
2.51466
3.21555
2.94983
2.4228
2.55066
2.43856
2.42993
2.66374
2.55254
2.51244
2.48736
2.04624
2.81819
2.86532
2.89681
3.10726
3.02204
2.78385
3.18305
3.4473
3.61853
3.66168
2.94636
2.90999
3.17766
2.86134
3.03587
3.20285
3.32868
3.06589
2.93867
2.99174
2.77674
2.58011
3.1084
2.90368
2.83774
2.86426
3.17635
2.66626
2.57348
2.98332
2.73915
2.72694
2.7874
2.69538
2.96529
2.54471
2.64509
3.24264
3.23492
2.71765
3.59404
2.59906
2.9815
2.88718
3.07964
3.22462
3.19733
2.87209
2.91531
2.31233
2.92334
2.76503
3.39623
3.37072
3.2829
3.55673
2.91257
3.48412
4.20996
3.29332
3.14124
3.18685
2.83521
3.04118
3.1886
2.15823
3.12273
2.62512
3.52129
3.71518
3.02245
3.06591
3.32415
2.95945
2.83569
2.54855
3.13953
3.37301
3.32507
3.12585
3.2251
3.02803
3.35179
2.91392
2.72153
2.86683
2.98956
2.81708
2.88368
2.9606
2.86941
2.78815
2.9317
2.84008
2.84557
3.03388
2.89492
2.98956
3.13213
3.29164
2.96026
3.08824
2.80723
2.84946
2.92483
2.87772
2.68957
2.98684
3.20105
3.46948
3.57237
2.84915
3.08624
3.19031
2.98565
3.08077
2.56272
2.68424
3.62413
2.70126
3.09929
3.11661
3.22784
2.91704
3.35538
3.36429
2.84998
