1.79107
2.65626
2.19832
2.1362
2.35276
2.6718
2.8921
2.65513
1.62255
2.81151
2.73418
2.96942
2.24117
2.99071
2.43221
2.2363
2.43161
3.27489
2.45659
2.77536
2.99237
3.18155
2.63222
2.75994
3.04293
3.48799
2.60253
3.17606
2.26828
2.96777
3.54963
3.4496
3.2975
3.80451
2.93519
2.17552
2.61257
3.05736
2.16006
3.06272
2.94598
2.00581
3.08678
3.03132
2.35232
2.43482
2.51315
2.29993
2.5168
2.50531
2.25864
2.32583
2.04936
3.00006
2.76062
3.11869
3.25999
2.22608
3.07374
3.10472
3.08073
3.12308
3.34318
3.09192
2.49693
3.10143
3.06085
3.23725
3.44705
3.19826
2.79858
3.13107
2.78427
2.64891
2.94865
3.05468
3.30063
2.79464
2.83566
3.30173
2.75155
2.79596
3.03592
3.14548
2.51094
2.83865
3.065
3.22417
2.61247
3.34242
3.43335
3.30663
2.53088
3.59026
2.30523
2.92408
3.42637
3.03539
2.92731
3.20099
3.49364
2.59
2.6173
2.46504
2.87622
3.57547
2.99473
3.25983
3.23372
3.05741
3.14339
4.2354
2.84852
2.83646
2.86233
2.98217
2.86616
3.81335
2.34308
3.37678
2.98537
3.33818
3.37647
2.74788
3.23128
3.62018
2.61049
3.03993
3.10236
3.50116
3.38977
3.39478
3.41933
3.32681
3.07408
3.26815
3.06445
3.08033
2.71142
2.99855
2.85832
2.55938
2.71479
2.91589
2.52439
2.41815
3.04047
3.02649
2.82836
2.85215
2.86617
2.27217
3.20421
2.67879
2.2603
2.61213
2.85988
2.73353
3.09304
2.74722
2.80093
3.23708
3.69314
3.63211
3.13557
3.0461
3.29206
2.81784
2.80459
2.47608
2.94799
3.75884
2.56859
2.32415
3.47115
3.03973
3.28023
2.59552
3.11137
3.11548
1.82962
2.81706
2.37495
2.17894
2.27078
2.32184
2.71422
2.68098
1.61467
2.64222
2.6353
2.80872
2.52428
2.51431
2.72587
2.56825
2.3275
3.04725
2.50236
2.33097
2.64456
2.73896
2.63936
2.6196
3.18584
3.22227
2.26901
3.27158
2.60167
2.79304
3.24182
3.49365
3.25802
3.49962
3.05947
2.13648
2.16766
3.07127
1.98519
2.90987
3.20126
2.11141
3.01549
2.92475
2.24685
2.1992
2.51606
2.27146
2.30426
2.52748
2.41611
2.49908
1.77058
2.92219
2.76438
3.22129
3.24331
2.5147
2.90296
3.2254
2.99494
3.45786
3.17276
2.74206
3.32464
2.88716
3.19751
2.96571
3.19831
3.39771
3.22024
3.23037
2.98501
3.07657
3.01074
2.99301
3.0073
2.8182
2.98218
3.2424
2.79972
2.71792
2.58696
2.73568
2.82984
2.75027
3.05523
3.40134
3.13472
3.11723
3.22047
3.57332
2.55721
3.36943
2.21114
2.97603
2.82882
3.03517
2.79159
3.23519
3.52248
3.22596
2.40923
3.17801
3.40595
3.94094
3.84794
3.22192
3.30303
3.3193
3.02859
3.85927
3.11523
2.78383
3.08092
3.04135
2.74358
3.80615
2.43404
2.7335
2.89619
3.55726
3.43283
2.53599
3.13364
3.91421
2.75922
3.13467
2.84748
2.87542
3.39887
3.63488
3.36258
3.1139
3.1236
3.53741
3.38229
3.33382
2.96279
2.9887
2.55172
2.60919
2.99832
2.51787
2.37553
2.6193
3.17351
3.00471
2.87703
2.83966
2.79171
2.40614
2.8758
2.37457
2.5325
2.99206
2.59153
2.80537
2.95322
2.37072
2.51528
3.23242
3.49505
3.62335
2.87686
3.28743
3.40295
3.25401
2.85878
3.02929
2.71298
3.27052
2.83358
2.57275
3.07583
2.87055
3.48638
2.77621
3.29016
3.00034
