2.0771
3.08671
2.7726
2.31071
2.36888
2.51877
2.75344
2.51748
1.5308
2.45678
2.76671
2.73431
2.49344
2.90743
2.7756
2.36456
2.6469
3.19945
2.39812
2.8081
2.23029
2.90564
3.2927
3.02865
3.30901
3.37795
3.05477
2.5947
2.78704
3.26304
3.20712
3.73184
3.57587
3.87257
3.07787
2.25185
2.80165
3.14049
2.0785
3.17969
3.14142
2.51826
3.6783
3.18271
2.69341
2.85422
2.74428
2.41255
2.87188
2.80931
1.81789
2.30545
1.93197
2.44092
2.45542
2.91811
3.58039
2.27629
3.85358
3.21519
3.2468
3.59444
3.79334
3.10976
3.28555
3.34652
3.30209
3.04417
3.61072
3.1968
2.83607
2.98039
3.11656
3.31098
3.13153
3.02513
3.0906
3.12033
2.83221
2.80537
2.83162
2.8177
2.82406
2.99238
3.04889
2.81403
2.93962
3.37449
2.83484
3.32026
3.42634
2.9935
2.26796
3.43344
2.71218
2.81546
2.18187
3.20979
3.15198
3.58425
3.72955
2.75423
2.5964
2.92817
3.39583
4.27373
3.35091
2.93053
3.44678
3.29668
3.40138
4.04455
3.08112
2.85591
2.9198
3.05586
2.91234
3.14662
2.45371
2.98571
3.09935
3.48072
3.38551
3.16378
3.50646
3.88712
2.90197
3.51909
3.19223
3.5675
3.46792
3.88956
3.05686
3.3022
2.91894
3.03058
3.35576
3.10299
2.90366
3.021
2.8682
2.76499
2.94095
2.88297
2.85225
2.88017
3.21607
3.15069
3.07617
3.10232
3.18472
2.47718
2.99368
2.71992
2.60659
2.59762
2.78241
2.57336
2.95529
2.80646
2.66437
3.29438
3.08723
3.5137
2.94758
3.03489
3.73941
3.30008
3.13979
2.91532
2.89073
3.50687
3.31888
3.50344
3.21992
3.80184
3.30146
3.17695
3.40224
3.44725
2.01572
2.96514
2.47279
2.24273
2.52023
2.69108
3.04822
2.66447
1.65237
2.51205
3.35731
2.90367
2.3344
2.70774
2.59964
2.69317
2.57907
3.36122
2.77637
2.25915
3.12993
3.2441
3.17953
2.77983
2.94185
3.65403
2.9412
3.23754
2.38263
3.01835
3.45056
3.20058
3.04116
3.71822
3.30298
2.26786
2.65461
2.89366
2.25063
2.9606
3.1329
2.23023
3.43287
2.97595
2.64658
2.85717
2.04584
2.38441
2.3859
3.08716
2.04022
2.30566
1.79942
2.39688
2.4705
2.65344
3.0156
2.31831
2.86977
3.26005
3.46332
3.68388
3.36627
3.0841
3.24012
2.93608
3.11408
2.90836
3.41883
3.55881
3.20853
2.91011
2.8662
2.92976
2.72742
2.95663
2.89012
3.04996
2.91131
3.27954
2.43038
3.10773
2.71123
2.82472
2.3438
2.67183
2.89758
3.42715
2.40877
3.02147
3.5367
3.01325
2.8303
3.34781
2.95548
3.00775
2.92903
3.32817
2.92697
3.43407
3.11356
3.54219
2.89681
2.87767
3.00406
4.05013
3.17752
3.30775
3.70293
3.70803
3.53243
4.37545
3.82459
2.95231
3.27144
2.80274
2.82934
3.7209
2.60347
3.50464
2.75878
3.61377
3.86887
2.65222
3.38985
3.98475
3.43167
2.97855
3.03834
2.98039
3.45673
3.25789
3.37588
3.27447
2.87199
3.07564
3.20269
3.27895
3.00058
2.92991
3.17091
2.38298
3.54604
2.88181
2.93562
2.75388
2.90845
2.98545
3.05787
3.37001
3.24684
2.30207
2.95877
2.81828
3.37174
3.02002
2.86386
3.01365
2.97837
3.3329
2.83378
3.38491
3.29879
3.45899
2.72534
2.95253
3.59182
3.18359
3.19065
2.64605
2.64566
3.22165
3.18932
2.88162
3.17519
3.07223
3.22938
3.47703
3.38579
3.20703
