1.72879
2.682
2.32866
2.11828
2.26405
2.66333
3.42817
2.88846
1.74161
2.93525
2.98207
2.95572
2.22455
2.72258
2.67529
2.6448
2.75665
3.27962
2.594
3.05604
2.89635
2.81777
2.44615
2.94468
2.7827
3.42035
2.83826
2.66826
2.89012
3.17749
3.39515
3.72533
3.46085
3.65582
2.94816
2.63248
2.67764
3.21129
2.57928
3.09985
3.04257
2.53587
3.61702
3.27193
2.75874
2.62263
2.46197
2.47444
2.61888
2.73501
2.33423
2.38503
2.08034
2.97823
3.29184
3.02993
3.40637
1.73712
3.14291
3.11486
3.91659
3.12742
3.33344
3.49834
3.75091
3.23744
3.34699
2.94807
3.47088
3.15308
2.91224
3.30587
3.03648
3.0007
2.95655
3.05587
3.25585
3.23026
2.99119
3.16264
3.0976
3.14629
2.87065
2.91339
3.19924
3.01521
2.85143
3.52115
2.81587
3.36795
3.34904
3.29351
2.49199
3.82812
2.6332
3.06241
2.95533
3.3394
2.92208
3.08578
4.0383
3.8401
2.74097
2.83389
2.94441
3.89021
3.13021
3.08602
3.07918
2.98143
3.31159
3.749
3.35084
2.84524
3.10747
2.62802
2.75503
3.01565
2.44093
3.11924
3.06719
3.82296
3.52692
2.87445
3.25613
2.82241
2.733
3.25777
3.28506
3.68107
3.58161
3.40012
3.4992
3.17236
3.28886
3.39371
3.17331
2.82162
2.81061
2.91882
2.79395
2.68736
2.94015
2.65447
2.68684
2.77053
3.05347
2.99019
2.93009
2.74038
3.0508
2.19442
2.91605
2.74245
2.40991
2.8737
2.93807
2.85034
2.78306
2.74746
2.78624
3.19022
3.45371
3.23522
2.96866
3.37767
3.55229
3.54909
2.9941
2.90726
2.98555
3.82556
2.78073
2.68733
3.18711
3.03784
3.60697
2.47958
3.2233
3.22347
1.6864
2.90092
2.49597
2.23336
2.68375
2.75888
3.08223
2.86629
1.75821
3.15161
3.14692
2.76707
2.37496
2.45982
2.79833
2.50679
2.59806
3.33153
2.4463
2.72935
3.00216
2.62253
2.8096
2.88379
2.7122
3.43591
2.95718
2.42977
3.20902
2.92041
3.09463
3.59769
2.89584
3.56925
2.82668
2.36278
2.82945
2.89276
2.54584
3.02596
2.80633
2.63784
3.04937
3.07924
2.87734
2.85227
2.65629
2.51303
2.40293
2.65304
2.32906
2.52147
2.08107
2.95705
2.9628
2.9759
3.3522
2.09434
3.46368
3.12107
3.82354
3.43619
3.35055
3.47818
3.644
2.66731
3.09745
2.97255
3.43668
3.28679
3.02442
3.11377
2.88226
3.01728
2.72395
2.80924
3.07067
3.04388
3.04665
3.17001
2.6559
2.91701
2.76607
2.79692
2.77978
2.75507
3.01461
3.49855
2.78697
2.88074
3.76886
3.76783
2.43182
3.34852
2.68725
2.97583
2.92356
3.16929
3.06382
3.03162
3.01032
3.30925
2.63526
2.598
2.92719
4.02467
2.77821
3.17113
3.33911
3.55958
3.15464
4.20577
3.62417
2.99781
3.16221
2.71087
2.74366
3.26576
1.79136
2.84966
2.49016
3.94526
3.59286
2.71766
2.95755
3.0779
3.17992
3.05937
2.89768
3.09639
3.36714
3.57046
3.35389
3.24959
3.3097
3.12611
3.28148
3.11275
3.13935
2.84903
3.14282
2.70297
2.83555
3.08101
2.75046
2.61284
2.70078
2.77058
2.80336
3.02698
3.0176
2.63242
2.53605
2.53532
2.64438
2.95829
3.07413
2.80245
2.96417
2.76822
2.77281
3.23852
3.67569
3.75044
2.92491
3.3288
3.4444
3.46137
2.94542
2.85935
2.76394
3.73914
2.82824
2.35589
3.12358
3.05697
2.9784
2.93731
3.11591
3.62542
