1.97217
2.76319
2.27453
2.15862
2.30203
2.64341
2.70949
2.84594
1.662
2.93129
2.83797
3.65934
2.35566
2.71231
2.61193
2.88201
2.6973
2.98515
2.63446
2.27307
2.95917
2.88396
2.65649
2.9173
3.34062
3.13872
2.828
2.99982
2.57312
2.86885
3.12716
3.37748
3.24278
3.63808
2.86027
2.45301
2.57035
2.835
2.39705
2.87737
3.01724
2.39232
3.15091
3.05963
2.42305
2.39747
2.33733
2.52264
2.28738
2.54926
2.56184
2.43722
2.04233
3.18066
3.25839
3.29152
3.64453
2.77062
3.36101
3.30187
3.58976
3.53837
3.34572
2.94964
2.83087
2.99455
3.31637
2.95041
3.20279
3.47142
2.81839
3.3834
3.01576
2.92875
3.01286
3.23563
3.38723
2.99794
2.67964
2.8594
2.7997
2.8223
3.00525
2.97368
2.90191
3.01124
3.15529
3.39385
3.14155
3.35619
3.64667
2.883
2.93923
3.31419
2.59878
2.97279
3.1736
3.35831
3.10818
3.16051
3.02298
3.2985
2.5596
2.7318
2.88922
3.82692
3.52117
3.41808
3.29465
2.93073
3.19622
3.94671
3.06872
3.11713
3.13631
2.66703
2.6405
3.13237
2.11155
3.12824
2.55591
3.55331
3.38603
2.77693
3.45822
3.66271
2.66816
3.0182
3.07732
3.46141
3.55477
3.07332
3.2608
3.26128
3.03069
2.99441
2.97005
2.85561
3.16759
2.73052
2.80496
2.87839
3.06889
2.9811
2.6122
2.5207
3.24776
3.0317
2.94899
2.92429
2.86823
2.46884
3.17925
3.22308
2.50024
2.80709
2.5708
2.50096
2.32049
2.91859
3.12572
3.26252
3.70777
3.89413
3.61027
3.40099
3.48022
3.34751
2.84091
2.9291
2.74055
3.3084
2.62096
2.69702
3.47334
3.01076
3.31628
2.63227
3.20951
3.18716
1.87379
2.40623
2.14553
2.30655
2.48833
2.5582
3.2129
2.91426
1.66364
3.0741
2.58266
2.9165
2.41652
2.97254
2.9724
2.66432
2.54819
2.97028
2.38245
2.3147
2.979
2.8685
2.36853
2.6754
3.24801
3.21271
3.03336
2.89692
2.72945
3.11579
3.22219
3.62435
3.52119
4.02682
3.20634
2.75338
2.82809
3.46239
2.45838
3.46209
3.08689
2.67782
3.24383
3.23778
2.56636
2.87154
2.54512
2.43662
2.54459
2.6285
2.47532
2.4578
1.97669
2.86972
3.00981
3.03509
3.304
2.46426
2.79958
3.16144
3.47327
3.27969
3.92401
3.36064
3.52676
3.4583
3.30367
2.95734
3.87917
3.4689
2.97504
3.45195
2.72935
2.88193
2.83162
3.33833
3.56336
2.85819
2.74518
2.86528
2.67309
2.95178
2.70879
2.88507
2.81171
3.02789
2.90962
3.72446
2.80855
3.15312
3.61969
3.17312
2.98844
3.46892
2.62942
3.16497
3.1004
3.25554
2.73026
3.0293
3.00298
3.35588
2.65224
2.72045
2.57891
4.34525
2.89608
3.28893
3.12255
3.00558
3.38634
4.03479
3.8265
2.93825
3.2914
2.98753
2.70305
3.2011
2.1188
2.65763
2.86402
3.96769
3.87725
2.84592
2.76361
3.18408
3.06198
2.87924
2.63138
2.65025
3.47968
3.46655
3.0292
3.28286
3.12935
3.61931
3.06038
2.52718
2.70194
2.66648
2.64812
2.44967
2.86831
3.02092
2.54862
2.73904
2.89028
2.83801
2.80955
2.83706
2.93547
2.45882
3.49986
2.72492
2.83052
2.87212
2.82712
2.68906
2.63138
2.55444
2.61752
4.071
3.13379
3.96666
3.14168
3.74089
3.6478
3.42338
3.08404
2.71695
2.85636
3.12789
2.66232
2.75949
3.06009
2.97162
2.94648
2.61186
3.22822
3.84779
