1.83419
2.79932
2.42769
2.09733
2.33356
2.73376
2.76885
2.64844
1.41032
2.71767
2.82398
2.47447
2.38205
2.51872
2.88084
2.7126
2.37791
3.07732
2.56029
2.89423
3.04746
2.93777
2.96581
2.28042
3.17196
2.87011
2.8588
2.73265
2.86275
2.86043
3.38069
3.73925
3.48857
3.86745
3.16057
2.20622
2.54366
2.99995
2.17068
3.06663
3.29085
2.6147
3.36816
3.22422
2.91246
2.4064
2.30202
2.7952
2.4279
2.46331
1.96234
2.38681
1.92935
2.54581
2.73614
2.7694
3.31828
2.43804
3.43646
2.95602
3.8061
3.31965
3.40029
3.41747
2.7601
2.60188
2.80557
2.76806
3.42471
3.19183
2.80451
3.24737
2.91026
3.45019
2.99956
2.87108
3.08703
3.12098
3.16358
2.70366
2.73097
2.94101
2.98197
2.75387
2.92035
3.0018
2.69472
3.62838
2.70139
3.37785
3.59334
2.7517
2.264
3.3671
2.83119
2.99524
2.9811
3.36357
3.17905
3.12243
3.34581
3.23331
2.23964
2.77225
2.9547
4.00507
3.59125
3.26356
3.83796
3.5046
3.53985
4.19046
3.56335
3.22656
3.62151
2.75857
2.93149
3.17308
2.4323
2.86551
2.54027
3.30691
3.121
2.56127
2.85445
3.56509
2.63792
2.77178
2.69579
3.31508
3.12495
3.44055
3.07969
3.23352
3.11176
3.24192
2.72285
2.79275
2.67537
3.02061
3.03521
2.47309
3.27283
2.92604
2.89928
2.76383
3.18283
2.84539
2.77922
3.14532
2.96508
2.74565
3.13123
3.12305
2.28559
2.42823
2.65464
2.95841
2.66126
3.07851
2.91898
3.0857
3.25748
3.7483
4.28525
3.17759
3.79339
3.58897
2.86369
2.64775
3.06277
3.67017
2.83651
2.28713
2.94637
2.79896
3.28845
2.66305
3.35347
3.59507
1.76731
2.6416
2.29506
2.07903
2.38228
2.82505
2.90358
2.51325
1.6026
2.53342
2.72692
2.49795
2.45834
2.64013
2.74918
2.32017
2.54532
3.0473
2.62304
2.44041
2.94076
3.36853
2.48904
2.81897
2.80606
3.02336
2.95775
2.90508
3.17856
2.93447
3.41881
3.82379
3.15575
3.83396
3.01454
2.12607
2.24562
3.01615
1.9149
3.00976
3.43092
2.42405
3.33982
2.75388
2.97457
2.64717
2.03688
2.71468
2.60682
2.51358
2.22879
2.38753
1.76209
2.31834
2.81096
3.36761
3.29273
2.94732
2.97071
3.4221
3.33178
3.47879
3.12742
3.13834
3.46096
2.95084
2.71179
2.73057
3.32792
3.09781
3.12201
2.91159
2.88702
3.54954
3.013
2.97625
3.31161
3.03627
3.11054
2.99137
2.75543
2.72976
2.93193
2.96661
2.95354
2.80166
2.90452
3.35465
2.96854
2.5372
3.02466
2.97264
2.3988
3.50702
2.7374
2.68778
2.09957
3.0568
3.22656
3.52352
3.15614
3.14907
2.67207
2.785
2.80485
4.24538
2.68998
3.24649
3.66164
3.79337
3.34883
4.23322
3.57525
2.89057
3.28413
2.26004
2.58457
3.12266
2.74617
2.87549
2.48956
3.13228
2.99438
2.68621
2.74668
3.62501
3.00355
2.74551
2.8524
2.85995
3.21077
3.39144
3.22823
3.30861
3.17312
2.65941
2.94537
3.23696
2.93311
3.13834
2.71448
2.31093
3.38579
2.74953
2.79298
2.78125
2.68272
2.59995
2.4389
2.91725
3.22338
2.6482
2.71656
2.75444
2.3664
2.58354
2.96946
2.835
2.6571
2.67268
2.85216
3.32255
3.49388
3.80592
3.89138
3.53353
3.62626
3.31775
3.26112
2.79983
3.0573
3.48351
2.83375
2.19262
3.19985
2.88131
2.99091
2.83012
3.37008
2.64399
