1.81963
3.09418
2.25253
2.37297
2.48058
2.78562
2.83421
2.98019
1.47311
2.94136
3.09218
3.0997
2.5039
2.79857
2.70757
2.72996
2.53346
3.22357
2.41689
2.73111
3.44114
3.60143
2.8917
2.75017
3.28489
3.2764
2.84687
3.39712
2.95058
3.17264
3.54025
3.80385
3.47604
3.51183
2.73486
2.65668
2.4
3.06453
2.54554
3.11933
2.85398
2.72197
3.26982
3.33033
2.68765
2.2221
2.63574
2.83069
2.73257
2.45321
2.66292
2.59974
1.918
3.12858
3.20727
3.47316
3.26401
2.61631
3.11251
3.4668
3.12577
3.50186
3.64863
3.0788
2.7587
2.62906
3.36694
2.94445
3.16465
3.39909
2.77387
2.79575
2.96018
3.45334
2.93574
2.98339
2.68967
3.18188
2.82803
3.31636
3.15948
3.00208
2.67555
2.894
2.68482
2.77972
2.73014
3.01432
2.70425
3.1959
3.30529
3.09355
2.85125
3.57788
3.15991
2.92465
2.96538
3.42746
3.27974
3.00633
3.2027
2.76001
2.04726
2.59869
2.72727
3.93705
3.03979
3.17509
3.59907
3.39249
3.29826
3.53988
3.53993
2.86221
3.03859
2.95796
2.68154
3.3191
2.40892
2.88971
2.77774
3.63841
3.02515
2.64689
3.18014
3.60437
2.83315
3.00739
3.11021
3.49956
3.50335
4.02642
3.36353
3.67631
3.11875
3.43063
2.94713
3.4169
3.1873
2.87265
2.54179
2.75277
2.98073
2.7282
2.76785
2.7221
2.9659
3.22293
2.81781
2.99345
3.2878
2.73524
3.13127
2.62411
2.80968
3.24103
3.16624
2.59085
2.77074
2.92437
2.62691
3.11564
3.18243
3.89809
3.14369
2.94071
3.4994
3.17308
2.81831
2.99167
2.41223
3.67012
2.61467
2.55136
3.30117
3.14721
3.74284
2.51818
3.1499
3.27402
1.91893
2.40928
2.37475
2.31979
2.48024
2.51717
3.07317
3.00483
1.59195
2.81373
2.63416
2.71514
2.41289
2.82937
2.66243
2.62882
2.58399
3.22111
2.44437
2.51602
3.1826
3.08947
2.9038
2.78332
2.89772
3.53939
2.95728
2.79375
2.92338
3.44986
3.606
3.45952
3.23503
3.63119
2.77754
2.6239
2.74345
2.8476
2.26697
3.27857
3.17899
2.64049
3.55716
3.67423
2.8038
2.85114
2.97943
2.40729
2.95603
2.78476
2.54205
2.54359
1.88893
3.02109
3.24996
3.35905
3.23812
2.86233
2.65701
3.39932
3.42188
3.26111
3.16515
3.19571
2.89704
2.27619
3.10815
2.9735
3.21192
3.00635
2.96261
2.99274
3.08377
3.11368
2.87005
3.00601
2.87581
2.81158
3.02729
3.18625
2.68043
2.80481
2.84587
2.76329
2.81982
2.72324
3.26399
3.01639
2.30196
2.76192
3.13339
3.19154
2.80691
3.05132
2.94468
2.99272
2.78334
3.06185
3.24326
3.2032
3.03659
3.11221
2.35662
3.00146
2.83832
3.61704
2.70386
3.23791
3.62221
3.64544
3.23808
3.85864
3.28691
2.84007
3.04637
2.99165
2.63104
3.39022
2.94663
3.07315
2.84909
3.73444
2.9852
2.7074
3.43448
3.93999
3.24901
3.01228
3.01287
2.85683
3.49632
3.53524
3.24837
3.55804
3.20684
3.60965
3.05007
2.8897
3.41345
3.02668
2.61136
2.74234
3.31815
2.91683
2.73609
2.78219
3.53562
3.08915
3.13359
2.79829
3.45156
2.85499
2.95944
2.69071
3.60831
2.86317
2.59934
2.65403
2.73885
2.99554
2.83441
3.22433
3.35389
3.60377
3.05903
3.04366
3.16367
3.29568
2.93907
2.43707
2.51508
3.38518
2.741
2.54741
3.03445
3.38097
3.60396
2.89871
3.33999
3.23841
