1.79806
2.69201
2.56933
2.10574
2.24193
2.48969
2.70208
2.74623
1.52982
2.68915
2.63027
2.9213
2.29096
2.27937
2.95728
2.74848
2.86827
3.08937
2.62849
2.97606
3.16969
2.97941
2.70402
3.00875
3.3448
3.48885
2.74268
2.69264
3.15014
3.3587
3.17748
3.89337
3.53431
3.86742
3.32823
2.4657
2.61095
3.09032
2.52639
3.03751
3.17075
3.08086
3.3842
3.34706
3.11964
3.06041
2.73863
2.18522
2.83652
2.54389
2.26479
2.14064
1.8864
3.00255
2.85667
3.05366
3.88831
2.89744
3.38504
3.09082
3.51084
3.2441
3.75653
3.00942
2.84348
3.1526
3.01098
3.08251
3.51168
3.50023
2.8697
3.11423
3.04573
2.73909
2.89382
3.18315
3.40108
3.03645
2.73145
2.65661
2.66136
2.65306
2.87311
3.12576
3.14201
3.02388
3.0911
3.00977
2.96885
3.21585
3.62564
3.31955
2.87716
3.16541
2.16475
2.871
3.03825
3.16231
3.04204
3.4718
3.24156
3.39046
3.00608
2.92391
2.64287
4.29119
3.08406
3.19087
3.92586
2.83278
3.43791
4.20179
3.32672
3.00768
3.29848
2.87369
2.27235
3.28715
2.54608
3.49525
2.60705
4.03386
3.7293
2.71316
3.27955
3.41829
2.66432
3.10771
3.37804
3.38581
3.58554
3.6349
3.37028
3.19436
3.03886
3.08636
2.8132
3.10811
2.88479
3.25224
3.17826
2.81024
3.1065
2.50345
2.69297
2.85799
3.54069
3.00565
2.76543
2.98824
2.98393
2.76714
3.11563
2.79066
2.51178
2.40119
2.77213
2.82506
2.80624
2.62256
2.66314
3.45577
3.36248
3.474
2.82796
3.35959
3.53824
3.59387
2.76053
2.96469
2.72691
3.51729
2.96421
2.88365
3.32853
3.15304
3.40548
3.03762
3.19674
3.50475
1.60327
2.44847
2.42953
1.94886
2.11328
2.33703
2.62831
2.58709
1.50434
3.28913
3.03327
2.84583
1.953
2.79416
2.72342
2.33767
2.24159
2.69878
2.59142
2.60177
2.49355
2.79386
2.57929
3.01769
2.76285
3.79875
2.48628
3.34929
2.89092
3.04711
3.25816
4.07228
3.57384
4.19744
2.95383
2.34675
2.82182
3.20398
2.5762
3.10495
3.08842
2.81561
3.19135
3.40938
2.9164
2.78928
2.28225
2.74269
2.52782
2.3649
2.31656
2.24221
1.83775
2.80213
2.99497
3.34315
3.46796
2.41288
2.94997
3.38341
3.07516
3.43255
3.5788
2.83989
2.675
3.01042
3.2028
2.74063
3.4118
3.34829
3.04148
3.05986
3.18068
3.06219
3.05837
3.23321
3.23831
2.97342
2.67179
2.87949
2.77705
2.63628
2.94082
2.90514
3.32713
2.89998
2.97284
3.4132
2.75347
3.49814
3.6037
3.26993
2.53423
3.42975
2.75038
2.99601
3.04799
3.20995
3.01365
3.07001
3.14794
3.21512
2.86226
2.71073
2.74495
4.20069
3.26614
3.26842
3.48694
3.56146
3.4019
4.3923
3.06961
2.71171
3.34131
2.84097
2.80268
3.32791
2.39282
3.1325
2.48872
3.97062
3.54193
3.05787
3.34843
3.49488
3.08381
3.09287
3.23973
3.26407
3.51121
3.38911
3.07761
2.78803
2.84551
2.89039
3.06113
2.85724
3.03485
2.79352
2.42944
2.55524
2.99462
2.57721
2.24558
2.62121
3.31728
2.65159
2.98126
2.77975
2.67162
2.05115
2.19113
2.5534
2.66704
1.97038
2.60936
2.42846
2.44392
2.47675
2.4679
3.18356
3.30378
3.804
2.46805
3.39821
3.54757
3.38976
3.13222
2.64827
2.5254
3.11942
2.76986
3.05455
3.35168
2.95844
3.57183
3.35097
3.30874
3.15969
