1.8494
2.74476
2.31362
2.17128
2.40768
2.43395
3.01239
2.69114
1.707
2.91365
2.84334
3.13281
2.28681
2.97165
2.82577
2.46287
2.57785
2.94567
2.54703
2.67494
2.71426
2.47735
2.53776
2.81535
3.03465
3.65353
2.8232
2.98932
3.31483
3.27406
3.31032
3.51021
3.23199
3.45427
3.0967
2.17989
2.60026
3.0228
2.87754
3.07242
3.32092
2.91479
3.13233
3.30932
2.86639
2.97506
2.93187
2.5083
3.22214
2.49301
2.50034
2.54157
1.96714
2.70987
2.91353
3.19169
3.47481
3.06698
3.3342
3.21067
3.67649
3.16774
3.21402
2.65127
2.98408
3.11184
3.11707
3.24946
3.47534
3.74015
3.05995
3.3331
2.93546
3.35557
3.05639
2.96635
3.1863
2.85869
3.06464
2.84177
2.55015
2.6199
3.02915
2.88357
2.98069
2.87849
2.94288
2.87563
2.717
3.55522
3.75757
3.27179
2.60247
3.09486
2.41472
2.79718
3.27583
3.06772
3.1584
3.19973
3.31551
3.0039
2.89916
2.66214
3.01258
3.59282
2.89983
3.2231
3.6598
2.92005
3.17577
3.95493
3.32986
3.04798
2.98202
2.6985
2.65232
2.9513
2.10638
2.82667
3.17466
3.62496
4.11434
2.57093
3.31991
3.24811
2.97672
2.85181
3.24943
3.54358
3.62428
3.35885
3.32818
3.15568
3.08196
2.74032
3.05058
3.21723
3.14426
2.94789
2.62626
2.41813
3.04741
2.85493
2.72254
2.81609
2.88891
3.12927
2.89949
2.82657
2.97814
2.69667
2.6769
2.63845
2.39922
2.9141
3.02647
2.39651
3.10205
2.9994
2.70875
2.86001
3.38709
3.20958
2.70689
3.08976
3.28476
3.22613
3.04372
2.58439
2.91874
3.48623
3.07456
2.80861
3.07518
2.88135
3.38349
3.05413
3.31307
3.58935
1.77319
2.67769
2.53628
2.18631
2.32347
2.56829
3.06869
2.78475
1.92613
3.04979
2.74542
2.84315
2.39586
2.29871
2.8277
2.50341
2.44032
2.92266
2.69927
2.30936
2.58135
2.24727
2.70613
2.62781
2.55882
3.76995
3.15057
2.80974
3.4636
3.22059
3.27854
3.49756
3.59253
3.57349
2.98958
2.59108
2.79574
3.10462
2.73055
3.16448
3.13897
2.74389
3.10368
3.39991
2.90375
2.73451
2.70309
2.28908
2.89732
2.56126
2.74341
2.57429
2.01207
3.15801
3.25796
3.16153
3.38222
1.94303
3.16837
3.52642
3.1806
3.442
3.76436
2.93345
3.52374
2.78979
3.15122
2.96422
3.76096
3.80551
2.83199
3.36986
3.1216
3.38048
2.91473
2.83895
2.99394
3.14681
3.02738
2.78476
2.98699
2.69212
2.96854
3.03886
3.07047
3.14189
3.08802
3.29629
2.50566
3.08665
3.295
3.60441
2.45288
2.8268
2.74912
2.74263
3.30071
3.22325
3.3207
3.26314
2.75391
3.27381
2.37394
2.59951
2.70341
3.70956
3.31069
3.00152
3.0746
2.93113
3.14798
3.91084
3.27756
2.39176
3.06189
3.05496
2.7215
3.28322
2.48977
3.11204
2.8709
3.54454
2.94249
2.5431
3.27796
3.26664
2.78532
3.07059
3.08957
3.07529
3.65857
3.5402
3.24351
2.83325
2.98547
2.9494
3.23344
2.97749
2.70647
2.46136
2.8031
2.8352
2.91622
2.83663
3.00203
2.82938
3.41905
2.82948
2.93587
3.02415
2.90423
2.44352
2.85156
2.5895
2.79329
2.90923
2.90919
2.86486
2.68157
2.32892
2.8799
3.10284
3.15073
3.4158
2.62717
3.00895
3.56914
3.24386
3.20605
2.92792
2.95817
3.16005
3.04707
2.32139
3.02062
2.99249
3.30258
3.02158
3.35532
3.1274
