1.8855
2.86028
2.65946
2.22169
2.51498
2.59187
2.9477
2.88196
1.93009
2.88573
2.92117
2.96923
2.51206
2.67462
2.71292
2.5946
2.47337
3.23742
2.64051
3.06916
2.87134
2.90906
2.96513
2.76638
3.34569
3.50148
2.76466
3.11689
3.23233
3.04586
3.52372
3.69888
3.47987
3.79218
3.00213
2.49707
2.65231
2.96982
2.51012
3.22099
3.22806
2.54158
3.03238
3.20501
2.48704
2.75442
2.65608
2.58688
2.81766
2.63621
2.78433
2.79565
2.18812
2.95816
2.82638
3.18151
3.20398
2.25548
3.60671
3.47933
3.18693
3.56297
3.62916
2.81252
3.06764
2.60566
3.21931
2.95971
3.2988
3.40093
3.28226
3.10008
2.91175
3.24552
3.19033
3.42517
2.99164
3.08133
2.67435
2.9211
2.78241
2.95114
2.79607
2.84489
2.75632
3.03731
2.88488
3.1502
3.04978
2.98344
3.32402
2.88043
2.9891
3.43847
2.85739
2.97217
3.07443
3.27938
3.64691
3.41661
3.67704
2.9988
2.83671
2.92485
3.28843
3.781
2.921
3.4025
3.87246
2.58626
3.49082
4.10172
3.10716
3.06458
3.2716
3.06788
3.0965
3.64676
2.69737
3.36481
2.77023
3.37938
3.49096
3.02544
3.29515
3.76408
2.83593
2.93494
2.91521
3.08812
3.51621
3.80326
3.8402
3.44597
3.27048
3.09245
3.15879
3.44511
3.14704
2.98568
2.83523
2.69473
3.35195
2.99517
2.86155
2.78985
2.86813
3.29496
3.24672
3.44954
3.07946
2.9474
3.18453
2.86612
2.90182
2.56522
2.75855
2.64663
3.27677
2.78401
2.82007
3.01448
3.22517
3.50106
3.40774
3.12465
3.94066
3.46384
3.11295
2.64162
2.62396
3.77767
2.774
2.57756
3.55427
3.04668
3.91638
2.63968
3.31439
3.39173
1.7601
2.55251
2.57528
2.09652
2.42232
2.64718
3.01581
2.95595
2.154
2.90066
2.74526
2.99715
2.40864
3.04084
2.69738
2.49389
2.41717
2.97628
2.69037
2.85978
3.04236
2.83718
2.69487
2.89941
3.05866
3.2944
3.02572
3.16046
3.15388
3.00295
3.7953
3.67394
3.48553
3.83263
3.03116
2.16783
2.51824
2.96087
2.63025
3.21608
3.16515
2.72491
3.80293
3.3826
2.47793
2.65833
2.6225
2.4964
2.66066
2.74794
2.81365
2.4832
2.14908
3.00507
3.00277
3.2327
3.39295
3.18409
3.17449
3.2973
3.29639
3.41103
3.76215
3.0583
3.31164
3.16295
3.28384
2.92223
3.31458
3.52954
2.87889
2.5552
3.04443
3.10073
3.22103
3.18957
3.16377
2.87946
3.07415
3.1263
2.90437
2.50391
2.94275
2.66336
3.00783
2.72049
2.82928
3.42047
2.58445
3.06103
3.29577
2.95273
2.73277
3.32427
2.5825
2.84128
3.02385
3.74574
3.40858
3.28342
3.4937
2.81319
2.80915
2.82465
3.44631
3.9344
2.94823
3.3298
3.95721
3.24147
3.45918
4.1011
3.67563
3.02428
3.52631
3.04288
2.87714
2.96567
2.34472
2.84041
3.47819
3.36944
3.94426
2.77971
3.29777
2.96789
2.64743
3.04941
3.01367
3.18823
3.65855
3.83935
3.45572
3.15964
3.64668
3.46353
3.2254
3.0227
3.18153
2.84076
2.77584
2.94965
3.02595
2.7476
2.8287
2.6848
3.11177
3.51474
3.37625
2.97641
3.28067
2.88594
2.55536
2.62133
3.12741
3.32106
3.34478
3.01149
3.25255
3.16886
2.82558
3.78009
3.30463
3.81948
2.54413
3.32739
3.63942
3.36385
2.80707
2.82183
2.66139
3.54125
3.00708
2.66702
3.36429
3.25841
3.58351
2.74873
3.53523
3.60186
