1.83631
3.04421
2.81903
2.39736
2.75063
2.87565
2.95517
3.05026
1.91495
3.12321
2.88436
3.48522
2.8628
2.09554
2.79842
2.44598
2.60749
3.12757
2.47468
2.58184
3.59527
3.07191
2.79452
3.55625
2.9394
4.3444
3.19538
2.99886
3.45453
3.68382
3.56221
3.21393
3.79011
4.0884
3.74792
3.05819
3.40059
2.99722
3.0161
3.44756
3.05985
2.91957
4.05396
3.7193
3.18549
3.1115
2.90802
2.61119
3.05465
2.6651
2.83161
2.52435
2.44263
3.60167
3.61206
3.19111
3.15119
2.74131
2.93652
3.44645
3.56148
3.67094
3.87549
3.34158
4.15084
2.79584
3.53601
3.41042
3.79604
3.63332
3.65538
3.97259
3.23849
3.30848
3.23022
3.23126
3.2051
2.96749
2.86788
2.88165
2.71575
2.61421
3.16923
3.14354
2.92957
3.0323
3.61843
3.72067
3.42572
3.32054
3.97159
3.55879
3.12716
3.76355
2.77222
3.09467
3.5307
4.13296
3.11739
3.86603
3.50278
3.50324
3.15854
2.99879
3.08454
3.99406
3.50288
3.59701
4.13833
2.6012
3.48432
3.8783
3.69883
3.17303
3.84342
2.68241
3.07371
3.34399
2.5889
3.08768
2.17222
3.99094
4.40085
3.48285
3.88431
3.49436
2.7736
3.43083
3.26419
3.43757
3.98763
3.90094
3.24666
3.16734
3.23533
3.28285
2.96486
3.58018
2.9704
3.42876
3.02895
2.87102
2.97496
3.01765
2.68952
2.52805
3.33788
3.05619
3.04069
3.19212
3.13618
2.58545
2.97843
2.88721
2.60057
3.54642
3.06802
2.63461
2.94733
2.64114
3.43528
2.77909
3.72538
3.67677
3.6826
3.63806
3.25836
3.61132
3.36973
3.3262
3.48339
3.86578
3.02634
3.21137
3.68121
3.1964
2.9143
3.16168
3.67743
2.93159
1.76624
2.76662
2.6511
2.37862
2.6264
2.77829
2.9514
3.11043
1.86328
3.04326
2.76241
3.36656
2.22238
2.21928
2.5274
2.64812
2.63279
2.98734
2.33511
2.65493
2.8684
3.35271
3.01508
3.48664
3.35391
4.03083
2.81042
3.28895
3.33943
3.46161
3.44972
3.9344
3.45472
3.95654
3.14547
3.01511
3.05616
3.08697
2.80043
3.35933
3.34309
2.83364
3.80726
3.60787
3.2098
3.11669
2.88963
2.72134
2.61765
2.71735
2.73682
2.62962
2.36653
3.33792
3.72034
3.16228
4.10382
3.52025
4.10696
3.37952
3.83854
3.73037
4.09917
3.39557
4.04667
3.30734
3.60559
3.34105
4.1252
4.17808
3.69675
4.06224
3.30473
3.38623
3.40986
3.39113
3.59083
3.16129
2.94388
3.20446
2.99743
3.23228
2.89348
2.85922
2.9362
2.97416
3.45501
3.91032
2.69048
2.96039
3.64494
4.12153
3.2145
3.09828
3.00697
3.12401
3.35418
3.33631
2.84833
3.50948
3.98644
3.76483
3.16257
3.416
3.33295
4.2332
3.85164
3.49843
3.87858
3.56814
3.76362
3.3887
3.91175
3.26036
3.45915
2.86482
2.77755
3.73052
2.45335
2.88853
2.65116
4.01028
4.17188
3.33536
3.73676
3.51333
3.36046
3.41923
3.14678
3.20445
3.82594
3.45178
3.01048
3.02388
3.55545
3.56277
2.83672
3.23503
3.09477
3.00831
3.11389
3.05631
3.08615
2.95586
2.82341
2.6034
3.24693
3.02248
2.92941
3.01795
3.09409
3.06189
3.72472
2.93596
2.53947
3.05072
2.69973
2.53769
2.63575
2.67701
3.01888
3.17598
3.02896
4.19011
4.53683
3.45218
3.88968
3.48417
3.50631
2.84751
3.17607
3.33049
3.31092
3.64838
3.70942
2.96129
3.08013
3.57094
3.34525
3.29091
