2.07895
2.57908
2.21492
2.47982
2.53741
2.7715
3.17847
3.01036
1.82436
3.44539
3.10534
3.04265
2.80322
2.30444
3.00172
2.21261
2.30701
3.49281
2.4728
3.18094
3.32538
3.1685
2.58963
3.12192
3.53565
3.71911
2.79047
2.92479
3.25683
3.62793
3.58313
3.56675
3.29148
3.50414
3.42465
2.90425
2.88323
3.33737
3.12592
3.1021
3.3948
2.76487
3.85473
3.42707
3.4761
3.12768
2.86148
2.76225
3.14079
2.55728
2.51289
2.48659
2.287
3.20322
3.24941
3.64023
3.86867
1.7253
3.90609
3.26016
3.86198
3.43196
4.09784
3.41483
3.8747
2.81548
3.33657
3.03992
4.0416
3.97237
3.58561
3.48738
3.13801
2.98687
3.49187
3.48008
3.2751
3.33338
2.81298
3.36105
2.84308
2.70497
2.767
3.22494
3.35419
2.97277
3.4737
3.22846
2.78981
3.10968
3.14573
3.72271
2.6611
3.33247
2.7332
2.97923
3.1785
3.37043
3.72725
3.63364
2.91376
3.21064
2.46848
2.65326
3.23326
3.85221
3.7851
3.27547
3.81806
3.06413
3.53774
3.87121
3.43639
3.2338
3.50456
3.03102
2.67913
2.99523
2.2279
2.84282
2.81345
3.99959
4.35818
3.14973
3.1461
3.18088
3.44376
3.14424
2.94767
3.46426
3.85611
3.76759
3.26111
3.36268
3.16557
3.16507
3.21209
2.85174
3.13567
2.87461
3.01499
2.49876
3.06093
2.71069
2.61284
2.7858
3.13696
3.09797
3.01079
2.92615
2.9753
2.01942
3.2972
3.08556
2.30354
2.6873
2.79906
3.13076
2.65817
2.94881
2.90399
3.16523
3.50805
3.14305
4.10948
3.11782
3.62432
3.29836
2.98499
3.07463
3.10181
4.07903
2.85617
2.59585
3.63155
3.21529
3.41458
3.31084
3.33052
3.46632
1.94228
2.59733
2.53729
2.23739
2.64054
2.64945
3.10149
3.16029
1.8898
3.09146
2.71844
3.0465
2.31885
2.62267
3.06801
2.73879
2.76437
3.37402
2.68311
2.76656
2.92162
2.92136
3.11888
3.24284
2.78577
3.82814
3.18124
3.01185
3.64424
2.92794
3.26805
3.98685
3.53883
4.16468
2.96298
2.75249
3.13114
3.50653
2.72912
3.37173
3.36483
2.90442
3.63018
3.30517
2.90253
3.13709
2.51308
2.73803
3.05958
2.82978
2.73185
2.649
2.416
3.16828
3.39845
3.44466
3.03164
2.54073
3.85571
3.40143
3.47959
3.8047
4.1897
3.08554
3.17683
3.44261
3.46734
3.37475
4.21915
3.8558
3.53559
3.44055
3.07334
3.5952
3.64404
3.61791
3.30279
3.08749
3.41608
2.97555
2.9968
2.72299
3.3531
3.42537
3.38942
3.15842
3.09799
3.38531
3.2226
3.29912
3.34986
3.61327
2.73505
4.00142
2.68791
2.90383
3.45443
3.38197
3.7387
3.8699
3.28994
3.37346
2.79667
2.90596
2.541
4.28881
3.43553
3.40675
3.52212
2.98034
3.64038
3.93635
4.2569
3.29012
3.87087
2.89562
2.607
3.27113
2.67894
3.0658
2.76975
3.76537
4.17014
3.20305
2.83935
2.87014
3.38765
3.24208
2.91322
3.61892
4.04846
3.40997
3.25828
3.36682
3.3789
3.6841
3.19215
3.13183
2.947
3.04402
2.87649
2.91217
2.93154
2.87959
2.89492
2.84257
3.16229
2.87551
3.2147
3.18605
3.61174
2.68137
2.41824
2.89993
2.83745
2.62965
2.89618
3.00113
2.93093
2.93681
2.91511
3.33147
3.77281
3.89268
3.3179
3.16056
4.03682
3.65313
3.1985
3.01635
2.9373
4.1298
3.44682
3.28707
2.76281
2.92522
3.2584
3.39916
3.31233
3.69186
