1.93779
2.76262
2.61772
2.33427
2.41967
2.74874
2.90707
3.03713
1.68643
3.67685
3.28741
3.64191
2.7841
2.77861
3.11719
2.97067
2.9852
3.31002
2.93727
3.16653
3.12049
2.90462
2.75549
3.04261
3.68057
3.63641
3.12969
3.54208
2.90458
3.13804
3.58507
4.16165
3.32169
3.74349
3.18946
2.6808
2.93086
3.33425
2.72412
3.30195
3.10704
2.57069
3.84882
3.40685
2.91888
2.88678
2.86003
2.72211
3.33733
2.89975
2.48057
2.48796
2.1665
3.41607
3.1619
3.45325
3.80162
1.84132
3.74829
3.58241
3.36387
3.77195
4.32763
3.25616
3.77614
3.152
3.33655
3.34961
3.89415
3.50215
4.03084
3.28916
3.27443
3.28414
3.60487
3.66698
3.05389
3.14863
3.09106
2.88522
3.29168
3.23498
3.16284
3.23251
3.067
3.44128
3.65183
3.51462
3.1624
3.44352
3.87436
3.1178
2.893
3.78001
2.96711
3.42842
3.21652
3.43567
3.28065
3.09059
3.10105
3.02903
3.0568
2.97942
3.49953
3.614
3.26622
3.34905
3.52564
2.6218
3.47454
3.44563
3.70368
3.1268
3.20801
2.82871
2.8762
3.66663
2.62804
3.42051
2.61093
3.68975
3.79187
2.85104
3.36993
2.8709
3.01579
3.30408
3.11204
3.65574
3.82754
4.26292
3.55876
3.68935
3.09535
3.22713
3.64789
3.30821
3.24344
2.79464
3.15321
2.75315
3.22161
3.12243
2.8495
2.91299
3.2446
3.30695
3.21807
3.16469
3.63492
2.6031
2.35716
2.75207
2.45887
2.56373
3.1571
2.77603
3.1745
2.49707
2.85644
3.54255
3.59581
3.35534
2.9119
3.32865
3.35154
3.19538
3.16583
3.07129
3.21658
3.93624
2.59767
2.73158
3.07491
3.72464
3.78157
2.64772
3.36389
3.19593
1.90017
2.91906
2.62429
2.24926
2.47598
2.95208
3.6214
2.9483
1.86309
3.33515
3.3522
3.47682
2.41532
3.18404
3.05777
2.91336
2.7233
3.2054
2.89002
2.53272
3.2126
2.69034
3.38089
3.09871
3.41375
3.45196
3.21133
3.93827
3.12443
3.22674
3.45176
3.77614
3.38803
3.49114
2.91797
2.85191
2.88519
3.26762
2.9231
2.99093
3.28462
2.76281
3.78059
3.34717
2.71095
3.10603
2.77305
2.79143
3.35374
2.85571
2.43627
2.43042
2.23598
3.1743
3.25062
3.41957
3.67183
2.35794
2.88426
3.48744
3.32846
3.60375
4.13098
3.41942
2.99319
3.41466
3.36235
3.17836
4.0937
4.11559
3.67172
3.19618
3.02677
3.34198
3.16339
3.6965
3.28195
3.07647
2.99092
3.53221
3.09853
2.93198
3.1351
3.12015
2.92442
3.19362
3.53211
3.32491
3.08551
3.20508
3.41492
3.03105
2.5883
3.14503
2.70941
3.28769
3.09496
3.64834
3.29244
2.85969
3.60707
3.15197
2.52013
2.90737
3.31856
4.1036
3.05994
3.5529
3.61111
2.88137
3.43544
4.11069
3.56816
2.94553
3.47691
2.8681
2.87286
3.28935
2.73975
3.20834
3.15705
3.58719
3.57943
2.81132
2.99952
2.79138
3.10794
3.04917
2.97218
3.48774
3.75112
3.77937
3.2839
3.89723
3.38817
3.51
3.45972
3.04371
3.45967
3.03126
3.24735
2.91559
3.66607
2.85532
2.82627
2.71406
3.22262
2.98057
3.40385
3.37217
3.39862
2.92593
2.66713
3.71405
2.78894
2.9682
3.07855
2.85134
2.69909
2.74081
3.00478
3.62455
3.51772
3.69608
2.80611
3.15572
3.57759
3.33266
3.40136
3.0484
3.424
4.0572
2.68983
2.85342
3.21224
3.20635
3.349
2.61518
3.6141
3.73346
