1.73863
2.43705
2.45649
1.94936
2.4659
2.73804
2.75587
2.61328
1.55325
3.40051
3.18155
3.22096
1.92492
2.5827
2.33335
2.19471
2.49697
2.63917
2.39506
2.0534
3.25746
2.6361
2.37125
2.94579
3.05105
4.04071
2.84786
3.04771
2.89979
3.24113
3.25888
3.70006
3.32619
3.62098
3.11722
2.13349
2.41468
2.98548
2.47114
2.92037
3.22686
2.8736
3.39195
3.28328
3.09773
2.97591
2.42187
2.30921
2.22469
2.75119
2.28992
2.35145
1.86066
2.9386
3.02888
3.03084
3.58878
2.14165
3.57744
3.04758
3.64537
3.15899
3.63453
2.83327
3.57877
2.99024
3.33913
2.9091
3.56921
3.51985
2.85436
3.14371
2.94913
2.73739
2.72887
2.68451
3.44466
2.72822
2.66418
2.91064
3.01676
2.91384
2.88689
2.81806
2.80597
2.70946
2.65111
3.33422
2.96772
2.92411
3.77925
3.20903
2.50587
3.35131
2.79354
2.919
3.402
3.31622
3.19497
3.52884
3.62771
3.00761
1.99375
2.62589
2.83803
4.30158
3.52604
2.83159
3.39709
3.04049
3.04243
3.74472
3.45405
2.85979
2.85112
2.56303
2.66687
3.51487
2.2255
3.17566
2.19813
3.12162
3.49695
2.88916
3.59803
3.17562
2.92177
3.07053
3.17522
3.35312
2.95792
3.58622
3.17756
2.88711
2.74847
2.97408
2.90075
2.66606
3.02106
2.65838
2.67199
2.64686
2.92147
2.62946
2.74368
2.64895
2.96175
3.12985
2.90705
2.89282
2.99819
2.92647
2.40791
2.79573
2.38246
2.59641
2.60352
2.55729
2.08272
2.7599
2.74609
2.74965
2.95252
3.69606
3.15044
2.47579
3.17398
2.84232
2.60257
2.85961
2.89738
2.83352
2.59583
2.83854
3.29143
2.92181
3.53707
2.63888
3.56401
4.11962
1.81065
2.11186
2.2243
2.2215
2.16093
2.42956
2.95342
2.84775
1.64981
3.09555
2.63423
3.21837
1.83308
2.40102
2.46467
2.12742
2.36322
3.02205
2.31635
3.1368
2.97305
2.27464
2.29245
2.66008
3.5511
3.51457
2.69964
3.24366
3.34817
3.60908
3.20825
4.00963
3.77901
3.66927
2.79362
2.30287
2.43106
2.9671
2.06064
2.97944
3.01069
2.67269
3.36801
2.84025
2.58101
3.08308
2.33525
2.1438
2.45448
2.62323
2.68183
2.54539
1.98732
2.5938
3.20484
3.47038
3.51648
2.28615
3.29681
3.0117
3.61312
3.23488
4.12625
3.52712
3.05573
2.69057
3.2288
2.94189
3.50379
4.03676
3.33009
3.44828
3.03404
2.70359
2.97798
2.84587
3.01622
2.7828
3.06071
3.09877
3.03881
2.8899
2.71065
2.99943
2.73641
2.82527
2.8517
3.31015
2.56621
3.03618
3.38647
3.33708
2.48005
3.41186
2.58961
3.00136
3.72477
3.41089
3.02608
3.68195
3.71298
3.20443
2.24443
2.63667
3.03478
3.9302
3.35491
2.92176
3.55483
3.00118
3.02569
3.88801
3.09174
2.72414
2.89602
2.81608
2.6654
3.34527
2.10084
2.74906
2.14123
3.54504
3.20012
2.6412
3.29044
3.208
2.77881
3.14888
2.99305
3.29419
3.28762
3.35557
3.45676
2.9901
2.9157
3.15579
3.00745
2.79751
2.65745
2.94887
2.63379
2.42478
2.67171
2.66857
2.51699
2.48257
3.13533
2.99365
2.79379
2.99449
3.18174
2.42837
2.93145
2.85183
2.32805
2.79544
2.66167
2.40039
2.22842
3.59251
2.8726
3.41988
3.03854
3.46967
3.52838
2.84091
2.97122
2.87522
2.88578
2.69723
3.28502
2.82018
2.42025
2.48368
3.10906
3.04417
3.68757
2.78332
2.98309
3.93142
