2.06244
2.47162
2.40623
2.20316
2.2635
2.68228
2.7709
2.98417
1.72286
3.16367
2.82145
3.01037
2.61189
2.40802
2.67268
2.52126
2.4213
3.43721
2.3044
2.76377
2.41972
2.86767
2.60371
2.78083
2.91833
3.87932
3.06031
3.13196
2.77072
3.13489
3.54514
3.60106
3.43653
3.59864
2.9783
2.74567
2.69168
3.12826
2.50069
3.42719
3.41752
2.7205
3.48179
3.43541
2.46624
2.43141
2.96427
2.56372
2.73503
2.49872
2.61892
2.68876
2.20136
3.23698
3.23277
3.22196
3.39739
2.14318
3.80151
3.22736
3.28676
3.3304
3.73452
3.1825
2.58762
2.92589
3.14957
3.12145
3.56008
3.36273
3.24744
3.20322
3.0251
3.07931
3.18923
3.39672
3.06109
3.23483
3.36556
3.33127
2.93775
3.28859
2.85869
3.00231
3.19592
2.93157
3.08341
3.08058
2.92873
3.08942
3.86262
3.4394
2.82179
3.61498
2.7521
2.9725
3.13453
3.30175
3.37696
3.17121
3.26907
3.09705
2.9674
3.20733
3.10511
3.273
3.22012
3.30412
4.03781
2.29896
3.41591
4.23628
3.42126
2.98438
3.20775
2.94127
2.71279
3.30094
2.18139
3.32861
3.14306
3.58697
3.39827
3.01387
3.35167
3.1316
2.77466
3.02962
3.29628
3.43045
3.50491
3.54911
3.26783
3.02911
3.18278
2.95548
2.93133
2.76147
3.44675
3.12182
2.65518
2.91153
2.97601
2.87654
2.70389
2.497
3.01606
3.30096
3.12595
3.22807
3.34574
2.24144
2.97259
2.96358
2.66915
2.62467
2.59205
2.66391
2.95227
2.98125
2.64668
2.97514
3.04312
4.10952
3.26416
2.6818
3.69589
3.22153
3.08408
3.29573
3.10359
3.64797
2.63859
2.78087
2.85436
3.39529
3.40614
3.1314
3.10828
4.12915
2.00672
2.52134
2.54752
2.17211
2.36381
2.47364
3.13668
2.92565
1.84835
3.16165
2.78911
3.41574
2.30462
2.86509
2.95182
2.46395
2.38083
3.07563
2.33353
2.75359
2.44779
2.41593
2.77551
3.09521
2.96017
3.68792
2.9379
3.29993
2.83503
3.05364
3.44785
3.47261
3.88566
3.86745
2.98434
2.45315
2.83676
3.16031
2.76142
3.4674
3.41795
2.67203
3.24187
3.40979
2.60409
2.52804
2.77224
2.40312
3.13899
2.60151
2.839
2.76511
2.19512
2.89879
2.98422
3.35636
3.51842
3.13117
3.19955
3.36169
2.96614
3.41881
3.8479
3.14083
2.49861
2.95223
3.47795
3.01072
3.5022
3.99907
3.19163
3.45095
2.94019
2.85764
2.75371
2.95904
3.02896
3.03841
3.18482
2.8672
2.87227
2.88694
3.19995
2.97607
2.94215
3.18607
3.11556
3.44384
2.97593
3.39018
3.60117
3.42274
2.71241
3.23971
2.57366
2.94759
3.27917
3.44762
3.05988
2.89269
3.30348
3.00707
2.65684
3.43184
3.09906
3.53916
2.82358
3.24206
4.06005
2.82297
3.34429
3.99964
2.90208
3.07453
3.19814
3.21405
2.79478
3.01837
2.18509
3.08925
3.09552
3.26069
3.23215
3.12221
2.97273
3.15848
2.95992
2.58431
3.01893
3.31931
3.61074
3.41325
3.20945
2.87355
3.54654
3.01578
3.06257
2.93647
3.33107
2.81369
2.97085
2.62686
2.76938
2.98865
2.5571
2.82499
3.19713
3.20741
3.06061
3.1711
3.03615
2.28658
2.66456
2.89271
2.64329
2.55187
2.91753
2.41202
2.72677
3.34275
2.91578
3.55031
3.48524
3.77677
2.42592
3.05291
3.68095
3.22432
3.04002
2.96436
3.12962
3.82904
2.4929
2.98432
3.29449
3.11831
3.01146
3.01569
3.55027
3.31855
