2.20888
3.01913
2.5856
2.54778
2.63904
2.84333
2.77741
2.88093
1.98198
2.9276
2.9605
3.32625
2.58774
2.20914
3.11811
2.8095
2.71861
3.22332
2.67645
2.77579
3.34249
3.42284
3.45103
3.0595
3.13838
3.70884
2.95705
2.9384
3.0736
3.29125
3.67774
3.84217
3.958
3.56331
3.24931
2.41975
2.8213
3.10055
2.21895
2.95852
3.34345
2.49375
3.30962
3.36259
2.97617
3.10484
2.64981
2.36999
2.52347
2.48147
2.95294
2.74411
2.14077
3.14262
3.06188
3.22571
3.85502
2.27802
3.58418
3.07536
3.41234
3.36187
3.59007
3.36406
2.99066
2.76842
3.39613
3.05771
3.47196
3.48518
3.29831
3.13302
3.16557
3.07939
3.37165
3.40923
3.1522
3.06366
3.04341
3.43376
2.85491
2.65285
3.03501
2.94456
3.0338
2.87523
3.1175
3.72542
2.96748
3.34685
3.76123
3.30097
2.82133
4.23353
2.5366
3.08383
3.26953
3.11684
3.62654
3.60709
3.74559
3.94355
3.25647
2.9232
3.17064
4.41746
3.40347
3.28336
3.46284
3.20749
3.50371
4.02137
3.40377
3.26665
3.70682
3.13151
3.05033
2.8618
2.29015
3.16903
2.82657
3.7262
4.32038
3.60651
3.48289
3.33454
2.7161
3.78048
3.32344
3.45932
3.83156
3.87916
3.45044
3.274
3.30295
3.21652
3.60775
3.69947
3.21411
2.95171
3.12534
3.2161
3.65631
2.9795
3.24508
3.13273
3.21333
3.17621
3.13309
2.99952
2.85243
2.77399
3.29159
3.15953
2.71777
2.90387
3.03512
3.43143
3.2212
2.91788
2.93427
3.04638
3.69085
3.79921
3.50822
2.88742
3.6196
3.97866
3.17869
2.89338
2.49997
3.39768
3.3977
3.06393
3.67071
3.13774
3.53584
3.19639
3.25134
3.50768
2.09533
2.9553
2.8699
2.60301
2.70973
2.7789
3.24143
2.89969
1.87121
3.06891
2.76328
3.32386
2.64448
2.13241
2.55256
2.85227
2.70875
3.50148
2.78699
2.62759
3.07483
3.20172
2.98904
3.05472
3.20964
3.59047
3.14298
3.47865
3.37699
3.30247
3.40584
3.51095
4.04461
4.08416
2.97808
2.58392
2.86437
3.19033
2.24325
3.25143
3.15703
2.67991
3.44982
3.06891
2.78281
3.23281
2.82228
2.6925
2.73234
2.68167
2.69869
2.5818
2.22421
3.0656
2.89872
3.03692
3.70583
2.74168
3.10831
3.2847
3.22409
3.71706
3.89625
3.11678
2.86256
3.16575
3.15967
2.99601
3.50854
3.65631
3.23044
3.31313
2.89924
3.46195
3.13492
3.30822
3.44295
3.23748
3.01905
2.89972
2.59389
2.67107
2.86982
3.04749
2.94703
2.72713
3.17938
3.62695
3.02087
3.46453
3.45399
3.71086
2.64212
3.87231
2.73334
3.06519
3.07587
3.00412
3.12539
3.45891
3.19562
4.0184
2.89359
2.91232
3.32964
4.41327
3.75639
3.426
3.84874
3.64755
3.31164
4.23803
3.8916
3.54738
3.7457
3.18806
2.88669
3.49272
2.1305
2.97858
3.30678
3.78208
3.80185
2.61466
3.36756
3.61991
3.03703
3.66456
3.26815
3.36789
3.81291
3.68675
3.50401
3.36891
3.34755
3.40991
3.32177
3.03281
3.16297
3.07168
2.6831
3.07218
3.2645
2.95201
3.00568
2.87772
3.28821
3.46365
3.38311
3.01778
3.18227
2.64165
2.89473
3.24621
2.81148
3.14925
2.97461
3.212
2.878
3.09222
2.68992
3.60627
3.86041
3.45125
3.69546
2.74485
3.4013
3.3032
3.08813
2.98896
2.45824
3.34244
3.26472
2.53833
3.30708
3.06224
2.8775
3.08582
3.25412
3.73947
