1.87567
3.21259
2.667
2.10176
2.45275
2.6242
3.32125
2.79448
1.74391
2.73259
2.51625
2.68393
2.12321
2.65284
2.99868
2.45494
2.5963
3.11898
2.409
2.74074
2.55637
2.86433
2.6781
3.22383
3.14004
3.68604
2.97298
2.89252
3.14991
3.33825
3.10686
4.30349
3.71
3.76748
3.14457
2.56956
2.89712
3.05815
2.62497
2.95939
3.23281
2.38428
3.13496
3.34139
3.16318
2.76831
2.97304
2.43538
2.9314
2.68165
2.46297
2.50078
2.10388
2.968
2.9307
3.20263
3.57315
2.1986
3.5156
2.90464
3.74012
3.46694
3.78687
3.89814
2.72449
2.89375
3.14511
3.00704
3.83572
3.88038
2.96907
3.47837
2.83175
3.02369
3.21404
3.30254
3.30396
2.92353
2.89873
3.17742
2.62241
2.81403
3.12867
3.10389
2.84447
3.1941
3.27638
3.46381
3.0462
3.42007
3.61551
3.31564
2.98841
3.91244
2.78278
2.84359
3.22402
3.07557
3.00385
3.64604
3.3227
3.50043
2.71829
2.74502
2.70563
4.05593
3.08974
3.44757
4.06725
3.80044
3.59703
4.58357
3.11941
3.15733
3.35585
2.74018
2.74433
3.16191
2.28707
2.85969
2.16343
3.20037
3.6034
3.05405
3.50986
3.07241
2.8027
3.22483
3.03614
3.25271
3.73603
3.28292
3.18014
3.16606
3.50465
2.9373
3.24146
3.00376
2.9512
2.76346
2.84382
2.7403
3.04554
3.12508
2.77997
2.60035
3.04692
3.08117
3.09633
3.22287
3.2879
2.46695
3.18183
2.68979
2.48353
2.75128
3.35311
2.34765
2.99866
2.60641
3.1216
2.92787
3.14419
3.68419
2.89059
3.65103
3.7403
3.4783
2.93293
2.75463
2.82788
3.9387
3.14993
2.92203
3.31245
2.94783
3.33228
3.1609
3.29763
3.47329
2.05924
2.82362
2.49297
2.34526
2.5591
2.63676
2.94033
2.88173
1.96202
2.93156
3.02014
2.97338
2.30612
2.9316
2.60743
2.51246
2.44392
3.2028
2.76874
3.1474
3.02337
2.72501
2.77673
2.99837
3.07449
3.51642
2.65385
3.21948
2.72318
3.39586
3.07959
3.99914
3.85569
3.89338
3.05935
2.69972
2.73662
3.21366
2.68272
3.37237
3.18747
2.7236
3.47311
3.06141
2.80195
2.49284
2.56811
2.58726
2.63531
2.64591
2.54635
2.5207
1.97101
2.69547
3.22826
3.57433
3.35772
3.03779
2.76379
3.3838
3.94627
3.51865
4.08987
3.61533
3.7305
2.61632
3.03237
3.2083
4.03228
3.3757
3.36032
3.71839
3.02942
2.93414
2.88232
2.72435
3.36028
3.07508
2.9357
3.02945
2.9265
2.67606
2.97731
3.15713
2.85097
3.06298
3.12965
3.35581
2.90443
3.33456
3.50143
2.99631
2.86713
2.99565
2.75863
2.98628
2.62043
2.96587
3.08254
3.24638
3.42563
3.11202
2.68843
2.89936
3.14325
4.33301
3.14057
3.54893
3.72733
4.11
3.63845
4.18662
3.41072
3.10992
3.38578
3.0496
2.56508
3.42477
2.54536
3.23519
2.32799
3.39486
4.1503
3.01234
3.32065
3.06856
2.88765
3.39666
2.98237
3.12206
3.9064
3.74251
3.39398
2.93531
3.57687
3.37389
3.07513
3.3094
2.8389
2.69702
2.75845
2.71676
3.2112
2.70824
2.62637
2.67621
3.52791
2.95523
3.04806
3.06223
3.08776
2.50471
2.83572
2.68564
2.54631
3.25012
2.88165
2.75064
2.99921
2.64113
3.16676
2.73046
3.24392
3.75226
3.42344
3.23443
3.65218
3.46088
3.12843
3.12838
3.04627
3.50861
3.35131
2.50805
3.25798
3.47371
3.54836
3.24096
3.49681
3.61049
