1.75317
2.75037
2.56967
2.00087
2.34894
2.72133
3.31214
2.93746
1.74659
2.84839
3.40018
3.1847
2.35468
3.04678
2.67761
2.75969
2.89103
3.44907
2.83573
2.50255
3.44366
3.60193
3.22566
3.41395
3.41654
4.12174
3.14665
3.19949
3.1316
3.5548
3.20804
3.96032
4.11291
3.73673
2.86118
2.95445
2.91963
3.23502
2.95012
3.16786
3.40359
2.50875
4.17196
3.78029
3.01704
3.15535
2.82763
3.23446
2.77367
2.60126
2.32259
2.55634
2.285
3.30977
3.36578
3.88243
4.07497
2.54622
3.40539
3.48679
3.6524
3.66715
4.40095
2.95966
2.89086
3.22925
3.17205
3.07122
3.80787
3.87564
3.27616
3.0263
3.08923
3.15124
3.11751
3.09714
3.20376
3.37355
3.14636
2.97571
2.74695
3.01122
2.79827
2.97912
2.77758
2.89395
3.04158
3.4123
2.52636
2.90529
3.17485
3.10898
2.57133
3.50434
3.1894
3.11654
3.73413
3.01819
3.54907
3.49009
3.81937
3.04276
2.73299
2.88068
3.18136
4.18117
3.04099
3.20155
3.89007
2.35954
3.2873
3.67748
3.10208
2.99027
3.27397
3.03092
2.76428
3.32476
2.17825
2.9652
3.245
3.43388
3.88264
2.91048
3.33685
3.7069
2.9866
3.28733
3.39933
3.77188
3.54992
3.73592
3.54608
3.62904
3.36846
3.32945
3.12358
2.79518
3.32144
3.3653
2.85447
2.78549
3.34513
2.85128
3.06198
2.66743
3.30794
3.01969
2.99433
3.14268
3.19063
2.73697
3.29747
3.32096
2.56038
3.10342
2.77371
2.74177
2.68054
2.54951
2.61204
3.1069
3.37114
3.40273
3.71974
2.71356
3.35938
3.26745
2.86178
2.87068
3.22344
3.49187
2.94633
3.57013
3.52696
3.00728
3.60354
2.50847
3.38148
3.51435
1.7623
2.70607
2.87495
1.94461
2.1827
2.56487
3.45536
3.09648
1.84877
3.19436
2.98539
3.41515
2.13403
2.66219
2.50161
2.80013
2.60337
3.11587
2.56387
2.86233
3.03188
2.85415
3.12088
3.14584
3.08832
4.35761
3.14154
3.60673
3.40253
3.05927
3.30757
3.46923
3.83308
4.16372
3.21722
2.51094
2.91328
2.96332
2.63438
3.61282
3.29142
2.70052
4.02175
3.4429
2.83925
3.25534
2.81658
2.77817
2.42755
2.55448
2.28754
2.63323
2.35175
3.12627
3.17353
3.31258
3.53363
2.53229
3.17264
3.7306
3.73718
3.62296
3.86389
3.16158
2.90024
2.68863
3.43962
3.22363
3.37309
3.36631
2.96296
2.98591
2.98525
3.13874
3.13236
2.77592
2.85543
3.08969
3.16513
3.23439
2.96943
2.89053
2.91806
2.94958
2.63738
3.02359
3.14601
2.98027
2.81576
2.65559
3.2286
2.85761
2.31605
3.23346
2.83671
3.15937
3.59635
3.40238
3.3188
3.81132
3.43972
3.39108
2.55899
3.09412
3.30633
3.64217
2.96874
3.15618
3.78436
2.60845
3.56083
3.09091
3.84314
2.95602
3.41658
3.05776
2.82878
3.64622
2.59316
2.70537
2.51677
3.91358
3.78537
2.85034
3.30909
4.04102
3.48732
3.46553
3.35834
3.21164
3.33834
3.61995
3.79362
3.53233
3.14372
2.74246
3.25596
3.19805
3.07271
2.9593
3.32103
2.62322
3.13292
2.94535
2.88504
3.05397
3.615
2.91193
2.88005
2.97249
3.13501
2.85939
2.67575
2.85022
3.13041
2.59238
2.93479
2.62802
2.9304
2.77892
2.75883
3.05565
3.74138
3.64479
3.10018
3.06934
3.67989
3.5496
3.14588
3.17266
2.95545
3.62131
3.22901
2.7108
3.47209
3.03758
3.58439
2.76411
3.74974
4.32832
