2.21547
2.66101
2.82522
2.64088
2.61683
2.94417
2.90345
2.93861
1.77087
3.23623
2.82165
3.0416
2.66564
2.9804
3.30773
2.80681
2.80875
3.51939
2.74916
2.77918
3.11838
3.28148
3.09782
2.90914
3.08654
3.38161
3.40065
2.72938
2.72102
3.33256
3.61665
3.74454
3.55777
3.41546
3.27176
2.75048
2.87811
3.30721
3.41747
3.24934
3.31932
2.82292
3.59608
3.45025
2.75384
3.32948
2.94032
2.64445
3.27565
2.64641
2.67348
2.46805
2.35811
3.0596
3.3063
3.25214
3.48683
2.90278
3.56668
3.11591
3.67986
3.7469
3.67347
3.42507
3.15546
3.12988
3.14027
3.11716
3.70685
3.73437
3.61209
3.70846
2.96949
3.47456
3.62724
3.5023
3.45527
3.1689
2.92877
3.0274
3.00616
2.97371
2.97031
3.18219
3.07334
3.07409
3.52168
3.40711
3.04546
3.30257
3.50773
4.04891
2.9934
3.24108
2.60448
3.21301
3.13546
3.13891
3.34169
3.1364
3.21059
3.62009
2.75583
2.82648
3.40434
4.39339
3.25124
3.77875
4.03812
3.62816
3.5411
4.40234
3.56156
3.16379
3.76123
3.06796
2.84623
3.00473
2.2393
2.83839
2.86585
3.83606
4.19616
2.97891
3.68336
3.31651
3.16453
3.09383
3.12932
3.06377
3.9041
3.76589
3.39763
3.58989
3.75707
3.40618
3.06607
3.13894
3.15562
2.91074
2.78884
2.63679
3.34161
2.5983
2.92049
2.77317
3.23798
3.559
2.87756
3.15312
3.53395
3.25096
3.25657
3.37079
2.90883
3.0716
2.54508
2.99487
2.96793
3.45843
3.01192
3.01291
3.41739
3.51981
3.21249
3.86038
3.62376
3.76901
3.20921
2.88999
3.49486
3.91586
2.75408
2.8725
3.63283
3.28994
3.53601
3.14003
3.54624
3.46013
2.13938
2.73316
2.70475
2.33391
2.51984
2.84739
2.78722
2.95305
1.98933
2.86257
2.55086
3.25791
2.65013
3.03037
3.24935
3.16699
3.01129
3.26032
3.03433
2.32897
3.82429
3.52865
2.96395
2.67228
3.39379
3.39243
3.05157
3.50233
3.21012
3.40155
3.60447
3.62213
3.65099
4.07879
3.32897
2.76902
2.83133
3.35513
2.93022
3.40514
3.23139
3.25426
3.94279
3.43992
3.28454
3.16844
2.83627
2.63654
2.81535
2.79123
2.85586
2.73893
2.12972
3.38535
3.31811
3.29751
3.42494
2.40935
3.11354
3.68886
4.00297
4.05077
3.54043
3.15218
3.38795
2.86139
3.54767
3.1366
3.77719
3.88361
3.37852
3.81363
3.27615
3.09859
3.26411
3.07888
3.14882
3.07347
2.99679
3.07157
2.90675
3.1183
3.27814
3.29036
3.20396
2.94466
3.20028
3.44765
3.33345
3.19704
3.50983
3.8377
2.63344
3.43713
2.94332
2.94972
3.08193
3.29323
3.1138
3.24652
3.54682
3.20012
3.02284
2.95665
3.30366
4.11764
3.94738
3.48306
3.94851
3.84249
3.43459
4.40202
3.18913
3.09145
3.08731
3.18739
3.26953
2.44211
2.24262
2.85985
2.91205
3.7833
4.28011
2.98506
3.74219
2.968
3.4062
3.11408
3.28459
2.89578
3.9971
3.76895
3.38598
3.49976
3.29443
3.51498
3.05447
3.01209
3.17172
2.92666
2.84739
2.94661
3.34269
2.99488
2.91504
3.32143
3.03128
3.43348
3.2697
3.31222
3.59926
3.08837
2.20867
2.60664
3.07122
3.33324
3.3357
2.72813
2.72403
2.56341
3.15802
3.90398
3.56083
3.89529
3.85419
3.45864
3.63637
3.31943
3.31247
3.06327
2.85313
3.09213
3.11875
3.32511
3.52146
3.26485
3.52103
3.09133
3.87678
3.73024
