1.89303
2.88493
2.56068
2.34207
2.41241
2.59677
2.96018
2.81813
1.79891
3.02457
2.79024
3.27294
2.47803
2.12459
3.05839
2.88774
2.91554
3.13965
2.72997
2.20892
2.98285
2.93856
2.94312
3.03784
3.35327
3.90725
2.74454
3.08827
3.23534
2.88961
3.5353
3.68497
3.42772
3.71054
3.10053
2.6156
2.66681
3.11663
2.69131
3.37358
2.96527
2.65887
3.75004
3.25697
2.99814
2.92798
2.61062
2.85536
2.78685
2.85357
2.89045
2.80081
2.21179
3.24944
3.15321
3.28119
3.18843
2.06264
3.5387
2.92799
3.63501
3.4904
4.02339
3.26355
3.07769
3.19848
3.34466
3.34527
3.54518
4.12967
3.44025
3.26104
3.16572
3.5024
3.30013
3.116
3.16892
2.7183
2.90676
3.14126
2.88573
2.81564
3.18263
3.28031
3.25213
3.18622
3.24976
3.29345
2.95269
3.4462
3.71462
3.32601
2.85811
3.05567
2.43677
3.20688
3.11538
3.25806
2.95385
3.42285
3.35825
3.19627
3.08799
2.85121
2.78362
4.00778
3.16657
3.48267
3.58134
2.85909
3.66909
3.85742
3.3734
3.10567
3.65935
3.07832
3.02068
3.24412
2.16967
3.22689
2.83152
3.75468
3.32903
2.89752
3.42453
3.56862
2.52857
3.19877
3.42013
3.70791
3.87437
3.62136
3.31185
3.19817
3.34918
3.24254
3.45186
3.12391
3.0446
3.00333
2.83904
2.98808
3.15792
2.99067
3.02421
2.97525
3.27873
3.21129
3.1863
3.05937
3.37857
2.75783
3.20979
3.07604
2.76471
3.12636
3.15064
2.59464
2.66318
2.78091
3.20943
2.85249
3.33517
3.99185
3.46402
2.89715
3.6468
3.27829
3.19192
3.06012
3.21007
3.36235
2.99014
3.05337
3.29121
3.49288
3.36244
2.92499
3.19647
3.66059
1.78601
2.89248
2.26255
2.11668
2.4114
2.78725
2.97663
2.95915
1.92526
2.87116
2.94015
3.43577
2.30903
2.8001
3.12159
2.6741
2.90944
2.89985
2.93342
2.27153
2.61504
3.1745
2.70776
3.31295
3.27816
3.52634
3.14169
3.63641
3.53742
3.1614
3.47241
3.84374
3.08826
4.03897
3.24354
2.98426
2.93893
3.07931
2.83112
3.22559
3.36275
2.75193
3.54409
3.51606
2.96083
3.11167
2.82401
2.61027
2.73406
2.86466
2.75253
2.51999
2.15593
3.30706
3.04182
3.49114
3.29255
2.24636
2.78708
3.24271
3.58608
3.27014
4.11469
3.16849
2.73794
2.99966
3.45626
2.99482
3.71089
3.52872
3.35491
3.33564
3.31018
3.19046
3.08385
3.45998
3.30177
2.90897
3.19584
3.12428
2.92601
3.04666
3.59181
2.9908
2.99469
3.17102
3.23827
3.31701
3.21354
2.85835
3.94986
3.23766
2.69711
4.04611
2.73562
3.05214
3.20579
3.4435
3.29876
3.82799
4.02049
3.5319
2.80541
3.03715
3.62841
4.51516
3.56662
3.07883
3.65644
3.72123
3.69361
3.67213
3.32151
2.66302
3.41684
2.72379
2.78462
3.11615
2.27633
3.27809
2.61199
3.91587
3.42448
2.9253
3.10438
3.66917
3.66308
3.0047
3.20327
3.21121
3.74161
3.71755
3.30142
3.75068
3.24044
3.23358
3.2914
3.10078
3.85413
3.43614
2.84877
2.52228
3.64998
2.69057
3.04897
2.95801
3.32442
3.54496
3.16238
3.39604
3.28408
2.42013
3.12183
3.20304
3.38989
2.55453
2.82228
2.92989
2.73406
2.65186
3.03964
3.76221
3.40973
3.36613
2.55428
3.03911
3.80657
3.68281
3.46087
3.06019
3.13683
3.30728
3.20454
2.74567
3.18963
3.17628
3.3371
2.85596
3.61155
3.29284
