2.10416
2.9749
2.36805
2.3761
2.66481
2.83528
3.11106
2.90305
1.70543
3.02606
3.21338
2.8956
2.67222
3.16401
2.73237
2.94885
2.82802
3.42116
3.15796
2.66534
3.32313
3.10987
2.91578
2.92854
3.25288
3.83879
3.14576
3.15488
2.57214
2.84225
3.57046
3.72479
3.25502
3.24872
2.87322
2.58485
2.63291
2.87455
2.54871
2.99382
3.08045
2.72975
3.37407
3.24526
2.85803
2.57222
2.44578
2.58579
2.58513
2.76076
2.40516
2.47716
2.0829
3.19873
3.11592
3.40661
3.52227
2.16754
3.63435
3.27156
3.27523
3.60769
3.84949
3.05628
3.38787
3.19053
3.02639
3.31703
3.43772
3.67713
3.4778
3.26223
3.11614
3.12323
3.37331
3.81078
3.4405
3.12602
3.19604
2.87677
3.20974
3.09072
2.89467
3.45773
3.51111
3.27896
3.50009
3.90005
3.27364
3.69993
3.7336
3.62388
2.87235
3.61431
2.71687
3.08784
3.16598
3.66889
3.13943
3.11584
3.67204
3.25424
3.1207
3.02384
3.14374
4.07865
3.25536
3.56933
3.58524
2.35257
3.50971
4.2858
3.26659
3.25544
3.34998
2.84244
2.73396
3.07531
2.3397
3.07382
3.34202
3.85206
4.42002
2.84966
3.49034
3.56234
3.11139
3.43924
3.14728
3.47959
4.26268
4.02415
3.63071
3.47386
3.30938
3.2479
3.46971
3.14918
3.0454
3.45452
3.2678
2.76108
3.12611
3.01373
2.8107
3.1352
3.18295
3.11155
2.9611
3.10156
2.93252
2.79669
2.84642
3.00311
2.96139
3.29022
3.1902
2.75967
3.27466
3.07579
2.67326
2.85599
3.60018
3.38008
3.39042
3.05313
4.27482
3.40132
3.01975
3.03124
3.42851
3.77122
2.72651
2.55815
3.42488
3.53763
3.80605
3.24556
3.39121
3.49861
2.22247
2.93486
2.4433
2.5568
2.70869
2.87895
3.54898
2.82866
1.84488
2.75158
2.95195
3.25942
2.75112
3.33637
2.82858
2.97546
2.62915
3.60899
3.17705
2.87726
3.05177
3.56577
2.98525
3.04251
3.12982
3.55183
2.96802
2.99814
3.1567
2.99144
3.33583
3.43385
3.40007
3.68745
3.09464
2.38355
2.64821
3.17999
2.41401
3.39007
3.04585
2.45086
3.48389
3.51636
2.80582
2.65036
2.45584
2.35914
2.95188
2.65404
2.49312
2.53846
2.01642
2.93169
3.15312
3.30381
3.88227
2.64541
3.55856
3.36958
3.33322
3.84833
3.83417
2.90905
3.026
2.99201
3.22935
3.15706
3.5228
3.57657
3.23631
3.41728
3.08376
3.27375
3.16525
3.57528
3.56537
3.1433
3.11434
3.00164
3.01367
3.03732
3.10994
3.36437
3.15278
3.06133
3.03447
3.48089
3.04626
3.27379
3.76625
3.55844
2.82636
3.9248
2.66401
3.09987
3.03675
3.20206
3.09328
3.16791
3.39494
3.3891
2.69625
2.96837
2.82043
4.33853
3.37548
3.52853
3.87178
3.25972
3.74808
4.04498
3.64603
3.36571
3.2806
2.91259
2.72216
3.18076
2.61156
3.16476
3.02987
3.94304
3.7802
2.9285
3.42297
3.56135
3.31155
3.18275
3.0057
2.96127
4.05258
3.66807
3.53835
3.50127
3.36959
3.4404
3.72209
3.066
3.09146
3.13585
3.5533
2.87146
3.58814
2.89509
2.80338
2.98889
3.06921
2.90631
3.19808
2.9967
3.14814
2.68674
2.61248
2.87775
2.86205
3.02883
2.87639
3.00906
3.06922
3.09722
2.96793
3.67745
3.52195
3.35211
2.7029
3.47277
3.98561
3.4852
3.45908
3.13767
3.21086
3.65675
2.7093
3.23014
3.36902
3.22555
3.51762
3.31233
3.57904
3.68016
