2.09796
3.20516
2.66832
2.29135
2.52027
2.85115
3.53591
3.00299
1.89075
3.19396
3.38003
3.08805
2.67454
2.4302
3.12865
2.52856
2.73949
3.25182
2.65734
2.88872
3.72445
3.24181
3.12763
2.7681
3.473
3.71878
3.13266
2.99914
3.25875
3.35752
3.63692
3.87793
3.70947
3.59719
3.05555
2.65305
2.94975
3.14658
2.7601
3.29277
3.26518
2.82525
3.9194
3.38112
3.39752
2.89746
2.89285
3.09335
3.1039
2.70411
2.71669
2.76407
2.19652
3.15
2.86672
3.71853
3.79115
2.44284
3.55144
3.23715
3.18967
3.74946
3.77625
3.37553
3.15926
3.1489
3.48298
3.19842
3.61275
3.67462
3.64416
3.38986
3.15232
3.03037
3.33126
3.42797
3.59641
3.13717
3.2734
3.29368
3.19859
3.39088
3.202
3.03282
3.25774
3.0917
3.37016
3.69785
3.02768
3.11697
3.30329
3.5184
2.91787
3.83314
2.98714
3.03386
3.19033
3.50304
3.1097
3.52185
3.33222
3.42564
3.00465
3.10489
3.02013
3.95674
3.23425
3.6519
4.41635
2.14722
3.55543
3.98749
3.77507
3.53389
3.4507
3.01669
2.94169
3.2396
1.92354
3.11212
2.73636
3.68067
3.5532
3.28658
3.72923
3.91136
2.98285
3.48265
3.317
3.55776
3.81882
3.99624
3.45382
3.38109
3.38015
2.73131
3.44912
2.82602
3.16074
3.22146
3.50017
2.82098
3.05502
3.50048
2.98652
2.93993
3.77838
3.23546
3.13696
3.17458
3.22553
2.582
3.31641
3.36939
3.0189
3.38349
3.11301
2.74741
3.04106
2.76965
2.94433
3.02138
3.93854
3.63661
3.5707
3.18117
3.22156
3.60172
3.25204
2.9965
3.23663
3.45529
2.73385
2.61908
3.51291
3.47846
3.54907
2.74074
3.45819
3.18415
2.09909
3.14131
2.90296
2.39366
2.72561
2.78707
3.55824
3.07715
1.77201
3.01071
2.91646
3.22604
2.33281
2.87965
2.80984
2.41545
2.45105
3.40225
2.59384
2.7764
3.01608
3.0345
3.10523
2.87928
2.94472
3.83862
3.20789
3.58138
3.2051
3.4774
3.2864
3.56612
4.33654
3.82856
3.0744
2.62119
2.91106
3.27609
2.76613
3.5229
3.54003
2.84791
3.48121
3.37815
2.87136
2.85945
2.89298
2.77592
2.96498
2.55268
2.74885
2.67778
2.44305
2.97628
3.2349
3.06739
3.63984
2.52154
3.26716
3.40549
3.44938
3.47175
3.77183
3.40663
3.65521
3.20584
3.11129
3.13416
3.71224
3.95919
3.45504
3.37615
3.01517
3.04164
3.33707
3.13956
3.49973
3.17655
3.05016
3.28322
2.76364
3.24279
3.20173
3.09999
3.32831
2.89692
3.3617
3.41645
3.43291
3.41078
3.38771
3.34991
2.6272
3.75298
2.79481
3.21695
2.92655
3.14846
3.17585
3.56048
3.52462
3.62874
3.23407
3.07752
3.26958
3.94847
3.31418
3.30614
4.16754
3.35255
3.64719
4.46956
3.21599
3.26709
3.40302
3.03504
2.90235
3.34856
1.9914
2.83262
2.71008
4.185
3.62941
2.89974
3.73051
3.44971
3.12901
3.41783
3.21361
3.53472
3.99571
3.89187
3.38996
3.49067
3.2726
2.79448
3.25762
3.01574
3.14849
3.30267
3.01136
2.76901
2.97975
3.12926
2.97237
2.62396
3.73623
3.31449
3.02935
3.36578
3.2108
2.57591
3.51976
3.20257
3.09595
3.38032
3.04827
2.88426
2.80515
3.06728
2.998
3.69679
3.98434
3.57239
2.36248
3.3796
3.65047
3.43161
3.25209
3.195
3.03871
3.97247
3.01177
2.67259
3.35486
3.45203
3.48086
2.95638
3.46483
3.51933
