1.86044
2.77913
2.37411
2.22609
2.45199
2.78346
3.30138
2.86323
1.55159
2.97872
3.0916
3.21741
2.54845
2.76677
2.91382
2.46946
2.79268
3.10382
2.47914
2.83685
3.13309
2.81939
3.30899
3.06778
3.58425
3.56022
3.19729
2.95598
3.32166
3.09782
3.43442
4.17304
3.55644
4.11434
3.40435
2.68432
2.70574
3.26571
2.8114
3.02192
3.07745
2.47724
3.38166
3.46897
2.90654
3.17631
2.63526
2.46921
2.87183
2.76872
2.65788
2.49623
1.83009
2.93436
3.22999
3.52887
3.714
2.92162
2.90511
3.34521
3.99648
3.38711
3.63629
3.48098
2.65291
3.15859
2.88616
3.19223
3.489
3.69214
3.01891
3.04732
3.03903
2.96987
3.56389
3.27609
3.25721
2.75483
2.65282
2.82841
2.8429
2.80741
3.07002
3.14217
3.28789
2.81819
3.09021
3.57071
2.84467
3.43909
3.75863
3.10562
2.58921
4.29559
2.76968
3.03239
3.36385
3.44517
3.12121
3.59799
3.11175
3.62361
2.48869
2.83092
2.88734
4.31786
3.91905
3.20553
3.78801
2.71207
3.46658
4.13286
3.53574
3.02483
3.78757
2.99893
2.86383
3.41853
2.40565
3.02751
2.94072
3.5846
3.9455
2.77192
3.43417
3.67639
2.80532
3.17159
3.22722
3.82158
3.82417
3.625
3.37101
3.49135
3.11712
3.111
3.19332
3.07597
3.07788
3.00434
2.58098
2.48693
2.88253
2.78671
2.92861
2.68566
3.61932
3.10404
3.01089
2.99727
3.18536
2.34513
3.13062
3.14348
2.46608
2.9562
3.23427
3.00358
3.1163
2.86818
3.06469
3.13939
3.56027
3.83213
2.61888
3.22239
3.70782
3.24692
3.05017
2.59463
3.44621
3.96386
2.90293
2.7407
3.33767
3.03819
3.71328
3.46717
3.49185
3.12523
1.88413
2.73688
2.42147
2.23446
2.42737
2.87029
3.29112
2.92894
1.81113
2.71067
2.94702
3.27956
2.32647
2.94003
3.4309
2.30254
2.51369
3.27281
2.7224
2.75956
2.82999
2.71057
2.98562
2.63891
3.20174
3.59449
2.8277
3.15766
3.30246
3.05005
3.44872
3.95911
3.49514
3.83944
2.77211
2.51416
2.8374
2.96073
2.44995
3.14512
3.27774
2.41821
3.27185
3.35883
2.90336
2.55333
2.68425
2.62025
2.62373
2.74668
2.74234
2.4587
2.05973
3.1345
3.20196
3.67759
3.54163
2.58559
3.6959
3.43386
4.11826
3.35234
3.71905
2.90546
2.78569
2.59095
2.97011
3.17411
3.30691
3.86312
2.93384
2.94669
3.10586
3.50466
3.09039
3.14865
2.99537
3.12613
3.14303
3.07297
2.86312
2.79939
2.91546
3.03362
2.86628
2.96789
2.89932
3.60613
2.94683
3.23968
3.19375
3.52405
2.66271
3.75609
2.66697
2.92367
3.85383
3.30365
3.31723
3.58254
3.29161
3.34539
2.72434
3.05279
3.37374
4.44375
3.6625
3.33385
4.00813
3.78657
3.39829
3.9503
4.01975
3.05754
3.25481
2.86261
2.87266
3.40011
2.67962
3.09335
3.04084
3.74034
3.90134
2.96995
3.40561
3.93397
3.03598
3.08293
3.29597
3.51885
3.68071
3.46518
3.58923
3.59427
3.1947
3.13242
3.26349
3.12913
2.98667
3.21102
2.94145
2.48714
3.04169
3.05725
2.755
2.90965
3.27147
3.30642
3.12177
3.16574
3.01985
2.66565
2.80822
2.91015
2.94445
3.02499
3.00536
3.02471
2.96767
3.14638
2.70488
3.16855
3.59489
3.79032
2.83731
3.54019
3.58814
3.58005
3.06942
2.84827
2.77003
3.07894
2.87828
2.71218
3.70918
3.38106
3.68322
2.95059
3.02734
4.01721
