1.97607
2.85717
2.7034
2.40818
2.53386
2.88157
2.90504
2.97985
2.06139
2.84615
2.95533
3.05601
2.29263
2.56361
2.83993
3.28393
2.95612
3.39793
2.70379
3.18657
3.43006
3.41371
3.25139
3.25865
3.27643
3.84047
2.73221
2.92708
2.97815
3.31884
3.30667
3.50902
3.61397
3.953
3.05133
2.13349
2.56963
3.12663
2.35736
3.16718
3.26968
2.48424
3.4643
3.66929
2.68135
3.14826
3.12591
2.66873
2.86329
2.88049
2.78391
2.71195
2.18137
2.95071
3.09161
3.22827
3.5978
2.03608
3.50032
3.35368
3.857
3.08787
3.84044
3.09181
3.46264
3.08844
3.56384
3.12099
3.42044
3.43515
3.41676
2.99198
3.18165
3.30213
3.3701
3.5216
2.9521
3.08422
3.05576
3.06978
2.88773
2.79003
2.87613
3.07566
2.44385
2.82236
2.6837
3.50813
2.94613
2.93
3.59884
3.31318
2.67629
3.64583
2.82076
3.06798
3.15374
3.65115
3.27176
3.42653
3.84215
3.13231
2.80281
3.08387
3.36838
3.72807
3.20417
3.37579
3.92384
3.49475
4.14974
4.67523
3.4097
3.06377
3.29468
2.91903
2.85788
3.43917
2.4118
3.24583
2.84661
3.80007
3.62443
3.12279
3.12676
3.46739
2.84498
3.29208
2.98862
3.5443
3.72161
3.70067
3.2856
3.12479
3.13282
3.08117
3.4326
3.20319
2.96582
3.44619
3.22777
3.14053
3.45199
3.05598
3.0444
2.87686
3.77845
3.15882
2.94411
3.4203
3.51314
2.43551
2.64909
2.93808
2.6703
3.24626
2.69563
3.29978
2.85142
2.95256
2.9024
2.91736
3.5921
3.72518
3.84286
3.24857
4.13313
3.3071
3.20281
2.87725
2.98398
3.77236
2.99893
3.20192
3.4606
3.712
3.18745
3.14876
3.39895
4.06003
1.9292
2.93576
2.72829
2.40636
2.75293
2.69727
3.0963
3.02763
1.98386
3.21404
2.93345
3.33538
2.25655
2.70835
2.57138
2.80172
2.76957
3.239
2.8574
2.4188
3.19438
3.01284
2.89551
3.21722
3.23016
3.25002
2.87225
3.49854
3.09215
3.2254
3.22133
3.69736
3.17593
4.14138
2.82543
2.57943
2.90924
3.07824
2.50906
3.59077
3.29678
2.62951
3.18868
3.3658
2.91531
2.67231
2.71049
2.65693
2.97285
2.95648
2.64988
2.62184
1.95685
3.02857
3.49006
3.59221
3.53947
2.56985
3.51026
3.26608
3.12142
3.85443
3.81052
3.08004
3.14318
3.38645
3.33593
3.10708
3.72763
3.52915
3.54391
3.6449
3.1756
3.11317
3.12966
3.22429
3.38306
3.17312
3.32419
3.35097
2.91084
2.74048
3.0538
3.42231
3.09371
3.09545
3.30479
3.55769
2.75478
3.10755
3.28182
3.22387
2.28169
3.42558
2.70149
3.02469
3.07519
3.20818
3.49219
3.17475
3.62773
3.269
3.16677
3.10307
3.32699
4.24442
3.66499
3.54766
4.18267
2.702
3.55417
3.91473
3.8242
2.84495
3.27635
2.88396
2.72964
3.24891
2.47301
3.11396
3.0848
3.77881
3.65054
3.24018
3.36865
3.46639
3.31955
3.36367
3.07378
3.08051
3.61951
3.67404
3.45216
3.45449
3.09116
3.08651
3.48771
3.22725
3.01398
3.01026
2.65965
2.55411
3.10844
3.10849
2.88655
2.9661
3.11243
3.04044
3.3992
3.03232
3.2931
2.29541
2.45657
2.80608
2.89345
2.84023
3.17649
2.51238
2.57977
2.81236
2.8334
3.73196
3.54972
2.9183
2.46426
3.37297
4.26294
3.34767
3.38114
3.02024
3.06966
3.60055
3.40615
3.44413
3.27254
3.18368
3.94824
3.45053
3.23786
3.48626
