1.89737
2.83176
2.43182
2.15458
2.23274
2.56436
3.06365
2.84499
1.75022
2.56271
2.54684
3.02928
2.16339
3.15826
2.83299
2.62742
2.52437
3.07409
2.84775
2.34517
3.15839
2.69106
2.77947
2.93519
3.38212
3.4417
2.96498
3.50428
2.80731
2.84255
3.27655
3.87309
3.24301
3.10968
2.94501
2.38517
2.55408
2.90967
2.6497
3.04898
2.97287
2.41614
3.44588
3.20788
2.70124
2.34611
2.56902
2.61731
2.62502
2.54279
2.54362
2.40937
1.7615
2.63808
2.85919
3.29118
3.72612
2.11668
4.21607
3.11008
3.03336
3.29521
3.56913
2.97892
3.08619
2.62463
3.03519
2.74107
3.41368
3.28114
2.75355
2.7638
2.9972
2.77589
2.99645
2.8012
2.82068
2.90474
2.77707
3.026
2.55378
2.59322
2.80942
2.80088
2.55833
2.61288
2.79974
3.57454
2.52592
3.0093
3.03199
3.13143
2.562
3.42597
2.75113
2.82897
2.84351
2.77121
3.70657
2.99484
2.91481
2.88035
2.33528
2.8883
3.11739
4.10438
2.93626
2.96721
3.85766
2.96385
3.35953
3.60333
3.16775
3.03691
3.10122
2.68458
2.74603
3.61633
2.68978
3.56204
2.6137
3.25331
3.21329
3.37119
3.44868
3.26199
2.98863
3.18953
3.36041
3.58656
3.45193
3.43349
3.35086
3.34293
3.00297
2.91524
2.97716
2.76935
3.17675
2.86578
2.68629
2.55637
2.9419
2.90206
2.70058
2.9554
3.07421
3.24891
3.0088
2.93082
3.00397
2.66945
3.13287
3.12383
2.84457
2.90362
3.17923
2.64752
2.62295
3.04007
2.72807
3.09134
3.16139
3.36763
2.77168
3.22698
3.77331
3.26196
2.79678
2.76215
2.63315
3.50862
2.96942
2.72987
3.70272
3.1874
3.42759
2.4626
3.17362
3.64529
1.76669
2.73318
2.40274
2.18646
2.21817
2.47481
2.97777
2.88869
1.72818
2.79293
2.89441
3.06564
2.44126
2.84109
2.56633
2.48237
2.37641
3.13553
2.45111
2.60552
2.7669
2.79252
2.44107
3.16612
2.96487
3.41186
2.798
2.86715
2.83576
3.22141
3.28322
3.39916
3.2857
3.58882
2.94944
2.5471
2.55386
3.21082
2.69775
2.97997
3.44144
2.50049
3.20891
3.23876
2.55078
2.91177
2.73187
2.68156
2.71592
2.32024
2.6709
2.51056
1.84375
3.10574
2.98565
3.31463
3.59266
2.50371
3.10298
3.22477
3.06221
3.47282
3.35969
2.79668
3.03513
2.35572
2.8804
2.88533
3.3512
3.39788
3.05828
2.84736
2.92753
2.61856
2.96134
2.80429
2.80582
2.99281
2.77834
2.80165
2.38429
2.76586
2.76371
2.8477
2.77499
2.65914
2.78117
3.16353
2.82223
2.75897
2.88764
2.9728
2.36055
3.43623
2.81361
2.79017
3.23984
3.09035
3.40036
3.67592
3.22847
3.18703
2.43261
2.77508
2.68034
3.77611
2.85264
2.9975
3.53387
2.64785
3.26111
3.26959
3.67399
2.87189
3.37768
2.77637
2.69416
3.26926
2.81987
3.39066
2.47099
3.27972
3.86956
3.07383
3.54399
3.23299
3.20235
3.3943
3.1126
3.1039
3.60274
3.63425
3.19107
3.29785
3.00916
3.23117
3.11557
2.92109
3.0489
3.16754
2.53703
2.60441
2.9889
2.77582
2.72321
2.69569
3.17843
3.19744
2.89059
3.33782
3.04018
2.69017
2.36691
2.83389
2.91119
2.77163
2.95802
2.63406
2.66463
2.86888
2.85516
3.4333
3.29196
3.33511
2.90111
3.53915
3.28538
3.06839
2.9443
2.53991
2.59765
3.59685
3.06305
3.01117
3.24418
3.34818
3.45463
2.67271
3.2432
3.18709
