1.80283
2.92464
2.07977
2.1193
2.3975
2.65075
2.56297
2.95995
1.65772
2.90556
2.76621
3.26082
2.28049
2.74167
2.63904
2.74375
2.70945
3.23319
2.75541
3.08709
3.24175
2.74118
3.18532
3.13391
3.69077
3.63264
2.52645
3.10038
2.63524
3.11999
3.37847
3.24527
3.67442
3.49132
3.01887
2.10508
2.7952
3.04232
2.62206
3.04264
3.22882
2.42946
3.51322
3.35081
3.0108
2.84428
2.78725
2.75871
2.63273
2.62385
2.76533
2.56788
2.07717
3.08046
3.38337
3.37172
3.32705
1.90046
3.24639
3.60451
3.23625
3.68075
3.78544
3.1251
2.63062
3.49744
3.2864
3.16315
3.27507
3.12012
3.22153
3.0229
3.21701
3.14674
3.20549
3.02298
3.1529
3.03828
3.07314
3.32385
2.88766
3.25864
3.13872
3.17639
3.17763
2.96518
3.02647
3.11084
3.05577
3.75815
3.48683
3.43306
2.88802
3.76434
2.94196
3.05564
3.38473
3.27362
2.84913
3.26405
3.52269
3.49272
2.53162
3.14891
3.2036
4.11081
3.10137
3.31248
4.03012
3.13865
3.42022
4.29877
3.17251
3.20424
3.00271
2.85086
2.70978
3.33668
2.35462
2.99035
2.66888
3.79447
3.60063
3.11393
3.18479
3.2458
2.96491
3.12677
3.09532
3.76096
3.89188
3.67026
3.38691
3.5342
3.33727
3.04402
3.68467
3.00994
2.94917
2.82281
2.82617
2.84336
3.20236
3.15736
2.84781
2.79244
3.21604
3.2204
3.15141
3.08171
3.41408
2.45752
2.8223
2.9649
2.6529
2.91612
3.1514
2.45418
3.03733
3.16256
2.663
3.05569
3.26714
4.41998
2.98656
3.34388
3.45921
3.40029
2.83089
2.76607
3.14039
4.14169
3.03045
3.11108
3.39633
3.11571
3.61707
2.89922
3.81145
3.28761
1.7315
2.57573
1.98739
1.98319
2.6219
2.65061
3.37008
2.98866
1.78792
3.14972
3.00127
3.12151
2.32279
2.63694
2.68038
2.68581
2.60963
3.18466
2.50911
3.07236
2.75043
2.76397
2.64789
2.57262
3.23894
3.68074
2.84782
3.07134
3.03964
3.58612
3.5366
3.67846
3.50586
3.87015
3.137
2.11235
2.63592
3.10949
2.38906
3.35972
3.4998
2.52669
3.33546
3.34236
2.86311
2.79295
2.88138
2.77764
2.83058
2.62358
2.86976
2.7225
2.06402
3.24218
3.29147
3.42154
3.55211
2.52714
3.47233
3.21409
3.60964
3.67258
3.79509
2.80235
3.00297
2.83651
3.56366
3.06801
3.3718
3.67576
3.16334
3.10935
3.31895
2.99395
3.17091
3.30204
3.31253
3.03199
3.10837
3.30226
3.26098
3.03124
3.14199
2.90268
2.93567
2.94712
3.00994
3.20954
2.8884
3.28535
3.7117
3.66841
2.77297
3.40624
3.01318
3.04967
2.98569
3.21253
3.03184
3.71971
3.67118
3.51502
2.78151
3.13546
2.99545
4.11966
3.21631
3.5575
4.07971
3.59127
3.3094
4.20263
3.60444
2.9204
3.60638
3.44058
2.91321
3.10665
2.03533
3.03491
2.92695
3.96754
3.8649
3.02111
3.59693
3.43593
3.2623
3.27058
3.41585
3.48428
3.92492
3.72851
3.16453
3.39005
3.28982
3.27892
3.38695
2.73294
2.86786
3.02855
3.01668
2.54699
3.293
3.16478
2.87088
2.79701
3.6415
3.03594
3.27439
3.33124
3.11853
2.57132
2.70708
2.66533
2.70459
2.82304
2.92071
3.02023
2.68752
2.89109
2.85732
3.64894
3.32876
4.02801
2.89248
3.44818
3.54334
3.35793
2.9926
3.03336
3.16567
4.30757
2.33211
2.92428
3.46962
3.03856
3.68039
2.65171
3.37356
4.08319
