1.72693
2.67343
2.52201
2.32507
2.54633
2.69331
3.05232
3.10482
1.98663
2.97513
3.18486
3.50472
2.85675
2.91938
2.79868
3.03354
2.88667
3.12953
2.66919
3.15732
2.87086
3.22918
2.90811
3.28572
3.26129
3.50073
3.40892
3.28626
3.06046
3.16235
3.55013
4.01227
3.41272
3.94404
3.34145
2.87528
2.91668
3.25129
2.70719
3.41284
3.46699
3.35322
3.68947
3.63826
3.42059
3.16197
3.09675
2.98945
2.75251
3.29166
2.84094
2.69246
2.33946
3.61245
3.32537
3.45915
3.87609
2.47968
3.7362
3.61718
3.20565
3.30696
3.84696
3.0283
2.97449
2.86584
3.47059
3.10872
3.53134
3.64686
3.25023
3.05381
3.23436
3.12804
3.13487
3.43859
3.12335
3.20543
3.08928
3.32405
3.00209
2.93143
2.98614
3.01508
2.81638
2.89431
3.0137
2.9841
2.73447
3.33002
3.41422
3.03262
2.81392
3.85861
3.31828
3.0657
3.28437
3.39242
3.60046
3.57727
3.87292
3.21642
2.95076
3.11322
3.43201
3.81685
3.25166
3.39355
3.74268
2.10401
3.71082
3.01662
3.36661
3.25266
3.10939
3.25147
3.07474
2.77185
2.21777
2.99357
2.5764
3.40831
3.37753
3.69076
3.81301
3.26761
2.93808
3.01244
3.3219
3.67439
3.63544
3.91432
3.42468
3.39338
3.22797
2.96991
3.44423
3.33546
3.28763
2.98047
3.17408
2.6839
3.54315
3.07786
3.13769
2.82088
3.29877
3.56735
3.18188
3.20758
3.39714
2.65242
3.36333
2.9541
2.71963
2.79331
3.2036
2.9806
3.19885
3.25213
3.30624
3.51402
3.49136
2.97897
2.68072
2.86023
3.1771
3.44463
3.02981
3.21876
3.03343
2.74863
2.9922
3.36255
3.83668
3.43092
3.88784
2.77311
3.75148
3.33002
1.65702
2.8731
2.49269
2.37243
2.58376
2.9254
3.25342
3.01279
2.04314
3.22027
2.66995
3.25309
2.60256
2.76006
2.77207
2.81358
2.71531
3.40224
2.94802
2.69324
3.15616
3.16817
3.09928
3.03361
3.23883
3.78812
3.27672
3.57432
3.45781
2.95411
3.5547
3.7001
3.20189
4.04858
3.35473
3.00608
3.05451
3.23517
2.78805
3.25213
3.10142
2.96721
3.78773
3.36002
3.26941
3.05515
2.81023
2.61512
3.06771
3.03625
2.91165
2.73866
2.38513
3.10987
3.08377
3.64013
3.65258
2.44058
3.42209
3.3933
3.32493
3.92587
3.81961
2.77417
2.90432
3.00172
3.31498
3.12366
3.26821
3.56149
3.08816
3.11452
3.36821
3.35962
3.00362
3.33084
3.56265
3.61959
2.99854
2.9092
2.61574
3.08794
3.09708
3.05632
3.04346
3.07214
3.12061
3.27678
2.88574
3.12503
3.53689
3.16889
2.61417
3.5571
2.69826
3.23173
3.33152
3.19907
3.08355
3.73961
3.58055
3.66566
2.82366
3.14899
3.47585
4.04865
2.93251
3.27605
3.49077
2.8537
3.43458
3.71192
3.43552
3.03315
3.62367
3.29172
2.99757
3.28654
2.31327
2.87866
2.65481
3.23498
3.43924
2.84035
3.65071
3.08842
2.93507
3.42102
3.14721
3.32618
3.68033
3.77485
3.67011
3.21766
3.09927
3.49407
3.46222
3.08593
3.17013
3.39718
2.95866
2.5989
3.30528
3.1933
3.00498
2.99058
3.66574
3.05799
3.61053
3.19309
3.11329
2.6886
2.74503
3.08279
2.76893
3.43984
2.87474
3.11864
2.79963
2.6233
3.25174
3.97989
3.52407
3.2238
2.55106
2.90483
3.49033
3.52417
3.00916
2.98621
3.33177
3.88661
2.65051
2.63397
3.52281
3.02581
3.66963
2.52579
3.41192
3.13452
