2.04547
3.08491
2.22911
2.25742
2.61555
2.76604
2.66301
3.02428
2.01015
3.2443
2.91156
3.06123
2.66266
2.59487
3.11098
2.86689
2.51306
2.94629
2.66111
2.53287
3.00666
2.76299
2.44679
3.13142
3.43252
3.73636
3.22609
3.08219
3.35209
3.45335
3.71749
3.82899
3.70881
4.32106
3.2565
3.0799
2.69325
3.34792
2.85119
3.32369
3.22557
2.77743
3.44527
3.09487
2.96316
3.14611
2.86997
2.69824
3.07057
2.71921
2.97739
2.80867
2.12003
3.36698
3.07264
3.50086
3.34738
2.84113
3.64189
3.42363
3.30919
3.73177
4.03975
2.97044
3.45931
3.10411
3.17584
2.97257
3.48432
3.62099
3.04174
3.54045
3.02678
3.09366
3.15041
3.25144
3.24513
3.18455
3.16559
3.04478
3.04817
2.87402
3.02442
3.15801
3.36739
3.12597
3.22153
3.32475
3.12495
3.43593
3.61699
3.27584
2.81757
3.54435
2.88823
3.0184
2.9486
3.38721
3.41904
3.05832
3.20624
2.90443
2.19841
3.04214
3.21553
3.52699
3.44371
3.2893
3.4181
2.961
3.55947
4.57838
3.53277
3.23217
3.56929
3.11472
2.89468
2.9939
2.24048
2.94614
2.97917
3.45138
3.74644
3.51229
3.4435
2.74056
3.02092
3.43571
3.2181
3.29487
4.00755
3.92667
3.23212
3.50861
3.34541
2.83838
3.04965
2.78545
2.95181
3.00915
3.13013
2.5835
3.28859
2.87076
2.81093
2.8387
3.32255
3.25576
3.16205
3.25005
3.29681
2.81
2.46436
2.83967
2.57721
3.14716
2.72572
3.08869
2.83905
2.51449
2.94954
3.30414
3.83255
3.20776
3.55681
2.83641
3.53943
3.4397
2.85429
2.868
3.11839
3.86961
2.9484
3.26433
3.5465
3.26923
3.26472
3.07698
3.74867
3.43029
1.92314
2.67713
2.4971
2.29451
2.70103
2.7479
3.02173
3.08665
2.02328
3.13549
2.6145
3.31617
2.53134
2.86928
3.13188
2.6964
2.53974
3.03246
2.88609
2.71622
3.22763
3.40267
2.53995
2.64449
3.33367
3.60152
3.05317
2.9801
3.12714
3.10771
3.6361
3.51168
3.15202
4.11357
3.2272
2.58618
2.64248
3.30835
2.94405
3.25692
3.07273
2.67916
3.47896
3.14816
2.79097
2.93676
2.86038
2.84702
2.98221
3.15999
2.92008
2.66994
2.16652
3.4652
3.37814
3.23966
3.50427
2.88735
2.68775
3.26325
3.47815
3.19816
3.71983
3.10954
2.74804
3.38845
3.27019
3.06268
3.533
3.47996
3.36573
3.18552
3.22259
2.9871
2.9869
3.58665
3.40968
2.95275
3.2463
3.51135
2.97225
2.84814
3.10289
3.14906
2.95746
3.09131
3.09675
3.27119
3.04017
2.89153
3.40017
3.59659
2.72432
3.81265
2.76008
2.90697
3.31242
2.89052
3.47792
3.2127
3.37022
3.59937
2.87425
2.87255
3.47308
4.27448
3.69646
3.38393
3.8612
3.47104
3.8193
4.31744
3.55594
3.08507
3.67008
3.04748
2.77685
2.93814
2.31655
2.92737
3.42748
3.29845
3.65682
3.20158
3.54615
2.96495
2.9218
3.49886
3.29471
3.29644
3.9177
3.67144
3.21125
3.41405
3.55401
3.07681
2.92252
2.94135
3.03616
2.91805
3.02779
2.63171
3.11952
2.94378
2.89434
2.96422
3.35947
3.34082
3.26041
3.12322
3.23357
2.57854
2.52821
2.64448
2.54739
2.79486
2.74801
2.57181
3.19962
2.25376
2.87841
3.86013
3.23461
3.45228
2.97216
3.17365
3.75852
3.21225
3.43462
2.86354
2.93554
3.50326
3.22424
2.55835
3.40358
3.40158
3.42945
3.08599
3.59773
3.37956
