1.81966
3.07709
2.21823
2.02174
2.30115
2.60346
2.95708
2.95127
1.52038
2.7299
2.51995
2.9909
2.52849
2.73455
2.90714
2.59558
2.53915
3.24174
2.67452
2.50154
2.84811
2.49797
3.03695
3.19562
3.34904
3.38113
2.96372
3.02141
2.87103
2.95249
3.29997
3.93236
3.64959
3.84766
3.2323
2.90132
2.59219
2.96622
2.6152
3.13714
2.99104
2.39258
3.42699
3.38755
2.51185
2.78798
2.77829
2.6123
2.69558
2.75708
2.32776
2.52682
1.95392
2.85583
2.84423
3.28829
3.54156
2.62951
3.02089
3.09046
3.53433
3.22575
3.49999
3.19099
2.90395
2.74435
3.11537
2.92883
3.42902
3.26367
2.76085
2.80448
3.04986
3.1993
2.78635
3.08837
2.89977
3.09694
2.67771
3.12368
2.92804
2.86529
2.64243
2.89518
2.68957
2.86632
2.8807
3.21875
2.52676
2.74508
3.17977
3.09429
2.50429
3.42587
2.5668
3.05004
3.04432
3.31801
3.21417
3.47619
3.10221
2.99728
2.46461
2.85082
2.96679
3.53057
3.10607
3.22368
3.61611
2.6528
3.20251
4.26034
3.46475
3.02989
2.97815
2.90791
2.82929
2.88646
2.18036
3.01774
2.65177
2.9677
3.83386
2.86238
3.28134
2.85324
2.81324
3.14995
3.32846
3.32039
3.54445
3.83949
3.39077
3.22085
3.42484
2.57972
3.05762
2.85776
3.2314
2.76599
3.09426
2.49481
3.30554
2.90749
2.78418
2.82583
3.2844
2.95413
2.91547
2.96409
3.08917
2.73271
3.08586
2.79236
2.37632
3.14154
3.0545
2.93992
2.70666
2.85776
2.69036
3.18443
2.93376
3.48567
3.1595
3.08372
3.67149
3.30737
3.01115
2.66354
2.467
3.20012
2.57768
3.06933
3.36887
3.25329
3.10288
2.63249
3.54493
3.57882
1.75991
2.21579
2.26377
2.03725
2.40641
2.6943
3.24845
3.02745
1.76534
2.84211
2.6374
2.8009
2.54517
3.00922
2.8233
2.75768
2.60343
3.22736
2.89096
2.62449
3.02118
2.61206
2.56575
3.02975
2.96422
3.41101
2.91347
3.53906
2.60882
2.81243
3.3681
3.39551
2.77092
3.68617
2.86571
2.53374
2.42513
2.79502
2.68175
2.98869
3.10063
2.64347
3.06263
3.10978
2.68264
2.91018
2.69658
2.52621
2.67382
2.66332
2.66815
2.68771
1.97566
3.21694
3.00284
2.92079
3.20528
2.36042
2.56848
3.26409
3.331
3.46863
3.28257
3.10313
2.84804
2.96055
3.21156
2.85279
3.17203
3.26575
2.94536
2.80795
3.16949
3.44145
2.76361
3.03989
3.27994
3.02372
2.91832
3.1058
2.68647
3.18282
2.90821
2.83635
2.92235
2.93394
2.72003
2.89853
2.59417
2.53507
2.87515
2.94368
2.39078
3.47277
3.07496
2.97704
3.34657
3.64634
3.16693
3.41818
3.40867
3.46375
2.40874
3.19442
3.02786
3.94527
3.07543
3.19729
3.86011
3.28846
3.47555
3.77854
3.25269
2.9272
3.24279
3.07228
2.87887
2.9088
2.58597
3.0855
2.36669
2.97629
3.7179
2.82233
3.30375
2.76385
2.96588
2.97281
3.09978
3.06248
3.35832
3.63897
3.515
3.42266
3.56107
3.22595
3.316
2.88315
3.06446
3.0347
3.26254
2.64643
3.1454
2.90296
2.99056
2.92098
3.25848
3.2003
3.1627
3.24863
3.17036
2.68689
2.7993
2.78867
2.27758
2.91338
2.76796
2.8699
2.47196
2.44006
2.41155
2.99852
3.35308
3.35512
2.74383
3.35246
3.29934
3.24823
3.13866
2.70801
2.85975
3.22161
2.668
2.44917
3.2421
3.29804
3.41184
2.537
3.5247
2.90233
