1.99005
2.78017
2.56295
2.2998
2.67987
2.71803
3.34195
2.97682
1.86242
2.92986
3.16892
2.95125
2.47838
2.92651
3.00479
2.7715
2.7433
3.11093
2.70647
3.03674
3.30227
3.13078
3.09035
3.49933
3.2577
3.26469
3.25666
3.11048
2.82667
3.27713
3.36785
3.73823
3.33746
4.00465
2.92345
2.68821
2.72096
3.1677
2.68059
3.26837
3.30409
2.50019
3.18051
3.27264
3.06867
2.57465
2.69205
2.47873
2.78787
2.84998
2.54483
2.61208
2.15553
3.24727
2.94569
3.2558
3.31312
3.00396
3.25647
3.49267
3.1213
3.20907
3.65516
2.8976
2.94702
2.97534
2.96415
3.16401
3.29588
3.13532
2.87788
2.78318
3.04785
3.03785
3.09584
3.29627
3.15519
3.01491
2.89566
3.07537
2.76596
2.83782
2.86409
2.89635
3.05509
3.06983
2.75969
3.27192
2.81187
3.42783
3.48671
3.3498
2.58694
3.76897
2.62333
3.05695
3.0697
3.16208
3.02401
3.14177
3.01972
3.19382
3.4733
3.36635
3.55811
3.50181
3.83418
3.33656
3.47484
2.54463
3.27724
4.08475
2.9336
3.05566
3.06045
3.0359
2.79905
2.8445
2.2858
2.75281
2.57777
3.48273
4.00234
3.16552
3.34412
3.0954
2.98396
3.25244
3.11731
3.38193
3.64947
3.82261
3.21875
3.47729
3.09618
2.99232
3.42883
3.35752
3.28017
3.33316
3.2712
2.79017
3.27291
2.89916
2.97275
3.06958
3.40479
3.217
3.1529
3.07173
2.97687
2.67688
3.05201
3.30791
2.58704
2.78892
2.86282
2.79136
3.16989
3.20596
3.33806
3.53721
3.45727
3.14911
2.77728
3.30534
3.9904
3.53327
3.14699
2.89571
3.00471
3.57454
2.97856
3.17657
3.45984
3.27823
3.55302
3.11002
3.39371
3.48846
1.97329
2.66141
2.2733
2.32485
2.5945
2.74921
3.07637
2.88018
2.01603
2.81282
2.70645
3.2626
2.61434
2.75647
2.82377
2.7244
2.7565
3.23064
2.68135
2.63146
2.99117
3.04781
2.76212
3.13627
3.0767
3.26154
2.98603
3.30038
3.09255
3.23202
3.44217
3.97157
3.62009
3.44985
3.04112
2.61776
2.67138
2.95016
2.61111
3.0437
3.06453
2.69959
3.28492
3.27379
2.84921
2.51679
2.95103
2.89653
3.07645
2.73825
2.88546
2.61376
2.28238
3.31492
2.96492
3.10902
3.24814
2.85593
3.38016
3.38365
3.55236
3.61578
3.39639
3.56222
3.01597
2.71246
3.12313
3.11637
3.30415
3.02638
2.88837
2.7494
3.05107
3.11268
2.8934
3.29031
3.06918
3.01662
3.01302
2.66711
2.68733
2.85752
2.99853
2.78268
3.13236
2.73581
2.82183
3.06614
2.94831
3.02223
3.18962
3.42504
2.82705
3.40455
2.72504
3.06474
3.16314
3.58267
3.3448
3.33625
3.31633
3.16865
3.28602
3.22221
3.34516
3.58945
3.65448
3.37546
3.52753
3.04621
3.6533
4.29226
3.48518
2.85458
3.30107
3.25442
2.88314
2.89918
2.57621
2.74563
2.48615
3.3905
3.59902
3.17409
3.34928
3.4174
3.08218
3.16815
2.98346
3.25886
3.66169
3.75782
3.40846
3.31918
3.11576
3.18232
3.48425
2.97872
3.0683
2.72405
2.81551
2.71394
2.89686
2.71886
3.23374
2.86738
3.47841
3.13563
3.23115
3.18744
3.1317
2.82888
2.56142
2.95603
2.58106
2.78277
3.55155
3.51687
3.06653
3.02223
2.81825
3.41207
3.64787
3.10066
2.99175
3.37966
3.40107
3.46236
3.27376
2.85098
2.71997
3.51463
3.02652
2.92463
3.50598
3.08924
3.8431
2.85597
3.47242
3.7061
