1.72949
2.94108
2.7189
1.93407
2.40484
2.77256
2.97683
2.83335
2.01938
3.28213
2.82154
3.51104
2.48585
3.2547
2.67665
2.06211
2.59428
3.42566
2.57768
2.8104
2.56716
2.97412
2.5343
3.32566
3.15169
3.83309
3.07823
3.22112
2.90978
3.02976
3.13596
3.59572
3.50906
3.58109
3.52921
2.64502
3.11984
3.42225
2.85505
3.24143
3.15918
2.90232
3.61844
3.16871
2.82918
2.82892
2.93533
2.82183
2.76947
2.6963
2.88249
2.87444
2.04844
3.35367
3.3163
3.4382
3.69335
2.2796
3.70546
3.17363
3.7917
3.6215
3.81402
3.47823
3.13908
3.40676
3.43673
3.49911
3.71385
3.71882
3.24437
3.14166
3.20493
3.30436
3.36869
3.50829
3.23739
3.06656
3.25167
3.27909
3.12273
3.2642
3.26671
3.04544
2.75794
3.38706
3.55107
3.12596
3.06912
3.32589
3.49408
3.26514
3.02739
3.2944
2.78833
3.30713
3.20553
3.53508
3.40824
3.47047
3.87079
3.58243
2.87634
3.14518
3.06806
3.85601
3.4324
3.32626
3.50544
3.30853
3.51725
4.50959
3.23729
2.73497
3.29812
3.05983
3.11819
3.30309
2.55178
3.06323
2.35989
3.62799
3.81763
3.17748
3.26399
3.28464
2.9122
3.27802
3.10528
3.16707
3.72255
3.91913
3.77928
3.08898
3.407
2.99823
3.54449
3.17073
2.94449
2.85304
2.88873
2.22847
3.28054
2.93609
2.98669
2.71879
2.99326
3.51573
3.40192
3.23526
3.24676
2.9349
3.1975
3.04437
2.56355
2.46206
2.96339
2.81583
2.95754
2.92527
3.10901
3.26307
3.4881
3.36245
3.19946
2.52729
3.78156
3.74396
3.37796
2.95708
3.40415
3.42225
3.04727
3.53371
3.55144
3.1501
3.53282
3.21223
3.30539
3.61935
1.6806
2.70401
2.65055
2.01188
2.49293
2.7153
3.04401
3.25706
1.82602
2.92395
4.06798
3.39001
2.7593
2.65839
2.86051
2.64951
3.05542
3.49025
2.54201
3.08016
3.01674
3.06603
2.61467
2.97545
3.34333
3.77647
3.21956
3.57383
3.59195
3.64596
3.26575
3.93817
3.70861
3.94641
2.98261
2.74455
2.88132
3.15544
2.4866
3.55392
3.3787
2.73177
3.80435
3.67046
2.9528
2.98925
2.70693
2.55647
2.39394
3.11639
2.7939
2.86091
2.07708
3.05867
3.46532
3.62911
3.64865
2.78007
3.73443
3.46996
3.59128
4.05213
3.84996
3.27766
2.75753
3.32209
3.51348
3.24609
3.65426
4.07394
3.37104
3.52922
3.08129
3.10116
3.34219
3.36538
3.24451
3.09065
3.14271
2.65384
2.5822
2.8657
3.1826
3.37788
3.02065
3.21556
3.21892
3.345
3.04559
3.01513
3.55328
3.48827
2.99655
3.59288
2.69673
3.28056
3.14959
3.36958
3.24856
3.50924
3.84683
3.57369
2.67121
2.89666
2.98986
4.39952
3.43833
3.3887
3.86356
3.92928
3.65729
4.28316
3.08078
3.10336
3.50661
3.56048
3.06253
2.93682
2.47944
3.19971
2.68051
3.83842
3.79461
2.62765
3.36136
3.69
3.20605
3.2445
3.36851
3.4901
3.82097
3.94582
3.66068
3.25635
3.18852
3.19288
3.15526
3.33903
3.17706
2.77584
2.83663
2.95998
3.09648
2.92788
3.09247
2.75293
3.16643
3.31035
3.39237
2.9061
3.27945
3.09145
3.24465
3.31425
2.93196
2.84846
2.88572
2.86567
3.26095
2.89751
2.94891
4.19925
3.38559
4.01314
2.954
2.90775
3.34481
3.36918
3.31549
3.02713
3.27566
3.58387
3.30253
2.87417
3.50985
3.13497
3.39064
3.00118
3.51611
3.78266
