1.80967
2.60269
2.39805
2.13058
2.40445
2.46484
2.37009
2.81877
1.74091
2.75516
3.11856
2.94787
2.26484
2.64477
3.12854
2.78837
2.52978
3.69635
2.79967
2.66619
3.23337
3.10448
2.82485
2.77891
2.5607
3.76801
2.64603
3.40112
3.64318
3.28868
3.62789
3.59185
3.43968
3.62718
3.13723
2.54372
2.78473
3.06053
2.7729
3.05167
3.12733
2.47429
3.48918
3.3256
2.96196
2.75222
2.93676
2.37736
2.85055
2.6598
2.45425
2.52786
1.88026
3.1114
3.50936
2.93304
3.32677
2.65848
3.26745
3.61735
3.11256
3.55295
3.86931
3.13704
2.91216
2.58544
3.24172
3.37921
3.29577
4.02099
3.01562
3.03971
3.02774
3.13085
3.42003
2.81807
2.98606
3.19159
2.97427
3.20815
2.76196
2.83657
3.00725
3.1391
2.84759
2.75548
3.07242
3.24179
2.64452
2.79658
2.88678
2.87535
2.43585
3.63291
2.42939
2.98035
3.06303
3.8609
2.6871
3.26763
3.44886
3.0797
2.7945
2.69795
2.89984
3.67371
3.41013
3.28631
3.4541
3.20854
3.22532
4.12781
3.08022
2.99234
3.08704
2.78705
2.9464
3.15603
2.43232
3.22881
2.65972
3.45801
3.79117
2.6684
3.21759
3.53855
2.84212
3.3881
3.32051
3.48448
3.62947
3.73504
3.77738
3.50995
3.22734
3.16247
3.22104
3.28689
3.13014
2.98074
2.81369
2.82231
3.18355
2.89999
2.82673
2.72766
2.82117
3.17454
3.14927
3.10088
3.20991
2.72552
3.04915
3.0767
2.64911
3.09387
2.91918
2.6524
3.18011
2.55551
3.21091
3.26957
3.58862
3.92602
3.35898
3.55788
3.8485
2.86166
2.80018
2.72295
2.97155
3.70026
2.71744
2.72243
3.31451
3.02509
3.81378
2.62698
3.36243
3.06631
1.76137
2.78581
2.33943
2.26301
2.31775
2.47907
3.10327
3.09103
1.71401
2.80904
2.58981
2.8966
2.11803
3.05147
2.59247
2.64902
2.60121
3.46435
2.62164
2.26451
2.9141
3.06812
2.53681
2.87343
2.82455
3.99092
3.05144
3.12737
3.423
3.3106
3.77054
3.5546
3.99412
3.95559
2.99351
2.59125
2.69659
2.90205
2.27584
3.38162
3.24531
2.75882
3.44291
3.54701
3.30015
2.93014
2.68954
2.80403
2.94391
2.64732
2.38883
2.46664
2.21691
3.2509
3.54221
3.17517
3.09565
2.8141
3.24014
3.36593
3.08199
3.32558
4.01832
3.01624
2.56707
2.79424
3.35305
3.08526
3.24491
3.7811
3.3205
3.05937
3.02658
3.21974
2.95105
2.78011
2.94792
3.0114
2.86286
3.28471
2.69497
2.94135
2.98337
3.03498
2.79484
2.91294
2.78821
3.00481
2.52752
2.86703
3.03557
2.93498
2.25946
3.25576
2.91366
3.05652
3.34078
2.89047
2.94584
3.53203
3.19865
3.11102
2.44345
2.6907
3.00983
4.04511
3.33895
3.12062
3.29157
4.11954
3.5122
4.07293
2.45887
3.09277
3.06399
2.91841
2.86197
3.11288
2.56615
3.03182
2.60883
3.5316
3.73018
2.44566
3.2502
3.70369
3.18658
2.95461
3.14908
3.16517
3.57991
3.49723
3.46888
3.42312
3.22989
3.27265
3.30601
3.00213
2.77898
2.92054
2.85871
2.62176
3.0526
2.72384
2.89969
2.6411
2.91036
3.1712
3.02616
3.01981
3.25305
2.52013
3.03767
2.97322
2.92248
2.73275
3.00783
2.34953
3.17647
2.80821
2.82024
3.81459
3.97993
3.07143
2.413
3.3045
3.49126
3.46522
2.71004
2.82444
2.71919
3.69842
2.94165
2.6176
3.45152
3.05753
3.44707
2.6376
3.47903
3.6231
