1.97533
2.4375
2.92332
2.41706
2.65804
2.93051
2.76981
2.93028
2.25972
3.24814
2.70107
3.12432
2.74303
2.92401
3.06514
2.78711
2.95158
3.11737
2.55283
2.92926
3.39365
3.59424
2.74995
3.77004
3.3342
4.11699
3.15013
3.1343
3.62019
3.48532
3.47269
3.82084
3.74359
3.70582
3.13104
2.83402
2.98178
3.18254
3.36583
3.39329
3.05631
2.64497
3.53148
3.68328
3.24135
2.90345
3.10589
3.0374
2.86235
2.6774
2.97454
2.71687
2.16218
3.40746
3.44594
3.36351
2.54012
2.17338
3.25235
3.32981
2.98101
3.509
3.71595
2.84527
3.41768
3.54474
3.62315
3.1839
3.68479
4.10476
3.62749
3.47622
3.04115
3.26639
3.32473
3.49945
3.50663
3.10967
3.23246
3.22568
2.93988
2.89194
3.06945
3.07955
3.28764
3.15397
3.68024
3.26538
2.87199
3.27139
3.77109
3.71448
2.46945
3.8616
2.48142
3.25526
3.43205
3.8644
3.63208
3.44562
3.67284
3.34848
3.17949
2.89138
3.19453
3.99562
3.38931
3.31659
3.94073
2.40141
3.44335
4.08718
3.3042
2.98187
3.24269
2.84104
3.00631
2.36542
2.05787
3.10294
2.873
3.90328
3.71231
3.92736
3.42668
3.98916
3.09394
3.37685
3.2474
3.29241
3.90906
3.65416
3.67846
3.25756
3.57162
2.79838
3.12298
3.1297
3.11791
3.16017
2.92119
3.18774
3.28537
2.95683
3.21584
3.19105
3.34372
3.10326
3.00681
3.21612
3.28911
2.96092
3.27366
3.19995
3.06948
2.97592
3.12986
3.36798
2.96743
2.49434
2.95761
2.99055
3.80613
3.56868
3.03768
2.91498
3.82498
3.58076
3.40466
3.11122
3.00159
3.56653
3.22953
3.85033
3.60398
3.19076
3.27061
2.80381
3.18838
3.31826
2.01893
2.42271
2.73822
2.50707
2.43541
2.85656
3.11814
3.05464
2.06548
3.06048
3.03516
3.50405
2.76507
2.66531
3.07515
2.79475
3.36176
3.38567
2.6346
2.57513
3.34692
2.84735
2.73321
3.43679
3.18995
3.61562
3.23409
3.41384
3.37658
3.23998
3.63675
3.77716
3.97067
3.7315
3.14041
3.23877
3.19135
3.14333
3.17707
3.39257
3.27262
3.11577
3.58645
3.27194
3.2553
2.8793
2.79428
2.989
2.49427
2.65546
3.01853
2.71687
2.22419
3.50869
3.23792
3.51544
3.29319
2.17585
3.90457
3.43279
3.29188
3.72295
4.1133
3.15225
3.34625
3.92651
3.55557
3.19321
3.96026
4.00777
3.49317
3.64839
3.21222
3.02103
3.12922
3.37243
3.52987
3.21007
2.97224
3.17422
2.96611
2.8772
3.15421
3.08864
3.01157
3.33808
3.63957
3.27254
3.12852
2.92735
3.6364
3.27723
2.74088
3.45878
3.0186
3.15424
3.51011
3.7383
3.57938
3.67771
3.73642
3.48273
3.04424
2.9141
3.22711
4.05621
3.44527
3.43517
3.5361
2.82819
3.59526
3.61646
4.21468
3.12177
3.67004
3.00288
2.97867
2.6036
2.63596
3.13125
3.25859
3.53892
3.35398
3.41916
3.47198
3.88787
3.1724
3.30339
2.96669
3.13779
3.79124
3.03121
3.71978
3.54645
3.77156
3.1692
3.29449
3.05373
3.04157
3.11042
2.98818
3.28139
3.39725
2.95751
2.90909
2.67425
3.56203
2.80143
3.14176
2.94338
3.488
3.1849
3.46663
3.17215
2.86583
3.04078
2.7716
2.90328
2.67225
3.02316
3.11471
2.86616
3.79003
2.99227
2.65172
2.55536
3.71375
3.72651
3.29132
2.83431
2.80288
3.38234
3.17746
3.22408
3.36119
3.59541
3.72942
3.22549
3.32269
3.89087
