2.08839
2.67359
2.56701
2.37692
2.44744
2.75877
2.75428
2.86379
1.90448
3.08865
2.76967
3.1852
2.03764
2.29202
3.03512
2.71238
2.84304
3.22578
2.60772
2.81744
3.19249
2.7479
2.84582
2.98011
3.73906
3.71662
2.92099
3.19991
3.08511
3.32948
3.62734
3.84421
3.99105
3.77919
2.96835
2.57951
3.02089
3.10231
2.89821
3.30644
3.29834
2.7652
3.24999
3.05928
3.1854
2.68803
2.48362
2.61191
2.83294
2.59354
2.70948
2.58325
2.15378
2.81836
2.82197
3.5157
3.63128
2.17572
3.72201
3.00452
3.47361
3.59032
3.71287
3.02812
3.25617
2.83235
3.16298
2.96399
3.55558
3.489
3.42743
4.00742
3.00819
3.06541
3.15057
3.39879
2.9976
3.25986
2.87427
3.04481
2.88979
2.86418
3.29824
2.99218
3.08049
2.92589
3.38817
3.47447
2.90737
3.00249
3.61462
3.37712
2.84494
3.60362
2.65513
3.01459
3.08877
3.12707
2.67293
3.08544
3.4587
2.90847
2.83278
2.951
2.98793
4.24981
3.10717
3.42213
4.38159
2.75033
3.75767
4.52947
3.37025
3.25947
3.31581
2.88151
2.69626
3.40208
2.39932
3.0689
2.6524
3.50581
3.12712
3.06786
3.82271
3.46824
2.94981
3.1301
3.27701
3.12942
3.60657
3.5697
3.59799
3.10396
3.27828
3.11715
3.38555
3.05551
3.00734
2.94294
2.80865
2.8736
3.25678
2.68435
2.89201
2.78347
3.21153
3.20668
2.84967
3.08794
3.51912
2.60064
3.65332
2.89342
2.90575
2.61719
2.97578
2.95709
2.96894
3.04012
2.69819
3.0161
3.15124
3.88826
2.9598
3.4669
3.83876
3.37122
2.96379
2.94482
2.94901
3.54085
2.76738
2.7456
3.61557
3.107
3.37737
2.70484
3.38923
3.73921
1.8839
3.07119
2.46658
2.21613
2.34046
2.57536
3.19963
2.87892
1.96143
2.80572
3.29147
3.53298
2.42424
2.30662
2.88193
2.54374
2.51846
3.37388
2.71375
2.68421
2.98439
2.38002
2.91292
3.00549
2.8917
3.47559
2.67106
3.06296
3.18131
3.16537
3.24807
3.89944
3.23204
4.14882
3.02334
2.95231
3.01863
2.96203
2.58016
2.99142
3.44558
2.78411
3.0247
3.07424
2.82954
2.82198
2.51845
2.64075
2.57621
2.83809
2.58151
2.56179
2.25775
3.08045
2.79748
3.3827
3.43246
2.10936
3.34691
3.11326
3.4489
3.72747
3.49171
3.027
3.17158
3.12278
3.40348
2.88813
3.53925
3.90331
3.05532
3.25041
3.09185
3.02067
3.08949
2.97755
3.12272
3.04019
3.0325
2.97584
3.25729
2.95005
3.15688
3.05333
3.15254
3.03939
3.12818
3.32752
2.81802
2.97519
3.24652
2.96369
2.72646
3.43512
2.6341
2.88228
2.7228
3.69374
2.93169
3.24242
3.28196
3.20977
2.84058
2.86375
2.91457
3.61641
3.3966
3.29757
3.77028
3.28077
3.49388
4.6712
3.34502
2.7901
3.17399
3.24638
2.7854
3.35918
2.28697
3.06823
2.58949
3.39998
3.08626
2.76037
3.13764
3.2832
3.14983
2.67479
2.98848
3.12096
3.45653
3.41218
3.03214
3.24577
3.6362
2.80834
3.40806
2.99005
2.8339
3.07367
2.6224
2.93719
3.14754
2.51397
2.68534
3.0353
2.70092
3.09321
3.30456
3.09569
2.94569
2.7207
3.3285
2.96314
2.85011
2.78223
2.86688
2.74176
3.00482
3.00495
2.96701
3.52377
3.5238
4.09457
3.15647
2.99904
3.64494
3.24309
3.32312
2.80168
3.0222
3.14156
2.85849
2.87643
2.6796
3.09966
3.07728
3.0076
3.26023
3.62015
