1.698
2.45431
2.21107
2.13884
2.3387
2.56842
2.84923
2.8885
1.59027
2.83455
2.76201
2.54167
2.24551
2.46585
2.88678
2.34472
2.69189
2.91481
2.40233
2.26863
3.11334
2.92715
2.75508
2.5491
3.19693
3.53485
3.38056
2.91899
2.73797
3.14008
3.28129
3.73634
3.41701
4.21543
3.29859
2.26979
2.7231
3.10013
2.36933
2.92294
3.30157
2.60504
3.08044
3.29866
2.88564
3.06923
2.48433
2.66326
2.67339
2.89529
2.35154
2.57987
2.18883
3.15403
2.8934
3.52309
3.23814
1.82812
3.6112
3.19418
3.8367
3.358
3.77705
3.12405
3.24084
3.34224
2.93965
2.94744
3.79058
3.7408
3.14228
3.30334
3.01814
3.17875
3.03424
3.08668
3.22509
3.03016
2.8709
2.80172
2.65267
2.84888
3.09845
3.07169
3.09963
2.85164
3.15466
3.02629
2.75813
2.90298
3.50378
3.28453
2.64576
3.55605
2.67047
2.99354
2.95909
3.29395
3.18768
3.26046
3.5747
3.29157
2.44004
2.88962
3.26394
3.58144
3.45378
3.25127
3.60337
3.42117
3.30639
4.32991
3.38094
2.8943
3.19712
2.70153
2.81038
2.74938
2.10652
3.09517
2.62319
3.56032
3.65349
2.71633
3.30771
3.31976
2.74579
2.8091
3.41213
3.84432
3.76595
3.27685
3.31954
3.37277
3.11523
3.24533
3.48077
3.06359
3.16289
3.10333
2.69119
2.96768
3.25229
3.04878
2.79531
2.50234
3.03258
2.98527
2.97797
3.14934
3.26768
2.43664
3.19304
2.4269
2.44807
2.86721
3.01243
2.4143
2.6469
3.06945
2.96232
3.22706
2.72478
4.09948
2.91318
3.13463
3.73136
3.02812
3.14598
2.63874
3.40969
3.68053
2.65196
2.53258
2.89642
3.016
3.1606
2.91676
3.27272
3.34375
1.69717
2.6639
2.25987
2.21056
2.4421
2.49268
3.02246
2.77503
1.58683
2.85221
2.9478
3.21005
2.16421
2.19817
2.81474
2.28561
2.50858
2.91534
2.58687
3.1551
3.23649
2.79748
2.64267
2.94911
3.1224
3.86294
2.7359
3.50689
3.09516
3.06986
2.92456
3.42338
3.41538
4.17447
3.19724
2.359
2.40638
3.11183
2.31448
3.06661
3.18621
2.74679
3.54209
3.08819
2.69817
2.87942
2.58219
2.38826
2.73235
2.47928
2.26765
2.35668
2.24096
2.87341
3.51002
3.31553
3.65776
2.29316
3.54815
3.27205
3.56217
3.23744
3.62457
2.98344
3.16847
3.13068
2.90054
3.1534
3.6584
3.39517
3.44609
2.98016
2.93848
3.06446
2.79244
3.0449
3.4277
2.95468
2.76432
2.92422
2.97258
2.6752
2.68705
3.27318
3.30699
2.88404
2.73562
3.3605
2.87719
3.40684
3.56776
3.62729
2.66395
3.40045
2.60168
3.02405
3.30253
2.67857
3.26388
3.51714
2.98439
3.64193
2.71918
2.83183
2.89378
4.38397
3.52977
3.23439
3.63474
3.86993
3.75291
4.26307
3.43827
3.07469
3.28088
2.80937
2.83993
3.24775
2.22582
2.91411
2.62634
3.80802
3.36329
2.71757
3.35852
3.08882
3.17641
2.89768
3.06274
3.00081
3.39198
2.99908
3.46595
2.76566
3.1453
2.88114
3.17722
2.88582
3.01684
2.95058
2.88693
2.69347
3.24074
2.71102
2.72412
2.50377
3.02927
2.79476
3.01107
3.01095
3.23486
2.6176
2.13979
2.94926
2.92191
2.76801
2.67345
2.98287
2.80831
3.26833
2.93837
3.7367
3.49909
3.75043
2.79959
3.18174
3.84717
3.40408
3.03762
2.66357
2.90201
3.66195
3.1507
2.82519
2.98516
3.10855
3.50693
2.81198
3.50419
3.23977
