1.78336
2.78637
2.69476
2.36916
2.373
2.63603
2.97522
3.26146
1.91865
3.28369
2.99411
3.64997
2.61912
2.70818
2.79332
2.63183
2.66245
3.30004
2.47176
2.38105
3.16768
2.6375
3.10118
3.2069
3.76953
4.28234
3.27517
3.20225
2.89623
3.10029
3.1239
3.58154
3.56434
4.12537
3.16514
2.7962
3.22181
3.09304
2.95787
3.39013
3.11781
2.81359
3.12199
3.52962
2.79659
3.01017
2.89544
2.50254
2.44619
2.63892
2.67004
2.57452
2.29115
3.27082
3.25197
3.4093
3.55343
3.20892
3.68006
3.2455
3.36897
3.49867
3.58997
3.56873
2.66966
3.2802
3.26967
3.26156
3.49061
3.88535
3.28948
2.95561
3.15289
2.92961
3.28444
3.05722
2.98989
3.1341
3.0251
3.13267
2.80806
2.84671
3.0387
2.99397
2.94122
2.69245
3.35014
3.49227
3.1854
3.35658
3.67467
3.40856
2.76512
3.31076
3.05099
3.30509
3.69062
3.66345
3.78668
3.67994
4.0313
3.39123
2.56637
2.93916
3.29541
3.70924
3.24975
3.39952
3.92142
2.233
3.22086
4.1214
3.61784
3.3428
3.24516
2.59957
2.86491
3.49213
2.46242
3.25246
2.61772
3.63879
3.97737
3.07116
3.37192
2.989
2.71579
3.0881
3.3463
3.59584
3.4248
4.1636
3.57324
3.72977
3.40636
2.96686
3.57824
2.98752
3.44925
2.97682
2.80288
2.74567
3.01045
2.97241
3.01768
2.66728
3.59602
3.71493
3.14307
3.42915
3.312
2.86483
2.87298
3.12383
2.3027
3.69567
2.98439
2.85533
2.73904
2.6456
2.96574
2.83446
3.30794
3.81942
3.34629
2.9451
3.45746
3.44258
2.99196
2.89774
3.0289
3.7036
3.21313
2.78945
3.59936
3.29498
3.528
2.96566
3.31664
4.0699
1.82661
2.63403
2.59266
2.19037
2.37958
2.6362
3.2868
3.13151
1.93006
3.27735
3.08582
3.37103
2.34372
3.31715
2.89184
2.73011
2.61023
3.27348
2.53027
2.94234
2.92424
2.52364
2.90911
3.35812
3.1476
4.13603
3.16568
3.36829
2.972
3.44014
3.25034
3.32275
3.91735
3.49749
2.93854
2.85244
2.83814
2.95206
2.78908
3.17511
3.429
2.98265
3.61019
3.62803
2.64757
3.33978
2.85387
2.68814
2.92439
3.03968
2.55753
2.63224
2.37931
3.35987
3.21782
3.50974
3.27113
3.69158
3.81999
3.06125
3.60496
3.15731
3.77798
3.39659
2.88241
3.34038
3.39451
3.05469
3.71954
3.96176
3.07973
3.2245
3.29313
3.85482
3.21458
3.19987
3.02119
3.0956
3.35243
2.95276
2.82076
2.8956
3.12487
2.94174
2.53352
2.75681
2.9747
3.41388
2.81565
2.6755
3.44676
3.25713
2.90481
3.32097
2.78214
3.35112
3.25139
3.29434
3.36709
3.60684
3.91174
3.33152
2.67524
3.11395
3.27571
3.881
2.98435
3.29999
4.14787
2.70493
3.37361
4.14422
3.33599
3.23655
3.30079
2.872
2.83263
3.22379
2.43177
3.09825
3.0087
3.65925
3.64546
3.26042
3.40988
3.82791
3.12122
3.43495
3.0792
3.32378
3.69058
4.11548
3.83916
3.52903
3.25205
3.15561
3.3428
2.98939
3.07188
3.1031
2.81292
2.84766
2.98244
2.92107
2.96125
2.63385
3.26192
3.30383
2.98424
3.30254
2.9372
2.87836
3.09876
2.92149
2.89465
2.56094
2.78884
2.63472
3.13718
2.40424
2.91656
2.88786
3.31717
3.56869
3.53699
2.83141
3.65499
3.10198
3.1574
2.52362
2.81828
3.80266
3.12195
3.41415
3.70379
3.72458
3.74373
2.73848
3.43341
3.90593
