2.02288
3.01281
2.59381
2.32339
2.52301
2.89887
2.97345
3.38798
1.76432
3.25926
2.79743
3.27728
2.95786
2.68905
3.27356
2.76756
2.8359
3.23277
2.64153
2.90022
3.26412
3.18546
3.43149
3.16178
3.07595
4.17701
3.15835
3.17324
3.9799
3.54634
3.67499
3.7779
3.73373
3.59028
3.54163
2.82681
2.78487
3.2483
2.22019
3.81813
4.01139
2.52947
4.12558
3.39989
3.48811
3.1933
2.8786
2.31791
2.97746
3.01807
2.75183
2.58427
2.27711
3.55735
3.59534
3.87608
3.78575
2.21163
4.12256
3.40499
4.03819
3.61913
4.18767
2.87123
3.2465
3.41
3.28319
3.36758
3.9209
3.77828
3.27191
3.44875
2.93979
3.54318
3.54845
3.45302
3.25522
3.26404
3.02851
3.1767
2.75003
2.91248
3.00564
3.30965
2.92059
2.83012
3.10656
3.62524
2.99907
3.15283
3.65777
3.5339
2.69884
3.68582
2.83059
3.1892
3.56583
3.22376
3.53049
3.40706
3.78854
3.7704
2.71995
2.86738
3.22559
4.47767
3.87638
3.65525
4.22482
3.63068
3.8108
4.45877
3.82043
3.59385
3.45894
3.22664
3.04594
2.88329
2.34018
3.05999
2.78092
3.78928
4.20101
3.37662
4.08813
3.36569
2.8478
3.47781
3.32713
3.63235
3.883
3.93687
3.44028
3.46874
3.24664
3.40734
3.78066
3.37564
3.18803
3.22449
2.92499
2.93249
3.41606
3.23027
2.94423
3.06812
3.4677
3.14499
3.15175
3.18835
3.45476
2.6665
2.47574
2.58042
2.75569
3.22521
3.03932
3.24531
3.3344
2.85938
3.09607
3.19574
3.40288
3.52806
3.26983
3.22863
3.6805
3.39392
3.26935
2.91103
3.0497
3.97326
2.93646
3.63267
3.81572
3.12629
3.47613
2.71324
3.42979
3.87303
1.90214
3.03934
2.26389
2.28017
2.63509
2.74115
2.94067
3.27185
1.84939
3.98451
2.92299
3.18533
2.70314
3.27456
3.30708
2.64465
2.70881
3.43686
2.41119
2.49983
2.95631
3.17139
2.80201
2.86404
3.08206
4.11667
2.98175
3.4877
3.27968
3.57782
3.44296
3.65609
3.10372
3.50087
3.03435
2.6745
2.72806
3.13797
2.61588
3.56483
3.7118
3.19691
3.84104
3.35938
2.97983
2.95192
3.03993
2.27837
3.13675
2.921
2.79873
2.6432
2.19691
3.42207
3.20003
3.32492
3.62075
2.05562
3.80759
3.56741
3.52495
3.58737
4.13844
3.21088
3.46546
3.05151
3.48783
3.08124
3.8248
3.85743
3.42989
3.6937
3.36029
3.53355
3.17216
3.6524
3.21107
3.20678
3.35163
3.72245
3.14747
2.78377
3.17608
3.14069
3.35018
2.96961
3.52516
3.4637
2.87571
3.44806
3.57305
3.3526
2.63628
3.59867
3.09823
3.35295
3.62365
3.28813
3.46001
3.68967
3.85933
3.95113
2.95769
2.61599
3.16911
3.92875
3.63229
3.54948
3.89232
2.91759
3.68719
4.27302
3.8506
3.22392
3.59722
3.02578
2.93481
2.97349
2.29235
3.02619
2.80995
3.56367
4.11048
2.77906
3.26779
3.49467
3.08554
3.11321
2.81228
3.35882
3.98088
3.91823
4.02476
3.48876
3.24231
3.54375
3.32877
3.4822
3.19488
3.2826
2.80323
2.6092
3.38771
3.14714
3.07929
2.78397
3.61108
3.35315
3.11297
3.35053
3.0917
2.66082
3.09966
2.90903
2.64255
2.62651
3.52926
3.50553
2.9729
2.61131
2.91681
3.49824
3.27275
3.70355
2.83425
3.49193
3.15542
3.70382
3.03749
2.91505
3.06753
3.7193
2.98281
2.6911
3.44215
3.3053
3.58688
2.91056
3.60117
3.85165
