1.91296
2.7768
2.35352
2.29698
2.44498
2.79032
2.87056
2.94657
1.82717
3.04035
2.79364
2.94777
2.42603
2.00456
2.76124
2.55955
2.7225
3.18381
2.70223
2.96108
3.08517
2.90717
2.59318
3.30614
3.05474
3.37594
3.40137
2.99815
2.98741
3.23697
3.47919
3.65733
3.38065
3.62341
2.98872
2.52559
2.8406
3.35419
2.60515
3.14336
3.08948
2.72066
3.26741
3.17338
2.60759
2.86025
2.70412
2.83166
2.61261
2.85868
2.57458
2.55987
2.26405
3.2022
2.90208
3.38782
3.41107
1.82778
3.61912
3.30052
3.52727
3.47462
3.634
3.31616
3.41364
3.24032
3.02872
3.04307
3.48157
3.47676
3.49226
3.66175
3.13789
3.08095
3.0617
3.41207
3.59539
3.15853
3.03989
2.92356
2.76429
3.00159
3.19248
3.13205
3.02123
3.10137
3.38504
3.39137
2.78679
3.47908
3.93094
3.46929
2.34706
3.60185
2.69151
2.99939
2.8718
2.93766
3.54368
3.28924
3.57773
4.02298
2.67725
2.93897
3.45129
4.02007
3.45769
3.36388
4.10395
1.89263
3.62403
4.14255
3.5985
3.24719
3.473
3.09591
2.59679
3.14199
2.06776
3.02879
3.0293
3.34237
4.14025
3.08971
3.65119
2.83962
2.63335
3.14089
3.21582
3.91283
3.82698
3.23085
3.32459
3.10924
3.18049
3.18757
3.3419
3.17571
3.14675
2.8062
2.87637
2.85432
3.24425
3.0091
2.8658
2.75552
3.52073
3.09121
3.13652
3.1402
3.08838
2.35965
3.09067
3.04318
2.28329
2.77512
2.79118
2.96937
3.18343
2.63368
3.03804
3.27651
3.04263
3.59084
3.17191
3.50051
3.34832
3.58818
3.11096
2.94337
2.77863
3.52414
2.91634
3.46512
3.57259
3.62019
3.02072
2.72499
3.20047
3.25699
1.89674
2.68152
2.60963
2.35885
2.58712
2.76715
3.28541
3.01141
1.72589
3.10073
2.73621
3.04217
2.40067
2.21399
2.83081
2.69885
2.70129
3.13887
2.70633
2.66428
3.28414
2.90806
3.00998
3.28248
2.88024
3.82121
3.04674
3.39967
2.86926
3.43522
3.32796
4.1617
4.04295
3.70176
2.87695
2.53035
2.60879
3.11523
2.44108
3.42405
3.31982
2.63176
3.40003
3.08478
2.59628
2.5264
2.90365
3.04348
2.80909
2.67116
2.41925
2.59533
2.28823
3.28897
3.23408
2.95774
3.2588
1.59388
3.02778
3.5486
3.92531
3.54189
4.03905
2.95486
3.03759
3.63064
3.08249
2.98011
3.44974
3.77326
3.06271
3.47931
3.00634
2.95986
2.88306
3.08591
3.05833
3.08366
3.00748
2.91835
2.90222
2.68764
2.95258
2.99466
2.95543
2.98654
3.11267
3.30146
2.87527
3.50822
3.77452
3.41765
2.50249
3.51335
2.80517
2.89854
2.98606
3.32084
3.12915
3.51058
3.61279
3.24368
2.68533
3.27809
3.08619
4.15532
3.10958
3.38528
3.66442
2.63739
3.21755
3.92915
4.00372
3.11696
3.65192
3.16798
2.83391
3.47888
2.16494
3.29274
2.4211
3.45987
3.72118
3.33145
3.27695
3.33593
2.99354
3.53621
2.98867
3.36069
3.56103
3.56051
3.06279
3.21954
3.21499
3.22366
3.0017
2.87862
3.06578
2.8724
3.16546
3.08412
3.26671
3.10953
2.79541
2.86722
3.16612
3.30921
3.38581
3.24553
2.99679
2.56686
3.04238
3.05817
2.75312
2.89877
2.56017
3.11826
2.99117
2.8979
2.98043
3.29571
3.18222
4.06356
3.3364
3.15191
3.46316
3.18988
3.08439
2.80498
2.91377
4.01676
3.13022
3.02888
3.33236
3.10452
3.38989
3.26513
3.27296
3.31618
