1.93369
2.79339
2.30186
2.28737
2.55606
2.85489
3.44134
2.86993
2.1009
2.91535
2.56367
3.24841
2.48029
2.58106
2.71066
2.40791
2.44053
3.53279
2.60872
2.95234
3.17562
3.24075
2.70739
2.87334
3.24368
4.07295
2.72652
2.98426
2.934
3.24115
3.49505
4.28824
3.75675
4.18789
3.04852
2.29399
2.78827
3.28302
3.11208
3.25119
3.11074
2.94126
3.59218
3.36997
2.79328
2.94391
2.76005
2.56636
3.11546
2.84713
2.95814
2.53375
2.01536
3.14345
3.2219
3.42592
3.44938
2.35978
3.6969
3.22746
3.51023
3.56904
4.03084
3.12783
3.02336
3.31612
3.02295
3.2075
3.65501
3.45398
2.95574
3.2027
3.26783
3.08199
3.13541
2.88607
2.98418
3.1237
3.10644
3.30535
2.80089
2.76673
2.95825
2.96083
2.82498
2.96011
3.02176
3.81376
2.86557
3.60199
3.3667
3.15096
2.16007
3.7168
2.94847
3.09458
3.36316
3.25501
3.2288
3.20039
3.30789
3.36353
2.44929
2.88391
2.87874
4.06815
2.91632
3.06133
3.54159
2.66764
3.38219
3.97606
3.04638
2.73034
2.96783
2.94639
2.63949
1.90505
2.50396
2.40797
2.76238
2.62876
3.72363
3.12338
3.4107
2.99421
2.88991
3.3839
3.18791
3.61551
3.20636
4.09585
3.32443
3.22822
3.29516
2.54117
3.14903
2.98323
3.52954
3.24096
2.88573
2.67076
3.1909
2.88129
2.94816
2.70129
3.03962
3.55339
3.31917
2.9749
2.86838
2.43596
2.91732
2.87623
2.70455
2.55977
3.14339
2.96729
3.18386
2.94082
2.96461
3.17327
3.36001
3.21899
2.81226
2.8785
3.29065
3.30139
2.72859
2.80888
2.98375
3.75797
2.83127
2.73297
3.82668
3.43856
3.54187
2.81092
3.3632
3.34305
1.81731
2.74165
2.31152
2.21013
2.69483
2.67147
2.92738
2.85941
2.26449
2.89509
2.9058
3.33198
2.6435
2.67974
2.97509
2.53874
2.66258
3.61534
2.66792
2.92722
3.19992
3.23081
3.22148
2.86391
3.12788
3.90518
2.80169
3.461
3.04643
2.7859
3.32187
3.91818
3.78022
3.72947
3.11939
2.69324
2.67324
3.18757
2.59864
3.13427
3.09539
2.86771
3.51534
3.50273
3.43604
2.91714
2.80637
2.52596
2.53899
2.48288
3.26415
2.67284
2.16444
3.19708
3.18236
3.53082
3.2277
2.86129
3.54898
3.36402
3.68412
3.18313
4.14544
3.29806
2.76369
3.08537
3.55294
3.17639
3.76691
3.62103
3.31375
3.05743
3.28218
3.19315
3.27664
3.61965
3.27355
2.9729
3.1084
3.10571
2.72076
3.07461
3.1146
3.49843
2.98631
3.21724
3.39875
3.40196
2.88801
3.28607
3.72391
3.11473
2.45173
3.56213
2.85998
3.10191
2.9527
3.80948
3.52417
3.70022
3.178
2.71017
2.51593
2.59697
2.66606
3.80372
3.18534
3.01354
3.31858
3.28518
3.58994
3.67469
3.73571
3.11025
3.13607
3.50857
2.75934
2.4881
2.85218
2.69942
2.74454
3.30463
4.09588
2.54489
3.54115
3.50549
2.87105
3.52052
3.06217
3.32976
3.56821
3.94183
3.35665
3.01722
3.47606
2.82249
3.30148
3.06544
2.90515
2.95525
2.76085
2.73374
3.00692
2.94996
2.75334
2.81239
3.51858
3.21536
3.32894
2.98419
3.04322
2.99465
3.02931
2.81879
2.64383
3.30129
3.03458
2.6663
2.87259
3.18273
2.9661
3.55473
3.5087
3.56849
2.96091
2.85248
3.32495
2.95711
3.06814
2.95289
3.07463
3.67841
3.02754
2.8755
3.311
3.3885
3.83952
2.82838
3.59283
3.34919
