2.04469
2.76088
2.37532
2.2851
2.47955
2.58472
2.81408
3.13485
1.85405
3.0146
2.89507
2.90439
2.60097
2.47135
2.99533
2.55825
2.77637
2.99797
2.72779
2.98132
3.28736
3.57887
2.55359
2.7945
2.61211
3.68868
3.03136
3.45495
2.90762
3.25522
3.90498
4.00599
3.41948
4.15281
3.00685
2.76745
2.59785
3.08473
2.38495
3.42017
3.40001
2.61848
3.96558
3.21268
3.2476
2.70136
2.72141
2.66749
2.84976
2.93085
2.51858
2.52978
2.2028
3.22587
3.31462
3.23413
3.64754
2.13354
3.72756
3.51443
3.24634
3.78594
4.0394
2.96688
3.17816
3.15542
3.21144
3.22195
3.41605
3.8007
3.2653
3.37085
3.06012
3.91523
3.53951
3.17554
3.21949
3.32489
3.3777
3.23578
2.95609
2.9624
3.02189
3.00889
2.90679
2.89683
3.02099
3.23783
2.91485
3.24157
3.5028
3.4121
2.47418
3.35406
2.77522
3.11909
3.18716
3.0639
3.41117
3.21323
3.01658
3.36424
3.52322
2.8374
3.06806
3.75644
3.37635
3.64142
3.26443
2.66596
3.3671
3.5083
3.42841
3.07711
3.70609
3.04017
2.63195
3.03984
2.21269
3.34902
3.17967
3.85089
3.75806
3.28016
3.48062
3.34414
2.92165
3.221
3.32577
3.51157
3.99339
3.47437
3.53154
3.2651
3.23889
3.31677
3.80398
3.21102
3.32117
3.06585
2.76792
2.90776
3.37059
2.76193
3.08657
2.89002
3.11682
2.98929
3.08064
3.00383
3.03346
2.4181
3.28585
3.08469
2.68142
2.7913
2.75701
2.86893
3.3917
3.10883
2.79174
3.47045
3.74633
2.93174
2.9383
3.18344
3.66487
3.46705
3.358
2.85218
3.1541
3.94933
3.2182
2.48223
3.23378
3.60952
3.47327
2.95644
3.65816
3.52926
1.9779
2.94573
2.61873
2.19629
2.52273
2.59967
3.35098
3.04837
1.78481
3.02984
3.29304
3.41073
2.27507
3.02821
2.64098
2.68779
2.66725
3.37772
2.54901
2.1679
2.89378
3.13721
3.16397
3.04259
3.02234
3.50946
3.18244
3.14454
3.33662
3.06338
3.16588
3.71337
2.84284
3.56977
3.30973
2.53953
2.57874
3.08537
2.49008
3.53471
3.37854
2.58258
3.72263
3.53736
2.94396
2.53878
2.54994
2.82406
2.94452
2.8906
2.53335
2.68622
2.26283
3.198
2.99345
3.26666
3.21925
2.23284
3.44137
3.56784
3.94156
3.45655
3.96159
3.27811
2.62402
3.00095
3.38015
3.30442
3.69241
3.78308
3.15923
3.25375
3.15351
3.38243
3.49025
3.48422
3.46485
3.27351
3.29477
3.22317
3.20518
3.16517
3.09273
3.3073
3.09874
3.07437
3.44027
3.24904
2.9524
3.21299
3.60323
3.45738
2.50319
3.47208
3.14765
3.15993
3.33936
3.51188
3.45148
3.31913
3.45442
3.28447
3.06776
3.05568
2.86763
3.29186
3.02798
3.48528
3.14312
3.46307
3.71251
3.76552
3.31814
3.04111
3.5934
3.04952
2.78712
3.55428
2.27319
2.774
3.21844
4.04422
3.65886
2.56103
3.16481
3.73373
3.47825
3.11955
3.01168
3.5984
3.78098
3.79587
3.51599
3.54863
3.19779
2.77302
3.14533
2.90143
3.24316
3.21431
3.09404
2.93471
3.49308
2.88881
2.92857
2.95026
3.16158
3.04854
3.02246
3.27132
3.38483
2.52689
2.81613
2.89179
3.3059
2.72999
3.17198
2.66919
2.73028
3.13072
2.69782
3.11931
3.59825
3.55267
2.43967
2.96127
3.58652
3.51755
3.50193
3.17007
3.03234
3.27954
2.55031
2.61312
2.78452
3.1892
3.16391
2.70941
3.31985
3.76534
