1.87149
2.71101
2.36508
2.08819
2.43604
2.79669
3.35952
2.85226
1.97721
2.79139
3.07243
3.016
2.57998
3.07729
2.61627
3.01064
2.48368
3.18839
2.60504
2.96261
3.56239
3.08939
3.0679
2.75613
3.41547
3.41178
3.26143
3.0305
2.39639
3.10573
2.94416
3.56864
3.13434
3.45938
2.76418
2.80463
3.01963
3.20058
2.46418
3.12995
2.99402
2.36642
3.74588
3.00392
2.60746
2.505
2.28246
2.49887
2.40517
2.71625
2.59175
2.52255
2.18781
2.90974
3.101
3.16586
3.34748
2.69512
3.44705
3.61199
3.8554
3.37821
3.7768
3.28241
3.09586
3.00465
3.10119
2.93318
3.43844
3.38819
2.9914
3.43089
2.9897
2.82676
3.17944
3.59442
3.07842
2.92722
2.84696
3.24827
2.90221
2.87988
2.76072
2.89875
3.02288
2.79705
2.93485
3.25767
2.963
3.18018
3.50405
2.99499
2.99973
3.40518
2.69756
2.93422
2.86782
3.21514
3.25627
3.03054
3.17404
3.22114
2.63094
3.00546
2.90207
3.858
3.32908
3.28546
3.79449
2.48279
3.75529
4.52599
3.34626
2.98428
3.08775
2.86964
2.74147
3.65283
2.59502
3.49249
2.59319
3.57953
4.31832
3.04589
3.38949
2.9866
2.79047
3.07003
2.88087
3.02761
3.94641
3.63301
3.22561
3.32988
3.10714
3.0531
3.18518
3.13174
3.46937
3.13152
2.90523
2.60688
3.20311
2.80816
2.93374
2.98346
2.86647
3.29351
2.8205
3.17362
2.88589
2.40654
2.60776
2.95252
2.37238
3.38591
3.03061
2.99987
3.08226
2.59099
2.94256
3.09992
3.32342
3.13265
3.14412
2.90997
3.24177
3.27561
2.89035
2.94784
2.72202
3.56067
2.51098
2.81974
3.25408
2.79338
3.48822
3.09411
3.27223
3.82912
1.90374
2.83316
2.46889
2.22608
2.5206
2.75588
2.51644
3.05406
1.82301
2.868
2.95447
2.98603
2.4307
2.90966
2.62403
2.65985
2.52053
3.47204
2.84211
3.20679
3.16305
2.72605
2.66759
3.06255
2.6342
3.15087
2.83265
2.85548
3.29872
3.12445
3.21274
3.50592
3.24756
3.76276
3.29859
2.45878
2.86061
3.1641
2.50385
3.10517
3.46968
2.50302
3.29634
3.0556
2.46008
2.90997
2.88477
2.38776
2.82139
2.67913
2.63321
2.73605
2.28139
2.80094
3.1595
3.37077
3.35629
2.71394
3.6143
3.28329
3.41964
3.69606
3.61263
2.90368
2.79154
3.67021
2.95505
2.98769
3.30088
3.2337
3.09742
3.10999
3.05734
3.06806
3.02752
3.19543
2.95097
3.17881
2.91305
3.13767
2.8569
2.93819
2.90091
2.89791
2.96635
2.85899
3.03941
3.2261
2.87359
3.05875
3.30354
3.27873
2.57331
3.26255
2.61121
2.88469
3.14143
2.8678
3.40011
3.07649
3.46016
3.37107
2.68097
2.97672
3.29494
3.86546
3.39355
3.26994
3.49354
3.11459
3.30974
4.19784
3.35359
2.88299
3.44755
2.99463
3.01812
3.2821
2.30417
3.11316
2.68372
3.79352
3.83937
2.6429
3.32855
3.32976
3.27878
3.17365
3.07067
2.98713
3.44378
3.39592
3.21252
3.18299
3.05625
3.49024
3.00212
2.7349
2.86639
2.73976
3.13561
2.67654
3.13261
2.9835
2.69811
2.83377
2.70994
3.0515
3.06737
2.89777
2.97211
2.34899
2.60659
2.69645
3.11433
2.56889
2.96101
3.15283
3.04676
2.94165
3.06825
3.41207
3.34154
4.10074
3.27571
3.26209
3.533
3.71847
3.28275
3.2014
2.88576
4.05728
2.77191
2.59267
3.17343
3.01106
3.51917
2.89941
3.44239
3.33337
