2.01465
2.78741
2.38542
2.3151
2.47404
2.74855
3.0364
2.99708
1.78548
2.92535
2.53642
2.88117
2.48114
2.52565
2.7683
2.55157
2.44759
3.18268
2.55003
2.99199
3.19047
3.18733
2.81094
2.79956
3.28213
3.669
3.13008
3.20368
2.81452
3.2935
3.86423
3.6973
3.4234
4.33666
3.53994
2.38312
2.61442
3.3134
2.67243
3.13949
3.01324
2.52663
3.69852
3.42712
2.97145
2.62184
2.82457
2.60671
2.95817
2.81035
2.47666
2.49215
2.24723
3.2023
3.17724
3.30233
3.52877
2.1215
3.44585
3.4798
3.62378
3.51162
3.98772
3.31586
2.68813
3.12316
3.17165
3.03617
3.68112
3.65007
3.21116
3.41594
3.05187
3.1644
3.35383
3.18378
3.45327
3.31375
3.14451
2.95319
2.60658
3.02776
3.08614
2.98414
3.59035
2.86077
3.23213
3.23549
3.50306
3.80555
3.68732
3.70889
2.77792
3.85087
2.73888
2.95062
3.14314
3.5473
2.94026
3.22394
3.73745
2.9639
2.74413
2.7278
3.31752
4.24815
3.16702
3.25811
3.83059
2.21338
3.35451
4.19881
3.44786
3.07946
3.18055
2.76478
2.69542
3.11422
2.50239
3.11707
3.15885
3.44425
4.23023
2.74469
3.7918
3.15819
3.19922
3.47754
3.30182
3.24245
3.67221
3.73064
3.27722
3.36357
3.58705
3.10246
3.46257
2.90763
3.24618
2.99718
3.05392
2.90778
3.42015
2.83154
3.07774
2.91251
3.34898
3.29503
3.08561
2.92592
3.35178
2.39646
2.92902
3.39031
2.95193
2.64084
3.01521
2.80679
2.99727
3.32102
3.07573
3.87717
3.42743
3.48826
3.53053
3.39826
4.11851
3.60715
3.0716
3.01414
3.21843
4.07081
2.5327
2.45117
3.42661
3.10637
3.24974
2.65795
3.45491
3.35132
2.05071
2.70042
2.44809
2.24772
2.51942
2.57925
3.16604
3.06481
1.82219
2.80052
2.85111
3.10743
2.34585
3.34808
2.96235
2.60043
2.61679
3.07095
2.76839
2.3553
2.27015
2.91663
2.96538
3.0841
2.88494
3.72038
2.97392
3.50646
3.0844
3.24744
3.73374
3.48321
3.89832
4.21235
3.24116
2.53818
2.67962
2.91794
2.62034
3.3266
3.01937
2.69919
3.21514
3.31292
2.67697
2.75866
2.67933
2.64691
3.10821
2.74117
2.57084
2.4446
2.09291
3.15361
3.10383
3.56352
3.04015
2.62539
3.54346
3.39405
3.91256
3.5175
3.84275
2.73678
3.19019
2.90813
3.56406
3.23637
3.57938
3.46585
3.17783
2.99079
2.98665
3.24671
3.06514
3.86054
3.21217
3.24089
2.98557
2.97836
3.18215
3.14286
3.16189
3.1971
3.11383
3.00778
2.98696
3.55302
2.99462
3.73287
3.89604
3.48357
2.80207
3.78324
2.85816
3.06423
2.77055
3.29981
3.30393
3.36022
3.26724
3.07246
2.73321
2.9307
3.0021
3.79362
3.45419
3.41784
4.18801
2.93379
3.73382
3.95296
3.67385
3.12964
3.33681
2.97312
2.82447
2.74672
2.49563
2.91882
3.27481
3.04702
3.96511
2.69295
3.42689
2.95524
2.88332
3.27581
2.97081
3.16387
3.63054
3.50266
3.46445
3.33434
3.46263
3.4933
3.3096
2.92809
3.04848
3.49485
2.75848
2.90193
3.09638
2.91262
3.23362
3.09237
3.16733
3.22235
3.08861
2.9651
3.17022
2.48659
3.2207
2.93084
2.40004
2.89928
3.02058
2.83625
2.8602
3.10057
2.93312
3.23317
3.35668
3.53106
3.58942
3.43062
3.43525
3.58979
3.59288
2.75986
3.16428
4.15047
3.02313
3.06546
3.45847
3.37015
3.35393
2.97228
3.26717
3.70714
