2.18334
2.67434
2.66467
2.27519
2.43348
2.64069
2.78456
2.8995
2.10219
2.88462
2.82264
3.18963
2.43167
2.75609
2.81694
2.70138
2.66007
3.03044
2.6944
2.77754
3.22668
2.47184
2.80394
3.18594
3.11991
3.73999
2.88423
3.09321
3.44461
3.41547
3.59492
3.51584
3.46243
4.00627
3.19823
2.85658
2.89926
2.81991
2.47476
3.01384
3.62481
2.6276
3.89099
3.13347
2.65352
2.54507
2.68027
2.77597
2.7055
2.35634
2.89807
2.80896
2.13582
2.89464
3.05659
3.66773
3.81582
2.18122
3.45229
3.46457
3.4712
3.59914
4.07795
3.0182
3.19478
3.10413
3.26285
3.14028
3.65508
3.68778
3.34
3.60618
3.14305
3.28323
3.23756
3.52756
3.30479
3.25632
2.87628
2.9766
2.91758
2.75109
3.01752
2.93578
3.10046
3.08703
3.54605
3.44703
3.22747
3.25944
3.94213
3.31
2.47345
3.649
2.65241
3.21102
3.3334
3.28832
3.30136
3.4023
3.68698
3.88866
3.05346
3.1631
2.92738
4.37173
2.99809
3.3287
4.12484
3.51965
3.64039
4.40447
3.6408
3.14634
3.34348
3.23737
2.74897
3.59516
2.13919
3.03002
2.41508
3.61402
4.05368
3.4372
3.45279
3.16094
3.00076
3.17409
3.32535
3.50683
3.88036
3.92259
3.40191
3.54652
3.39605
3.20709
2.94993
3.30269
3.41721
3.1148
2.64418
2.87234
2.80879
3.14281
2.82699
2.70462
3.33368
3.25215
3.06045
2.96219
2.91761
2.31638
3.28497
3.26873
2.85684
3.32045
2.88998
2.69656
2.97265
3.09461
3.10153
3.13435
3.68793
3.68956
3.99425
2.99939
3.80544
3.59475
3.16343
2.90785
2.96366
3.90434
3.1995
3.48219
3.39216
3.60184
3.25241
2.82138
3.44439
3.24841
2.08933
2.94697
2.85163
2.44092
2.613
2.76728
2.72887
3.01701
2.26484
2.80549
2.87514
3.16198
2.44656
3.22756
2.70829
2.81192
2.74046
3.39969
2.90074
2.49015
3.16797
3.11954
2.96556
3.16434
3.48935
3.33104
3.00743
3.31392
3.41234
3.35816
3.37229
3.84886
2.96326
3.49611
3.0482
2.37151
2.64281
3.05276
2.64292
3.17944
2.98473
2.53746
3.3662
3.34915
2.90972
2.87452
2.66152
2.72903
2.82977
2.72662
2.91382
2.7555
2.08618
3.26241
2.77731
3.32681
3.68461
2.98819
3.58327
3.39248
3.43245
3.78703
3.83012
2.86636
2.77717
3.33009
3.30364
3.08651
3.80634
3.7636
2.85155
3.25754
3.2318
3.0303
3.07229
3.32292
3.40007
3.17396
2.89974
3.27354
2.63963
2.94955
2.88205
2.8698
2.74677
3.16473
3.06804
3.32642
3.0893
3.32694
3.54243
3.2161
2.52498
3.82091
2.59519
3.03635
3.37268
3.22777
3.22492
3.69431
3.78904
3.77271
2.87494
3.07052
3.40999
4.15265
3.31876
3.45712
3.82645
3.74043
3.86197
4.24906
3.52661
3.02276
3.67532
3.25407
2.75427
2.79528
2.44807
2.69993
3.14916
3.49667
4.06043
3.18285
3.05961
3.07978
2.91847
3.52755
2.90986
3.23328
3.86892
3.44674
3.42297
3.71999
3.48434
3.00891
3.13707
3.3159
2.70689
3.11025
2.66422
2.73628
3.2085
2.87218
2.91915
2.93948
3.53696
3.19993
3.14927
3.06954
3.08477
2.68769
2.9407
2.81074
2.58149
3.04464
3.09431
2.68721
2.40458
3.15171
2.85169
3.16409
3.45709
3.99505
2.91229
3.07967
3.93432
3.54022
3.35258
2.84412
2.91489
4.01416
3.18343
3.22155
3.23029
2.97275
3.7297
3.04755
3.27783
3.79896
