1.9285
2.69856
2.33927
2.1132
2.2636
2.47878
2.9913
2.93673
1.74712
3.03697
2.5443
3.13863
2.22336
2.88668
2.73548
2.36463
2.40556
3.05236
2.4343
2.53059
2.73337
2.55057
2.89799
2.83202
3.16509
3.40868
2.78044
2.85339
3.37669
3.39856
3.37012
3.59421
3.75846
3.50056
3.18404
2.5215
2.71786
3.07393
2.18954
3.13433
3.0947
2.42192
3.56497
3.12859
2.77184
2.72709
2.37112
2.30113
2.45024
2.55194
2.46911
2.38619
1.99402
2.9611
2.82206
3.43749
3.30858
1.9711
3.75091
3.34066
3.63873
3.47805
3.41069
3.22758
2.75449
3.16224
3.00995
2.96775
3.5066
3.46845
2.81518
3.46174
3.02936
3.2997
3.31561
3.68603
3.24088
3.04757
2.99216
2.76628
2.79892
2.88108
2.95812
2.86533
2.85409
2.80707
2.76505
3.66088
2.92002
3.70096
3.39243
3.23634
3.05275
3.49452
2.25348
3.01741
3.18216
2.93876
3.22922
3.37702
3.27484
3.69262
2.1909
2.35719
2.76539
4.44704
2.88291
3.45055
3.95699
3.72106
3.28983
4.45539
3.70754
3.1964
3.21984
2.78394
2.85675
3.09576
2.61308
3.52946
2.7252
3.52908
3.84782
2.69848
3.2315
3.63595
2.80264
3.22586
3.1379
3.54123
3.74396
3.56342
3.15997
3.12766
3.09835
3.43944
2.92582
3.00625
3.2144
3.09545
2.93288
2.62411
3.13308
2.64549
2.52118
2.65196
3.32015
3.11353
2.87831
3.0112
2.977
2.42821
2.93097
2.56244
2.55249
2.52645
2.7355
2.75304
2.92865
2.67601
3.01934
3.26931
3.32001
3.32183
3.26412
3.41008
3.48812
3.49538
2.76308
2.91159
2.80711
3.31091
2.82532
2.67528
3.27562
2.96252
3.63193
2.61547
3.16296
3.4185
2.02872
2.44929
1.94199
2.13316
2.44492
2.67056
3.11226
2.94419
1.7958
2.76983
2.50164
3.05663
2.43579
3.05422
2.64203
2.39964
2.57001
3.17774
2.41186
3.0944
2.90715
2.42078
2.61936
2.26861
2.87389
3.56007
3.00771
3.24444
2.76526
2.81405
3.36766
3.55375
3.25901
3.70151
2.99627
2.53293
2.56777
2.97336
2.42073
3.47534
3.27515
2.72211
3.3691
2.90531
2.65497
3.06183
2.49555
2.17144
2.63561
2.33485
2.44933
2.24449
2.00893
3.09854
3.14173
3.2034
3.17875
2.67725
3.36427
3.07728
3.55429
3.14664
3.68835
3.41679
2.90542
3.46466
3.18218
2.8818
3.62058
3.3904
2.72099
3.34551
2.90925
3.24191
2.79084
2.88432
3.21803
2.66789
2.55022
2.69475
2.72624
2.80342
2.85007
3.11444
3.0676
2.90074
2.70858
3.04388
2.69485
3.40632
3.36416
3.00844
2.90522
3.02063
2.08898
2.77979
3.01902
2.93604
2.96695
3.03603
3.23432
2.71572
2.19165
2.38921
3.01573
4.02363
2.96488
3.00244
3.82704
4.02158
3.21708
4.1399
3.02451
3.01961
2.7228
2.92986
2.88311
3.02991
2.4638
3.27955
3.44372
3.92835
3.79021
2.4263
3.22718
2.9655
3.107
2.89948
2.99727
3.02965
3.42407
3.5495
3.2487
2.99942
3.06479
2.90874
2.8495
2.908
2.79195
3.05702
3.23892
2.63376
2.81819
3.02801
2.67442
2.7816
3.19581
2.73422
2.93899
3.30412
3.20428
2.64742
2.36221
2.57214
2.68048
2.68972
2.53735
2.56877
2.4137
2.66523
2.9021
2.85217
3.20663
3.4259
2.55322
3.26307
2.99683
2.97951
2.63231
3.07747
2.79695
3.49969
2.48635
2.10799
3.17483
2.76615
3.21446
2.72219
3.92949
4.27872
