1.80965
2.98111
2.49928
2.27505
2.39376
2.7333
3.08926
2.80578
1.66882
2.81283
2.48575
2.70489
2.37789
2.35706
2.55506
2.11127
2.52925
3.09471
2.67586
3.13688
2.8896
2.73666
2.72796
2.80434
3.23353
3.61465
2.8523
3.10321
3.09262
2.98094
3.29509
3.76788
3.70662
3.81739
3.35756
2.42773
2.56915
2.86394
2.68303
3.11997
2.89293
2.3233
3.25572
3.1166
2.70409
2.79132
2.63542
2.21744
2.44534
2.43391
2.58474
2.28749
1.93826
3.21936
3.27925
3.06654
3.50857
2.46239
3.84832
3.10663
3.37175
3.2762
3.82142
2.79677
3.22579
3.2071
3.20339
2.96989
3.48631
3.50624
3.12344
3.08853
2.86547
2.84095
3.10298
3.37749
3.24441
2.90651
2.76021
3.26316
2.72899
2.8042
2.55646
2.75433
2.32927
2.71242
2.81147
3.16149
2.72143
2.95076
3.50554
3.49023
2.42144
3.22877
2.58073
2.94928
3.14936
2.61312
3.20629
2.92767
3.16257
3.35498
2.83465
2.93652
2.90469
3.78991
2.50803
3.16588
3.66881
2.63835
3.31713
2.60611
3.62377
2.86767
3.12417
2.81688
2.63806
3.02902
2.27176
2.84841
2.27073
3.24717
3.55957
2.66163
3.16521
3.12055
2.76339
3.03471
3.12583
3.24447
3.59761
3.85603
3.16876
3.20057
3.47187
2.93642
3.66781
2.65462
2.9343
2.85179
2.73867
2.51892
3.22417
2.60398
2.518
2.67891
3.28683
3.13249
2.86051
2.87123
3.1737
2.30037
2.95678
2.55478
2.64123
2.46208
3.13841
2.38679
3.22838
2.48491
3.21511
2.77591
3.15735
2.64966
3.28588
3.03949
3.27105
3.21142
2.97581
2.7159
3.10229
3.56938
2.70037
2.89793
3.13288
2.93555
3.19551
3.06053
3.34082
3.47262
1.82173
2.7286
2.36591
2.28647
2.48317
2.55286
3.07347
2.98612
1.66407
2.71261
2.61105
3.07817
2.07814
2.51292
2.83104
2.42957
2.44214
3.39135
2.73919
2.94276
2.85293
2.49842
2.83174
2.97699
3.05548
3.52343
3.14955
3.51796
3.3915
3.26999
3.20525
3.34758
3.32336
3.62873
2.82136
2.42049
2.59837
2.70516
2.31355
3.14862
2.87167
2.4792
3.32804
3.48369
2.53202
2.50245
2.67278
2.85012
2.41401
2.5017
2.59036
2.30964
2.07822
3.12732
3.36628
3.36563
3.30241
1.68072
3.13209
3.2448
3.24407
3.40446
3.65398
3.21749
3.53681
2.96525
3.05204
3.20515
3.52005
3.46775
3.03934
3.45373
2.82485
2.84651
3.06113
3.4486
3.31719
2.90464
2.88612
3.13126
2.90583
2.75372
2.95814
2.86541
2.86404
2.81817
3.18654
3.45191
2.81896
2.89113
3.56939
3.40632
2.68677
2.79824
2.87975
2.81096
2.82658
2.92913
2.98868
3.16875
3.40086
3.66355
2.98222
3.08161
2.91204
3.34183
2.79975
3.02647
3.79167
2.82548
3.62673
2.68989
2.97426
2.99136
3.14138
2.71507
2.60581
3.12654
2.53257
2.78962
2.66992
3.23546
3.74003
2.69052
3.07234
2.74294
3.16231
2.892
3.13969
3.81365
3.7381
3.81038
3.49113
3.09412
3.39774
3.42742
3.59988
3.05114
3.37271
3.14824
2.69019
2.42103
3.07889
2.84098
2.74984
2.60081
2.78849
3.1428
3.08938
2.9619
3.01382
2.38931
2.54807
3.02301
2.58472
3.2325
3.01864
3.21051
2.80334
2.57468
2.88063
3.15026
3.05435
3.60042
3.89558
3.14006
2.73087
3.48962
2.87197
2.87283
2.64555
3.3784
3.08348
2.76844
3.09142
2.76482
2.99379
2.91149
3.55502
3.6391
