1.88547
2.65213
2.93261
2.25083
2.30194
2.78452
3.00281
2.69247
1.63949
2.65702
3.25594
3.19976
2.38168
2.78921
2.75842
2.34251
2.56201
3.52394
2.37364
2.55164
3.59384
2.61834
2.58336
2.60899
3.28129
3.62209
3.19288
3.41004
2.85918
2.59334
3.46377
3.89047
3.67515
3.45027
3.02234
2.65581
2.85617
3.13972
2.69219
3.17112
3.44815
2.29159
3.23595
2.96454
2.59957
2.8307
2.42989
2.25642
2.44643
2.4842
2.60547
2.56191
2.07345
3.14959
3.19951
3.0971
3.61254
2.32473
3.42882
3.41034
3.18132
3.26644
3.53001
3.02503
2.70377
3.24672
3.3255
3.19317
3.2246
3.73616
3.06125
3.69388
3.16789
3.02743
3.09608
3.25047
3.51201
2.95624
3.24263
3.23385
3.06137
3.10688
3.22375
3.33768
3.33469
2.91842
3.30955
3.95598
3.05364
3.8885
4.12026
3.2558
2.68325
3.70545
2.92627
3.16494
3.44135
3.07744
3.22242
2.88617
3.0599
3.18639
2.9222
2.89774
3.01745
3.71873
3.25037
3.64969
3.90518
2.88596
3.30942
3.51232
3.11142
2.95824
2.95004
3.02014
2.68765
3.34161
2.55462
2.5192
3.28936
3.20638
3.10823
2.71119
3.27121
3.53205
2.78278
3.14337
3.23746
3.19415
3.47678
3.80683
3.42468
3.1421
3.51241
2.95705
3.11486
3.43152
3.53016
2.94148
2.63753
3.13708
2.89953
2.60365
2.99774
2.91663
3.24125
3.21268
3.12583
3.16949
3.23043
2.75598
1.97618
2.48838
2.64076
3.05819
3.17383
2.64046
2.61517
2.38835
2.61645
3.5644
2.79335
3.44999
3.46399
3.11083
3.51901
3.75408
2.97771
3.23488
3.29516
3.26632
2.97015
2.42773
3.15268
2.97643
3.70481
2.90063
3.36018
3.51859
1.78412
2.78604
2.48407
2.11062
2.37175
2.4789
2.66379
2.83144
1.71271
2.57315
2.9495
3.03024
2.09359
2.80422
2.68697
2.36903
2.36557
3.35257
2.46453
2.59937
2.7723
2.59174
2.98574
3.01145
3.15852
3.72934
2.87981
3.68407
2.66077
2.9683
3.50145
3.48524
3.53008
4.27238
3.13664
2.43694
2.88294
2.79616
2.6005
3.37739
3.43641
2.57689
3.41905
3.18531
2.6106
2.62484
2.6882
2.58217
2.53657
2.35394
2.52601
2.53199
2.13404
3.19372
2.79539
3.36886
3.13022
2.72304
3.04138
3.08319
3.11311
3.37119
3.49974
3.15163
2.7707
3.30437
2.95891
3.03849
3.66308
3.44496
3.06738
3.47497
3.07363
2.94822
2.97138
3.10953
3.70335
2.93565
2.94314
3.48188
2.94711
2.79387
3.15516
3.10054
2.9128
3.06888
3.24738
3.66972
3.11739
4.03485
4.02254
3.68898
2.93751
3.11692
2.66344
2.80822
3.02619
3.18829
3.0246
3.3343
3.01292
3.01163
2.87323
2.74126
3.09597
4.04495
3.51691
3.36641
3.94313
3.55799
3.37133
3.37597
3.26067
3.0107
2.92105
2.64267
2.65819
3.2212
2.80214
2.74158
2.8995
2.97146
3.91016
2.74707
3.37879
3.23948
3.27265
3.15357
2.69661
2.98303
3.2671
3.7691
3.91795
3.52975
3.0471
3.02162
2.97956
3.04567
2.99004
2.87024
2.68528
2.75207
3.17157
2.99998
2.76827
2.87337
3.1981
3.03907
3.22245
2.8987
3.08224
2.57503
2.31733
2.57396
2.77364
2.9712
2.9367
2.59848
3.00559
2.27117
2.88669
2.99042
3.46364
3.62248
2.77316
3.41203
3.6533
3.12121
3.18188
3.15864
3.40946
3.41369
3.42884
2.59614
3.26121
3.06103
3.73119
2.91395
3.2654
3.47562
