1.69766
2.67244
2.2164
2.10399
2.28752
2.82759
3.04093
2.90407
1.67614
2.98246
3.0456
2.95126
2.6215
3.19543
3.12304
2.5998
2.28483
3.48351
2.87922
2.54984
2.88298
3.65864
2.73486
2.85332
3.21388
3.51167
3.1318
2.8153
3.30841
3.47998
3.58403
4.02106
3.83225
3.31094
2.78964
2.57531
2.69536
3.18738
2.55353
3.08475
3.25724
2.70217
3.30124
3.35933
2.54281
2.55762
2.55828
2.01079
2.72244
2.68219
2.33431
2.65249
2.00942
3.00277
2.91711
2.86541
3.76465
3.04848
3.41685
3.63026
3.84171
3.36302
3.78634
2.97166
2.74773
3.0596
3.14164
2.96908
3.48607
3.8286
3.29314
3.23854
2.99611
3.19516
3.24015
2.93673
3.53751
2.72749
2.82479
2.872
2.98636
2.77929
2.87777
3.12465
3.01538
2.8878
3.14107
3.21559
2.76753
3.76892
3.68559
3.33951
2.79056
3.41372
2.64371
2.94414
3.09472
3.46808
3.28375
3.11453
3.50707
3.0743
2.42648
3.05649
2.99322
4.61073
2.60928
3.20277
3.61057
3.55276
3.39718
4.03923
3.78766
2.99831
3.21841
2.72833
2.9445
3.91667
2.77904
3.27096
2.72352
3.77137
3.7945
2.64977
3.30989
3.49247
2.50001
2.94726
3.20888
3.47324
3.56644
3.53919
3.26668
3.22183
3.14055
3.2323
3.199
3.04453
3.04086
2.8888
2.70073
2.7239
3.5804
2.79837
2.64178
3.09034
3.26118
2.87011
3.02114
2.84258
2.92506
2.32852
3.29516
2.62486
2.46721
2.98852
3.35902
2.71942
2.72017
2.82746
2.91971
2.92378
3.00718
3.53975
3.47165
2.42665
3.69439
3.33334
2.86111
3.16358
2.86373
3.57924
2.93272
2.92659
3.06758
2.80924
3.50035
2.62499
3.65765
3.97762
1.74172
2.62684
2.3686
2.19829
2.29806
2.73871
2.94438
2.9079
1.74163
3.01711
2.97118
3.06535
2.07516
2.70493
2.57837
2.57522
2.48745
3.79439
2.59227
2.48105
2.92538
2.72143
2.89983
2.75104
2.72778
3.76777
3.05227
3.47055
3.09401
3.52181
3.38822
4.04471
3.47043
3.87619
3.30008
2.73248
2.86911
3.07475
2.41803
3.43227
3.12713
2.78371
3.55222
3.30215
2.74308
2.54991
2.5048
2.54936
2.42402
2.5676
2.55626
2.70516
2.26819
3.02538
3.1736
2.73389
3.93157
3.08444
3.8468
3.4485
4.37971
3.192
3.92607
3.09885
2.84411
2.77011
3.32352
3.44088
3.54454
3.42645
3.39994
3.2423
2.98153
2.70675
2.90653
2.80371
3.55203
2.66173
2.83499
2.97664
2.58803
2.52236
2.71585
2.96036
2.87492
3.11191
3.31294
3.56988
3.09706
2.99933
3.92952
3.43594
2.80571
3.52049
2.80357
2.9255
3.11208
3.15456
2.96816
3.1806
2.82542
3.40735
2.42013
2.90643
2.88831
4.31771
2.98642
3.26303
3.58361
3.76616
3.34679
4.20856
3.714
2.79768
2.85326
3.16039
2.49022
3.57684
3.05048
3.13853
2.76782
3.96912
3.42158
2.64593
2.67582
3.46317
2.90564
2.7061
2.89383
2.87868
3.35801
3.67027
3.42219
3.08399
2.94596
3.21906
3.55691
2.90867
2.85171
3.21022
2.5609
2.56178
3.58267
2.95602
2.49258
2.80158
3.13171
3.04378
3.26612
3.00649
3.1573
2.60588
3.16465
2.69045
2.4853
3.42278
2.88725
3.27476
2.65014
2.79572
3.07236
3.19589
3.25126
4.34307
3.85078
3.12488
3.70442
3.62382
2.92855
3.1685
2.74193
3.58267
2.77835
2.61152
3.07318
2.75701
3.75231
2.68999
3.27388
4.1133
