1.91336
2.54709
2.71081
2.20226
2.33948
2.48204
2.90501
2.84912
1.8217
3.09494
3.17865
2.68916
2.40744
2.6263
2.97588
2.36554
2.49893
2.97698
2.62709
2.58158
3.55301
2.76228
2.88431
3.10388
3.46041
3.14408
2.97576
3.30242
2.93686
3.31393
3.20016
3.91291
3.81324
3.97115
3.17153
2.63728
2.85952
3.04323
2.38235
3.45504
2.99792
2.58683
3.59136
2.98873
2.71918
2.71761
2.87599
2.41307
2.85409
2.75702
2.49181
2.64101
2.20933
3.05123
3.07986
3.31293
3.5301
2.72309
3.20929
3.03106
3.56166
3.37569
3.76408
3.29413
2.89373
3.01804
3.307
3.09583
3.53816
3.40261
3.06251
3.07312
3.08545
2.92486
3.00748
3.37269
3.11738
3.01903
3.18619
3.22083
2.90919
2.77161
2.90431
3.12328
2.85951
3.02025
3.23599
2.7814
3.27552
3.24315
3.61832
2.99932
2.88125
3.62808
2.60868
3.09828
3.38235
3.58949
3.43211
3.43793
3.62113
3.51
3.08447
3.11691
3.17477
4.52487
3.40375
3.19923
3.97664
3.05874
3.6134
4.36442
3.0039
3.38537
3.32777
3.18377
2.9823
3.25583
2.39876
3.29372
2.83719
3.31307
3.69294
2.81149
3.3404
3.47764
2.93312
2.92672
3.1845
3.49442
3.4786
3.78543
3.46369
3.06779
3.02431
2.7159
3.29795
2.82951
3.03975
3.27281
2.72998
2.79837
3.06409
3.06656
2.84531
2.75068
3.15271
3.18454
3.09376
2.9989
2.99895
2.2254
2.87956
2.76402
2.26254
3.23252
2.84633
2.84366
2.82235
3.0766
2.78475
3.44008
3.15911
3.84025
3.14272
3.55666
3.50103
3.3031
3.09213
2.82528
2.98393
3.2407
2.98959
2.87335
3.41233
3.28946
3.38135
3.07272
3.31637
3.28898
1.86468
3.01015
2.38979
2.12581
2.36606
2.24126
2.89363
2.97874
1.93878
3.13694
3.01365
3.33506
2.42729
2.87353
3.09773
2.5039
2.5417
3.24018
2.61276
2.43416
2.89884
2.55282
2.72328
3.05218
3.33056
3.11388
2.72695
3.70476
3.14622
2.9544
3.62581
3.56419
2.99485
3.53216
2.7773
2.11334
2.58619
3.03132
2.68898
3.21106
3.23736
2.57846
3.1591
3.36038
3.01113
2.9803
2.86269
2.6897
2.96527
2.74752
2.6236
2.67474
1.99243
3.2913
3.30769
3.23645
3.21688
2.52792
3.03936
3.31474
3.60524
3.82608
3.41295
3.09126
2.98985
2.86084
3.45862
3.18852
3.34973
3.3288
3.02841
3.08884
3.37523
3.35383
3.23661
3.51093
3.45968
2.96289
3.00435
3.16477
2.93133
3.13434
2.95528
3.22413
3.08683
2.99526
2.88145
3.30288
2.8352
2.68704
3.29768
3.18516
2.72217
3.4504
2.91765
3.1543
3.03963
3.68015
3.3788
3.51388
3.59607
3.09577
2.79315
2.92886
3.24722
4.34865
3.21372
3.46318
4.11237
3.70394
3.89369
3.91264
3.35611
2.83356
3.40502
3.4983
2.87991
3.34699
2.74922
3.10514
3.32816
3.22743
3.76596
2.67348
3.45547
3.11543
2.88571
3.33825
3.2427
3.29311
3.47543
3.73531
3.48301
2.95945
3.09073
3.30524
3.38016
3.02345
3.25711
3.00701
2.97118
2.85129
2.88226
2.90114
2.73949
2.8215
3.04896
3.42754
3.30479
3.1901
3.0828
2.36234
2.73383
3.03806
2.40438
3.11092
2.73936
2.97025
2.34586
2.84608
2.72544
3.23283
3.42178
3.57823
3.17695
3.39971
3.35384
3.29256
3.60449
2.88515
2.98561
3.19167
3.07692
2.66323
3.28686
3.1006
3.30886
3.07539
3.31787
3.27011
