1.64714
2.74177
2.44942
2.07253
2.36296
2.5821
3.14103
2.70904
1.55672
2.8406
2.6232
3.01654
2.22005
2.49217
2.39194
2.31906
2.32034
3.15873
2.44571
2.5445
2.94051
3.2201
2.71261
2.74515
3.27844
3.90972
2.8228
2.64926
2.88747
3.34296
3.02248
4.10721
3.66905
3.82494
3.11498
2.29956
2.60629
3.04636
2.43131
3.20739
2.99524
2.53959
3.59061
3.60393
2.92927
2.49938
2.62065
2.43355
2.51505
2.57879
2.29174
2.32175
1.93416
2.79752
3.23889
3.32868
3.229
2.65902
3.42362
3.15933
3.21204
3.11402
3.70386
3.08536
2.74913
3.20143
2.88138
3.10832
3.46007
3.63997
2.9467
3.19904
2.81265
3.01252
3.22372
3.30924
2.95716
3.14831
2.87232
2.90392
2.76139
2.93518
3.02054
3.0041
2.78321
3.04473
3.03736
3.88812
2.98032
3.3476
3.53689
2.94408
2.55612
3.53411
2.58627
2.79674
3.26554
3.15318
3.38966
3.17336
3.81348
2.56024
2.11488
2.30959
3.1821
4.0306
2.94833
3.75578
3.99315
3.63283
3.37564
4.13698
3.30843
3.02369
2.86939
2.79717
2.58978
3.15949
2.53094
3.19563
2.20641
3.17721
3.06562
2.81195
2.94874
2.70851
2.98134
2.77957
3.2826
3.28119
3.33431
3.30416
2.93543
3.04464
3.23084
2.84668
2.87587
2.69625
2.94449
2.88015
2.76824
2.69994
2.88791
2.80623
2.52944
2.51151
2.8632
2.94367
2.84665
3.01392
3.0628
2.61058
3.31178
2.93086
2.43503
3.03431
2.94405
2.45375
2.93397
2.72763
2.86454
3.66
3.13113
4.36452
2.826
3.37953
3.62576
3.13939
3.00754
2.82971
2.90681
3.65118
3.10438
2.52229
3.16833
2.70518
3.05736
2.90064
3.22659
3.61243
1.6179
2.55064
2.23429
1.96745
2.26184
2.7185
3.11296
2.84939
1.58852
2.74961
3.02714
2.62975
2.06496
2.85154
3.00433
2.28231
2.32844
3.39631
2.51038
2.67613
2.9638
3.4062
2.42787
2.43211
3.31905
4.05335
2.97678
3.09389
2.40322
2.86941
3.18565
3.58644
3.16175
4.0392
3.0138
2.17686
2.51416
3.15581
2.36633
3.02219
3.36959
2.64019
3.35179
3.36607
2.74098
2.6748
2.64714
2.41834
2.80017
2.5168
2.33862
2.29557
1.95164
2.98131
3.20731
3.358
3.76689
2.75667
3.49258
3.10302
3.56139
3.60949
3.70496
3.50365
2.67613
2.99014
3.11908
3.04484
3.69917
4.01245
3.20539
3.0633
2.96586
3.05918
3.34024
3.22472
3.45554
3.23787
2.85484
3.10042
2.8951
3.03045
2.9139
3.11163
2.84439
2.89249
2.90918
3.34271
2.80151
3.35795
3.16201
3.12642
2.6047
3.67193
2.71315
2.94509
2.83114
3.5717
3.18932
3.43773
2.9182
3.1161
2.19633
2.60053
3.00649
4.22694
3.41865
3.33423
3.83155
3.94758
3.5229
4.67309
3.89642
3.06092
3.58859
2.8947
2.65034
2.60034
2.19694
2.82783
2.6488
3.00309
3.49299
2.78033
2.89014
2.71628
3.20845
2.80073
2.93152
3.02242
3.49228
3.48979
3.25349
3.09446
3.10257
3.25473
3.12649
2.99987
3.01165
3.04432
2.52356
2.49912
2.78497
2.58403
2.73801
2.57925
3.27987
2.80078
2.72001
2.8885
2.84877
2.72674
2.15283
2.75382
2.69779
2.40928
2.92798
2.77796
2.56371
2.64991
2.69354
3.02883
3.19828
3.68374
3.52638
3.29395
3.58702
3.22453
3.26839
2.885
2.8432
3.29681
3.08279
2.13544
3.11297
2.70074
2.81608
2.88657
3.02899
3.92045
