2.07755
2.88014
2.42108
2.25475
2.43138
2.5769
3.26701
2.92385
1.73466
3.17591
3.26735
3.4022
2.1935
2.65068
2.88652
2.87326
2.59308
2.84011
2.60063
2.82923
3.21656
2.8285
2.86778
2.82236
3.44563
4.16845
3.23339
3.42861
3.35231
3.33266
3.26526
3.71864
4.09539
3.73513
3.22552
2.7158
2.95976
3.15505
3.02088
3.1501
3.41875
3.04731
3.6189
3.82757
2.82808
3.26546
2.9107
2.7538
3.07378
3.05069
2.56583
2.72186
2.13303
3.08562
3.49876
3.59664
3.61411
2.78099
3.83761
3.04366
3.28757
3.56339
4.18192
3.16045
2.67743
3.10277
3.61717
3.28498
3.67053
4.03421
3.4698
3.49891
3.11995
3.59303
3.31776
3.01378
3.25686
3.44043
3.34596
3.03024
3.27331
2.90002
3.24758
3.31163
3.1372
3.32441
3.47964
2.38971
2.74829
2.35322
2.90824
3.31517
1.88007
3.4085
2.97973
3.15751
3.54127
3.72437
3.57916
3.43581
3.75677
3.63918
2.37702
2.75759
3.14466
3.52345
3.18163
3.49337
3.5667
2.53471
3.3722
3.97531
3.41087
3.03571
3.39837
2.89884
2.51431
3.05152
1.98102
3.16226
2.44725
3.88948
3.84534
3.05577
3.30098
3.49565
3.10601
3.2306
3.00308
3.32153
3.9408
3.68045
3.16247
3.12209
3.25246
2.82699
3.36178
3.02572
3.02601
3.0255
2.8689
2.74021
3.2872
2.97378
2.87763
2.85485
3.25744
3.02122
3.28342
3.36035
3.24176
2.76238
2.87172
2.91837
2.89698
3.04825
2.91484
2.73922
3.0931
3.09898
2.87646
3.16398
3.13311
2.54037
1.88793
2.94362
3.24353
3.31145
3.32969
3.09585
2.939
3.81619
2.61518
2.8264
3.32273
3.11503
3.51292
2.74578
3.40517
3.71664
1.96299
2.87488
2.4526
2.2436
2.52558
2.54178
3.44152
2.93362
1.78656
3.202
3.1535
2.97197
2.34143
2.59805
3.37313
2.46628
2.76561
3.29988
2.63315
2.92492
3.05649
3.02563
2.59827
2.80333
3.1178
3.86788
3.00823
3.41564
2.9621
3.56635
3.44143
3.4093
3.75136
3.76702
3.13743
2.60375
2.76409
3.07592
2.64084
3.17349
3.48075
2.96993
3.65214
3.72017
3.10537
3.142
2.85286
2.56512
2.90688
2.91147
2.74264
2.58905
2.05408
3.26228
3.33411
3.25015
3.34678
2.90735
3.07484
3.32672
3.94714
3.6857
4.25417
3.52871
3.10378
3.75273
3.88868
3.14374
3.87949
3.84032
3.65713
3.3704
3.31517
3.32271
3.32101
3.06484
3.39511
3.2776
3.12714
3.30155
3.23928
3.25828
3.37499
3.23668
2.95407
3.26142
3.34831
2.33707
2.81402
2.91679
3.40143
3.19127
2.24075
3.3199
2.50132
3.02158
3.23933
3.49258
3.22027
3.29724
3.41546
3.55316
2.69077
3.09835
3.5084
4.35035
3.3817
3.33285
3.83109
3.51025
3.64166
3.69776
4.01686
3.35204
3.50804
3.03034
2.59258
3.16398
2.04705
2.95227
2.65363
3.78487
3.83253
2.74389
3.32755
3.36578
3.14419
3.24061
2.80546
3.26293
3.76523
3.41484
3.09069
3.09442
3.27027
3.20226
3.44802
3.30515
3.24769
3.02752
2.69056
2.70683
2.97717
2.89268
2.90904
2.73649
3.34168
3.21477
3.18466
3.28953
3.32621
2.75265
3.05155
2.89139
3.28986
3.21751
2.90193
2.62715
3.1851
3.07038
2.9514
3.27692
3.17725
3.03035
2.20054
3.25922
3.59662
3.36011
3.35039
2.80598
3.13326
3.72996
2.8443
2.87151
3.26901
3.13088
3.27374
2.78433
3.69745
4.09961
