1.94574
2.98019
2.53759
2.32765
2.59491
2.80219
2.99618
2.98677
1.83039
2.92832
2.77007
3.29942
2.64629
2.85596
3.04118
2.70008
3.12771
3.14294
2.45805
2.96076
2.70071
2.75999
2.86968
3.0261
3.25525
3.90472
3.54912
2.82697
2.46598
3.56926
3.51272
3.87876
3.63819
3.85361
3.4777
2.92676
2.84093
3.39665
2.74833
3.40371
3.17657
2.79366
3.39655
3.26801
2.78164
2.90636
2.90881
2.87476
2.98976
2.87096
2.49902
2.62213
2.15355
3.33928
3.00416
3.17837
3.63065
2.30839
3.82102
3.36881
3.29113
3.41841
3.80801
3.40514
3.24928
2.92832
3.40864
3.34432
3.47545
3.51222
3.04149
3.31676
3.23611
3.24698
3.22551
3.05262
3.08795
3.06562
2.89643
3.44633
2.95072
2.9517
3.11581
3.33702
3.14656
2.84648
3.23879
3.05044
3.28113
2.81619
3.71107
2.72485
2.36281
3.23606
2.76949
3.13654
3.54434
3.18648
3.44335
3.32772
3.44076
3.47367
2.67654
2.89948
3.1979
4.13266
3.21923
3.3347
3.7883
3.01795
3.32703
3.91328
3.3099
3.00223
3.25297
3.11434
2.90142
3.00229
1.98596
3.04626
3.0958
3.59995
3.94646
3.18077
3.59022
2.93614
3.00816
3.06669
3.49783
4.012
3.56337
3.82809
3.39123
3.23606
3.37626
3.0912
3.60365
3.09349
3.21437
2.97583
3.10395
2.8223
3.09476
3.04872
2.81464
3.0841
3.07274
3.38563
3.20584
3.17744
3.18135
2.59533
3.30456
3.19072
2.53556
2.73239
3.08502
3.1565
3.10491
2.79186
3.37839
3.10475
3.33185
3.49188
2.80294
2.8703
3.89002
3.40428
3.16385
2.99474
3.23191
3.86073
2.87582
3.00041
3.50085
3.16858
3.22098
3.04464
3.46333
3.33517
1.87779
2.72324
2.35971
2.23733
2.46874
2.73179
3.10208
2.94802
1.7616
2.84163
3.07595
2.97544
2.82844
2.96964
3.04243
3.03398
2.8445
3.26817
2.54224
2.99608
3.1427
2.769
2.98187
2.77319
3.04715
3.84206
3.33416
3.42726
3.12799
3.22321
3.4185
3.45284
3.33852
3.83398
3.35589
2.65727
2.85218
3.11091
2.74446
3.2563
3.40031
2.79787
3.89447
2.96483
2.75959
2.94617
2.79815
2.32917
2.9514
3.00843
2.59787
2.67816
1.86102
3.46405
3.07701
3.28203
3.50388
2.97189
3.38933
3.45662
3.5572
4.16978
3.82697
3.29584
3.28121
3.37582
3.38287
3.19596
3.59295
3.71148
3.01717
2.98916
3.02346
3.08441
3.01854
3.56639
3.25544
2.75662
2.98135
3.16081
2.77006
2.99262
2.92708
3.08531
2.98135
3.16614
3.13305
2.92564
3.10764
2.80747
3.45545
3.29166
2.52095
3.57269
2.86691
3.15042
3.1587
3.82465
2.75292
3.03136
3.19769
3.28621
2.71179
2.58218
2.84793
4.16819
3.21733
3.62448
4.02164
3.53777
3.41189
4.29182
3.14036
3.25729
3.12092
2.81064
2.79767
2.52099
1.91577
2.70891
3.12583
3.55411
3.7073
2.99203
3.29647
3.46757
3.1948
3.02627
2.93066
3.232
3.50371
3.69994
3.40695
3.21412
3.48109
3.02599
3.20892
3.04168
2.82624
2.92341
2.92153
2.89478
3.19784
2.99863
2.86206
2.78453
3.12688
2.83596
3.13571
3.12066
3.22185
2.75645
3.40366
3.10383
2.89857
3.05602
2.72235
2.53792
2.70475
3.27888
3.35024
3.30816
3.59174
3.70714
3.10503
3.04402
3.74129
3.35039
3.58557
2.97388
2.93152
3.39548
2.58336
2.72368
3.49359
3.01068
3.41204
3.05524
3.60401
3.77434
