1.98919
2.77868
2.32163
2.22673
2.58066
2.72081
2.81464
3.05634
1.7685
3.14511
2.80198
3.4043
2.60003
2.14611
3.0338
2.84354
2.61749
3.09475
2.54234
2.97167
3.18471
3.29868
3.11361
3.54111
3.55142
3.82561
2.86371
3.15014
3.20023
3.26351
3.56184
3.48636
3.45901
4.29638
3.18803
2.64309
2.85777
3.54951
2.93596
3.35022
2.97341
2.74339
3.61371
3.34902
2.94871
3.01033
2.94155
2.44151
3.14236
3.00573
2.71949
2.59343
2.00502
3.57271
3.4285
3.38081
2.88048
2.39545
4.0823
3.30576
3.80549
3.65605
4.02008
3.33632
3.01669
3.16063
3.52816
3.08782
3.78454
3.86004
3.12743
3.69825
3.18938
3.31887
3.43341
3.60071
3.22792
3.13354
3.19173
3.1965
3.15512
3.13914
3.24964
3.08553
3.16428
3.21926
3.72719
3.65477
3.49988
3.71883
3.20315
3.25925
2.67593
3.82542
2.76874
3.02746
3.43172
3.54811
3.27104
3.72141
4.17108
3.33489
2.84157
2.97962
3.35425
4.10752
3.49405
3.475
4.29989
2.63553
3.55184
3.61169
3.27227
3.01395
3.25255
2.72752
2.90449
2.8868
2.20493
2.82845
2.82067
3.605
4.1516
2.95166
3.36001
2.88559
3.21308
3.4947
3.23448
3.77242
4.01873
4.0717
3.68122
2.95133
3.41781
3.13509
3.11998
2.88511
3.23581
3.20641
2.85814
2.85525
3.1032
2.77675
3.03829
2.5834
3.3796
3.58543
3.11597
3.1969
3.21581
2.84346
2.74853
2.86808
2.71787
3.14099
2.80838
3.09209
2.89228
3.17435
3.24339
3.50003
3.32267
3.32778
2.76081
2.95647
3.37869
3.2921
3.35496
3.11123
2.93268
3.53598
2.89473
3.02612
3.63713
3.43151
3.82382
3.10539
3.31525
3.53392
2.05606
2.84681
2.32211
2.27097
2.6264
2.56012
3.16766
2.90752
1.85492
3.03783
2.80022
3.79894
2.41239
2.57143
3.24443
2.87743
2.71078
2.98049
2.71885
2.67815
2.97187
3.10844
2.81588
3.4595
3.57512
4.05978
2.75451
2.82615
2.99116
3.10417
3.62623
3.34075
3.44252
3.60983
3.26674
2.82937
2.85744
2.98843
2.95732
3.27341
3.39418
2.65876
3.60092
3.47874
3.1275
2.95844
2.8689
2.62115
2.91445
2.858
2.94994
2.67203
1.9482
3.56145
3.19631
2.97656
3.54622
2.06399
3.62459
3.5114
3.43773
3.67514
4.073
3.19077
3.13781
3.42888
3.64237
3.3117
3.94167
3.81057
3.49232
3.6169
3.38451
3.39846
3.12949
3.629
3.30526
2.91982
3.38183
3.30095
3.22003
3.12782
3.26681
3.10819
3.27172
3.38819
3.68941
3.70289
3.25755
3.51504
3.29426
3.36056
2.72801
4.04465
2.88812
3.21968
3.67589
3.20251
3.11796
3.77524
4.12647
3.57141
2.8439
3.12192
3.36778
3.8875
3.57194
3.46979
3.93973
3.18004
3.57618
4.2614
3.48294
2.79325
3.32942
3.25086
2.88821
2.4519
2.06275
2.4431
2.89449
3.26481
4.27048
3.27103
3.26923
2.57179
3.16674
3.48108
3.05086
3.78134
3.78644
3.93483
3.59841
3.21448
3.48756
3.18979
3.4329
3.07204
3.29521
3.0436
2.99961
2.7424
3.22277
3.06926
3.03718
2.58406
3.37959
3.48252
3.26521
3.24767
3.42337
2.61729
2.60719
2.66365
2.60398
3.03212
2.78606
2.88906
2.87377
3.25934
2.84916
3.22474
3.53716
4.33457
2.90869
3.32808
3.74248
3.5543
3.12553
3.26767
3.09915
3.54339
3.35741
2.94339
3.43042
3.35975
3.37958
3.36057
3.22455
3.31987
