2.12274
2.66933
2.60791
2.42808
2.45828
2.672
2.60385
2.81981
1.93235
2.69612
2.73435
2.84029
2.12933
2.52299
2.9535
2.68988
2.617
2.84731
2.82976
2.67545
2.89362
2.78642
2.73189
3.25212
3.59034
3.53661
3.11828
2.90842
2.46649
3.08991
3.47884
3.3519
3.44397
3.53123
2.89844
2.52384
2.95801
3.10373
2.66743
2.97103
3.44983
2.67502
3.31089
3.02228
2.68841
2.61726
2.76912
3.17771
2.92112
2.65173
2.80145
2.71504
2.10435
2.78882
2.98085
3.40327
3.69211
1.91517
3.4917
3.25935
3.34985
3.54917
3.70252
3.25165
3.62525
3.21745
2.96389
3.13715
3.48972
3.4711
3.13362
3.15637
2.87413
3.21917
3.21019
3.46957
3.40439
3.08662
2.96646
2.72962
2.93338
3.15224
2.91545
3.10558
3.14801
2.99404
3.15577
3.74126
3.09558
3.68796
3.50878
2.9063
2.55254
3.58228
3.20847
2.94654
3.13702
2.99507
3.27497
3.06694
3.43658
3.63328
2.71102
2.95644
3.04379
3.39692
3.37841
3.401
4.13498
2.49431
3.64012
3.71091
3.79934
3.25463
3.51946
3.40982
2.91393
2.69743
2.03621
3.25992
2.79394
3.42845
3.89035
3.45773
3.64424
2.70227
3.07643
3.19465
3.3794
3.48371
3.70699
3.63845
3.1429
3.56343
3.07494
3.06182
3.01565
2.88865
2.85504
3.0498
2.94896
2.98913
3.09753
2.97338
2.98329
2.82318
3.398
3.30828
3.03211
3.08697
2.86668
2.64791
2.68991
3.51994
2.47444
2.91316
2.71667
2.91414
2.58069
2.73768
2.71983
3.07005
3.2593
3.87962
3.56203
3.1969
3.03329
3.65593
3.21489
2.99264
2.92171
3.80375
2.90814
3.59808
3.46434
3.56162
3.36454
2.34033
3.21494
3.77674
2.15307
2.59353
2.39037
2.64097
2.5931
2.59022
2.97797
2.95414
1.89149
2.87927
2.97145
2.82913
2.67284
3.19354
2.40898
2.43961
2.55629
3.0497
2.43066
2.32872
2.8945
2.85927
2.84053
3.00043
2.95789
3.62076
2.69179
3.34378
2.90542
2.93308
3.62721
3.38431
3.5185
3.12484
2.9629
2.71043
2.8347
2.83581
2.38108
2.9907
3.17753
2.75151
3.71432
3.16248
2.55199
2.80086
2.8024
2.65251
2.53017
2.75307
2.8217
2.65182
2.02884
2.80108
2.8758
3.2652
3.53237
2.13977
3.63754
3.12709
3.83339
3.76108
3.94392
3.32076
3.11289
3.4584
3.02497
3.27553
3.60181
3.2762
3.13567
3.27026
3.12572
3.14536
3.01121
3.13323
3.22965
2.89183
2.9296
2.82785
2.72648
2.70444
2.97475
3.1104
2.60564
3.03976
3.12932
3.39561
3.0839
3.32894
3.67232
3.404
2.58521
3.85527
2.34793
2.81561
3.08219
2.86765
3.23777
3.23602
3.61878
3.12295
3.10064
3.41719
3.51911
3.45228
3.46696
3.2703
3.78039
3.32711
3.38758
3.8611
3.42942
3.11866
3.47942
3.17734
2.97937
2.53585
2.142
3.13452
3.16607
3.56802
3.65341
3.00155
3.75445
2.97873
3.29286
3.35103
3.18835
3.23359
3.71957
3.39798
3.08102
3.10347
3.15327
3.298
3.07503
2.81815
3.06095
2.78735
2.83731
2.69725
3.12223
2.87845
2.88203
2.72094
3.1068
3.01695
3.05059
3.05115
2.96357
2.46104
2.87498
2.82187
2.84806
3.00719
2.89012
2.9373
2.91973
3.15925
2.89063
3.02387
3.25505
3.66182
2.99914
2.98105
3.37227
3.32363
3.05498
2.87229
2.84721
3.77061
3.14088
2.99073
3.35865
3.02984
2.83621
2.84635
3.70762
3.63106
