1.98416
2.92086
2.29389
2.16448
2.50659
2.83028
3.05587
2.85421
2.03835
2.95139
3.00549
3.24154
2.3187
3.40667
2.68684
2.27943
2.56936
3.27819
2.4754
2.74632
3.06561
2.75081
3.03925
2.70117
3.35565
3.78718
2.73694
2.96683
2.63702
2.85822
2.75405
3.6624
3.40147
3.41428
3.09342
2.9244
3.17374
3.00309
2.52172
2.9962
3.21018
2.58788
3.59535
3.34582
2.97839
2.8427
2.62573
2.55285
2.45535
2.77309
2.82486
2.62293
2.07449
2.856
2.86917
3.49509
3.7418
2.17222
3.21355
3.07626
3.58988
3.24431
3.80193
3.37365
2.83644
2.81186
3.25566
3.05748
3.4644
3.59079
3.25316
3.17148
3.05796
3.22705
3.07019
3.70858
3.27936
3.12714
3.13516
3.22138
2.72538
2.9571
3.15043
3.05742
2.81586
3.10572
3.32441
3.37842
3.05062
3.23846
3.24835
3.35514
3.46373
3.40833
2.70201
3.12507
3.31055
3.36641
3.54342
3.53025
3.10264
3.61147
2.53413
2.8217
2.95347
4.29295
3.41813
3.4109
4.05937
3.18043
3.23719
3.94439
3.46586
3.17613
3.0741
3.25088
3.05392
3.37399
2.79387
3.11145
2.56812
3.54699
4.12851
2.95783
3.48169
3.33437
2.67528
3.17917
3.37278
3.46861
3.7948
3.74612
3.24828
3.2416
3.06724
3.06582
3.29999
3.14371
3.02644
3.20373
3.16624
2.37404
3.0049
3.00277
2.92772
2.91648
3.37565
3.08717
3.22784
3.32761
3.60964
2.47863
3.14205
3.19009
2.5917
3.26811
2.68276
2.87103
2.87869
2.8425
3.05004
3.54543
3.018
3.53876
3.22578
3.5881
3.36017
3.23905
2.82818
3.28454
2.80069
3.78555
2.9233
2.5257
3.42195
3.28458
3.49338
3.19983
3.31322
3.58897
1.88062
2.53218
2.91473
2.22563
2.58663
2.61454
3.021
2.85604
2.13801
2.90992
3.08236
3.03495
2.29517
2.99361
2.65905
2.85381
2.46097
3.43851
3.0883
2.57252
3.09035
3.11958
2.93031
3.49061
3.67513
3.45972
3.09418
3.31327
3.53851
3.04396
3.50644
3.90127
3.31039
3.72478
3.49728
2.65175
2.87617
3.19446
2.6837
3.45847
3.08496
2.70196
3.63818
3.04529
2.74131
3.04742
2.76194
2.45503
2.69381
2.73154
2.82475
2.82469
2.10547
3.20875
3.06126
3.43579
3.44496
2.43023
3.61902
3.36112
3.70805
3.63866
3.46917
2.89889
3.11887
3.4622
3.08708
2.99386
3.72392
3.34596
3.1208
3.14009
3.1005
3.09857
3.2576
3.09414
3.21787
3.11177
3.13024
3.42864
3.15089
2.82205
2.83738
3.23843
2.99258
2.9182
3.03907
3.37054
3.22135
3.51759
3.72447
3.51231
3.14108
3.19521
3.20206
3.22502
3.22257
3.08415
3.31119
3.31995
3.67242
3.42507
2.66655
2.92398
2.92821
3.97638
3.13962
3.44646
4.18103
3.13066
3.44366
4.13943
3.88435
3.23241
3.41115
2.94281
2.87197
3.03235
2.62605
3.32816
3.13365
3.42722
4.3167
2.94061
3.58892
3.91479
3.23733
3.67678
3.49122
3.79602
3.87342
3.63767
3.59587
3.05903
3.6138
2.8811
3.41499
3.06368
3.22401
2.99859
2.86974
3.15894
3.34272
3.02689
2.79978
2.78839
3.32562
2.89823
3.08881
2.92647
3.05603
2.43063
2.81038
2.88904
3.08006
3.17532
3.15497
2.81482
2.88685
3.35991
3.2944
3.22186
3.45747
3.42778
2.77724
3.30409
3.25839
3.99748
3.13726
2.91991
2.9755
3.80642
3.45659
3.156
3.73538
3.29288
3.4743
3.4247
3.4409
3.71652
