1.86377
2.79158
2.21266
2.17005
2.36903
2.63462
3.09547
2.76692
1.78527
2.98422
2.76393
2.85824
2.64265
2.77362
3.03153
2.74634
2.83936
3.49243
2.50641
2.80011
3.25944
2.92888
2.9592
2.98243
3.35763
3.61302
3.1387
3.28955
3.23357
3.2613
3.27844
3.43219
3.53416
4.06684
3.00832
2.6592
2.63132
3.26129
2.44849
3.3218
3.21763
2.45378
3.01087
3.30926
2.78336
2.76982
2.70387
2.27773
2.81641
2.60221
2.55625
2.56357
2.16901
2.99471
3.11453
3.26249
3.32974
2.96637
3.6446
3.22043
3.38854
3.64234
3.62063
3.1239
2.88287
2.81175
3.12527
3.03927
3.29168
3.41676
3.32362
3.04619
3.27057
3.08675
3.17184
3.34347
3.22547
3.02886
2.76563
3.10294
2.60278
3.02449
3.10244
2.97119
3.19861
3.20497
3.0546
3.15985
2.93292
3.66443
3.18347
3.20095
3.31516
3.31908
2.76676
2.99228
3.29626
3.3807
3.53102
3.21259
3.5297
3.64544
3.32755
2.72044
3.0437
4.00079
3.47211
3.12868
3.8776
2.55083
3.68668
4.30387
3.102
3.31967
3.38275
2.85277
2.8967
2.52406
2.23958
2.9702
2.60813
3.45653
3.67917
3.09942
3.26577
3.20226
2.92715
2.99766
3.09939
3.43866
3.29818
3.5518
3.47327
2.89803
3.18636
3.06955
3.25194
2.83246
3.04091
2.88119
3.05119
2.85962
3.37616
2.97609
2.98844
2.77883
3.02949
3.03137
3.05758
2.97522
3.11251
2.56454
2.7278
2.96439
2.70075
2.89009
2.73787
2.60409
3.64848
3.00058
2.88671
3.14145
3.2129
3.5927
2.55953
2.98064
3.30681
3.9702
3.12753
2.64878
2.56346
3.62285
3.40887
2.9715
3.38188
3.23396
3.53988
3.00532
3.29375
3.5467
2.06029
3.20359
2.32456
2.13643
2.46098
2.72525
3.24862
2.82808
1.96051
2.86849
3.22621
3.19963
2.35405
2.10744
2.91497
2.73713
2.60515
3.07014
2.79136
2.59527
2.80645
2.45289
2.78926
2.99043
2.89988
3.50066
2.99764
3.12298
2.86663
3.15741
3.15329
3.56601
3.44576
3.71678
2.88579
2.37563
2.7578
2.87715
2.24352
2.96622
3.05644
2.54268
3.56707
3.24078
2.80019
2.80552
2.67535
2.58591
2.47914
2.83752
2.45328
2.42392
2.29627
3.2324
3.12541
3.24791
3.69004
2.54519
3.3446
3.20353
3.42107
3.58199
3.61748
3.14709
2.65033
3.45331
3.37427
3.10158
3.47546
3.4302
3.18491
3.20227
2.88481
3.28491
2.99636
3.05849
3.20983
3.05609
3.0725
3.00325
2.70007
2.86912
3.13266
3.17429
2.83316
3.05626
2.88887
3.32063
2.86849
3.05043
3.48119
3.387
2.91988
3.14377
3.03419
2.99581
3.091
3.70704
3.39882
3.41544
3.46805
3.40041
3.1472
3.02723
3.4239
3.82151
3.56727
3.48449
3.91541
3.67419
3.63157
4.0608
3.64873
2.98849
3.45585
2.59749
2.81591
3.01772
2.17698
2.58604
2.5869
4.02048
4.12809
3.0202
3.51098
3.5333
3.31499
3.00074
2.71658
2.9338
3.5799
3.85339
3.20435
2.8554
3.15199
3.35189
3.03599
2.95907
2.80498
2.99026
2.92727
2.6652
2.89349
2.70187
2.66168
2.98757
2.99499
3.01747
3.17366
3.09695
2.94266
2.62638
2.90044
3.17592
2.98106
2.88703
3.15231
3.23281
3.01477
2.81449
2.85535
3.37862
3.36905
3.59911
2.78347
3.29673
3.19618
3.19278
3.08325
2.75709
2.83034
3.68765
3.21153
3.19779
3.33674
3.01011
3.28033
3.30638
3.66328
3.18454
