1.51555
2.50496
2.06257
2.16598
2.30683
2.46046
2.64092
2.60792
1.54098
2.58047
2.84092
2.85722
2.09395
3.16626
2.63929
2.224
2.20019
3.07759
2.47754
2.43251
2.82742
2.97947
2.57505
2.66758
3.2362
3.23676
3.14383
2.91652
2.15057
2.94332
3.10212
3.96424
3.30297
3.32225
2.97162
2.07718
2.72338
3.18361
2.1755
3.43257
2.95844
2.4303
3.52557
3.04864
2.61766
2.45485
2.30266
2.42693
2.43271
2.42799
2.3939
2.47524
1.92632
2.82914
2.63259
2.97042
3.71476
2.79769
3.30609
3.21959
3.56907
3.50041
3.31455
3.25172
3.74956
2.50901
3.09521
2.653
3.26383
3.21499
3.02873
3.00592
3.01762
2.74595
3.0182
2.79257
2.79192
2.92098
3.07062
2.88226
2.79582
2.56954
2.76885
2.94855
2.69738
2.78928
2.76606
3.10278
2.7777
3.05371
3.24446
2.75317
2.91013
3.8083
2.31147
2.9114
3.09882
3.35826
3.37634
3.29941
3.55148
2.83558
2.50732
2.91511
2.78866
4.40372
3.22766
3.00199
3.57266
3.56537
3.67018
4.37176
3.31035
2.77877
3.05506
2.8015
2.48967
3.5915
2.90632
3.47419
2.34267
3.67333
3.51824
2.88625
3.41292
3.64001
2.94008
2.98461
3.21352
3.60344
3.38704
3.5496
3.51871
3.09351
2.96833
3.00897
3.06814
3.24464
3.10149
3.04489
2.39136
2.34463
2.86258
2.67488
2.50317
2.56581
3.10738
2.74658
2.99257
2.71332
2.88186
2.2115
2.96527
2.78649
2.81919
2.81686
3.1007
2.58904
2.32479
2.81167
2.86408
2.62645
3.00493
4.26908
3.18489
3.15822
3.48181
3.3145
3.02507
2.7811
2.7758
3.60792
2.84295
2.93922
3.5121
2.97306
3.83875
2.72884
3.31294
3.34707
1.61338
2.71735
2.10584
2.06405
2.12166
2.31381
2.94178
2.65165
1.47132
2.79104
2.4308
2.93243
2.04983
3.10836
2.60651
2.34975
2.52647
2.98529
2.27047
2.3735
2.85157
3.00335
2.55893
2.98572
2.9115
3.14455
2.74875
3.34324
2.91115
3.11024
3.36489
3.18328
3.06334
3.84509
2.70594
2.35128
2.59543
3.21826
2.08789
3.0324
2.73063
2.41775
3.01517
3.0417
2.43338
2.52667
2.71829
2.37784
2.19697
2.56014
2.28906
2.20762
1.94468
2.58761
2.83801
3.2785
3.41067
3.2875
3.2045
2.69353
3.13366
3.37897
3.31588
2.56812
2.86124
2.7189
3.28192
2.751
3.07527
3.16039
2.55348
2.54916
3.0128
3.00594
2.94332
3.06173
2.92399
2.9593
3.01341
3.07317
2.91254
2.70126
2.85851
3.00794
2.79739
2.60821
2.67988
3.20574
2.60391
2.62253
3.08783
2.84522
2.62525
3.30877
2.55824
2.77296
3.14394
2.99267
3.35747
3.19445
2.72895
3.31395
2.40304
3.07398
2.81572
4.6119
3.24669
2.92306
3.67307
3.75388
3.40109
4.03151
3.74952
2.96744
3.14162
2.49249
2.75402
3.08539
2.40257
3.05692
2.6293
3.3891
3.5274
2.47018
3.15046
3.67099
2.80182
3.10145
2.94478
3.18859
3.16204
3.48634
3.56159
3.64085
3.06718
3.25901
3.05177
2.83351
3.2892
2.51105
2.87842
2.40898
2.90483
2.64374
2.65554
2.56424
2.98513
2.857
2.80274
2.73244
2.8535
2.76525
2.97858
2.85824
2.76616
2.79514
2.59919
2.53524
2.73143
3.00099
2.70856
3.072
3.35002
3.52647
2.73841
3.23404
3.25738
3.10553
3.16271
2.30702
2.8794
3.35881
2.96295
2.87177
3.20021
3.07242
3.68913
2.58007
3.38057
3.30715
