1.74403
3.03495
2.39057
2.1543
2.56974
2.87462
2.76692
2.94313
1.69058
2.8164
3.38985
3.55412
2.23378
3.11901
2.68701
2.11207
2.55316
3.45562
2.85568
3.25306
2.43675
2.66001
2.80642
2.95649
3.54481
3.72546
2.92904
2.7782
2.38546
3.21291
3.10065
3.69312
3.80805
3.90871
2.94224
2.54392
2.49321
3.03199
2.85043
2.67907
3.13282
2.71478
3.12773
3.21651
2.7941
2.66127
2.68238
2.44245
3.01322
2.76411
2.38929
2.40888
2.08729
3.31468
2.9818
3.88888
3.25932
2.46237
3.80687
3.25022
4.14746
3.29989
3.92917
3.08765
3.11491
3.46852
3.32749
2.9791
3.69068
3.83138
3.11607
3.42602
3.1511
3.11808
2.89867
3.56231
3.34447
3.11928
3.50278
2.5409
2.99154
3.08204
3.07249
2.91872
3.12911
3.17052
3.42201
3.5893
3.15859
3.71552
4.06985
3.68139
2.99839
3.95719
2.84376
3.04582
2.9246
3.37437
3.45388
3.67323
3.68007
3.59974
2.95546
2.75641
3.13749
4.1418
3.76027
3.66792
4.30531
3.87171
3.85029
4.53029
3.32335
3.27847
3.23166
2.89539
2.71114
3.12665
2.62348
3.09935
3.02134
3.58884
3.55145
2.9069
3.48828
3.66179
3.09119
3.29691
3.45204
3.50258
3.94439
3.65265
3.49301
3.44351
3.18602
3.16458
3.40691
3.26969
2.99884
3.50484
2.87462
2.65368
3.49976
3.16261
2.82189
2.85807
3.13596
3.11031
3.2388
2.94983
3.04017
2.04931
3.46303
3.42405
2.9931
2.94127
3.22475
3.32085
3.07882
3.06327
3.09546
3.36502
3.648
4.03732
3.15485
3.20322
4.03365
3.68337
3.12472
3.25091
3.06729
3.63096
2.93327
2.94418
3.40264
3.34972
3.75818
3.43582
3.2907
3.69268
1.82184
3.1475
2.48868
2.33934
2.70492
2.6564
3.25139
3.00228
1.63008
2.5615
3.42982
3.13617
2.15867
2.80967
2.87393
2.3102
2.42445
3.35116
2.5366
2.88369
3.08882
2.89667
2.9508
2.96963
2.84756
4.00341
3.04713
2.97422
2.98547
3.28598
3.26234
3.63236
3.38507
3.78771
3.21334
2.48679
2.53048
3.01745
2.5612
3.2119
2.80635
3.20035
3.53502
3.40846
2.77266
2.50254
3.01489
2.48526
2.87147
2.74583
2.65232
2.50383
2.15477
3.08509
3.10644
3.58324
3.4976
2.47354
3.49016
3.32957
3.52165
3.43926
3.75117
3.33368
3.54417
3.36485
3.41995
2.95344
4.03632
4.01814
3.19454
4.24822
3.1461
3.7905
3.48088
3.33292
3.45599
3.23277
2.92047
2.85916
2.8923
3.00877
3.32652
3.00481
3.11779
3.02663
3.11016
3.54495
3.08329
3.76718
3.92822
3.66116
2.76804
3.782
2.84482
2.66107
2.90263
3.0314
2.9553
3.67376
3.51418
3.197
3.19421
2.74046
3.1105
4.14108
3.03486
3.38526
4.13642
3.76944
3.63286
4.64652
3.27397
3.00282
3.38686
3.05912
2.71542
2.97979
2.39106
2.85014
2.47734
3.30623
3.42
2.93742
2.80841
3.30289
3.13535
3.09596
3.21891
3.20496
3.90708
3.6548
3.85925
3.3009
3.68091
3.19207
3.91951
3.00857
2.96862
2.81524
2.6859
2.77253
3.02683
2.77606
3.16514
2.69851
3.29513
3.43584
3.39841
3.3547
3.39586
2.79832
3.37191
3.03519
2.85816
2.97423
3.12381
2.80569
3.05626
3.47186
3.20797
3.58013
3.62651
3.76802
3.23416
2.6165
3.83742
3.71716
2.92332
3.17296
3.31899
3.35675
2.99146
2.66783
2.96212
3.4699
3.84466
3.19227
3.492
3.40441
