1.74294
2.84424
2.80741
2.08553
2.41843
2.80941
3.14769
2.86701
1.69282
3.13746
2.8326
3.04059
2.36809
2.45609
3.12529
2.54752
2.7507
3.25393
2.60927
3.33519
2.7344
2.70158
2.73204
2.87369
3.21844
3.44709
3.0408
2.9772
2.85336
3.26046
3.42284
3.91161
3.0651
3.56863
2.8427
2.56213
2.8345
3.27209
2.75821
3.22458
3.40869
2.79534
3.51426
3.1271
3.13407
2.50747
2.84876
2.37592
2.72178
2.73463
2.59283
2.65805
2.07495
3.19805
2.9404
3.48314
3.75516
1.98418
3.65779
3.14483
3.70687
3.60532
3.61945
3.10607
3.16607
3.19508
3.06956
3.08021
3.39223
3.33951
3.42371
3.38404
2.91238
3.04069
3.24835
3.32991
3.22962
3.13185
2.94185
2.95459
3.04826
3.37879
2.95857
3.0705
3.34446
2.92238
3.35077
3.43435
3.11916
3.17047
3.70676
3.15644
2.95916
3.38112
2.4633
3.06288
2.98771
3.12966
3.19715
3.45941
3.48115
3.36723
2.92722
3.03981
3.24577
4.57194
2.59007
3.5584
4.2261
2.93471
3.56829
4.07688
3.34016
3.45249
3.48322
3.40546
2.91566
3.08602
2.72024
3.37906
2.79932
3.50587
3.75822
2.96442
3.48524
2.94204
2.79185
3.30774
3.29938
3.33694
3.68859
3.64267
3.05335
3.29374
3.03522
2.92582
3.51705
2.87884
2.95533
2.98334
3.03077
2.86612
3.05475
2.66491
2.76192
2.82844
2.93008
3.14009
3.02474
3.0158
3.29509
2.57512
2.95016
2.83275
2.53914
3.11825
3.33648
3.0311
2.99124
3.04116
2.64798
2.97932
3.24219
3.94864
3.23462
3.13212
3.4449
3.69495
3.06707
2.83208
2.91
3.67659
2.77023
2.76164
3.09505
3.02205
3.42428
2.92567
3.41076
3.29785
1.78097
2.9734
2.38692
2.22396
2.57228
2.78551
3.12387
3.03024
1.85845
2.87658
2.92201
3.20195
2.57274
2.37266
3.20456
2.7177
2.4836
2.71053
2.80931
3.0419
2.90059
3.27157
3.029
2.92053
3.20309
3.59368
3.38909
3.25193
3.44011
3.14795
3.80634
3.573
3.76271
3.89646
2.88299
2.52588
2.74604
3.05154
3.00272
3.43227
3.18296
2.60506
3.53817
3.06468
2.80156
2.69708
2.60518
2.39235
2.84944
2.6501
2.65871
2.66852
2.16956
3.19855
3.39872
3.30306
3.4764
2.39302
3.62303
3.17977
3.33445
3.43658
3.97713
3.58816
3.12147
2.87066
3.11894
3.23155
3.81058
3.58849
3.4754
3.30352
3.04518
3.02908
2.89316
3.15762
3.23148
3.05326
3.21715
3.42161
3.0332
3.13916
3.05802
3.24574
2.99219
3.09242
3.32536
3.50762
3.14216
3.36087
3.77831
3.57635
2.71063
3.79206
2.56624
3.14462
3.4973
3.27941
3.28057
3.70628
3.62991
3.7524
2.88936
2.9366
2.78316
4.189
2.88722
3.37047
3.69767
3.29398
3.3437
3.99809
3.40581
3.18256
3.72216
2.89622
2.88527
3.00849
2.39388
3.27281
2.69194
3.67265
3.49699
2.75769
3.29123
3.45848
3.16677
3.27398
3.09511
3.30318
3.9206
3.41022
3.30405
3.23378
3.18037
3.42653
3.37092
2.91837
3.24021
3.40647
2.87893
2.63233
3.30147
2.8917
2.94845
3.14055
3.31226
3.27014
3.20327
2.93992
3.18827
2.42284
3.48643
3.10278
3.11086
2.94325
2.95881
2.95089
3.00739
3.20934
3.17764
3.88037
3.4849
3.42302
2.99598
3.35436
3.67339
3.8781
3.16669
3.07062
3.01508
3.91938
2.86778
2.59703
3.23506
3.39321
3.12222
3.32027
3.61566
3.90201
