1.77138
2.84896
2.45063
1.86426
2.23344
2.46762
2.47701
2.91055
1.50451
2.94528
2.99932
3.05549
2.0984
2.57651
2.97306
2.47902
2.39031
3.11112
2.5633
2.52134
3.25434
3.50167
2.77188
3.25199
3.16691
3.66326
3.02774
3.17621
3.50616
3.55642
2.93692
3.96869
3.45789
3.69931
2.85515
2.40035
2.81043
2.89778
2.59537
3.32304
3.19521
2.49193
3.56741
3.36722
3.03345
2.66894
2.64817
2.62365
2.88295
2.58396
2.4263
2.37142
1.96104
3.38373
3.10991
3.2485
3.38472
1.95862
3.72526
3.37463
3.44756
3.52996
3.98902
3.27452
3.14301
2.75171
2.99464
2.98555
3.65356
3.41576
2.97103
3.10726
3.08283
3.21794
3.24302
3.26813
3.25687
3.11712
3.23848
2.87912
2.71441
2.61225
3.0128
3.03086
2.8284
2.66385
2.62146
3.13072
2.78414
2.78679
3.00961
3.13052
2.41848
3.54495
3.01429
3.09927
3.4838
3.30875
3.44082
3.22055
3.44191
3.19268
2.56999
3.28708
3.32576
3.89483
3.65024
3.48715
3.85756
2.31626
3.26883
3.1579
3.69987
3.05288
3.11128
2.88139
2.60572
3.46296
2.4248
3.33806
2.50332
3.84925
4.03004
3.04693
3.21064
3.83467
2.84455
3.17516
3.27838
3.54558
3.93417
3.93015
3.26293
3.20345
3.12474
2.93591
2.9982
3.19706
3.14239
3.43173
2.95012
2.52196
3.24933
2.84384
2.96774
2.68603
3.37856
3.06753
2.9629
3.18229
3.16572
2.30306
2.9229
2.94709
2.7163
2.79728
2.61618
2.9469
3.09705
3.1074
2.9537
3.15972
3.3537
2.59072
3.11972
3.10379
3.28099
3.1042
3.37262
2.71726
2.95003
3.85766
2.98832
2.75679
3.19688
3.27629
3.38074
3.01634
3.39062
3.58001
1.81293
2.68849
2.44984
2.00395
2.27247
2.56048
3.17682
2.9237
1.58956
3.13016
2.55668
3.24831
2.08002
3.13111
3.10145
2.41651
2.49996
3.32761
2.61333
2.4456
3.27598
3.29831
2.8593
2.9484
3.09912
4.08597
3.07999
3.30477
3.28133
3.25753
3.56981
3.57393
3.12116
3.47611
3.05562
2.3841
2.63532
3.18714
2.512
3.3914
3.31044
2.47671
4.1393
3.39209
2.68194
2.8678
2.54888
2.15947
2.93521
2.65146
2.73582
2.46628
1.99566
2.83066
3.28578
3.80484
3.13349
2.33212
3.2801
3.76925
3.20132
3.55417
3.76821
2.90601
2.8681
2.70298
3.36917
3.27829
3.40898
3.78708
2.96805
2.95624
3.21561
3.12292
3.17878
3.30723
2.81642
2.84919
2.79969
3.04779
2.69392
2.84809
2.84699
2.66015
2.75279
2.79836
2.92017
2.86667
2.60599
2.88851
3.28347
2.93126
2.5503
3.42488
2.42273
2.98722
3.07919
3.06163
3.56596
3.42526
3.68013
3.15999
2.51529
2.72011
3.26011
3.87398
3.95905
3.40262
3.7802
2.93431
3.49991
3.5686
3.93335
3.00685
3.38699
2.75076
2.55939
3.80743
2.67857
3.19723
2.92073
3.85949
4.28509
2.88419
3.24878
3.93442
3.32964
3.10921
3.24872
3.2461
3.94344
3.96895
3.15936
2.94162
3.10843
3.68559
2.91849
3.22969
2.94472
2.69746
2.57646
2.56542
3.18217
2.70585
2.9232
2.7149
3.30575
3.3217
2.87461
3.06383
2.94985
2.73069
2.53441
2.71733
3.22784
3.29966
3.13798
2.80005
2.57902
2.99883
2.97659
3.12873
3.30481
3.75042
3.02339
2.78312
3.53034
3.20565
3.21565
2.34066
2.62815
3.90842
2.85615
3.03864
3.32751
3.05702
3.26925
3.37223
3.47305
3.43416
