2.14495
2.58571
2.41064
2.48569
2.70885
2.77097
2.78485
3.14642
1.8885
3.23445
3.42539
3.65307
3.10733
2.48241
2.75432
3.05659
2.91619
3.16402
2.88531
2.74287
3.73073
3.50031
2.87603
3.22514
3.88521
4.13071
2.81991
3.18304
3.41577
3.49564
3.62516
3.74143
3.52956
3.9964
3.01267
2.56392
3.04056
3.34534
3.356
3.37607
3.43475
2.72083
3.90296
3.60386
2.9801
2.82777
3.10984
2.54367
2.81128
2.74304
2.8737
2.93744
2.1879
3.21927
2.94065
3.58841
3.78058
2.14534
3.83438
3.55694
3.41877
3.55152
4.03434
3.42974
3.11994
2.85913
3.56477
3.02058
3.47715
4.32337
3.41061
3.51373
3.05555
2.98493
2.8124
3.43536
3.03056
3.13202
3.32515
3.19455
2.73833
2.98627
2.91843
2.99522
3.07795
2.96347
3.44014
3.35802
2.90474
3.09904
3.16413
2.90445
2.74459
3.26113
2.74885
3.20144
3.3262
3.79191
3.1538
3.46191
3.44296
3.57322
2.99829
3.2059
3.09986
3.42013
3.43739
3.63205
3.93747
3.19058
3.63517
4.32643
3.5358
3.24433
3.33241
3.30906
3.05702
3.03858
2.59438
3.31927
3.08835
4.02497
3.72545
3.3237
3.69257
3.60883
3.26295
3.47553
3.31523
3.32145
3.61721
4.00158
3.58426
3.31648
3.11643
2.86364
3.4302
3.07883
3.65733
3.32472
2.7388
2.9804
3.43903
3.26561
2.86093
2.95504
3.3916
3.43218
3.46379
3.28769
3.34024
2.92359
2.6707
3.16643
3.14993
3.40348
3.02902
3.22937
2.99451
2.94976
2.74645
3.22801
3.65988
3.74018
3.38775
2.92881
3.98008
3.80832
3.25384
2.80048
2.92753
3.73195
3.35653
3.05763
3.66559
3.09256
3.84999
3.22885
3.33251
3.60649
2.01598
2.87492
2.45696
2.37676
2.64463
2.86139
2.74603
3.04232
1.81068
3.12939
3.18468
3.43873
2.42989
2.75076
2.78626
2.75227
2.71867
3.35773
3.02318
2.88915
3.2873
3.12666
2.75297
2.95838
3.09718
3.94545
3.31562
3.74007
3.11547
3.30717
3.75754
3.74924
3.45788
3.63006
2.8993
2.69589
3.0989
2.89728
2.56067
3.38902
3.29334
2.71934
3.24084
3.3104
3.03245
3.2508
2.72228
2.35031
2.63699
2.66988
2.76064
2.75581
2.17226
3.07743
3.20921
3.18078
3.4949
2.72975
2.88282
3.41051
3.33367
3.68086
3.94982
3.56398
2.79924
3.12492
3.12267
3.35755
4.01162
4.05
3.51398
3.47672
3.06396
3.34074
3.46427
3.43964
3.35234
3.26835
2.93647
3.09184
2.96396
3.32507
3.48476
3.22818
3.41012
3.18901
3.30272
3.29771
2.98796
3.26
3.21471
3.18302
2.71183
4.03133
2.72672
3.14099
3.43286
3.43207
3.29232
3.424
3.25034
3.29888
2.57105
3.03528
2.98769
4.10034
3.37219
3.38877
3.37714
4.05991
3.72831
4.46289
3.39238
2.94087
3.58061
3.36385
2.97969
3.02906
2.61252
3.32731
2.87711
3.40526
4.21111
2.92345
3.69662
3.716
3.40328
3.49431
3.13847
3.32034
3.65748
3.69857
3.40758
3.28489
3.06816
3.48157
3.53811
3.30377
3.08984
3.31203
2.8685
3.03208
3.58344
2.91634
2.9881
2.88225
3.79843
3.10272
3.10243
3.16744
3.2019
2.90329
2.88364
2.70108
3.47789
3.07899
2.93381
3.47259
3.55654
2.54355
2.9917
2.68609
3.62582
3.52534
2.95114
3.03916
3.29176
3.08085
3.25797
3.28619
3.20697
3.31934
2.94802
3.26061
3.53628
3.66161
3.3176
3.07286
3.45197
3.92244
