1.87694
2.87296
2.53372
2.38251
2.60398
2.86828
3.52465
2.94392
1.81745
3.42469
3.31652
3.11864
2.50079
2.85106
2.70528
2.64465
2.97887
3.50629
2.67758
3.20886
2.92328
3.32917
2.81184
3.30745
3.42497
4.00885
3.07601
3.36383
3.17561
3.31281
3.33365
3.93754
3.54667
3.62026
3.03178
2.59828
3.09725
3.33212
2.67453
3.29878
3.34457
2.61897
3.35208
3.51833
3.06815
2.90022
2.44107
2.72265
2.75545
2.80392
2.81534
2.66638
1.99205
3.20348
3.14771
3.53118
3.54698
2.05562
3.32239
3.65392
3.82325
3.66538
4.10539
3.15103
3.2234
2.81432
3.48209
3.34236
3.97464
3.86883
3.60228
4.30521
3.1282
3.16869
3.5998
3.4616
3.41621
3.02038
3.03316
3.06123
2.94698
2.99362
3.44416
3.16614
3.19419
3.23633
3.86107
3.3553
3.21414
4.19496
3.56022
3.4086
3.04253
3.57819
2.69015
3.05396
3.36979
3.5611
3.50355
3.70317
4.01223
3.35872
3.18072
3.10122
3.08599
4.12863
3.42522
3.40715
4.34112
2.60416
3.68828
4.19383
3.30919
3.52464
3.3166
3.07576
2.88906
2.99438
2.5616
2.87729
3.11061
3.66415
4.0973
3.73298
3.46363
3.46387
3.02751
3.52261
3.34385
3.41216
4.06181
3.82218
3.27392
3.25521
3.40749
3.13287
3.26878
3.32788
3.3515
3.27994
3.08911
2.4798
3.08902
3.21891
2.75213
2.92077
3.09693
3.23567
3.22072
3.21334
3.07384
2.4551
3.5301
3.31741
3.08247
2.7852
3.59538
2.75854
3.18341
3.13858
3.1482
2.94333
4.16954
3.13742
3.18131
3.39506
3.89977
3.41008
3.38912
3.08436
3.22238
3.67555
3.17044
3.25061
3.53345
3.25404
3.45865
3.27014
3.78621
4.12011
1.97437
3.22328
2.67265
2.36664
2.66935
2.76998
3.47047
3.00459
2.10162
2.99957
2.7282
3.2244
2.34683
2.18479
3.12313
2.77948
2.7434
3.27992
2.60694
2.96987
2.99374
2.98026
3.20886
3.34848
3.46514
4.10935
2.77621
3.55369
3.76461
2.87762
3.50178
3.9056
3.65616
4.14207
3.4816
2.54536
2.92011
3.43988
2.86341
3.57378
3.47014
3.07892
3.81411
3.82339
3.11034
3.47273
2.8395
2.6666
2.93357
2.74561
2.9677
2.92289
2.17851
3.27467
3.37088
3.8321
3.76948
2.26854
3.80254
3.56554
3.85347
3.84428
4.32196
3.17257
3.4243
2.90147
3.36721
3.31283
3.93626
3.95502
3.2787
3.99328
3.35469
3.77184
3.31344
3.4307
3.38804
3.10721
3.35005
3.52002
3.08787
2.85891
3.33956
3.34902
3.25071
3.14704
3.38103
3.58081
3.16459
3.20352
3.71098
3.40887
2.74035
4.03451
2.92427
3.23379
3.71083
3.31786
3.45425
3.31409
3.41961
3.54983
3.3501
3.2044
3.39842
3.7878
3.18811
3.63399
4.38178
2.97473
3.5466
3.74032
3.78647
3.48314
3.34034
3.09519
3.11053
3.00404
2.36181
3.01659
3.25588
3.89971
4.08299
3.18885
3.86442
3.54087
3.56861
3.96268
3.53654
3.80493
4.00312
3.88667
3.39477
3.77012
3.48818
3.38637
3.2702
2.96071
3.40132
3.0456
2.78607
2.63854
2.94553
3.15319
3.00406
2.81862
3.42017
3.41532
3.30184
3.32317
3.17931
2.55483
3.15229
3.33743
2.95953
3.22275
3.02649
2.75747
3.29259
2.74534
3.11396
3.29033
4.07116
3.43482
3.23787
2.99546
3.52473
3.70527
3.48341
3.18211
3.38365
3.51582
3.24401
3.34903
3.62233
3.55583
3.3072
3.42902
3.38962
4.06262
