1.90365
3.52887
2.34599
2.38976
2.42267
2.62691
2.99011
3.02309
1.68907
3.02708
2.56984
2.87331
2.51907
2.77684
2.82638
2.68109
2.68058
3.3702
2.97105
2.27397
3.42188
3.23365
3.54591
3.6857
3.23258
3.24637
3.37808
3.00338
3.44307
3.19247
3.45201
3.91195
3.83493
4.03207
3.396
2.47813
2.86044
3.26901
2.50903
3.35021
3.31767
2.66381
3.6435
3.32665
2.95357
2.32069
2.80512
2.38575
2.57718
2.39291
2.21014
2.57562
2.14337
2.32555
2.88821
3.11041
3.27999
2.38267
3.64268
3.46962
3.93296
3.55506
3.75586
3.35274
3.37657
3.11877
2.68897
3.15613
3.88048
3.57228
3.17936
3.3181
3.09425
3.23173
3.20948
3.12225
2.92467
3.28485
3.04941
3.2539
3.03234
2.97012
2.91573
3.00434
2.65843
3.02918
3.07066
3.12854
3.27986
3.5102
3.65586
3.31282
2.95779
3.34345
2.86702
2.81565
2.28775
3.38707
3.62887
3.5416
4.15829
3.17225
2.65087
3.32363
3.63411
3.43089
3.8374
3.39397
3.43636
3.24208
3.52516
4.34351
3.49085
3.07636
3.37907
2.95871
2.72179
2.77329
2.27945
3.11051
2.75824
3.60587
4.12857
3.7255
3.65947
3.54787
2.86383
3.71288
3.11838
3.18746
4.02853
3.77686
3.49044
3.28092
3.47063
3.31436
3.16802
3.19664
3.14523
2.86631
3.14145
2.84861
3.14342
2.90183
2.99717
3.38304
3.62631
3.14262
2.85699
2.94575
3.45548
2.47203
3.28244
3.27995
2.56008
2.98782
3.10411
3.36205
3.00796
3.0037
2.85846
3.40448
3.62838
3.94003
3.8637
3.25889
3.89508
3.41672
3.2761
3.13112
2.9404
4.01764
3.63502
3.65151
3.59381
3.35478
3.5598
3.27265
3.50384
3.6752
1.92255
2.98662
2.3799
2.33284
2.71707
2.68559
2.81839
2.99768
1.78039
2.85714
2.85504
3.0493
2.51328
2.6162
2.78941
2.78949
2.80042
3.26376
2.67997
2.90906
2.989
3.33883
2.83417
3.51558
3.33547
3.24164
3.42233
3.36927
3.31077
3.13465
3.19612
3.57841
3.82603
4.16697
3.18836
2.51092
2.56394
3.08605
2.21457
3.19098
3.08064
2.46301
3.43641
3.04718
2.791
2.68493
2.76241
2.37535
2.58131
2.67115
2.49873
2.43709
2.15568
2.33736
2.85621
3.23551
3.13847
2.28542
2.84633
3.30521
3.70626
3.78715
3.963
3.15336
3.2113
2.73655
2.57742
3.05688
3.54472
3.53712
3.12935
3.08962
3.02141
3.01706
3.3251
3.14637
2.91635
3.21925
3.2344
3.13053
2.99261
3.07672
2.82916
3.37249
3.05745
2.98415
3.41258
3.19924
2.70024
3.09159
3.44893
3.28994
2.7336
3.51754
2.66642
2.99385
2.72234
3.27886
3.42359
3.56987
4.02436
3.38922
2.79554
3.26626
3.69944
4.42138
3.77129
3.49782
4.14844
3.76873
3.6355
3.90046
3.67792
3.15384
3.40641
2.98027
2.95617
2.98265
2.10731
2.87263
2.79172
3.91123
3.81661
3.44492
3.39334
3.21824
3.36394
2.80854
3.30291
3.64377
3.74461
3.28448
3.55077
3.48717
3.20867
3.275
3.40459
3.19066
3.19245
3.15245
2.80059
2.68622
3.23304
2.82074
2.99811
3.3009
3.1632
3.23573
3.18918
3.0642
3.1035
2.83272
2.35279
2.93642
2.79468
2.90731
3.03366
3.01503
2.93222
2.83795
2.96861
3.94039
3.46488
3.46689
2.55547
3.44054
3.72502
3.50344
3.40591
3.12401
3.27118
3.5811
3.48568
3.28922
3.68377
2.85811
3.89712
3.19443
3.58805
3.26006
