1.80414
2.80197
2.20344
2.19128
2.27426
2.58282
2.84298
2.84106
1.55513
3.01482
2.70871
3.14205
2.40286
2.86196
2.45841
2.59735
2.64936
3.28318
2.74054
2.58911
3.58192
2.95753
2.52071
2.88255
3.43432
3.30569
3.04346
3.14702
2.60679
2.91032
3.214
3.92152
3.41711
3.77794
3.01979
2.35422
2.83587
2.96923
2.37513
2.76114
2.67766
2.47426
3.47521
3.14726
2.58505
2.2731
2.22997
2.28442
2.73897
2.59296
2.47237
2.48129
1.96692
2.90643
3.17787
3.00262
3.36178
2.65152
3.32141
3.11547
3.46555
3.52096
3.63927
3.15029
2.69553
3.23327
2.84885
2.94484
3.43902
3.29567
3.37445
3.20075
2.98964
2.90048
3.05533
3.14927
3.25607
2.82942
2.9674
3.14475
2.86648
2.78925
2.76316
3.07289
2.56285
3.02219
2.96545
3.19349
2.94818
3.21467
3.34124
2.88072
2.85833
3.17994
2.41014
2.94227
3.09329
3.16528
2.97361
3.04579
3.25777
2.679
2.25593
2.83932
3.01309
3.92282
2.9347
3.22893
3.56368
3.75499
3.4633
3.85351
3.27716
2.98326
2.85488
2.92765
2.60621
3.37936
2.52425
3.16331
2.83813
3.39947
3.10254
2.94328
3.24814
3.64494
2.7542
3.41029
3.3339
3.45188
3.69939
3.81023
3.56964
3.54178
3.3598
3.10686
3.45119
3.11624
3.14728
2.98932
2.77434
2.68705
3.57297
2.83737
2.89241
2.85296
2.97342
3.26654
3.2215
3.03778
3.0624
2.62355
2.91972
2.87809
2.66517
2.45495
2.85111
2.42359
2.83124
2.59792
2.62517
3.70087
3.4355
3.07907
3.2639
3.09487
3.62785
3.57711
3.22702
2.60237
3.23687
3.52897
2.77927
3.15674
3.67856
3.34171
3.53749
2.83168
3.22755
3.41333
1.89316
2.7797
2.39345
2.16175
2.29827
2.44062
2.72538
2.79917
1.55753
2.74173
2.4836
2.89663
2.37614
3.24967
2.53828
2.37798
2.91331
3.56299
2.51642
2.54541
3.07657
3.23476
2.71353
2.89656
2.84219
3.13357
2.97715
3.07493
2.80948
2.95356
3.39669
3.45672
2.92036
3.65677
2.89866
2.48234
2.5192
2.79021
2.09214
3.2058
2.865
2.35839
3.27041
2.97203
2.48222
2.23532
2.51463
2.6025
2.57287
2.57418
2.46451
2.63732
2.07192
3.14716
2.93883
3.09631
2.91101
2.89323
3.19445
3.07908
3.2994
3.58474
3.44231
2.7388
2.91172
3.2164
3.0011
3.09076
3.27631
3.13011
3.04288
2.88669
2.86164
2.82634
2.93511
3.02096
2.74729
2.91662
2.9526
2.8525
3.05373
2.95479
2.95711
2.87975
2.75152
3.14705
3.19889
3.54446
2.51216
3.04953
3.01202
3.29175
2.94443
3.12491
2.75448
3.02903
2.75687
2.99158
3.11855
2.93257
3.33227
3.30806
2.4475
2.93431
3.16707
4.07574
2.61722
3.59437
4.04408
3.88371
3.57721
4.28954
3.73375
3.03269
3.67991
3.20951
2.91089
3.46903
2.49518
3.28838
2.76803
3.99056
3.40454
2.73883
2.94566
3.44819
3.48258
2.66831
2.93236
2.76241
3.52245
3.58011
3.42129
3.43997
3.07088
2.84782
3.12984
2.84051
3.3683
2.90956
2.74609
2.6088
3.39539
2.92033
2.83921
2.82645
2.98827
3.18414
2.96595
2.99846
2.94685
2.42193
2.17363
3.11879
3.21711
3.22867
2.82296
2.72165
3.25622
2.84995
2.81433
3.62647
3.33878
3.70567
2.87568
3.50837
3.39325
3.69647
3.40663
2.67799
2.87764
3.78092
2.80298
2.83486
2.70595
2.76842
4.09107
2.46825
3.19896
3.04498
