1.78418
2.56912
2.3758
2.18125
2.41824
2.87958
2.94961
3.09827
1.74809
3.26045
3.16505
3.57707
2.62017
2.61038
2.93674
2.78044
2.6015
3.1697
2.60875
2.80082
3.33249
3.20431
2.611
3.08364
3.15331
3.85109
2.98917
3.44454
3.03952
2.98588
3.512
3.87998
3.63906
4.16659
3.52886
2.64944
2.80253
3.22994
2.34747
3.26811
3.35571
2.70571
3.69139
3.83192
3.16636
2.69623
2.55653
2.72436
2.30908
2.53658
2.00292
2.34358
2.13396
3.06757
3.39688
3.63154
3.58189
2.58919
3.97044
3.29697
3.16924
3.66236
3.72374
3.11739
2.94427
3.20757
3.08698
3.03455
3.5092
3.39136
2.8641
3.36638
3.01728
3.16367
3.08318
3.27731
3.10092
3.05493
3.07866
3.02301
3.30633
3.15533
3.1234
3.08279
3.13151
2.91107
3.09291
3.33099
3.15417
2.68213
3.51251
3.4546
2.24792
3.58
3.09153
3.0446
3.57738
3.6092
3.46414
3.15345
3.45102
3.6988
3.25981
3.14811
3.14321
3.78032
3.35187
3.47544
3.78902
3.69192
3.27231
4.12698
3.63681
3.0544
3.33354
2.92251
2.86073
3.40379
3.19702
3.76734
2.8678
3.33193
3.66966
2.857
3.55569
3.50664
2.69536
3.21803
3.47118
3.3118
3.57913
4.04704
3.60462
3.64352
3.13814
2.836
3.22886
3.32971
3.32529
3.26009
2.78686
2.72992
3.38013
3.07462
2.90696
3.02527
3.04055
2.88308
3.15033
3.0468
3.06478
2.51892
2.8571
2.79356
2.47937
2.93148
3.15785
2.96356
2.39496
2.80471
2.83342
3.31532
3.44448
3.22751
2.83956
2.94046
4.20697
3.60273
3.0566
3.04372
3.23907
4.00006
3.07572
3.28666
3.29436
3.36042
3.56893
3.09451
3.37943
3.49928
1.93854
3.00597
2.39684
2.24567
2.50497
2.68115
3.63599
3.1778
1.74877
3.12239
2.76685
3.47909
2.18668
2.75327
2.93328
2.6191
2.663
3.37227
2.60445
2.81565
2.22963
3.10433
3.23853
3.21217
3.13819
4.19755
3.07704
3.54158
2.58365
3.07027
3.58972
3.70012
3.55361
4.05592
3.28868
2.68119
3.01338
3.04446
2.51133
3.48937
3.22
2.25793
3.72424
3.39347
2.86223
2.83385
2.55269
2.45704
2.51675
2.48491
2.35668
2.4653
2.35523
3.14897
3.28516
3.03717
3.22843
2.7138
3.04404
3.49146
3.25762
3.9703
4.01484
2.91436
3.09124
3.09477
3.08537
3.19468
3.38449
3.65821
3.05085
3.44787
3.12494
3.45201
3.17349
3.04063
3.25859
3.35015
3.07538
3.06061
3.09677
3.05379
3.14959
3.1193
3.06339
3.01273
3.10324
3.36152
2.84896
3.19736
3.52753
3.17596
2.45912
3.3482
2.77544
3.26119
3.26832
2.87828
3.14756
3.10457
3.71133
3.52846
3.33056
3.15326
3.16358
4.46685
3.80662
3.4972
3.73752
3.12141
3.59721
4.30862
3.34226
3.12702
3.11663
2.97679
3.09542
3.18199
2.54033
3.44727
3.33611
3.46182
3.72427
3.12623
3.55786
3.61851
2.94616
3.0575
3.34897
2.95962
3.67844
3.75784
3.56981
3.10465
3.55193
3.37464
3.34026
3.07091
3.03823
3.45161
3.41897
2.70457
3.10896
3.00489
2.70405
2.76382
3.18545
3.21916
2.58744
3.16807
3.02339
2.5703
2.66258
2.52617
2.77254
2.52166
2.87438
2.75739
2.81389
2.85389
2.6976
3.49707
3.51199
3.69096
2.59123
2.95007
4.63166
3.35246
3.38825
2.93145
2.91903
3.39607
2.72881
3.14383
3.6863
3.10922
3.29185
3.13157
3.56157
3.06005
