1.88992
2.7493
2.62384
2.22304
2.46062
2.75391
2.7578
2.99679
1.67658
2.92548
2.97685
3.46914
2.56239
3.00563
2.77452
2.73926
2.66243
2.95004
2.75991
2.57978
3.60308
2.85611
2.96691
2.95331
3.2355
3.67512
3.37619
3.01574
3.34279
2.93468
3.62462
3.67144
3.26747
3.67559
3.19175
2.7702
2.75687
3.29411
2.55346
3.29596
3.24076
2.81487
3.55396
3.28818
2.73677
2.9359
2.84556
2.78952
2.59314
2.86308
2.53318
2.51489
1.96933
2.87896
3.11185
3.46137
3.33021
1.71415
3.43842
3.36559
3.1894
3.4621
3.7667
3.17373
2.81449
3.07157
3.3163
2.85969
3.44933
3.86284
3.51501
3.14976
3.0024
2.95529
3.24177
3.3162
2.99479
2.88107
2.99564
2.98927
2.92762
2.90694
2.84694
3.22277
2.97131
3.09763
3.15067
3.38158
2.63618
3.23668
3.46994
2.93223
2.30079
3.53124
2.48915
2.94517
2.81387
3.27435
3.12117
2.89541
2.89412
3.19513
2.62718
2.85277
2.99659
3.81119
3.0282
3.41802
3.7155
2.18441
3.47628
3.51473
3.54657
3.14891
3.4125
2.65624
2.82873
2.59091
1.81538
2.60197
2.76436
3.23256
3.73259
3.02938
3.25341
2.55886
2.85571
3.03957
3.05694
3.40126
3.65048
3.52143
3.45349
3.13539
3.43869
3.34275
3.05992
3.67195
3.12882
3.36956
2.54237
2.95782
3.21553
2.88616
2.93139
2.89683
2.82213
3.04371
3.01906
3.0935
3.2237
2.66167
2.73522
3.26012
2.49569
3.00206
2.83737
2.535
2.76628
2.73762
2.91237
3.25451
3.4852
3.28786
2.40862
3.10679
3.4882
3.23312
3.11395
2.93732
2.91187
3.70131
2.66861
3.16323
3.43894
3.28902
3.26653
2.86522
3.2154
3.14087
1.8001
2.70622
2.57058
2.11905
2.43442
2.59255
3.06714
2.90696
1.75777
3.00991
3.18731
3.47403
2.51484
2.4199
2.66334
2.67558
2.73943
3.22988
2.67282
2.58882
2.43347
2.83256
2.82965
3.01642
3.02448
3.62766
2.94702
3.14324
2.87132
2.7235
3.68965
3.74757
3.24164
3.9286
3.12652
2.67954
2.97372
3.03029
2.84609
3.22938
3.44615
2.78686
3.27573
3.00908
3.2378
2.73946
2.92593
2.66199
2.47719
2.59556
2.70426
2.52527
2.01403
3.19308
3.00622
3.44739
3.5088
1.85924
3.61227
3.25444
3.38342
3.322
4.04058
2.78193
3.01378
2.77131
3.30741
2.94242
3.65696
3.78991
3.24334
3.25633
2.99628
2.87017
3.01804
3.18826
3.56997
2.81091
2.83068
2.98335
2.90908
2.73764
2.89654
3.19043
2.73325
2.95062
3.30118
3.16892
2.68794
2.91793
3.22934
3.48102
2.54541
3.35116
2.84922
3.11011
2.95279
3.0387
3.23192
3.02164
2.68597
3.37692
2.85916
2.87401
2.91571
3.79825
3.35864
3.24881
3.82238
3.59009
3.55078
3.83149
3.06836
2.99123
3.41375
2.78542
2.62434
2.99446
2.13152
2.90416
2.55232
3.38401
3.28837
2.55243
3.22199
3.23342
3.08708
2.93408
3.06468
2.89729
3.6392
3.29226
3.04539
3.14107
3.14866
3.04668
2.97196
3.37904
2.99308
2.9197
2.64755
2.73537
2.9519
2.86838
2.79152
2.62592
3.1971
3.10186
3.41979
3.32765
3.08505
3.04983
3.0582
2.76651
2.747
2.91718
3.03373
2.80531
3.03771
2.8272
2.80602
3.5712
3.45524
3.45311
2.81201
2.91248
3.43937
3.51064
3.05862
3.07375
2.76537
3.6439
2.60842
2.84512
2.87435
3.40021
3.1227
3.11324
3.297
4.03054
