1.98786
3.12481
2.4266
2.29862
2.47606
2.72253
2.99134
3.10145
1.74423
3.09086
2.99576
2.97864
2.44423
2.69336
2.66648
2.47054
2.60422
3.63197
2.49652
2.84583
3.26014
2.77984
3.09238
3.0432
3.34892
3.83289
3.12661
3.04298
3.07386
3.41874
3.82551
3.53173
3.40995
3.81993
3.41238
2.95693
2.45149
2.94444
2.7982
3.27425
3.34218
2.47587
3.65283
3.71294
2.9633
3.10136
2.66831
2.57692
2.30937
2.72166
2.74178
2.63678
2.09818
3.0155
3.3808
3.4431
3.58154
2.14017
3.62734
3.73057
3.58181
3.53859
4.10594
2.93093
2.95923
2.90869
3.25586
3.08302
3.42219
3.70883
3.18151
3.23191
3.0448
3.11753
3.56841
3.62499
3.19138
3.03359
2.98749
2.87057
2.9089
3.24605
3.20598
3.03415
3.04282
2.88555
3.20934
3.60342
3.05411
3.01069
3.18538
3.3197
2.82476
3.77583
2.94427
3.28122
3.00657
3.19572
3.05856
3.33228
3.65439
3.23198
2.982
3.01685
3.42066
3.89256
3.12896
3.59425
3.86988
2.58996
3.70464
4.01365
3.62383
3.32352
3.28001
2.96799
2.904
3.18606
2.64294
3.17491
3.23029
3.48075
3.48178
3.60161
3.67247
3.14728
3.05679
3.1967
3.53319
3.53297
3.87487
3.82644
3.65137
3.56025
3.28486
3.20715
3.36363
3.43226
3.17019
3.38795
2.93981
2.99977
3.2143
2.92674
2.8176
2.6611
3.15053
3.36541
3.19898
3.24866
3.05619
2.62792
2.65206
2.97344
2.75992
3.29782
3.04942
3.0772
3.08907
2.85695
2.78394
3.11008
3.81776
3.21991
2.5079
3.44675
3.95153
3.06766
3.2592
2.90478
2.93689
3.67926
2.60019
2.99993
3.60505
3.65243
3.72952
2.57232
3.886
3.59952
1.9895
2.62087
2.60922
2.34065
2.50141
2.68663
2.88395
3.10777
1.78703
2.77375
2.97789
3.16885
2.89367
2.88913
2.78345
3.11717
2.67503
3.19984
2.91591
2.33927
3.63789
3.46516
2.88001
3.04335
3.29359
3.55843
2.77594
2.7973
2.45187
3.14102
3.5542
3.53422
3.21001
3.52811
2.97354
2.84142
2.67125
2.97355
2.53265
3.28676
2.77987
2.60287
3.79792
3.30773
2.60778
2.62654
2.86922
2.57328
2.43049
2.90395
2.69135
2.6787
2.24174
3.18009
3.11147
3.2835
3.16637
2.38813
3.02971
3.32245
3.56899
3.40021
3.93108
3.45188
3.2371
3.76722
3.26229
3.02555
3.55735
3.65425
3.37491
3.21699
2.85888
2.7979
2.9375
3.48314
3.19684
3.0743
2.85594
3.16286
3.00206
3.1448
3.09439
3.24939
3.01607
2.9561
3.2197
3.20039
2.79755
3.01135
3.55636
3.23937
3.12805
3.52083
3.29364
3.12612
3.4531
3.16205
3.3732
3.19064
3.52646
3.68268
3.2454
2.72738
3.02721
4.07318
3.32204
3.53988
3.97128
3.09345
3.30802
4.37371
3.17498
3.25155
3.11331
3.05273
3.33343
3.25186
2.6354
2.80299
2.79061
3.80853
4.22617
2.73853
3.62772
3.38116
3.12572
3.69684
3.80052
3.21432
3.953
3.5454
3.64938
3.3808
3.77662
3.38407
3.37035
3.27351
3.04056
2.85094
2.81685
2.93446
3.22
2.98232
2.98243
2.78145
3.16365
3.23013
3.30184
3.07705
3.21459
2.79876
3.13581
2.88325
2.81361
3.36354
3.01927
2.63262
2.64337
3.16215
2.93004
3.75508
3.47879
3.68349
3.29833
3.59537
3.5209
3.26076
3.16115
3.08582
2.69599
3.77548
2.91974
2.31797
3.17787
3.46372
2.96582
3.13163
3.87533
3.5215
