1.80987
2.56038
2.33092
2.18699
2.48217
2.74916
3.16062
2.87256
1.61457
3.02161
3.06909
3.16877
2.48404
2.50975
2.888
2.76428
2.77589
3.10295
2.83677
2.56433
3.32507
3.08233
2.63436
3.11632
3.21272
3.38705
2.7747
3.34723
2.71434
3.19148
3.37561
3.85975
3.28555
3.86237
3.09544
2.44668
2.81599
3.15175
2.56395
3.01491
2.98962
2.44433
2.9989
3.14973
2.94678
2.9653
2.95448
2.36924
2.85465
2.82393
2.57049
2.5387
2.06094
3.07007
3.22157
3.29606
3.2442
2.1581
2.90512
2.95384
2.97665
3.4061
3.58143
3.04694
2.74922
3.06397
3.09262
2.99766
3.29305
3.50162
3.14784
2.99394
2.9268
2.86138
3.25802
3.2517
3.23922
2.93499
2.97965
3.07619
2.95921
2.85265
3.02205
3.02884
2.99604
2.94378
3.13373
2.86007
3.03821
3.65908
3.38282
3.36519
2.74824
3.18124
2.82274
2.90405
3.12155
3.35503
3.17291
3.34246
3.36594
2.99928
2.8219
2.8601
3.24972
3.3242
3.30691
3.26005
3.86631
2.35957
3.33291
4.40481
3.17519
2.98375
2.97079
3.04815
3.0773
2.83747
2.02539
2.89711
2.27841
3.77442
3.99761
2.93365
3.52095
3.47336
2.75899
3.25562
3.10573
3.28747
3.37926
3.62305
3.60365
3.57422
2.9858
2.66544
2.96176
2.95246
3.12352
3.00312
2.8008
2.58009
3.44664
3.22071
2.83183
2.98004
3.14478
3.13508
3.09615
2.87831
2.93474
2.57479
2.58102
2.4699
2.56044
2.93039
2.90133
3.09568
2.99285
2.67189
3.0601
2.86495
3.40567
3.20085
2.58797
2.78248
3.7567
3.19221
3.26406
2.84479
2.74486
3.48788
2.72995
3.0057
3.49344
3.01622
3.36548
2.93941
3.08772
3.00907
1.99467
2.50389
2.50357
2.34568
2.57375
2.62383
3.40892
2.748
1.69409
2.9939
2.95594
2.94466
2.43879
3.10968
3.17653
2.65204
2.71609
3.2039
2.74473
3.01853
2.96635
2.85754
3.30694
2.84543
3.31212
3.36446
3.23467
3.5632
2.73741
2.8686
3.46293
3.68674
3.18389
3.37426
2.99934
2.52035
2.6939
2.93513
2.66
2.8365
2.96594
2.67875
3.14766
3.16403
2.73963
2.6788
3.07257
2.62421
2.98702
2.96786
2.5646
2.59407
2.02236
3.0615
2.83781
3.28958
3.50821
2.60645
2.92174
3.39898
3.36062
3.26929
3.37723
3.29414
3.01514
3.74283
3.19289
3.02862
3.42508
3.36724
3.00152
3.05377
2.87867
3.03786
2.85434
2.99237
3.07114
2.95394
2.96866
2.92635
2.76514
3.05949
2.99201
3.1042
3.21258
2.92059
2.89927
3.71781
2.97308
2.91932
3.59716
3.57922
2.6989
3.34194
2.59723
3.04184
3.12706
3.32092
2.92593
3.30234
3.07627
3.29493
3.0141
2.63011
2.83068
4.26286
3.17409
3.27667
4.04047
3.5036
3.35923
3.96351
3.48633
2.96811
3.25765
3.13374
2.9032
2.70894
2.3291
3.12651
2.71531
3.60612
3.56845
2.59804
3.3816
3.50681
3.00143
2.65147
3.18774
3.35574
3.59918
3.58922
3.39542
3.15164
3.05074
2.91272
3.19578
2.94701
3.27236
2.96256
3.16686
2.93568
3.36224
2.96171
2.48779
2.51505
3.06192
2.90723
3.04279
3.05995
3.1583
2.60696
2.93079
2.41054
2.74123
3.16605
2.69398
2.89501
2.93668
3.17735
3.21133
3.30721
3.52533
3.51404
2.60665
3.05667
3.7779
3.29471
3.00304
3.26447
3.04319
3.5161
3.21007
2.88245
3.36951
2.79738
3.1076
2.99936
3.36649
2.92031
