1.84545
2.7315
2.67186
2.26051
2.58286
2.67593
3.51886
2.97721
1.99237
3.14804
2.82098
3.28038
2.4382
2.64627
2.91462
2.73054
2.54967
3.4649
2.77806
2.7134
2.97687
3.41851
2.80722
3.81457
3.53928
4.01873
2.84635
3.16719
3.1952
3.12417
3.71987
3.94176
3.69002
3.55255
3.06435
2.46159
2.56748
3.15752
2.59921
3.16424
3.53179
2.64703
3.52284
3.52727
3.19898
2.53134
2.61261
2.45561
2.75372
2.60675
2.94154
2.65036
2.33462
3.28374
3.3354
3.31014
3.39558
1.97964
3.53412
3.12825
3.23087
3.72971
3.56591
3.34033
3.85051
3.66243
3.51305
3.08517
3.74528
3.56477
3.38815
3.84259
3.04019
3.22388
3.85366
3.77349
3.52277
3.12251
2.98334
2.99222
3.04509
2.91865
3.33117
3.23205
2.85933
3.10246
3.60715
3.60579
3.48334
4.21514
3.84612
3.47049
2.75078
3.43058
2.68995
3.06919
3.07957
3.37113
3.32192
3.59654
3.78013
3.35082
3.03672
2.97957
3.12632
4.30736
3.566
3.34009
3.63179
2.30528
3.41005
2.95249
3.18944
3.04945
3.15833
3.25849
2.60879
3.6222
2.61206
3.06158
2.98069
3.74575
3.94605
2.95722
3.42773
3.73811
2.79343
3.13329
3.04937
3.24068
3.67026
3.69343
3.45306
3.57886
3.25488
3.05448
3.50935
3.10621
3.28815
3.03138
2.85835
2.79736
3.16449
2.89099
2.57732
2.68281
3.18339
3.01297
3.00116
3.07571
3.0525
2.44954
3.10718
3.06852
2.74799
2.93898
3.05904
2.69198
2.82979
2.68613
2.65666
2.84971
3.71594
2.82098
3.62043
3.05732
3.66683
3.42811
3.2414
3.1195
3.6225
3.78046
3.28382
3.08215
3.78591
3.25065
3.48997
3.1648
3.37917
3.66313
1.83969
2.77889
2.57427
2.31807
2.63978
2.82131
2.99579
3.10454
2.06536
2.7681
2.97827
2.85571
2.21573
3.04527
3.02593
2.39603
2.60831
3.70461
2.80695
2.59982
3.45794
3.16559
2.47039
3.07727
3.00835
3.67958
2.97421
3.68418
3.55186
3.10662
3.791
3.88885
3.90884
4.10523
3.15043
2.68718
2.86353
3.19826
2.64105
3.49167
3.64261
2.67548
3.51567
3.46463
3.53105
2.80601
2.94881
2.34919
2.56924
2.63586
2.96672
2.72998
2.29064
3.40196
3.53864
3.70438
3.72554
1.88442
3.11081
3.4499
3.4238
4.00182
3.85138
3.46785
3.38223
3.34656
3.28683
3.20757
3.81704
4.07464
3.24644
4.02867
3.35709
3.20682
3.51386
3.76042
3.33476
3.24933
3.1764
3.07973
2.90885
3.30159
3.45207
3.63459
3.77047
3.20419
3.40517
3.89414
2.94545
3.86686
4.02982
3.4903
2.65665
3.67934
2.7871
3.03108
3.27709
3.16659
3.48624
3.54766
3.34616
3.44012
3.12645
2.97807
3.05233
4.07139
3.58477
3.57984
4.20906
2.68679
3.70674
3.73076
3.82462
3.32425
3.50324
3.01963
3.11048
3.3754
2.6839
2.97181
2.95353
4.06638
3.72658
3.00551
3.75759
3.87807
3.36541
3.16353
3.31345
3.33321
4.00243
3.98053
3.43677
3.52571
3.15251
3.23964
3.75812
2.91011
3.14689
3.18085
3.06187
2.47989
3.42949
3.20281
2.85365
2.65034
3.52588
3.05194
2.89884
2.90397
3.01619
2.53888
2.79934
2.85686
3.20429
3.02935
3.12175
2.91336
2.67165
2.73592
2.9091
4.00362
4.05629
3.51996
2.78312
2.77744
3.59223
3.54633
3.09804
3.4188
3.39969
3.52624
3.37918
2.70485
3.69535
3.17134
3.99051
3.44587
3.56551
3.9794
