1.74672
2.43561
2.35436
1.98913
2.10737
2.35749
3.16674
2.79698
1.57652
2.90802
2.61945
2.64362
2.15279
2.59524
2.61059
2.49602
2.56315
3.0055
2.28694
2.0429
2.72239
3.25977
2.57527
2.7111
2.78163
3.27984
2.71866
2.80902
2.87238
2.6499
3.20854
3.26084
3.26811
3.12959
2.84585
2.58633
2.74403
2.9334
2.22646
3.0366
3.14254
2.37225
3.39189
2.9991
2.45801
2.35488
2.23232
2.47391
2.41414
2.58475
2.18616
2.31945
1.91561
2.84459
2.7796
3.09672
3.67111
2.21533
3.82279
3.27419
3.24259
3.2574
3.5601
3.06248
2.93579
2.74787
2.7357
2.68947
3.35622
2.93587
2.70845
3.13047
2.78641
2.86684
3.04978
2.81635
2.82151
2.96233
2.73213
3.04579
2.73338
2.52758
2.75027
2.59771
2.76808
2.54008
2.53136
3.33671
2.80767
3.05368
2.9323
2.91875
2.43635
3.1567
2.56677
2.91545
2.73475
3.1211
2.62837
2.98242
2.95529
3.08105
2.77351
2.68413
2.60267
4.25465
3.1253
3.18999
3.90989
2.92901
3.2231
3.65741
3.2836
2.96197
3.15105
2.77198
2.59721
2.81158
2.36023
3.50464
3.17863
3.60548
3.02274
2.80316
3.13048
3.3344
2.86185
2.81827
2.96471
3.09253
3.46435
3.67555
3.12667
3.29874
2.89601
2.82577
3.22607
2.74415
2.84108
2.68624
2.74949
2.55197
3.02122
2.77856
2.6129
2.56265
2.89936
2.80438
2.96209
3.09808
3.19599
2.46063
2.76805
2.69607
2.3347
2.55303
2.35408
2.37584
2.40041
2.27551
2.70812
2.57605
3.20161
3.70085
3.19043
2.86152
3.32317
3.35445
2.9436
2.58678
2.91537
3.49059
2.62798
3.01105
3.0653
3.18957
3.40281
2.7469
3.31109
3.19379
1.69333
2.34933
2.41475
2.13967
2.23449
2.22289
2.66032
2.88164
1.77105
2.92878
2.8628
3.00744
2.18039
3.13598
2.86807
2.61358
2.54433
2.89537
2.36165
2.37424
2.61338
2.55483
2.53871
2.67215
2.565
3.34979
2.71623
3.27859
3.0776
3.04672
3.27593
3.42234
3.03804
2.96433
2.90147
2.30101
2.4719
2.71668
2.28984
2.92803
2.87218
2.25222
3.14122
2.90216
2.54959
2.51913
2.45484
2.6339
2.48485
2.63784
2.3574
2.45229
1.98825
3.02051
2.88614
3.27987
3.3733
2.45022
3.27799
3.07942
3.08729
3.20331
3.6332
2.93234
2.85323
2.61597
3.08805
2.90335
3.05714
3.28153
2.7798
2.66241
2.94686
2.82426
2.96197
2.99135
2.81709
2.93544
2.62841
3.03367
2.65879
2.68927
2.72568
2.58436
2.69671
2.65692
2.86494
2.98266
2.59439
2.67113
2.81358
2.77704
2.64063
2.97015
2.53389
2.89086
2.59331
3.29199
3.34042
3.34444
3.05263
2.70614
2.52078
2.61213
2.51758
3.73689
3.18741
3.05749
3.4253
3.99418
3.1792
3.83042
2.91328
2.77484
2.95802
2.90108
2.80308
3.01081
2.6173
3.28141
3.01468
3.79252
3.18577
2.70527
3.22412
3.61832
3.28916
3.12732
2.88811
3.07945
3.26504
3.23954
3.25338
3.36384
3.00419
3.03401
3.18356
2.58535
3.01908
2.96456
2.99094
2.83251
2.86707
2.82253
2.92535
2.68009
2.95043
2.92885
2.89867
3.4175
3.08987
2.74435
2.5784
3.04855
2.79145
2.78716
2.79823
2.40351
2.52692
2.71182
3.09541
2.78449
3.08792
2.8045
2.64723
2.94876
3.0359
2.9108
3.1188
2.56522
2.96382
3.2668
2.83918
2.55465
2.94392
2.75532
2.9682
2.48904
3.3505
3.242
