1.88344
2.70551
2.39587
2.2386
2.63766
3.02133
3.43073
2.84275
1.86112
2.9256
2.56784
3.34799
2.4405
2.77775
2.70966
2.38661
2.53172
4.02681
2.68885
3.01512
3.00627
3.51784
2.98364
2.72445
3.26504
3.67468
2.76122
2.74315
2.82556
3.08563
3.14771
3.95073
3.63541
3.51535
3.24369
2.39162
2.51405
3.22354
2.89353
3.17656
3.31015
2.443
3.51283
3.35574
2.91514
2.2242
2.57471
2.49565
2.68384
2.48793
2.61756
2.67586
2.22025
3.01448
2.83479
2.87831
3.77483
2.21867
3.59551
2.87994
3.54158
3.11129
3.36143
2.97008
2.84512
2.91867
3.04824
2.93768
3.25169
3.6223
2.98703
3.24176
2.91061
2.83185
3.23827
3.03767
3.17023
2.85512
2.79238
2.97399
2.60853
3.05483
2.98164
3.13499
3.36506
2.88726
3.12723
3.67375
2.76461
3.50853
4.16862
3.63102
2.57832
3.65179
3.14772
2.97176
3.33712
3.47951
3.01966
3.20681
3.03317
2.99293
2.53749
2.74439
2.90593
3.48229
3.20623
2.9827
2.95917
2.58182
3.49798
4.29041
2.93655
3.00291
3.12118
3.15092
2.66974
3.31238
2.09003
3.06117
2.55129
3.21214
3.83075
2.97325
3.38854
3.05945
2.49373
3.00103
3.13122
3.37098
3.43442
3.72106
3.29281
3.34198
3.18415
2.77388
3.21094
2.81397
3.38774
2.91386
2.75269
2.54939
3.08654
2.73925
2.67504
2.60877
3.32469
3.03281
2.99411
2.89529
3.26122
2.34102
3.0588
2.88613
2.45072
2.79569
2.82544
2.89461
3.01
3.10078
2.63078
3.06744
3.37371
3.49069
3.06012
2.71764
3.5358
3.00605
3.01584
2.86781
2.87898
3.30074
2.89008
2.47368
3.56291
3.07445
3.46375
2.90342
3.10692
3.27133
1.80604
2.85995
2.59258
2.2536
2.61277
2.70743
3.28063
2.69301
1.90711
2.75767
2.61028
3.19727
2.42422
2.80462
2.49736
2.59523
2.8218
3.26703
2.56375
2.92874
2.7367
3.13959
2.92229
3.13762
3.14349
3.3128
2.55748
3.15211
2.76446
2.88046
3.13768
3.7545
3.38636
3.9699
2.86477
2.52231
2.52352
3.12382
2.84731
3.11003
3.1821
2.73891
3.09641
3.35821
2.55779
2.66338
2.5614
2.58881
2.36335
2.74079
2.67815
2.59007
2.25315
2.81427
3.05115
3.30791
3.46525
1.92955
3.36588
2.95031
3.34382
3.21502
3.40461
2.81456
3.14687
3.17573
3.25767
3.19886
3.4478
3.57316
3.26279
3.15622
3.24022
2.86903
2.85937
3.18232
3.07535
2.90848
2.83465
3.09088
2.65706
2.73856
2.99627
3.05279
3.09336
3.10949
2.93032
3.62599
3.17253
3.64647
3.23326
3.53612
2.50146
3.44586
2.36143
2.9475
3.17301
3.20442
3.30961
3.29227
3.20544
3.25765
2.6109
3.0345
2.82021
3.93275
3.10302
2.92409
3.24631
2.50891
3.204
3.81216
3.50033
2.97106
3.25715
2.85439
2.49549
3.2385
2.57398
3.13108
2.78646
3.70139
3.67801
3.22777
3.36292
3.43743
3.01368
3.43381
2.90273
3.27538
3.4596
3.53821
3.54036
3.32096
3.07927
2.60846
3.39988
2.78288
2.81788
2.78813
2.76834
3.03478
2.73844
2.87921
2.32932
2.78328
3.14708
2.94147
3.02807
2.8946
2.80384
2.48022
2.6438
3.11202
2.54176
3.1302
2.86519
2.74263
2.65976
2.93953
2.85442
3.28141
3.51625
3.60283
3.41752
2.64295
3.59184
3.04752
2.88417
2.85643
2.97852
3.34666
2.64989
2.81895
3.3517
2.98159
3.21677
3.17123
3.00046
3.83359
