2.04289
2.9714
2.54092
2.45435
2.75227
2.78639
3.00963
2.89748
2.09356
3.1658
3.0405
3.23208
2.5571
2.44319
3.02909
2.79979
3.02766
3.35984
2.62982
3.31765
3.00281
2.7918
2.96642
3.10572
3.32963
3.84561
3.22106
2.79095
3.37498
3.21868
3.56839
4.11578
3.51234
3.60599
3.10344
2.84486
2.92179
3.28979
2.7587
3.42329
3.50215
2.79545
3.55552
3.17308
3.04435
3.03615
3.00797
2.50124
2.94827
2.94973
2.93896
2.73215
2.27076
3.03163
3.10002
3.45787
3.88147
2.00746
3.50525
3.32296
2.93188
3.6306
3.80789
3.32792
2.67136
3.28937
3.2273
3.24947
3.56391
3.6732
3.30401
3.55904
3.33075
3.42491
3.32933
3.46064
3.26859
3.15196
2.8427
3.15077
2.82811
2.80021
3.11637
3.15852
2.99612
2.99275
3.29615
3.16316
2.87244
3.57046
3.2785
3.7682
3.02572
3.32419
2.80735
2.96836
3.8397
3.01302
3.7243
3.55207
4.11354
3.58735
2.98991
3.2346
3.18159
4.0809
3.41299
3.21839
3.8699
2.69549
3.45665
4.12618
3.59527
3.33732
3.52444
2.83163
2.92164
2.9227
2.25059
3.2736
2.55891
3.96941
3.54971
2.891
3.52958
3.20401
2.75966
3.37511
3.23645
3.62629
3.91398
3.81478
3.52067
3.4154
3.2372
3.09089
3.10139
2.89634
3.06263
2.9417
2.89102
3.12059
3.28558
3.08305
3.20075
3.05666
2.95981
3.22861
3.34033
3.18132
3.66486
3.09801
2.7658
2.68891
2.53559
2.94825
3.09718
2.81006
3.29302
3.17706
3.37958
3.30048
3.41471
3.89682
3.07847
3.54865
3.63365
3.27657
2.75864
2.98202
2.90633
3.66
3.02877
2.91954
3.50646
3.1018
3.59595
2.8902
3.66466
2.66844
2.00951
2.83002
2.53979
2.41319
2.59147
2.70297
2.68809
3.02603
2.1461
3.24663
3.0052
3.50018
2.59695
2.44296
3.13799
3.12443
2.45254
3.18232
2.66441
2.97919
3.22738
3.20559
3.03014
2.87751
3.2016
3.88737
3.07268
3.44845
3.28015
3.25824
3.76129
3.81537
3.36569
4.11019
3.04952
2.62209
3.15447
3.27808
2.62117
3.3007
3.13552
2.76474
3.61384
3.24438
3.12366
3.25937
2.88086
2.88927
3.10047
2.76607
2.65659
2.60022
2.34756
3.00287
3.19019
3.54085
3.75901
2.07491
3.69681
3.30191
3.57967
3.45613
4.08796
3.07213
3.09332
3.0211
3.625
3.268
3.78988
4.04104
3.37384
3.53304
3.31195
3.35244
3.21992
3.54014
3.45273
3.24082
3.52998
3.47234
3.18955
2.92225
3.16713
3.25437
3.0593
3.2395
3.25385
3.61334
2.97377
2.97973
3.61116
3.56585
2.61864
3.72619
3.14994
3.07524
3.47198
3.32658
3.45771
3.48984
3.81301
3.6147
2.77491
2.75878
3.07407
3.78261
3.55529
3.38704
3.41917
3.31718
3.74075
3.07834
3.89652
3.19345
3.88298
2.85702
2.88866
3.04239
2.32421
2.76394
3.00344
4.1699
3.76331
3.52872
3.25983
3.16661
2.97305
3.30667
3.01425
3.11111
4.03599
3.57
3.48123
3.20263
3.28268
2.99861
3.39793
2.94802
2.83314
2.86374
2.97506
3.15402
3.25578
3.0138
2.9517
2.78652
3.31058
3.14804
3.27309
3.19378
3.39217
3.03736
3.06484
2.97302
2.74006
3.1992
2.82796
2.97706
3.14929
2.87021
3.10796
4.05025
2.99524
3.72073
2.75911
3.02038
3.61103
3.56459
3.27077
3.08443
3.02806
3.61823
3.17029
2.88508
3.61888
3.1396
3.16746
3.19118
3.28631
3.83106
