1.97846
3.10275
2.40385
2.4599
2.63569
2.7924
2.97643
2.76439
1.63654
2.72484
3.04221
2.76765
2.44922
2.56034
3.50581
3.11956
2.53502
3.7145
3.03322
3.0712
3.38887
3.13535
3.00704
3.18253
3.21377
3.508
2.6435
2.71111
2.61954
3.66816
3.37711
3.82195
3.55508
3.58406
3.39279
2.23036
2.62156
3.25464
2.31349
3.45401
3.57714
2.39925
3.39995
3.21288
2.65296
2.79038
2.65059
2.56517
2.87396
2.81599
2.31826
2.50795
1.91842
3.00375
3.30776
3.55919
3.792
1.989
3.63295
3.88789
3.80375
3.99584
4.10967
3.10131
2.91277
3.44939
3.09742
2.98622
3.73471
3.30937
2.89882
3.29134
3.30377
3.18985
3.32189
3.35465
3.4778
2.97297
3.18685
3.13834
2.74035
2.84936
3.02888
2.88942
2.85865
2.97785
2.93508
3.06764
2.8425
2.99192
3.42307
3.2906
2.69713
3.52656
2.9959
3.13936
2.84835
3.26544
3.30549
3.3236
4.15731
3.24714
3.26604
2.79011
3.22656
3.7962
2.812
3.53926
4.014
3.789
3.18993
4.0445
3.3354
2.87144
3.20495
2.84086
2.7698
3.67878
2.10821
2.90626
2.36495
3.78585
3.6042
3.11558
3.36296
3.4237
2.8233
3.49299
3.30673
3.55148
3.68553
3.86387
3.18296
3.25822
3.25938
3.03817
3.65026
3.57005
3.12693
3.07841
3.136
2.78579
3.25243
2.78353
2.79093
2.80826
3.13108
3.12604
3.06103
2.9337
3.19628
2.49849
2.61879
2.94974
2.78828
3.18341
3.08672
3.04298
2.96709
2.49994
2.98039
2.70381
3.32737
3.50551
2.67267
3.53084
3.62747
3.20896
2.9364
3.08259
3.20369
3.92227
2.67755
3.0578
3.44731
2.94571
3.3602
2.58583
3.81095
3.57279
1.83603
2.82965
2.56819
2.41131
2.5149
2.72363
3.17018
3.12112
1.68778
2.8421
3.34342
3.03873
2.44449
2.66926
2.88889
2.68218
2.9758
3.19178
2.80228
2.62107
3.19052
2.88374
3.00416
2.58461
2.79229
3.72698
3.14235
2.92855
3.122
3.14439
3.63336
3.92529
3.65772
3.70105
2.85264
2.48285
2.91643
3.4481
2.23286
3.29375
3.82846
2.40824
3.82512
3.27095
2.48736
2.55349
2.59224
2.55766
2.732
2.7223
2.40229
2.29868
2.072
3.1941
3.42173
3.56461
3.83268
2.75398
4.00723
4.06815
3.38774
3.51696
4.05803
3.1248
2.97892
2.74987
3.0628
3.4118
3.78862
3.3132
3.08544
3.42432
3.0432
3.08261
2.96375
3.37651
3.17404
2.98488
3.15446
3.37143
3.05745
2.82782
2.94701
3.24361
2.84939
3.12899
3.11984
3.29026
2.89499
3.04628
3.4522
3.11438
3.07984
3.55126
2.59065
3.28188
3.30367
3.07463
3.38296
3.35252
3.63987
3.24023
3.376
3.19717
3.13709
4.25893
2.78755
3.42996
3.91067
3.70137
3.20104
4.21365
3.1316
3.14294
3.33457
2.84531
2.78472
3.11113
2.27336
3.18982
2.68009
3.67054
3.99575
2.71764
3.24976
3.77714
3.18786
2.9959
2.93426
2.96678
3.67868
3.61457
3.41585
3.46191
3.49608
3.46266
3.50854
3.06405
2.99795
3.13279
2.85389
2.79173
3.44943
2.75152
2.80275
3.11021
3.26049
3.06315
2.9516
3.01635
3.146
2.62789
2.90668
3.14634
3.51912
2.94754
3.23394
3.04958
3.25049
2.53487
2.81529
3.62912
3.75488
3.38083
2.47751
3.35551
3.294
3.38784
2.85956
3.08035
2.99903
3.54354
2.9786
2.70416
2.87487
2.9335
3.31148
2.49662
3.47487
4.13171
