1.89134
2.90463
2.16418
2.19716
2.46046
2.67855
2.78375
2.88696
1.64122
2.72129
2.78431
3.09134
2.49725
2.56327
2.77613
2.64376
2.80808
3.01291
2.8802
2.46286
3.17615
3.1047
2.89081
3.19434
2.9292
3.46728
2.65801
3.0469
2.651
3.0874
3.27823
3.5969
3.679
3.60233
2.97564
2.57642
2.94284
3.05305
2.19765
3.45201
3.0608
2.4509
3.37276
3.1915
2.9503
2.87429
2.56271
2.30893
2.731
2.81473
2.40383
2.37639
2.12086
2.83755
3.07518
3.32944
2.79076
3.06048
3.39179
2.96312
3.59069
3.28045
3.74576
3.35952
3.46316
3.45949
3.0792
3.35646
3.4172
3.67795
3.37168
3.55245
3.01947
3.40562
3.25027
3.30799
2.94703
2.99195
3.43447
3.164
2.86199
3.12881
3.3321
3.0603
3.24521
2.99072
3.13045
3.03998
2.81511
3.56002
3.45531
3.44989
2.71396
3.93163
2.37705
3.02954
3.01708
3.49084
3.00456
3.24059
3.3171
2.96905
2.46503
2.91523
3.0586
3.99981
3.14063
3.37486
4.127
3.31971
3.32878
4.0581
3.10262
2.98344
3.19137
3.03196
2.54112
3.33348
2.5685
3.48895
2.76693
3.60026
3.89574
3.05392
3.21555
3.24925
2.89081
3.16763
3.28362
3.1771
3.79051
3.55048
3.49104
3.17713
2.80718
3.44908
3.26671
2.82577
2.98964
3.13104
2.92602
2.75926
3.1943
2.58055
3.05069
2.90233
3.0942
2.87022
2.9429
3.08101
3.25343
2.60946
2.86245
3.49828
2.52107
2.95554
2.86898
2.65491
2.51213
2.54599
2.69303
3.47365
3.4891
3.76343
3.62768
3.30266
3.24244
3.23208
3.08938
3.02879
2.98181
3.79037
2.79677
2.99297
3.22975
3.60744
3.21232
3.13841
3.24232
3.85969
1.89503
2.27087
2.20494
2.36508
2.43665
2.55788
3.19613
2.72761
1.83819
2.79587
3.05741
3.43356
2.28759
3.14283
2.95619
2.51666
2.81925
3.00711
2.66278
2.45627
2.49759
2.71219
2.46663
2.86277
2.74319
3.69158
2.94699
2.84543
2.79715
2.98913
3.33955
3.25449
3.71128
3.82151
2.87685
2.46045
2.55952
2.88303
2.20533
2.98599
3.01773
2.61716
3.33561
3.19917
2.6416
2.63548
2.7257
2.17593
2.3365
2.73101
2.64246
2.46244
1.99726
2.76058
2.82715
3.58649
3.17762
2.78106
2.92055
3.27547
3.73765
3.68161
3.64108
3.23268
3.13732
3.9283
3.54071
3.1907
3.36122
3.50582
3.32607
2.97789
3.1404
3.05906
3.2368
3.39802
3.42452
3.03972
3.1427
2.55559
3.11227
2.92971
2.98564
3.09106
2.99182
2.96676
3.05145
3.32251
3.15166
3.29464
3.99053
3.5196
2.46946
3.0519
2.6226
3.06942
3.23311
3.68651
3.1329
3.18298
3.03112
3.50053
2.63213
2.93699
2.7877
4.42768
3.37783
3.59377
4.16227
3.73115
3.53525
4.23954
3.35733
3.15981
3.21317
3.01045
2.94724
3.06843
2.80756
2.99484
3.12209
3.0421
3.51996
2.68207
3.34839
3.16916
2.80086
3.32772
2.75365
3.37254
3.88395
3.88174
3.2615
3.339
3.33706
3.23562
2.9849
3.00484
2.85895
2.97256
3.08654
2.57934
3.30686
2.86945
3.19785
2.94335
3.05245
3.13147
3.31987
3.27061
3.06417
2.37946
2.55737
2.62371
2.7412
2.98322
2.67759
2.8727
2.83036
2.69085
2.67573
3.43979
3.50715
3.91063
2.94549
3.03072
3.18469
3.71104
3.32895
2.93979
2.95423
3.51567
2.78956
2.68547
3.2148
3.06644
3.23849
2.82575
3.58689
3.26468
