1.92091
2.84672
2.39629
2.20469
2.47054
2.80103
3.15728
2.8395
1.83307
2.85219
2.96678
3.30612
2.27006
2.54035
2.95276
2.49048
2.58066
3.35312
2.44013
2.88177
2.97131
2.80853
2.62519
3.18558
2.80001
3.62683
2.99307
3.51282
2.872
3.16625
3.3799
3.32141
3.31434
3.65628
3.174
2.51791
2.70029
3.11995
2.74297
3.28285
3.88486
2.60364
3.65102
3.63882
3.08146
2.74133
2.53531
2.38421
2.38232
2.59327
2.72287
2.43926
1.99493
3.34067
3.32404
3.36638
3.48934
2.11998
3.27632
3.54302
3.43399
3.3396
3.83656
3.16432
3.305
3.526
3.42537
3.18988
3.60607
3.71115
3.11958
3.5431
3.0147
3.42438
3.49221
3.47079
3.65957
2.97532
3.09269
3.09728
3.09781
2.80231
2.90547
3.30664
2.99505
2.9307
3.39291
3.37584
2.67847
3.41623
3.94944
3.49994
2.90709
3.56409
2.58388
3.09222
2.96503
3.38719
3.52677
3.23664
3.76788
3.36625
2.73505
2.78992
2.89159
3.34709
3.60503
3.83701
4.04324
3.44522
3.60543
3.91093
3.80649
3.30757
3.55816
2.62422
2.74832
2.98969
2.40303
3.36229
2.54481
4.01522
4.1421
3.02739
3.80522
3.46599
3.22511
3.66036
3.37281
3.68736
4.14891
3.90592
3.61333
3.22855
3.18674
3.14569
3.38104
2.68179
3.29871
3.1863
2.65432
2.72463
2.96519
2.93172
2.91344
2.81238
3.26042
3.14648
2.90797
2.92896
2.99781
2.58387
3.07271
3.06233
3.41902
3.27195
2.86875
2.63813
2.74612
2.90964
2.66934
3.50386
3.79076
3.90086
3.03551
3.08542
3.13881
3.62646
3.27382
2.95695
2.89231
3.83136
2.96994
3.04741
3.71366
3.27635
3.64034
3.23431
3.19981
3.20939
1.99158
2.7626
2.31691
2.18323
2.52732
2.63217
2.91328
2.9104
1.86704
3.19461
2.60082
2.83196
2.40288
2.55445
2.84122
2.44986
2.52512
2.85893
2.59763
2.56337
3.15236
3.10261
2.85976
2.86991
3.5463
4.13589
2.82656
3.16269
3.05436
3.01777
3.34212
3.72298
3.27772
4.12927
3.19722
2.66645
2.46384
3.00563
2.52649
3.1583
3.08245
2.89551
3.78437
3.49526
3.1126
2.5421
2.89297
2.51611
2.82176
2.7367
2.63425
2.57187
2.14747
3.14134
3.28728
3.04182
3.68227
2.57172
3.47467
3.33161
3.75513
3.25049
3.91225
3.20016
2.50931
3.29233
3.1547
3.06312
3.58267
3.93054
3.32529
3.24383
2.94376
2.98562
3.28456
3.34243
3.42464
3.06225
2.85989
2.80757
2.98269
2.78204
3.06799
3.09666
3.12211
3.10317
3.13777
3.43961
2.91136
3.51606
3.47115
3.13813
2.8229
3.37778
2.76981
3.0483
2.85102
3.18418
3.18881
3.37165
3.42659
3.38604
2.92378
2.90491
2.65448
3.73975
3.47252
3.74388
3.55562
3.879
3.51872
3.36796
3.21096
3.02225
3.57791
2.9316
2.89885
2.91783
2.156
3.01678
2.48255
4.07996
3.98023
2.92029
3.1722
3.55126
3.57162
3.38973
3.20304
3.4685
3.92377
3.52491
3.33006
3.69531
3.23636
2.89947
3.09807
3.16898
3.18414
2.8049
2.95886
2.85037
3.03744
2.79699
2.92408
2.68866
2.75457
2.9633
3.02927
3.09658
3.3631
2.71931
2.43142
3.1826
3.52793
2.91443
3.15155
2.72143
2.89272
2.51404
2.80578
3.31667
3.70686
3.68974
3.67501
3.44879
3.31674
3.30072
3.54966
2.80171
2.90655
4.24254
3.06254
2.78062
3.73651
3.21031
3.34967
3.01515
3.47929
3.92421
