1.6808
2.43163
2.1314
2.08172
2.27345
2.64313
3.20115
2.90196
1.66201
2.91746
2.62102
3.01005
2.19992
3.01377
2.61928
2.21813
2.23235
3.15711
2.29685
2.68276
2.49814
3.10428
2.71329
2.94444
3.49426
3.24592
2.78284
2.85981
2.83997
3.40578
3.55249
3.73536
3.30652
3.69939
3.06041
2.10973
2.4514
3.19642
2.47292
3.15299
3.05472
2.41778
3.35383
3.32232
2.64981
2.70134
2.68321
2.15943
2.34438
2.43594
2.57049
2.49351
1.92622
2.97117
3.04376
2.98336
3.42855
2.6119
3.121
3.08881
3.37834
3.19945
3.49135
2.83105
2.96602
2.7567
3.01702
3.02366
3.22748
3.22745
3.15782
3.11398
2.92774
3.09913
2.71059
2.97999
3.05456
2.80959
2.9287
3.06127
2.65172
2.859
2.66682
2.89893
2.74111
2.80858
2.79947
3.4437
2.69041
3.02083
3.30799
3.07081
2.51798
3.48075
2.56665
2.93374
3.07012
3.55349
3.15495
3.21029
3.07089
2.93163
2.42303
2.95536
2.97156
3.82917
3.08314
3.32264
3.82037
3.18561
3.36733
3.71428
2.95897
3.16334
2.89637
2.98541
2.78996
3.15696
2.20421
2.90964
2.6255
3.58669
3.85473
3.05012
3.00907
3.70839
2.97429
2.94608
3.10282
3.34517
3.40451
3.7001
3.31825
3.04303
3.03459
3.20164
3.58695
2.5616
3.22428
2.78783
3.01643
2.67726
2.87789
3.01274
2.85101
2.62329
2.75739
3.12682
3.15899
3.15861
3.42814
2.43093
3.28561
2.8049
2.70905
2.61612
3.05128
2.50132
2.79414
2.7163
2.90495
3.00055
3.49047
3.55777
3.7481
3.47599
3.52201
3.16554
2.67683
2.59391
2.647
3.58702
2.79838
2.90299
3.35369
3.15724
3.62747
2.83958
3.25307
3.69549
1.6019
2.77606
2.13049
2.10716
2.28878
2.65263
3.36378
2.75707
1.69985
3.15835
2.85146
3.11107
2.10515
2.76122
2.85902
2.58903
2.54947
3.28252
2.80397
2.54554
3.25625
2.63294
2.79494
2.93318
3.25359
3.09649
2.65166
3.34287
2.93989
3.04976
3.42828
3.58816
3.56766
4.07528
3.03888
2.32378
2.46054
2.92212
2.22133
2.9324
2.68436
2.41417
3.43681
3.12472
2.65887
2.70231
2.69255
2.74196
2.91184
2.48084
2.53985
2.41876
2.1509
3.13774
2.98566
3.33632
3.3074
2.28594
3.50938
3.27258
3.47877
3.42072
3.75899
3.55243
2.67681
2.8095
3.27647
2.88042
3.40729
3.35153
3.14704
2.88815
3.0474
2.88417
2.99508
3.18565
3.1047
2.80115
3.00999
3.2262
2.81651
2.79791
2.85945
3.10783
3.01263
2.86156
3.07027
3.32247
2.76561
3.34576
3.69021
3.22522
2.19224
3.40186
2.79194
2.86831
2.88394
3.29354
3.12537
3.26715
2.92779
3.24954
2.56092
2.98352
2.7878
3.79159
3.15921
3.07075
3.31867
3.60524
3.36378
3.95828
2.88467
2.94121
2.6852
2.78702
2.91472
3.18702
2.38349
2.77705
3.02356
3.40404
3.54508
2.80484
3.15179
3.72856
3.35089
3.205
3.23312
3.53673
3.35767
3.66529
3.42866
2.71438
3.09842
3.26424
3.72293
2.58721
3.07497
3.18545
2.85516
2.56548
3.21377
2.84569
2.70794
2.73268
2.88737
3.16701
3.21502
3.25342
3.14034
2.43237
2.99402
3.1138
3.13088
2.8825
3.35767
2.82223
2.47589
2.91335
3.03262
3.69725
3.37891
3.00675
3.10642
3.05858
3.62091
3.208
2.90133
2.88827
2.9469
3.43053
2.38979
2.71895
3.28634
3.20059
3.4903
2.60495
3.53637
3.21643
