2.00026
2.91729
2.54033
2.53287
2.61246
2.8542
3.29399
3.04936
1.95817
3.42017
2.72572
3.27679
2.41177
2.44989
3.21575
2.86995
2.75207
3.29459
2.64824
2.63882
3.61314
3.30107
2.87216
3.06794
3.18808
3.30535
2.93593
3.21092
2.71251
3.4985
3.31767
3.60727
3.28579
3.28872
3.04824
2.68041
2.91689
3.00177
2.8954
3.14765
3.55835
2.82835
3.7271
3.29779
2.75378
2.7342
2.66191
2.37318
2.86351
2.64897
2.88117
2.84022
2.23539
2.95268
3.10499
3.1177
3.27237
1.6539
3.27251
3.4863
3.50756
3.4551
3.86098
3.19953
3.10083
3.26965
3.1078
3.12634
4.09
3.60604
3.47638
3.34426
3.016
2.87599
3.123
3.34223
3.13368
2.9036
3.0106
2.80631
2.81512
2.97942
3.04203
2.93168
2.91924
3.15849
3.10273
3.53087
3.03753
3.4796
3.50426
3.22393
2.7983
3.26762
2.55724
3.02093
3.29421
3.66173
3.25167
3.45808
3.43462
3.94292
2.90341
2.73189
3.02453
4.0576
3.11104
3.43169
3.47349
2.91014
3.42915
4.3551
3.14022
3.08168
3.25637
3.41162
2.90552
3.07217
2.26154
3.35865
2.72666
3.62492
3.89939
3.14941
3.30454
3.63512
2.79525
3.28009
2.98486
3.22035
3.65695
3.92237
3.4406
3.43702
2.99881
2.85617
3.25531
2.86881
3.02224
2.65824
2.72955
2.78587
3.26971
2.85443
3.07089
2.94339
2.86668
3.03538
3.20088
2.95781
3.25698
2.63045
3.27812
3.05808
2.85301
3.08125
2.8592
2.67717
2.621
3.10379
2.76719
2.96862
3.34847
3.72668
3.14561
2.78542
3.76312
3.6293
2.79289
2.94359
3.17326
3.42299
2.72446
3.03566
3.32989
3.26524
3.49054
2.80379
3.25948
3.20146
2.06472
2.73762
2.4883
2.49116
2.60208
2.71863
2.83113
3.12837
1.8674
3.61384
2.86882
3.56915
2.41224
2.90513
2.99479
2.56015
2.86134
3.13614
2.53071
2.63715
2.86385
2.32487
2.60681
3.14176
2.84128
3.67242
2.94472
3.17475
2.86383
3.0218
3.3762
3.56828
3.2462
4.05322
3.2764
2.68648
2.71336
3.03003
2.52605
3.1749
3.40173
3.10384
3.62825
3.45224
2.91181
3.11624
2.91769
2.63268
2.74661
2.58605
2.79632
2.67238
2.24687
3.10362
3.17473
3.29711
3.38501
2.09417
3.15458
3.24741
3.44189
3.66266
3.87503
3.40644
2.92538
3.01182
3.38223
3.1322
3.47656
3.76785
3.11883
3.07446
3.15328
3.02864
2.9426
3.22145
3.31866
2.88799
3.02354
2.51427
2.62701
3.30859
3.19981
3.05989
3.01137
3.20792
3.2539
3.61173
3.19868
3.26543
3.5997
3.41741
2.90667
3.39175
2.81387
3.12793
3.44077
3.60325
3.02422
3.37567
3.32017
3.38374
2.82674
2.88165
2.91168
4.09446
3.19867
3.10113
3.57662
3.44152
3.31822
4.32886
3.20191
3.07592
3.51515
3.10669
2.725
3.13141
2.69278
3.20605
2.88934
3.56675
4.39593
2.67851
3.11023
3.34889
3.24999
3.17112
2.85859
3.19515
3.633
3.50066
3.22658
3.56526
3.0838
3.10329
3.3784
3.11452
3.00671
2.60526
2.76174
2.82329
3.36524
2.88179
2.82493
2.9015
3.01309
3.10672
3.15994
2.93231
3.05187
2.65481
2.71457
2.87251
3.00057
3.18543
2.80149
2.79268
2.80855
3.02913
2.98529
3.88048
3.64539
3.81108
2.5471
3.25906
3.59978
3.39109
2.91523
2.76166
3.25904
3.80265
2.80391
2.82574
3.04022
2.92196
3.20103
2.76761
3.27859
3.50463
