2.05849
2.95834
2.41491
2.33564
2.57602
2.95559
3.25099
2.89979
1.94187
2.99835
2.87746
3.09235
2.77148
2.14876
2.86752
2.55165
2.79577
3.66687
2.82229
2.82323
2.44318
2.9716
3.32347
3.00948
3.41206
3.62452
2.72881
3.25105
2.76574
3.34437
3.36613
3.8749
3.9037
3.94505
3.18863
2.39417
2.98625
3.2437
2.60297
3.35267
3.18198
2.91834
3.2375
3.52872
2.62054
3.14943
2.70879
2.71085
2.70635
2.72024
2.7002
2.57977
2.34519
3.1881
3.33143
3.21738
3.38549
3.04083
3.03727
3.42049
4.07443
3.48004
3.29768
3.16655
3.0769
3.20341
3.12158
3.26901
3.30022
3.82722
3.1837
3.40984
3.28018
3.02041
3.3149
3.17301
3.29961
3.0328
3.02642
3.24508
3.05786
2.96116
3.16807
2.9417
3.15699
3.16297
3.37976
3.54594
2.67482
3.07462
3.48093
2.88852
3.27833
3.53421
2.74913
3.08947
3.38959
3.75485
3.46857
3.54161
3.74853
3.35683
3.15898
3.25559
3.24633
4.04612
3.32486
3.48912
4.09703
3.50742
3.70152
4.49556
2.74504
3.37524
3.40665
2.73667
2.89732
3.44713
2.4709
3.09434
3.06571
3.88184
4.05419
3.13952
3.77933
3.4548
2.76052
3.67799
3.29469
3.6688
3.635
3.79685
3.339
3.28169
3.09495
3.06929
3.17888
3.01419
3.32073
3.11578
2.96051
2.99162
3.27487
2.83462
2.90347
3.10685
3.59011
3.31761
3.13097
3.11967
3.01838
2.74518
2.43786
2.87524
2.65754
3.00279
3.0163
3.16379
2.81007
2.83289
2.95155
3.53125
3.40397
3.96599
2.40448
2.91182
3.7135
3.43414
2.94492
3.025
3.31122
3.52436
3.02588
3.05006
3.43281
3.01579
3.36392
2.9241
3.56725
3.23365
2.20408
2.7454
2.8099
2.45444
2.63726
2.76191
3.28608
2.85437
2.07932
2.63338
2.71991
3.07568
2.44525
3.16727
3.01117
2.90944
2.60103
3.3892
2.83161
2.69052
3.07606
3.07413
3.21318
2.90319
3.1639
3.54951
3.03508
2.67205
3.28123
3.01366
3.40788
3.99179
3.79187
3.94664
3.03812
2.39041
2.79571
3.18485
2.81641
3.16978
3.3918
2.78958
3.15994
3.23188
2.95339
2.96366
2.91016
2.77402
2.78643
2.61414
2.84129
2.68845
2.35612
3.25132
2.94479
3.69833
3.16555
3.28179
2.99213
3.46207
3.67042
3.60319
3.07612
3.37055
3.06793
3.07734
3.25965
3.08241
3.50569
3.27935
3.38392
3.35187
3.13619
2.94259
3.45808
3.41742
3.39526
3.11579
3.11476
3.10266
2.95194
3.07348
3.187
3.44645
3.31852
3.14989
2.95194
3.52554
2.90684
3.11589
3.41916
2.98327
3.69797
3.32393
2.9812
2.9574
3.0417
3.23912
3.00087
3.62144
3.60041
3.3421
3.23271
3.02528
3.24655
3.96436
2.95026
3.29477
3.59235
3.19163
3.21074
4.17247
3.21203
3.12353
3.47841
2.97827
2.82422
2.78974
2.52007
3.00901
3.01363
3.80954
3.79259
2.64672
3.4995
3.5288
3.0022
3.36575
2.88794
3.45787
3.85867
3.54932
3.68783
3.08146
3.41055
3.00403
3.45107
3.13678
3.04261
2.83952
3.19284
2.992
3.21866
3.1921
2.66928
2.92644
3.7011
3.20829
3.48508
3.06978
3.06856
2.7045
3.29164
3.01997
2.80067
2.78337
3.33245
2.90352
2.69363
2.90893
3.02702
3.35777
3.83527
3.72037
3.92935
3.75858
3.62736
3.83164
3.29327
2.93359
3.21833
3.1417
2.52434
2.56112
3.22469
3.25922
3.37523
2.74156
3.73936
3.27381
