1.93715
2.8263
2.68987
2.16402
2.25464
2.61907
3.00081
2.81759
1.84622
2.73084
2.78386
2.8107
2.55553
2.69394
2.61388
2.52971
2.8778
3.10356
2.6763
3.02792
2.78208
3.32774
2.73356
2.89929
3.01542
3.84518
2.87439
3.13411
3.05655
3.26411
3.60863
3.73438
3.21253
3.9728
2.914
2.46501
2.56857
3.09822
2.40437
3.02364
3.3359
2.35679
3.00661
3.34227
2.61226
2.96281
2.711
2.59546
2.71115
2.73788
2.58814
2.66636
2.10797
3.11782
3.06933
3.15394
4.01191
2.16788
3.89625
3.09158
3.55681
3.16797
3.82704
3.21713
2.87788
2.72636
2.92147
2.8382
3.29144
3.34739
3.10171
2.97602
2.81253
2.78248
2.78581
2.70119
2.7261
2.92071
2.86499
3.22083
2.68436
2.71985
2.74087
2.89179
2.71516
2.67618
3.1168
3.27676
2.97161
3.4265
2.96639
3.36869
2.3484
2.89186
2.67612
2.91905
2.92433
3.09417
2.92582
3.11353
2.54409
3.09361
2.76888
2.7705
3.1857
4.17865
2.85502
3.30639
3.6936
2.58155
2.91394
3.8793
2.95398
2.82381
3.0243
3.02848
2.95504
2.85261
2.15641
2.9139
2.77875
3.27006
3.57534
3.06624
3.06779
2.87135
2.69342
3.07289
3.08833
3.43427
3.34956
3.62829
3.32231
3.31414
3.16906
2.7427
2.97091
2.89714
3.10551
2.76883
2.61988
2.81225
3.04815
2.56931
2.59378
2.71144
2.83671
3.20744
2.78368
2.97964
3.23278
2.92919
2.65101
3.05313
2.40798
2.87455
2.96331
2.75303
3.05463
2.31411
2.80545
3.3292
3.43011
3.24121
3.20519
2.90555
3.38048
3.31927
3.16314
2.46398
2.70117
3.25556
2.78992
2.69773
3.43034
3.09251
3.38673
2.48101
3.24728
3.65317
1.91538
2.42582
2.43274
2.1224
2.43945
2.57471
2.72922
2.80575
1.79751
2.74102
3.20889
2.871
2.44343
2.63293
2.6485
2.45961
2.44842
2.74629
2.59589
2.52436
3.11451
2.68047
2.30632
3.03754
2.83654
3.55849
3.08828
3.46181
2.99579
3.10682
3.10992
3.62351
3.2111
3.87095
2.94255
2.5532
2.8494
3.28415
2.60974
3.31859
3.25458
2.70762
3.32102
3.27898
2.7592
3.34292
2.69731
2.48807
2.66404
2.28793
2.54492
2.37238
1.93172
3.14627
3.02463
3.49037
3.58054
2.87287
3.09556
3.09812
3.37289
3.59829
3.66025
2.70565
3.11157
2.37954
2.95575
2.95405
3.21009
3.60538
2.90132
2.50011
2.8417
2.689
2.99133
2.75293
2.93642
2.68015
2.92692
2.88572
2.72117
2.65272
2.73604
2.52316
2.64471
2.72084
2.86934
2.96965
2.45409
2.54529
3.02394
2.99332
2.4248
2.45415
2.89379
3.11314
3.14107
3.07537
2.61115
3.20727
3.45601
2.85227
2.3062
3.08768
2.88519
3.79049
2.90799
3.17657
3.6179
3.56061
2.92929
3.6591
2.81276
2.90402
2.91456
2.65933
2.51465
2.44542
2.31235
2.36085
2.76165
3.06552
3.66246
2.80249
3.45479
2.70564
2.84251
3.11049
3.17286
3.21099
3.1511
3.45998
3.11585
3.17836
3.63854
3.53981
3.09804
2.99838
2.73817
2.8631
2.62375
2.58284
3.10151
2.80647
2.67865
2.34245
2.90322
3.01624
2.91895
3.01878
2.8292
2.43763
2.08923
2.69806
2.32714
2.99991
2.67955
2.85665
2.57085
2.4669
2.68336
2.94792
3.16111
3.8048
3.03778
3.04082
3.06693
3.0704
3.08051
2.41687
2.65725
3.01822
2.57944
2.85255
3.06269
2.93407
3.38871
2.42327
3.20055
3.08824
