1.91176
2.86733
2.75591
2.24269
2.30971
2.6561
3.06412
2.99257
1.66953
3.05526
3.10683
3.09115
2.72467
3.25343
2.8381
2.46248
2.58713
3.35378
2.54114
2.5868
2.96766
2.96606
2.71627
2.82134
3.15039
3.52759
2.78322
2.84487
3.22561
3.35627
3.15582
3.81116
3.65998
3.64604
3.14576
2.6877
2.842
3.23736
2.84572
3.14364
2.98405
2.45127
3.76543
3.28629
2.63821
2.65969
2.8919
2.46709
2.86122
2.7347
2.51577
2.5357
2.05512
3.37562
3.17985
3.23176
3.70785
3.13571
3.50872
3.17989
3.45533
3.36646
3.56692
3.22401
2.71383
3.3128
3.19618
3.02728
3.51516
3.40065
2.95899
3.22124
3.07426
3.29638
3.25005
3.43249
3.06444
3.03846
2.91584
3.02615
2.77289
2.84548
2.94784
3.10495
2.93401
2.95989
3.26929
3.47123
3.15651
3.386
3.76285
3.27584
3.14195
3.28611
2.7976
3.03077
3.17235
3.4586
3.15122
3.11955
2.9002
3.02387
2.84669
2.85407
2.77923
4.0202
3.25321
3.66135
4.19513
3.67442
3.55464
4.5914
3.31936
3.2324
3.0524
3.25487
2.71776
3.18025
2.35639
3.0607
2.40113
3.49931
4.05573
2.99467
3.5033
3.74071
3.16908
3.55896
3.4422
3.38201
3.89496
4.02944
3.31141
3.18688
2.99729
2.88902
3.29243
2.86999
3.14086
2.83328
2.88426
3.02576
3.34547
2.92796
2.96822
2.8449
2.81105
3.1242
2.99418
3.22616
3.57431
2.26098
3.23491
3.11688
2.60729
3.10504
3.31334
2.60721
3.47812
2.94457
2.58448
3.63935
3.32199
3.82773
2.80926
3.31004
3.58757
3.35602
3.22309
2.78698
2.94925
3.62382
2.9324
2.86335
3.75049
3.37951
3.82077
3.37848
3.17554
3.60248
1.90779
2.70975
2.48426
2.30396
2.41083
2.67659
2.92422
2.8974
1.62506
3.02758
3.08998
2.72895
2.19823
2.80077
2.93672
2.47082
2.55444
3.29594
2.56388
2.63325
2.78875
3.01354
2.72826
2.90967
2.97312
3.45908
2.75964
3.07279
3.43768
3.28876
3.32857
3.45941
3.63307
4.08248
3.01829
2.54208
2.68936
3.03229
2.5671
3.02865
3.35748
2.84583
3.61652
3.20252
3.14507
2.75092
2.90602
2.1799
2.28135
2.54833
2.43794
2.35683
2.10093
2.98754
3.21465
3.2319
3.67332
2.77322
3.2301
3.24675
3.74743
3.33812
3.85995
2.87328
3.0658
3.0097
3.17538
3.0309
3.53494
3.34421
3.27136
3.00019
2.99618
3.70743
3.3935
3.4956
3.26475
2.90425
3.2354
2.88614
2.59192
2.95447
2.80783
3.24431
2.95872
3.05754
3.14854
3.40536
3.05083
3.59641
3.66336
3.37684
2.78389
3.45232
2.80422
2.91272
2.98245
3.39664
3.29044
3.30983
2.91116
2.98453
2.66817
2.87672
2.86368
4.41787
3.12813
3.36574
3.7493
3.29577
4.12263
4.50988
3.59403
3.03645
3.29297
2.92252
2.81321
3.3491
2.68282
3.24243
2.91827
3.56555
4.09009
3.25717
3.66992
3.34171
3.19914
3.39015
3.17304
3.52766
3.45056
3.73738
3.4694
3.23048
3.30636
3.01804
3.41759
3.00878
3.1464
2.96906
2.90673
2.95343
3.57212
3.02154
2.69783
2.82048
3.67655
2.88844
3.15376
3.10904
3.03632
2.57923
3.05018
2.77912
2.94016
3.13606
2.91081
3.29324
3.40931
2.98477
2.90413
3.52732
3.45368
3.96036
3.07822
3.6116
3.64483
3.31369
3.14053
2.71064
2.88968
3.00886
2.84995
3.08258
3.62353
2.89023
3.56511
3.24816
3.40968
4.06731
