1.97694
2.91304
2.70958
2.18834
2.39506
2.61236
3.12052
2.80904
1.69944
3.08157
2.85994
2.90103
2.46109
3.07355
2.41919
2.42196
2.5147
3.25736
2.72761
2.61626
3.18178
2.64355
3.2325
3.33845
3.48522
3.56624
2.58178
2.8351
2.31765
2.99497
3.71216
3.41344
2.68341
3.41075
3.34533
2.69949
3.19595
3.08484
2.44663
3.06613
3.04499
2.36434
3.30514
3.25471
2.88346
2.77513
2.39351
2.60415
2.21475
2.61742
2.48717
2.39322
2.15327
3.02144
2.94228
3.35886
3.44649
2.36905
2.77853
3.08482
3.23646
3.12384
3.79864
2.58144
3.51592
2.86828
3.47956
3.17673
3.5757
3.69977
3.32494
3.91251
3.15999
3.25867
3.1877
3.34583
3.13204
3.07959
3.00468
3.32895
2.70542
2.65172
3.13839
3.09182
2.96874
2.95888
3.2965
3.86101
3.41027
4.05431
3.746
3.57283
3.17477
3.6317
2.94436
3.17952
3.44581
3.63933
3.28533
3.55338
3.04462
3.3093
2.84317
3.42877
3.20528
3.85871
3.30466
3.38339
3.77683
3.18344
3.46966
4.35101
3.78222
3.03289
3.46155
2.7715
2.81469
2.89134
2.65418
3.48045
2.99991
3.85611
3.92815
3.44473
3.37319
3.58176
2.96879
3.35364
3.44203
3.69687
4.07733
3.7666
3.15023
3.41719
3.27944
3.18312
3.02519
2.97051
3.41257
2.80484
3.1595
2.61075
3.4515
2.76116
3.05227
2.54141
3.1973
3.19759
2.86928
3.21161
3.22396
2.45174
3.54595
3.16633
2.60386
3.07456
3.36424
2.60215
2.78319
3.07469
3.64983
2.82387
3.69122
3.45312
2.94265
2.83352
3.56764
3.60183
3.25264
2.95152
2.77528
3.58103
2.94125
2.9218
3.82287
3.44817
3.13041
3.00978
3.39867
3.41192
2.10165
2.76069
2.45522
2.33423
2.55753
2.6484
3.49892
3.02733
1.78583
2.85197
3.07785
3.36242
2.46612
2.72719
3.28054
2.73557
2.5391
3.69981
2.62021
2.62944
3.24787
2.77899
2.66426
3.2201
3.14371
3.57709
2.78017
3.37886
3.05527
2.85992
3.77755
3.3963
3.7159
3.62537
3.14315
2.29174
2.95921
3.04687
2.3617
3.27296
3.77039
2.38201
3.52703
3.60168
2.9609
2.72282
2.74332
2.56776
2.43266
2.49468
2.64394
2.61841
2.17473
3.44259
3.33377
3.80357
4.0209
2.71512
3.30226
3.2753
3.10419
3.6964
3.86343
2.84098
3.16651
3.12905
3.54029
3.13734
3.73357
3.73141
3.21967
3.37206
3.36455
2.91199
3.1149
3.57837
3.2208
3.30812
3.21522
3.09242
2.88144
3.05915
3.00829
3.18594
3.32255
3.39446
3.27233
3.7215
3.03497
3.34864
3.7793
3.57348
2.96572
3.66253
2.98052
3.28811
3.18999
3.93499
3.31583
3.1159
3.49882
3.00257
3.11032
3.06547
3.05191
4.0927
3.45585
3.34711
4.12197
3.30489
3.9031
3.92609
2.93027
3.01294
3.02749
3.17234
3.07896
3.33545
2.62652
3.07482
3.40922
3.528
3.64428
3.28745
3.91448
3.62448
3.03144
3.58512
3.34768
3.63812
3.9136
3.88754
3.67065
3.26223
3.40601
3.61905
3.50689
3.22664
3.3782
3.03566
2.93164
2.97752
3.0997
3.1786
2.8111
2.76075
3.4272
3.11745
3.28346
3.00325
3.39363
2.611
2.52563
2.68203
2.88778
2.95169
2.8804
2.61654
2.64248
2.90181
3.09959
3.01626
3.63511
3.51488
2.86044
2.88117
3.29638
3.55111
3.31591
3.55975
3.02274
3.69336
3.24977
3.56143
3.68188
3.42057
3.41722
2.88363
3.31337
3.72125
