2.03464
2.87812
2.39758
2.33554
2.46908
2.83857
3.12646
3.00324
1.69897
2.75268
2.90363
3.42246
2.58342
2.38866
2.74829
2.76922
2.57524
3.04504
2.53401
2.72823
3.19965
2.99149
3.11557
3.01589
3.20099
3.21538
2.84831
3.53443
2.83811
3.23126
3.54668
3.5281
3.55991
4.07371
3.12116
2.34541
2.7474
3.10031
2.46757
3.10238
2.88958
2.20318
3.34223
3.32767
2.61759
2.48908
2.64634
2.45372
2.63927
2.54104
2.47132
2.40312
1.99283
3.11437
3.23512
3.56225
3.47487
2.0966
3.47744
3.22177
3.80727
3.57511
3.37461
3.00405
2.63072
3.167
3.12362
3.1707
3.33958
3.42596
3.06947
2.63292
3.33369
3.17211
2.98233
3.28881
3.20859
3.12725
3.53578
3.54509
3.20136
2.89748
3.06711
3.07645
2.88055
3.00344
3.11366
3.17255
2.88792
2.8648
3.43002
3.26179
2.75256
3.64807
2.5168
3.03396
3.20971
3.36375
3.3681
3.08994
3.15642
3.49626
2.89598
3.04037
3.17203
3.77256
3.29978
3.59122
3.63024
2.15269
3.56214
3.96311
3.50793
3.08084
3.2616
2.76616
2.84266
2.18164
2.56213
2.94855
2.69878
3.36421
3.19384
2.91608
3.44597
2.97907
2.91131
3.21457
3.18716
3.61583
3.58228
3.77448
3.51355
3.38259
3.04902
3.07506
3.44898
2.70022
3.14229
3.15826
3.23118
2.79558
3.36459
2.65302
2.68599
2.97813
3.46954
3.18497
3.13659
3.02013
3.27606
2.73936
2.94448
3.01
2.5628
3.1347
2.8601
2.76915
3.1303
2.98804
2.80222
3.11128
3.39652
3.81108
2.98831
3.1081
3.55275
3.63724
3.1337
2.84253
2.83119
3.73005
2.81281
2.7135
3.08079
3.12716
3.80046
3.42995
3.334
3.70003
2.01838
3.16599
2.44758
2.29513
2.56103
2.78747
2.94038
2.93975
1.70756
3.02361
2.87069
3.21235
2.45387
2.61191
2.78348
2.8288
2.73938
3.21048
2.6419
2.8726
3.08316
3.18833
2.75691
2.77345
2.74049
3.26612
2.51798
3.29623
2.68576
2.80353
3.33279
3.32422
2.68595
3.87839
2.99904
2.57962
2.32218
2.90838
2.47277
3.12328
3.01354
2.56588
3.22534
3.2355
2.47508
2.45276
2.53911
2.62485
2.60978
2.60834
2.57819
2.52802
2.04949
3.0852
2.87043
3.26987
3.10786
2.5997
2.91523
3.12051
3.60744
3.25752
3.4959
3.09412
2.80045
3.1568
3.29068
3.19331
3.26551
3.20809
3.1137
3.05973
3.0001
2.93647
2.93369
3.16641
3.51305
3.16349
3.09794
3.38865
2.87151
3.06556
3.08737
3.05218
2.89137
3.02961
3.2095
3.18982
2.97497
3.22001
3.74168
3.46936
2.6691
3.51105
2.78079
2.93437
3.39874
3.23949
3.45955
2.87203
2.97873
3.26795
2.83972
2.83996
2.86297
3.27755
3.12711
3.44356
3.82565
2.96437
3.50987
3.94375
3.51118
3.08059
3.23324
3.10596
2.78155
2.79788
2.12377
2.55793
2.60187
2.83582
3.59684
2.88692
3.10943
3.18876
3.09243
2.77694
3.08715
3.00582
3.47587
3.41798
3.61208
3.62204
2.95165
3.01204
2.8558
3.31978
3.16956
3.10665
2.73348
2.65768
3.26531
2.87485
2.88696
2.81742
3.15109
2.9065
2.91729
3.2371
2.99239
2.58026
3.29145
3.10927
2.96558
3.19917
2.95036
3.039
2.95078
3.01879
2.83496
3.29931
3.48171
3.80318
3.27656
2.84508
3.71504
3.23068
3.11989
3.31393
2.93739
3.71404
2.94755
2.94911
3.10245
3.09466
3.71888
3.3132
3.49482
3.20496
