1.87146
2.73117
2.50726
2.2856
2.51206
2.70218
2.99997
2.90283
1.81991
2.87264
3.13468
2.75981
2.25161
2.78106
3.20709
2.53763
2.85696
3.44699
2.55949
2.91747
2.88183
3.32759
2.93536
3.23725
3.31564
3.41878
2.80705
3.36712
3.16289
2.91746
3.06826
3.61244
3.56256
4.07266
3.26852
2.37601
2.84459
3.1196
2.5909
3.26958
3.31666
2.47819
3.69049
3.25189
3.06618
3.14114
2.74237
2.54144
3.1068
2.78287
2.54465
2.62637
2.14176
2.99709
3.11728
3.28678
3.26749
1.86189
3.94259
3.37853
3.3947
3.29584
3.77205
3.19333
2.89203
3.17978
2.8776
2.9766
3.48104
3.47132
3.24773
3.1043
2.93965
3.58485
3.51253
3.40518
2.90848
3.23693
2.99388
2.91724
2.77629
3.00144
3.06594
2.99703
2.65085
2.79836
2.64556
3.09412
3.11866
3.06566
3.53403
3.17567
2.96042
3.42529
2.4441
2.93785
2.98899
3.28016
3.07162
3.34522
3.62438
3.01743
2.9463
2.9318
3.08858
3.31052
3.63135
3.71531
3.34278
2.69845
3.6146
3.11465
3.61511
3.10218
3.06589
3.08275
3.01448
3.50511
2.26297
2.99552
2.56419
3.81846
4.01147
3.34177
3.96852
3.22039
3.09894
3.52927
3.66182
3.5685
3.97874
3.53392
3.28567
3.37486
3.17346
3.14136
2.91515
2.81603
3.36508
3.11524
2.87097
2.80336
3.08824
2.89979
2.78902
2.93568
3.01899
3.16371
3.01674
2.98844
2.79417
2.43159
2.85182
3.53122
2.95682
2.87893
3.06152
2.75195
3.05711
2.93236
2.9777
3.31196
3.51861
3.21004
2.97884
3.48712
3.41389
3.18812
3.41573
2.61133
3.05735
3.70184
3.18658
3.16289
3.74114
3.24639
3.5111
3.24171
3.19938
3.65927
1.93671
2.48532
2.23801
2.22574
2.57399
2.72988
3.07779
2.8107
1.85639
2.95414
3.022
2.91922
2.39189
3.06321
2.97479
2.68685
2.62467
3.26624
2.84857
2.98011
2.73075
2.75941
2.5096
3.02186
3.12477
3.67605
2.6181
3.57977
3.09498
2.96784
3.38178
3.69072
3.39611
3.72579
2.86236
2.31659
2.86924
2.91527
2.63434
2.9906
2.97658
2.62767
3.64446
3.11552
3.25558
3.41299
2.58921
2.62413
3.0967
2.83777
2.72636
2.77664
2.0829
2.87045
3.14016
3.05359
3.98884
3.47471
3.37025
3.03257
3.42254
3.48883
3.53133
2.83545
2.92792
3.25047
3.20129
3.00603
3.26845
3.46033
3.05868
3.44744
2.80645
3.31996
3.39873
3.49054
3.46125
3.08796
2.76692
2.94484
2.75001
2.74099
3.14097
3.07884
2.77252
2.93921
3.23521
3.44713
3.02933
3.71292
3.83371
3.03256
2.86781
3.69264
2.63444
2.95868
2.78958
3.38306
3.08384
3.45689
3.59542
3.38481
2.84427
2.89032
3.30046
3.42962
3.31119
3.40875
3.1227
2.6179
3.79244
2.82996
3.05548
3.38947
3.18702
3.04627
2.82828
3.46124
2.09637
3.26668
2.97142
3.95125
3.8712
3.13698
3.32273
3.17274
3.50255
3.40406
3.02465
3.25236
3.64843
3.5448
3.20529
3.1888
3.16224
3.14558
3.02777
2.98368
3.40093
3.18151
2.83753
2.7054
3.16087
2.88186
2.84685
2.71544
3.00771
3.04601
2.98679
3.08408
3.47096
2.31695
2.81889
3.07678
3.27
2.613
3.17526
2.49993
2.82959
2.88489
2.76301
3.41883
3.28115
3.83604
3.04582
3.12257
3.35472
2.99841
3.20932
3.11193
3.00476
4.04624
3.08742
2.57324
3.55679
3.38268
3.41093
3.15779
3.30407
3.58331
