1.92849
3.04731
2.59477
2.62455
2.83983
2.90303
3.18279
3.08133
1.96387
3.32887
3.08127
3.56562
2.54278
2.90589
3.10665
2.94151
3.08936
3.34972
2.97153
3.17454
3.1583
2.50488
2.95938
3.49387
3.68239
3.9886
3.26643
3.34033
3.82653
3.27189
3.42749
3.6562
3.56108
4.40413
3.40086
2.9193
2.74852
3.30151
2.57105
3.46531
3.53264
3.29928
3.98996
3.61453
3.10326
2.84502
2.84756
2.47853
2.72761
2.92232
2.71222
2.72194
2.15765
3.18762
3.48533
3.43892
3.6763
2.2408
4.01763
3.64673
4.14497
3.56068
3.99641
3.08845
3.05261
3.41689
3.24204
3.28894
3.73474
3.70703
2.91451
3.4315
3.17872
3.61063
3.72462
3.63764
3.56153
3.30933
3.22795
3.03356
3.08693
3.76836
3.07618
3.21678
3.37317
2.75386
2.96544
3.82123
3.09855
3.04311
3.63441
3.48373
2.84985
3.63649
2.69817
3.12675
3.47097
3.59533
3.36677
3.72156
4.19225
3.37197
2.78536
2.67374
3.64014
3.94211
3.27912
3.6146
3.62124
2.92042
3.71506
3.54179
3.61335
2.92108
3.61248
3.16438
2.90365
3.40162
2.16417
3.0644
2.67776
3.86774
3.87208
3.24203
3.62169
4.00529
3.06734
3.2496
3.33353
3.60852
4.04358
4.09826
3.47067
3.71717
3.44083
3.27626
3.40896
3.03692
3.22318
3.09214
3.02657
2.75246
3.31175
2.80051
3.22331
2.99544
3.16314
3.411
3.37798
3.08034
3.15482
2.80984
3.87117
3.26614
2.73841
3.32928
3.1522
3.07558
2.9813
3.22733
3.26354
3.59478
3.52567
3.15423
3.04914
2.75421
3.70776
3.3923
3.20004
3.08763
3.56466
4.18847
3.18583
3.54195
3.62073
3.19014
3.49313
2.97116
3.21245
3.99885
2.15016
2.75462
2.45307
2.70934
2.856
2.99234
3.30448
3.13507
2.04728
3.3473
2.70149
3.36665
3.13291
3.04811
3.35104
2.88827
2.79749
3.42403
2.71763
3.83982
2.98593
3.43475
2.99555
3.45926
3.20438
3.95595
3.42424
3.36077
2.99241
3.66787
3.6617
3.7688
3.51826
4.31635
3.39658
2.69649
2.71654
3.28471
2.81943
3.37763
3.4072
2.7995
3.92878
3.89944
2.97233
2.9881
3.17549
2.91376
2.7159
2.8572
3.00683
2.83057
2.22878
3.38933
3.53631
3.3894
3.83481
2.09698
4.05876
3.62296
3.36003
4.05005
4.16959
3.11864
3.59264
3.16377
3.43279
3.21579
4.00018
3.77315
3.2653
3.40313
3.06052
3.29973
3.02288
3.50645
3.81962
3.28525
3.09315
3.29788
2.91969
3.13852
3.12775
3.01956
3.01286
3.06947
3.12182
3.52283
3.1436
2.924
3.57288
3.5195
2.85293
3.54227
2.957
3.38322
3.25326
3.648
3.79703
3.76588
4.04621
3.38833
3.09822
2.88465
3.52128
4.4472
3.30455
3.67092
3.76694
3.77369
3.94313
4.41253
3.43434
3.0437
3.77292
3.09515
3.08335
3.41179
2.3933
3.13352
2.79397
4.00805
4.22082
3.03844
3.59167
4.32105
3.47928
3.29685
3.41264
3.43119
3.97787
4.18315
3.52638
3.43611
3.5232
3.47301
3.28791
2.94459
3.25275
3.21174
2.98599
2.93278
3.47933
3.08079
2.88434
2.92192
3.44869
3.38894
3.32747
3.24495
3.59901
2.6474
3.15297
3.01741
3.42216
2.86241
3.30423
3.12656
3.46043
2.60707
3.26493
3.76967
3.82845
3.46263
3.05232
3.14286
3.88032
3.89785
3.41719
2.86257
3.1056
3.68302
3.28202
3.25466
3.27762
3.46017
3.6507
3.16687
3.69051
3.65056
