1.5854
2.61254
2.28844
1.85238
2.19734
2.28038
2.93136
2.67486
1.6008
2.93732
3.22859
2.9927
2.38794
3.0974
2.55138
1.89265
2.38125
2.95465
2.16716
2.81048
3.6525
2.90462
2.92487
2.68929
3.17647
3.46091
2.64065
2.62601
2.85057
2.95335
3.33997
3.88225
3.29779
3.78795
2.63236
2.20044
2.47469
3.03385
2.07115
2.97667
2.55534
2.2684
2.58919
2.86353
2.46435
2.34508
2.65135
2.49672
2.29848
2.65862
2.36844
2.49502
2.03586
2.30972
2.58418
2.68098
2.81756
2.97229
2.85732
3.08912
3.60471
3.38477
3.06798
2.927
2.8345
2.92642
3.15237
3.11014
3.4
2.8924
2.61657
3.1205
2.91703
2.80366
3.16372
3.50323
3.1563
2.93807
2.82472
2.6207
2.89398
2.73639
2.71297
2.7817
3.11924
2.9599
2.51551
2.98089
2.90964
3.07823
3.89466
3.1976
2.89136
3.86346
2.67821
2.79023
2.85803
2.91515
3.06302
3.4457
3.64157
3.5851
2.28889
2.69424
3.39805
3.85525
2.8912
3.15628
3.25322
2.03796
3.66026
3.71447
3.46063
3.11392
3.38464
2.92217
3.03931
3.4004
2.50917
3.02391
3.55601
3.07946
3.92223
2.86669
3.57306
3.68054
2.85549
3.47216
3.29257
3.44552
3.41253
3.56644
3.26492
3.3227
3.22967
3.13166
3.49644
2.73737
2.95751
2.81867
3.04642
2.18002
2.85198
3.06723
2.55963
2.46236
3.33256
3.30291
2.86559
2.84195
2.6038
2.136
2.82873
2.61501
2.81571
3.05441
2.95201
2.44565
2.60596
3.05227
2.8862
3.65565
3.5348
3.03671
2.76004
2.85375
3.17851
3.69647
2.98168
2.85404
2.49051
3.45293
2.62808
2.72231
3.69728
3.03139
3.36682
2.62092
3.14157
3.70079
1.60497
2.59951
2.11919
1.93332
2.24575
2.20538
2.63799
2.76271
1.83355
2.63182
2.77651
2.78657
2.1059
2.68847
2.30149
2.29067
2.52695
3.60653
2.23282
2.22635
2.50983
2.21391
2.98126
2.60527
3.4692
3.17824
2.72976
3.16458
2.58216
2.96049
3.36825
3.81941
2.66328
3.93677
2.98076
2.13157
2.16808
3.05331
2.06518
2.69971
2.78057
2.5136
3.30206
3.2258
2.31794
2.26532
2.97875
2.25054
2.63334
2.38333
2.7578
2.60814
2.14841
2.75128
2.96245
2.82207
2.94298
2.36002
3.19024
3.05972
3.09062
3.56223
3.44059
2.75386
3.13784
3.52479
2.88166
3.08839
3.33127
2.92644
3.36272
3.11169
2.7854
2.81558
2.819
3.08756
3.19883
3.04426
3.06057
2.89434
2.58879
2.60245
2.40724
3.00355
2.82033
2.99506
2.66164
3.21569
2.97501
2.9332
3.41395
2.99583
2.44051
2.91915
2.60458
2.89096
2.9989
3.08534
3.31274
4.01353
3.3132
3.38856
2.5014
2.70189
3.28046
3.83907
3.45084
3.06502
3.76258
3.57493
2.84259
4.35843
3.40865
2.96614
3.85899
2.95819
2.91561
3.51703
2.54542
2.93957
2.79655
3.47869
3.69573
3.14007
3.63129
3.72649
3.26565
2.76213
3.31686
3.12856
3.3236
3.46044
3.57266
3.29195
3.24548
3.80578
3.05119
3.05341
3.0412
2.54727
2.67592
2.57016
2.99469
2.72775
2.82185
2.80611
3.26714
3.05162
2.86466
2.70028
2.81339
2.16592
3.0854
2.64392
2.99017
2.43705
2.86871
2.47246
2.72594
3.06916
2.89909
3.94183
3.51447
2.69349
2.76228
3.13504
3.42523
3.06341
2.98793
2.74343
2.33796
3.38959
2.84717
2.64795
3.77812
3.05485
3.63913
2.80868
3.48775
3.06795
