2.0051
2.97545
2.21413
2.28534
2.58474
2.90313
2.77791
2.96581
1.55444
2.8338
3.14408
3.56294
2.71837
2.15417
2.88343
2.76028
2.90222
3.16896
2.81128
3.29829
2.85924
3.42713
2.9987
2.91683
3.25076
3.53237
3.3042
2.81136
2.83598
2.73815
3.33801
3.24902
3.60339
3.60065
3.59671
2.7743
3.00046
2.96912
2.64246
3.11358
3.28093
2.65623
3.50097
3.28302
2.85226
2.89431
2.7995
2.53564
2.597
2.65139
2.51386
2.42194
1.91969
2.96803
2.8707
3.35834
3.1075
1.89696
3.35254
3.47848
3.37495
3.55947
3.75163
2.9374
2.96456
3.14984
3.06446
3.04033
3.47559
3.38713
2.97909
3.20686
2.99875
2.8791
3.04453
3.0574
3.20348
2.84756
2.79921
2.98324
2.93976
3.00702
2.90001
2.99311
3.02296
2.96057
3.01607
3.22974
2.95629
3.13881
3.91077
3.46831
2.71134
3.6636
2.49082
2.99527
3.25878
3.25528
3.18664
3.01987
3.9178
3.28423
2.94141
2.80844
3.00428
3.76765
3.30792
3.55837
4.26839
1.55371
3.32449
3.76389
3.49746
3.34358
3.51335
2.86287
2.63686
3.00155
2.23763
3.09783
2.61135
3.82658
3.71819
2.59923
3.27125
3.71489
2.85661
3.05477
3.01454
3.36934
3.84304
3.64282
3.32178
3.14454
2.93793
2.85618
3.13516
3.38108
2.91097
2.88505
3.03722
2.83196
3.29687
2.72609
2.75962
2.98333
3.06116
3.44601
3.02443
3.07682
3.34429
3.00233
3.31223
3.00374
3.00438
2.8766
3.05015
2.96013
3.00479
2.76094
3.11891
2.83998
3.36483
3.73199
3.38501
2.94442
3.59714
3.59933
2.82347
2.90336
3.54147
3.69024
2.75503
2.79553
3.22424
2.91807
3.40785
2.76254
3.35518
3.35084
1.93123
2.59924
2.44611
2.42491
2.50276
2.66631
3.21274
2.96679
1.72406
3.04548
2.69786
3.1131
2.35616
2.44769
2.54561
2.12371
2.6071
3.15542
2.61392
2.79815
3.22932
3.2045
2.63531
3.01303
2.97432
3.30406
2.68105
3.2557
3.11028
3.3263
3.25368
3.66082
3.7179
3.84009
3.00653
2.12147
2.59111
2.89337
2.36397
2.95035
3.06386
2.7564
3.72517
3.13975
2.78792
2.92344
2.75072
2.65606
3.22351
2.80208
2.61385
2.71324
2.01242
3.14445
3.07004
3.22461
3.05961
1.95803
3.2173
3.29784
3.87647
3.54849
3.76034
3.1073
2.63797
3.25752
3.15705
3.14047
3.59136
3.60079
3.36071
3.29892
3.12288
2.73328
2.78503
3.11335
3.24799
3.08288
3.15052
3.20483
2.73984
2.86959
2.89962
2.98883
2.94675
2.88749
2.95002
3.525
2.92366
2.85756
3.58544
3.48045
2.56453
3.42799
3.34878
3.00729
3.07297
3.13625
3.22052
3.09939
3.34865
3.06128
2.56914
2.7657
2.7386
3.58983
3.30705
3.22899
3.73827
2.48656
3.47208
3.89618
3.3184
3.13431
3.12171
2.89685
3.09652
3.26996
2.164
2.75219
2.58972
3.98428
3.70664
2.88646
3.13024
3.63943
3.15047
3.0239
3.00373
3.0121
3.45561
3.66204
3.51237
3.22972
3.09152
3.0962
3.41876
3.12949
2.9353
2.8422
2.77347
2.91264
3.43583
3.48722
2.88642
2.99388
3.03208
2.80001
3.20859
3.01382
3.38229
2.52599
3.46958
2.82737
2.92901
2.84509
2.75862
2.60284
2.73202
2.7878
2.85837
3.22967
3.53891
3.42802
2.68812
2.93649
3.62384
3.18535
2.95051
2.97729
2.7742
3.31137
2.90711
2.77364
3.09824
2.91639
3.82969
2.69112
3.51362
3.78014
