2.10487
2.6944
2.17361
2.65287
2.61282
2.72818
3.17953
2.90888
1.86226
3.01548
2.61064
2.91935
2.65324
2.83563
3.03149
2.41856
2.65707
3.28525
2.87047
2.74256
2.43914
2.77392
2.3812
2.73616
2.91312
3.28814
2.83474
3.07655
2.90105
3.14008
3.66396
3.75378
3.39053
3.82482
2.89493
2.50482
2.48751
3.16074
2.29974
3.41668
3.04163
2.53225
3.16676
2.89798
2.46598
2.48559
2.77233
2.59702
2.38283
2.81996
2.36226
2.34799
2.18841
2.88461
2.98431
3.27985
3.37163
2.0888
3.88381
3.93551
3.8881
3.62001
3.56644
3.3529
3.48477
2.95254
2.91746
3.09833
3.53087
3.17278
3.08563
2.83652
2.82277
3.10226
3.167
3.20872
3.3131
2.82628
2.91589
3.07275
2.7971
2.73538
2.99455
3.23748
3.00314
2.8189
2.9783
3.76546
3.15971
3.07419
3.67727
3.27679
3.58097
3.76808
2.95388
2.86551
2.99196
2.84131
3.33825
3.17009
3.40019
3.13903
3.43422
3.07198
3.19352
4.12644
3.09044
3.56132
3.22051
3.06634
3.78547
4.31943
3.33066
3.21865
3.18497
3.18739
2.53973
3.3565
2.59437
3.09645
3.43463
3.28099
3.74406
2.8714
3.3959
3.83624
2.73855
3.12516
2.92465
3.33298
3.7404
3.85094
3.19898
3.43042
3.22684
3.47573
2.87675
3.49261
3.01629
2.91455
3.06039
2.73357
3.2603
2.93361
2.85766
2.84345
3.15902
3.2017
2.85768
2.95573
2.94351
2.34719
3.22459
2.89282
2.45983
2.71448
2.60023
3.04064
2.68701
2.61333
2.76231
3.43454
3.43333
3.98367
3.39324
3.64952
4.27833
4.06351
2.90106
2.77061
2.90269
3.77384
2.64851
3.23762
3.19568
3.00727
3.28846
2.84619
3.56493
3.66241
2.02605
3.00198
2.41354
2.49938
2.56337
2.67026
2.99461
2.83378
1.73464
2.94033
2.90374
3.07504
2.32423
3.29398
2.8297
2.28353
2.55714
3.60498
2.58184
2.63685
3.11742
3.52011
2.98246
3.01455
2.78053
3.42644
2.75937
2.56503
2.90658
3.1912
3.28449
3.62985
3.22982
3.19584
3.16656
2.41117
2.21355
2.67718
2.18747
3.27196
3.11742
2.36582
3.51648
3.10201
2.47712
2.30094
2.50979
2.22353
2.54338
2.57357
2.42717
2.35285
2.00973
2.57199
2.91883
3.12076
3.47645
2.73549
3.94711
3.07479
3.79606
3.52527
3.4153
2.93592
3.67082
3.05856
2.93721
3.25289
3.51381
3.12013
2.99808
3.13252
2.974
2.7625
3.05527
3.52723
3.41813
2.88065
2.87209
2.86133
2.84039
2.89878
2.89888
2.80467
2.96189
2.83404
2.73101
3.57749
3.27678
2.97616
3.1982
3.48657
3.22149
3.86977
2.64357
3.03597
3.26283
3.15782
3.16942
3.07397
2.96974
3.29274
3.94409
2.76268
2.58905
4.57115
3.73682
3.218
4.29657
3.41302
3.39043
4.26586
3.37806
3.35902
3.36072
2.70692
2.51587
3.38134
2.93209
3.07274
3.05552
3.7727
4.07581
2.83285
3.49256
3.62028
3.40819
3.39473
3.13575
3.15615
3.97207
3.6834
3.06022
3.39635
3.1565
3.09194
2.95211
2.87514
3.04149
2.59275
2.70334
2.89829
2.94901
2.6479
2.81336
2.69931
2.81043
2.92346
2.84208
2.79258
2.90677
2.77301
3.49438
3.02769
2.92727
2.66751
2.83591
2.83764
3.0201
2.70077
2.76453
3.38733
3.77906
3.79778
3.43083
3.30839
4.27637
3.73664
3.32196
2.93128
2.97912
4.07774
3.2605
2.88605
3.21287
3.82523
3.4912
3.21352
3.5284
3.44003
