1.88568
2.64455
2.95166
2.27542
2.60551
2.57937
2.87086
2.98082
1.82839
2.98406
3.03566
3.20852
2.44901
3.17923
3.28267
2.46434
2.7382
3.36828
2.5913
2.73335
3.25592
3.51
2.97205
3.0291
3.39725
3.81956
3.03378
3.00282
3.10334
3.38761
3.529
3.84334
3.72708
4.22908
3.08114
2.63965
2.92751
3.05667
2.75311
3.36045
3.36869
2.44695
3.5383
3.66961
2.52178
3.19082
2.7768
2.82427
2.68015
2.44322
2.91116
2.83115
2.13441
3.39419
3.53319
3.55434
3.81445
2.49171
4.034
3.17195
4.43659
3.89075
4.04183
3.49124
3.72652
3.65415
3.44045
3.47434
4.06883
4.29859
3.89372
3.58981
3.19117
3.777
3.20735
3.72972
3.37316
3.08043
2.88906
3.42965
3.20278
3.13898
3.25692
3.43456
2.87086
3.12287
3.87236
3.61402
2.927
3.37142
3.67509
3.6697
3.24576
3.56779
3.29165
2.87504
3.39125
3.27731
3.57481
3.41247
3.96893
3.39059
2.64909
3.10999
3.07307
4.56154
2.97454
3.37348
4.03548
3.41509
3.81039
4.24162
3.6742
2.98961
3.50014
3.17252
2.87454
2.81669
2.65882
3.22761
2.77045
3.75606
4.02659
2.837
3.36618
3.0387
3.31803
3.21871
3.45577
3.89863
4.074
3.9214
3.46941
3.53259
3.15973
3.2169
3.59394
3.02513
3.37614
3.05583
3.06984
2.887
3.4071
3.0246
3.2265
2.9042
2.91626
3.21578
3.21542
3.21046
3.12201
2.60347
2.48141
3.08473
2.69641
3.33966
2.99675
2.99344
2.87742
2.89924
2.87062
3.7138
3.71653
4.16145
4.62675
2.69321
3.6442
3.5721
3.35526
3.04592
3.0961
3.98449
2.92092
3.13471
3.30211
3.59266
3.91493
3.05258
3.4281
4.12354
1.94513
2.84703
2.51205
2.36045
2.58552
2.56557
3.16758
3.02087
1.83308
3.11123
3.56341
2.99812
2.50548
3.3056
2.80883
2.67319
2.58001
3.31719
2.62033
2.98412
3.09126
3.38448
2.77398
3.32243
3.04021
3.94642
2.95967
3.28727
2.85689
3.2507
3.41993
3.97069
3.17356
3.61582
2.88217
2.61418
2.7943
3.36534
2.54662
3.59257
3.73493
2.63994
3.5822
3.70389
3.489
2.96691
2.77225
2.37349
2.90457
2.8703
2.90487
2.56046
2.32606
3.55381
3.25931
3.84763
3.62617
3.58877
3.8827
3.10729
3.97201
4.1522
4.30046
3.34136
3.50333
2.48825
3.70815
3.32031
3.83394
3.98877
3.47444
3.79625
3.54478
3.3533
3.80838
3.28605
3.82215
3.45996
2.91236
3.17337
3.51852
3.16398
3.38925
3.60619
3.13528
3.08307
3.3258
3.67158
3.41131
3.90289
4.08428
3.43584
2.73834
3.31228
2.84066
3.19017
3.14775
3.07688
3.38014
3.6495
3.89343
3.70978
2.77777
3.03578
3.69213
4.21139
3.23884
3.46278
3.27617
3.61971
3.8111
3.94327
3.62219
2.82381
3.69563
3.43585
2.73544
3.58189
2.68905
3.21912
2.98373
3.78919
3.84743
2.87056
3.69409
3.37177
3.11099
3.71666
3.186
3.3138
4.02821
4.10974
3.11936
3.40385
2.96271
3.44223
3.26911
2.87143
3.28069
3.17928
3.19163
2.602
3.62489
2.82993
2.68898
2.92337
3.7287
3.18289
2.9514
3.41927
3.37952
2.61642
2.95994
3.13166
2.8
3.35418
2.99006
2.70449
3.12622
2.95123
2.82442
3.23812
4.01254
4.17398
3.24499
3.33008
3.61671
3.74606
3.60159
3.60889
3.01889
3.70613
2.90159
3.20555
3.69175
3.16597
3.23698
3.16435
3.80766
3.27771
