1.93258
2.81762
2.59821
2.20328
2.31001
2.55672
3.11575
3.01353
1.8039
2.99309
2.74315
3.15799
2.19936
2.75779
2.77586
2.14637
2.47616
3.07915
2.49256
2.77271
2.81979
3.22212
2.41488
3.03037
3.44799
3.44297
2.91626
3.17315
2.63759
3.1947
3.50085
3.82403
3.43604
3.79649
3.00799
3.00296
3.05634
3.17806
2.85653
3.2927
3.23573
2.73706
3.54456
3.39933
2.72239
2.84402
2.88305
2.57969
2.65606
2.5936
2.61129
2.54204
2.29887
3.4281
3.11318
3.30145
3.55302
2.17438
3.87594
3.41957
3.31993
3.56596
3.81448
2.95828
2.67034
2.91647
3.22983
3.01235
3.37145
3.78898
3.13026
3.12555
3.2768
3.1578
3.40118
3.19085
3.02239
3.02436
2.94826
2.95164
2.86309
3.00135
3.06292
3.19017
2.84822
2.92325
3.32212
3.37641
2.82625
3.36575
3.67475
2.98731
3.08275
3.61819
2.65703
3.04945
2.98938
3.3799
3.45946
3.36528
3.47454
3.37614
2.71293
2.92919
3.18873
3.25181
3.57146
3.4115
3.69115
1.96132
3.49005
3.86819
3.3089
3.23174
3.22371
2.72881
2.89312
3.04082
2.78303
3.26068
3.0555
3.76544
3.89977
2.96048
3.30558
3.36761
2.77339
3.16859
3.00579
3.25002
3.80112
3.91473
3.52568
3.43247
2.95003
3.08596
3.31887
2.86424
3.28852
2.98783
2.6696
2.7153
3.03494
2.75063
2.81307
2.59941
3.23456
3.23387
3.03947
2.92019
2.88121
2.66714
3.12875
3.35541
2.39116
2.73675
2.87458
2.62483
2.70207
2.9242
2.69432
3.21104
3.24044
3.41856
2.61998
2.88312
3.56884
3.41594
3.35568
2.98314
2.85893
3.75127
3.30615
2.55889
3.53696
3.53907
3.51261
3.03813
3.44792
3.80665
1.98389
2.60119
2.39208
2.15657
2.25285
2.47297
2.72083
3.05215
1.91823
2.88818
3.00419
3.45627
2.06188
3.10413
2.82053
2.77859
2.53011
3.09913
2.3809
2.59472
3.1469
2.95991
2.79965
3.27825
3.40539
3.65685
2.96152
3.49932
2.90563
2.82441
3.16385
3.93664
3.37908
3.55885
3.0767
2.51616
2.72833
3.34056
2.71797
3.54889
3.28162
2.92551
3.33763
3.02152
3.11342
2.89789
2.80195
2.6697
2.44825
2.65524
2.71282
2.63973
2.18819
3.37042
2.96891
3.41003
3.54654
3.20908
2.68864
3.31207
3.12221
3.26343
3.60939
3.21545
3.25248
3.04237
3.19696
3.14396
3.59654
3.49677
3.24947
3.33374
3.0955
3.29083
3.34652
3.50024
3.23192
3.24892
3.11953
3.00901
3.08322
2.68129
2.97967
3.13383
3.17262
2.95151
2.97284
3.37222
2.88999
3.48869
3.7193
3.45851
2.75426
3.83745
2.5371
2.99852
3.35209
3.13284
3.0681
3.25345
3.46209
3.24716
2.80489
3.03169
3.31056
3.54779
3.32075
3.58377
3.45868
3.28027
3.47282
3.25823
3.45
3.0683
3.05113
2.91264
2.63985
2.9299
2.07802
2.95806
3.391
3.5218
3.64611
3.08953
3.45859
3.28234
3.15882
3.28839
3.31867
3.50836
3.73389
3.68308
3.48615
3.41577
3.22861
3.59189
3.466
3.06624
3.38088
2.87522
2.75805
2.37735
2.96767
2.7715
2.75484
2.66412
2.85661
3.09129
3.05339
3.19888
3.09472
2.27298
2.73238
2.89662
3.00503
3.10152
3.0945
2.45618
3.30964
2.67762
2.75206
2.94808
3.4925
3.50192
3.12317
3.0571
3.81704
3.35335
3.34467
3.07507
3.08967
3.726
3.28757
3.16555
3.42306
3.08016
3.28094
2.93391
3.60408
3.40179
