1.98602
3.2043
2.70237
2.40285
2.67083
2.98906
2.97577
3.21993
2.25976
3.23762
3.30121
3.42384
2.7854
2.50268
3.04698
3.15458
2.76026
3.20369
2.83813
3.01058
2.50687
2.68281
2.78615
3.25519
3.57249
3.94326
3.08044
2.85437
2.67956
3.20594
3.83001
3.80131
3.62839
3.75816
3.39732
2.69802
2.90178
3.20956
2.79563
3.47418
3.41431
2.86608
3.83793
3.91253
2.67045
2.65034
2.64049
3.15763
2.75152
2.90983
3.00981
2.74596
2.33596
3.52519
3.3342
3.35872
3.95027
1.91965
3.51682
3.72325
3.41814
4.13201
4.00106
3.5082
4.14631
3.51339
3.83583
3.33129
3.39534
3.71399
3.19482
3.32367
3.11699
3.33142
3.53912
3.43076
3.23756
3.26913
3.6119
3.82193
2.98242
3.27458
2.97904
3.21358
2.95711
3.24911
3.32047
3.69094
3.1767
3.50456
3.65711
3.42627
2.83711
3.58254
2.97454
3.24321
3.55764
3.77241
3.00509
3.6523
3.24955
3.6257
2.96624
3.02867
3.12586
3.08323
3.45853
3.60293
4.16195
2.61166
3.71438
3.43729
3.56146
3.03112
4.0794
2.96636
2.67163
2.85886
2.05176
3.26681
3.53448
3.97825
4.65618
3.45197
3.55903
2.88894
2.8865
3.75185
3.20613
3.42363
3.87637
3.96652
3.25209
3.60932
3.38368
2.75606
3.63621
3.1862
3.14869
3.13762
3.04157
2.81376
2.9729
2.99003
3.41316
2.95276
3.47672
3.49186
3.14121
3.52423
3.24659
3.0293
2.96307
3.40929
2.56746
3.04099
3.5074
2.79482
2.99101
2.70014
3.37372
2.84269
3.67755
3.42707
3.87617
3.20329
3.42789
3.53578
3.12656
3.19284
2.91311
3.70928
3.12123
2.91972
3.70973
3.68292
3.34837
3.23622
3.66201
3.71705
1.96384
2.73281
2.50615
2.44743
2.73942
2.86613
3.04379
3.18565
2.23369
3.28505
2.90351
3.50961
2.69959
2.80317
2.81359
3.14284
2.85699
3.06842
2.81425
2.7288
2.82296
2.80932
2.8125
3.1291
3.48746
3.97224
3.39153
3.82184
2.75069
3.03202
3.56895
4.14723
3.62321
4.05635
3.08849
3.11903
3.18953
3.25031
2.95042
3.63626
3.85084
3.07711
3.62883
3.65359
3.15223
2.8067
3.02977
2.71974
2.93358
2.84914
3.04404
2.84714
2.24572
3.55059
3.35899
3.63431
3.60988
2.67764
3.62615
3.54087
3.47267
3.67415
3.99451
3.13393
3.50287
3.3017
3.7139
3.2347
3.96806
4.01115
3.34321
3.53439
3.31525
3.62551
3.36259
3.26268
3.50981
3.37576
3.22744
3.51698
3.41291
3.13073
3.10738
3.61459
3.20483
3.09166
3.35844
3.47511
2.91192
3.16762
3.66747
3.40232
2.72731
3.62209
2.93057
3.27052
3.36172
3.98513
3.09888
3.12838
3.29881
3.68045
3.10587
2.85335
3.10815
2.74967
3.55553
3.55051
3.60976
2.52152
3.53408
3.06172
3.68076
2.90975
3.26791
3.03225
3.11149
3.21856
2.0123
3.14094
3.26185
3.97219
4.40956
2.61007
3.16562
3.64148
3.67158
3.52385
2.93273
3.31228
3.75508
3.48035
3.54884
2.95281
3.38525
3.13198
3.40155
2.92835
3.22176
2.93947
3.03269
2.82826
3.13736
2.89711
3.39861
2.90987
3.46176
3.29045
3.35142
3.10322
3.24257
2.71127
2.69649
2.91203
3.64207
3.29868
3.03264
2.86051
2.86265
2.5188
2.98409
3.78411
3.36212
2.96397
2.94224
2.82835
3.63343
3.33068
3.19088
3.05083
3.14653
3.86744
2.96158
2.66932
3.19971
3.29837
3.02741
3.27705
3.75735
3.90225
