1.86278
2.68549
2.07609
1.91315
2.26313
2.47989
3.0545
3.01212
1.63584
2.97754
2.42387
2.93504
2.32095
2.57315
2.97956
2.82702
2.71775
3.30479
2.81712
2.79023
2.80255
3.00249
2.56084
2.76388
3.07551
3.35893
2.99246
3.05537
2.74474
2.68301
3.28591
3.68683
2.95264
3.67049
3.16475
2.39595
2.82807
3.32926
2.59148
3.58997
3.13459
2.68686
3.21823
3.33324
2.92811
2.88863
2.6513
2.23291
2.66769
2.89522
2.56288
2.57756
1.8508
3.33033
3.14487
3.2393
3.31117
2.40147
2.99775
2.99837
3.19095
3.75291
3.39019
3.00513
3.46994
3.11667
3.67686
2.9453
3.1185
3.21334
2.82223
2.88273
3.12251
3.02379
3.80246
3.24044
3.37392
3.01486
3.3898
3.05001
3.01324
2.93391
2.85442
3.18927
2.74911
2.89627
2.86805
3.0002
3.1357
3.12482
3.40761
2.98454
2.52187
3.49281
2.71979
3.0844
3.47728
3.26113
2.83172
3.23967
3.53417
3.10104
2.6581
2.49177
3.1301
3.73727
3.31913
3.16486
4.14945
2.6133
3.4113
3.30707
3.46184
3.10188
3.1451
2.68698
2.819
2.62528
2.14162
2.634
2.49508
3.35412
3.44848
2.88936
3.19695
3.02776
3.01324
3.07154
3.32615
3.23125
3.38815
3.605
3.22083
3.08393
3.05429
3.09618
3.33093
3.11767
3.25776
2.81317
2.88222
2.46405
3.35647
2.88455
2.8475
2.7254
3.14333
3.04361
3.22413
2.98191
3.03618
2.62688
2.73743
2.76794
2.72409
2.85851
2.89629
2.66118
2.75007
2.88231
3.12029
3.16694
3.2546
3.34941
2.86449
2.75243
3.13463
3.20251
3.07276
2.64836
3.1096
3.24789
2.8333
2.6565
3.44223
3.08873
3.32181
2.57393
3.11297
3.09207
1.84518
2.55771
2.13006
1.91277
2.22332
2.51867
2.83244
2.90463
1.66502
2.83471
2.68045
3.21938
2.35306
2.67935
2.63603
2.70706
2.70656
3.09543
2.55483
2.58314
2.83022
3.11337
2.64864
2.71239
2.77487
3.50073
2.79747
3.17271
2.84669
3.09981
2.9624
3.52654
3.41251
3.51446
2.98693
2.60356
2.55415
3.21709
2.47355
3.17954
3.37132
2.65607
3.50529
3.05101
2.97994
2.98876
2.57784
2.68667
2.80851
2.72268
2.50432
2.47912
2.0374
3.146
3.18426
3.25547
3.32974
2.322
3.08863
3.47387
3.35341
3.56447
3.76022
2.75677
2.93146
3.22478
3.2587
3.25159
3.30778
3.27708
3.00258
2.74649
2.88194
3.19004
3.19134
2.85083
3.05458
2.99111
3.21741
2.79175
2.55042
2.80807
2.90337
3.23476
2.80907
2.98304
2.74571
3.41362
2.88728
2.78238
3.24944
3.32622
2.70401
3.36907
2.87122
3.155
3.51515
2.59082
3.01213
3.1019
2.75407
3.35554
2.58748
2.62619
3.05252
3.95818
3.57756
3.10776
3.61363
3.53911
3.38583
3.68556
3.21255
2.90208
3.27984
3.00682
2.92346
2.42272
2.20199
2.83592
2.53798
3.34015
3.61241
2.97246
3.1361
3.05333
3.25909
3.21216
2.86976
3.18452
3.43204
3.14729
3.43227
2.92528
3.02362
3.15202
3.28406
2.84214
2.94919
3.04671
3.09571
2.70956
3.05474
3.16256
2.80761
2.81398
2.91885
3.18959
3.03825
3.02172
3.25386
2.61193
2.37925
3.18228
3.02239
2.80874
2.91405
2.88298
2.75871
2.81244
2.88182
3.50442
3.51951
3.78858
2.60245
3.14573
3.06156
3.38153
3.23479
2.66642
2.87682
3.46067
3.10483
2.68451
3.23826
2.91961
3.08141
2.84559
3.55528
3.39246
