1.73499
2.86643
2.40912
2.23579
2.46388
2.68855
3.17749
3.02923
1.82383
3.01084
2.82001
3.1572
2.2083
2.48264
2.84831
2.55785
2.70146
3.25341
2.63457
2.45774
3.32838
2.97867
3.1189
3.08322
2.86968
3.35508
2.84084
3.21163
2.76722
3.44739
3.45508
3.67061
3.07142
3.97503
2.92189
2.51214
2.89422
3.2225
2.66952
2.95595
3.53495
2.87189
3.51519
3.29884
3.03068
2.58877
2.75818
2.56154
2.75118
2.57448
2.78542
2.74806
2.12565
2.8329
3.05131
3.17311
3.42118
1.45611
3.67427
3.21833
3.43715
3.38251
3.7954
3.60967
2.86389
3.36041
2.99367
2.90299
3.44877
3.46915
3.18548
3.08245
3.13647
3.2601
3.72082
3.37664
3.4154
3.16531
3.11802
3.08903
2.92567
2.85483
2.82604
3.12271
3.17144
3.01961
2.8672
3.47648
2.93953
3.46454
3.77511
3.46535
2.63115
3.45615
2.6703
2.86051
3.16798
2.9356
3.32273
3.53791
3.75826
3.27449
3.30442
3.15484
3.17179
4.11834
3.47215
3.44439
3.9178
2.35555
3.47595
4.03247
3.10117
3.07535
3.13725
3.00457
2.85929
3.34942
2.11998
2.87115
2.62767
3.52972
4.51174
2.95404
3.63209
2.95622
2.83357
3.42522
3.41139
3.71971
3.82012
3.62423
3.16707
3.27291
3.04001
3.04196
3.01811
2.7783
3.09858
3.21996
3.07736
2.53723
3.02973
2.86846
2.70789
2.79811
3.27341
3.38773
3.08792
3.15184
3.01963
2.62363
2.84399
3.02667
2.43679
2.92217
2.73621
2.87725
2.69592
2.51676
2.85212
3.23041
3.51117
3.59024
3.40146
2.54663
3.77989
3.39216
3.1792
3.02882
2.58499
3.59818
3.08367
3.02794
3.56208
3.30432
3.64142
3.03574
3.2688
3.56503
1.89596
3.12855
2.39768
2.25471
2.53876
2.6193
3.64861
2.94081
1.86484
2.9076
3.39162
2.95794
2.3379
2.36311
2.87765
2.69224
2.56925
3.22885
2.53825
2.70406
2.65091
3.2585
2.99891
3.09455
3.11951
3.31596
2.85433
3.12451
2.931
2.80343
3.65511
3.36928
3.03396
3.82964
2.92747
2.39423
3.05314
3.15719
2.56404
3.24344
3.26164
2.91972
3.7186
3.41239
2.99829
2.79206
2.67328
2.75727
2.5054
2.83272
2.54139
2.54341
2.08139
2.73899
2.90999
3.35427
3.27177
1.88436
3.24238
3.46229
3.5271
3.44423
3.53075
3.07353
3.4218
3.90177
3.07506
3.09887
3.37071
3.45159
3.38892
3.2424
3.00687
3.21225
3.30011
3.41122
3.42867
3.09539
2.93109
3.41637
2.63415
2.9403
3.07686
3.24625
3.28649
2.92984
2.95745
3.41284
2.85895
3.21749
3.4453
3.387
2.41355
3.53734
2.62654
3.01027
2.9207
3.35481
3.11784
3.31983
3.50868
3.30864
2.90934
2.85074
2.96948
3.51163
3.32503
3.4664
3.90078
2.72591
3.69309
3.85437
3.30885
3.28807
4.02958
2.85573
2.71845
2.82238
2.07949
2.61106
3.34121
3.65446
4.44281
3.02023
3.25392
3.20541
3.26814
3.2189
3.08836
3.43454
3.80207
3.59485
3.16221
3.34777
3.11347
3.19769
3.50646
2.94956
3.20613
3.09177
3.05047
2.55622
3.15573
2.77369
2.77759
2.83515
2.86497
3.35892
3.16964
3.17064
3.1945
2.30939
2.83177
3.28281
2.68794
2.75971
3.16663
2.51744
2.82333
2.82984
2.65654
3.28822
3.86162
3.51274
2.77881
2.8964
3.85866
3.24478
3.24487
2.92376
2.94398
3.85692
3.52539
2.95412
3.58502
3.2124
3.38497
2.92213
3.53613
3.23224
