2.06906
3.04289
2.44029
2.24733
2.50142
2.675
3.42855
3.06041
1.98597
2.98355
3.02998
3.45339
2.41811
2.83345
2.91994
2.66431
2.58849
3.37618
2.70715
2.90119
2.83257
2.74945
2.79736
3.55605
3.38109
3.5182
3.10979
3.0107
2.80871
3.16508
3.64091
3.50283
3.56644
4.06351
2.96105
2.71999
2.73131
3.08483
2.41184
3.22984
2.93261
2.54782
3.34423
3.24528
3.10293
2.57351
2.80779
2.44289
2.79027
2.68748
2.92309
2.83429
2.1538
3.38759
3.04442
3.59838
3.1566
2.6255
3.59353
3.37528
3.24883
3.48706
3.49983
3.46787
2.87971
2.98455
3.28179
3.22216
3.54404
3.37611
3.60319
3.38635
3.14443
3.34771
3.05917
3.51859
3.29438
2.95458
3.38112
2.7878
2.93585
3.00715
3.24668
3.12846
3.43883
2.99705
3.30889
3.48408
2.8343
3.16408
3.47582
3.40497
2.94152
3.85101
2.70352
3.18574
3.32223
3.17313
3.28976
3.24297
3.04799
3.34311
3.03889
3.14928
2.93706
3.51187
3.24032
3.45465
3.46466
3.63581
3.65547
4.64555
2.95054
3.14313
3.12589
3.17363
2.92582
3.1865
2.38617
3.17317
2.97824
3.4924
4.07886
3.33802
3.73021
3.44997
2.9147
3.16729
3.46426
3.82563
3.90809
3.46005
3.19819
3.18028
3.27945
3.17029
3.41815
2.99759
3.23525
2.95015
3.0741
2.71115
3.09663
2.86423
2.78991
2.90283
3.01148
3.04399
2.94728
3.33599
3.18246
2.75516
2.62471
2.72734
2.74327
2.51513
2.86839
3.13855
2.94954
3.06602
3.09728
2.95493
3.56045
3.30936
2.727
3.41407
3.26357
3.34638
3.15818
3.19882
3.27169
3.72924
2.92295
3.30974
3.77049
3.08274
3.74132
2.91509
3.32834
3.63868
1.82912
2.40541
2.55135
2.42292
2.7479
2.73373
3.18182
3.10274
1.96307
3.02692
3.40733
3.12247
2.34367
2.57821
3.0433
2.58887
2.70144
2.87462
2.76108
2.78857
3.07247
2.90504
2.9721
3.08294
2.977
3.5743
3.18365
3.33309
3.24951
3.2839
3.55617
3.58518
3.26015
3.70068
2.99164
2.88333
3.19399
3.1236
2.50823
3.34094
3.12067
2.70683
3.86701
3.2953
3.08988
2.57853
2.69143
2.56517
2.71435
2.78045
2.91755
2.59069
2.11574
3.25192
2.97853
3.4182
3.22221
2.62406
3.67756
3.25153
3.77774
3.61659
3.85807
3.20884
3.13076
3.04267
3.3891
3.01959
3.66268
3.71927
3.18279
3.47944
3.04296
3.35647
3.1397
3.31253
3.38759
3.01788
3.16034
2.91712
3.37903
2.72851
2.9296
3.12372
3.15618
3.01715
3.32315
3.36289
3.01152
3.14369
3.41776
3.3249
2.98678
4.15855
3.18978
2.98807
2.96262
3.27355
3.26057
3.4702
3.22543
3.12536
3.03945
2.83171
3.33248
3.86307
3.32629
3.28512
3.72509
3.09832
3.49412
4.64817
3.82616
2.9289
3.30636
2.91677
2.82279
2.60422
1.95639
3.00556
3.12774
3.02404
4.24392
3.41258
3.38398
3.14397
3.27791
3.14489
3.06592
3.14779
3.85397
3.70672
3.19848
3.40135
3.61838
3.30814
3.46505
3.0151
3.0839
2.98881
2.95717
2.69159
2.98358
2.79011
3.04113
2.90524
3.44333
3.26564
3.10514
2.80819
2.94206
2.85147
2.81285
3.02654
2.7042
3.08251
2.84985
2.83019
2.86979
2.78971
3.00576
3.74234
3.51666
3.80241
3.04323
3.64521
3.48533
3.18975
3.2706
3.04031
3.0311
3.62221
3.21455
3.41158
3.39651
3.15428
3.31417
3.30885
3.51663
3.22652
