2.05849
2.90034
2.77861
2.39136
2.56779
2.91637
3.12467
2.85692
2.05932
2.90738
2.98719
2.84185
2.41179
2.84889
2.73686
2.54435
2.7907
3.36138
2.80338
3.05309
3.42315
2.96057
2.8987
3.28342
3.34133
3.37534
3.06863
2.83647
3.19496
3.17927
3.38349
3.71739
3.25367
3.23299
3.29804
2.71115
3.24692
3.61234
3.20788
3.16981
3.34948
2.84088
3.28225
3.45207
3.17892
2.81347
2.94918
2.49471
2.66901
2.57594
2.63798
2.6508
2.23541
3.12998
2.94602
3.25468
3.2348
1.58415
3.10004
3.4901
3.35992
3.53148
3.59779
3.43088
3.19122
3.08264
2.95668
3.11777
3.60727
4.07778
3.34619
3.74841
2.87043
2.98661
3.27627
3.11678
3.35403
3.14139
3.18533
3.12237
2.85306
2.98063
2.88476
2.99697
2.74738
2.88472
3.42443
3.23495
3.20273
3.2397
3.52333
3.21052
2.95512
3.51086
2.71956
3.1288
3.42044
3.57377
3.04204
3.22392
3.27382
3.81008
3.16444
3.15183
3.06006
3.82894
3.38706
3.3763
3.68804
2.59407
3.43283
4.31694
3.79682
3.15722
3.52383
2.98085
2.69507
2.68261
2.27786
3.35349
3.11141
4.01629
4.28944
3.26364
3.45136
3.04718
2.86594
2.99818
3.44641
3.1585
3.65492
3.21847
3.31133
3.50164
3.32865
3.6273
3.526
3.12884
3.39124
3.25152
2.81535
2.89079
3.08262
2.89343
3.1884
3.31249
3.47603
3.10319
3.06699
3.11869
3.20641
2.34014
3.0612
3.49609
2.58679
3.64837
2.96234
2.83957
2.7703
3.39149
3.16014
2.76957
3.17748
3.80796
3.10441
3.02497
3.86402
3.49543
3.08077
2.86156
2.80348
3.43723
3.16763
2.86482
3.27317
3.36652
3.24017
3.95796
3.54171
3.5172
1.9474
2.80937
2.83431
2.39985
2.41313
2.8938
3.24698
2.95397
1.96053
2.83814
2.88781
3.3437
2.23586
3.28005
3.05208
2.54385
2.69045
3.45328
3.08281
2.92722
3.59963
3.53656
2.64328
3.24118
3.00123
3.88395
3.04276
2.90969
3.21744
3.15337
3.22364
3.65073
3.37101
3.39537
3.24533
2.49086
2.69335
3.13257
2.65127
3.43816
3.22879
2.89104
3.09826
3.16664
3.02181
2.98009
2.86232
2.66085
2.88005
2.7618
2.66877
2.56101
2.25086
3.19968
2.97838
3.0925
3.40681
2.84407
3.215
3.43305
3.23951
3.31035
3.54949
2.94816
3.18759
2.91722
3.23944
3.20945
3.57785
3.58302
3.24874
3.44353
3.34467
2.84993
3.05503
3.10995
3.25818
2.9456
2.69816
2.84064
2.89676
2.87601
3.00223
2.95429
2.76288
3.05731
2.98214
3.3384
2.78234
3.01329
3.52906
3.1581
2.62258
3.47133
2.73014
2.9529
3.13696
3.35974
3.27247
3.51627
3.84861
3.87621
3.31432
2.81684
3.08664
3.65893
4.02958
3.14011
3.44522
1.99855
3.18342
4.00546
3.35143
2.92718
3.1721
2.97044
2.89219
3.01504
2.2459
3.06479
3.09372
4.12497
4.01985
2.79702
3.56064
3.06464
2.94625
3.25811
2.99001
3.42447
3.77055
3.93514
3.36175
3.43864
3.07989
3.22272
3.71437
3.01533
2.84006
2.83298
2.76292
2.84182
3.2934
2.81709
2.91631
3.06489
3.22287
3.16993
3.30413
3.07852
3.16577
2.9993
2.75972
3.20119
2.52744
3.2281
3.1397
3.00318
2.93442
2.74396
3.02245
3.46153
3.64516
4.20949
3.49659
2.88736
3.98573
3.25656
3.01526
2.75819
2.87111
3.35875
3.58753
2.80886
3.06891
3.27798
3.6544
3.81148
3.49808
3.44621
