2.02715
2.64417
2.71695
2.27
2.55792
2.82216
3.26047
2.9794
1.99391
3.28781
2.53892
2.8106
2.4027
2.59001
2.78892
2.58059
2.54691
3.18959
2.79622
3.04743
2.6739
2.73095
2.69989
3.57139
3.39529
3.34543
3.36131
3.09163
3.20227
3.30379
3.36628
3.5543
3.44304
4.38778
3.36323
3.27942
2.96146
3.05738
3.10794
3.33137
3.66686
3.06148
3.47038
3.28047
2.86143
2.98354
2.8267
2.87159
3.12587
2.85315
2.61048
2.60271
2.2314
2.92133
3.07714
3.37458
3.52546
2.56316
3.51123
3.45544
4.15832
3.72784
3.79272
3.11976
3.78654
3.16132
3.22393
3.02105
3.44117
3.42697
3.07987
3.48684
2.91773
3.12485
3.2226
3.31358
3.30989
3.02677
2.85967
3.02992
2.69406
2.84918
2.91242
2.92906
2.7936
2.90062
2.97993
3.13774
3.29579
3.31722
3.46953
3.47163
2.77232
3.64414
2.60187
2.92879
3.06726
3.25574
3.32931
3.31185
3.65608
3.52718
2.42067
2.83886
2.86355
3.88422
3.11632
3.19542
4.12547
3.00794
3.31683
4.28165
3.1351
3.03822
3.18284
2.80232
2.8655
3.37135
2.25593
3.43235
3.12244
3.91508
3.98084
3.30464
3.43941
3.10262
3.05426
3.29619
3.26365
3.76622
3.92408
3.80409
3.37333
3.7522
3.14718
3.39953
3.21565
3.1232
3.17734
3.12098
2.60724
2.82611
3.45384
2.93036
2.89107
2.93
2.81827
3.11571
3.19647
3.03151
3.42158
2.58264
3.11684
2.96604
2.59912
3.0879
2.86197
3.08335
3.13227
2.74912
2.97947
3.05254
3.76881
3.98583
4.05427
2.98764
3.09344
3.53595
2.9571
2.93573
2.74943
3.5043
3.12554
3.2858
3.77391
3.23879
4.06047
2.5642
3.43373
3.50134
1.94738
2.70177
2.39749
2.38462
2.47697
2.86322
3.68981
2.99521
1.8887
2.95978
2.99536
3.18705
2.32144
2.62624
3.04917
2.7371
2.65149
3.15879
2.55891
2.63773
3.24612
2.92532
2.98627
3.42278
2.5755
3.80597
2.91243
3.0881
3.35785
3.1315
3.40317
3.72343
3.8634
4.16104
3.56956
2.80955
2.95432
3.14645
2.47959
3.47622
3.24812
2.83468
3.71881
3.23829
2.98718
2.68388
3.04091
2.74627
2.93317
2.64662
2.52644
2.73531
2.15677
3.09378
3.13318
3.39511
3.44253
2.84975
3.87977
3.15627
3.63301
3.37935
3.78197
3.48645
3.05826
2.99354
3.1193
3.04035
3.3921
3.71999
3.18562
3.33474
2.98836
3.25375
2.93681
3.07755
3.28151
3.08011
2.77171
3.27049
2.74553
2.82096
2.83772
2.96425
2.75008
2.91932
3.01973
3.55288
2.87346
3.69879
4.04567
3.38073
2.73628
3.43392
2.74719
2.86776
3.07942
3.06929
3.25229
3.81352
2.78333
3.51211
2.81413
2.96421
2.66398
4.47267
2.91755
3.39469
4.01897
3.96175
3.27888
4.28601
3.53757
3.17178
3.42307
2.9403
3.00671
3.38469
2.15332
3.36571
2.87714
3.81013
3.82378
3.01291
3.20349
3.37646
3.53107
3.18682
3.0869
3.1678
3.73306
3.63461
3.02076
3.58823
3.09435
3.58632
3.23461
2.98319
3.11108
2.81742
2.99121
2.585
3.56544
2.84665
2.83566
2.99056
2.86183
3.03474
3.30721
3.07116
3.24599
2.52142
3.36179
3.0961
2.89115
3.60557
3.05149
3.3955
3.27248
2.8839
2.81973
3.40567
3.76009
3.59908
2.66096
3.38546
3.17062
3.18857
3.11082
3.06839
2.9223
4.19416
3.25775
2.7922
3.17932
3.21481
3.19872
2.82058
3.6489
3.7829
