2.02273
3.18126
2.4489
2.33011
2.48963
2.51274
3.44753
2.91705
1.59179
2.77071
2.72428
3.37062
2.34203
2.51811
2.57493
2.63355
2.48198
3.79656
2.80505
2.84536
3.03497
3.43754
3.0416
3.43928
3.34277
3.51413
2.68155
3.17668
2.53775
3.05295
3.57237
3.71018
3.37943
3.6307
2.88529
2.29823
2.50946
2.8134
2.32974
2.98673
3.06889
2.42588
3.44894
3.22224
2.50344
2.67459
2.34886
2.41684
2.49951
2.50639
2.63757
2.59261
2.06895
2.93717
2.90744
3.14212
3.55212
2.10845
3.33776
3.20518
3.38648
3.73729
3.27502
3.69185
2.96326
2.99195
3.12026
3.24553
3.54331
3.69293
3.42209
3.48064
3.14033
3.33289
3.29424
3.3101
3.27675
3.22784
3.01142
2.97682
2.70555
2.98647
2.96439
3.30492
2.86048
3.10186
3.14584
3.21992
2.63685
3.21816
3.59739
2.9385
2.88587
3.72151
2.78739
2.81172
3.10793
3.17839
3.06897
3.41133
3.30608
3.09143
3.33115
3.2532
3.34145
3.61171
3.78439
3.55398
3.67544
2.36529
3.56702
4.29183
3.44512
3.05668
3.06449
3.05651
2.6514
3.12737
2.06808
2.94344
2.64225
3.80511
4.04309
3.16765
3.0543
3.04717
2.95948
3.24544
3.03259
3.32373
3.91301
3.93541
3.26234
3.51042
3.21597
3.29529
3.51787
2.94157
2.8522
3.04496
2.58322
2.73556
3.17855
2.57936
3.1734
2.65658
3.55364
3.17072
3.00268
3.07038
3.06053
2.39363
3.25733
3.02053
2.58131
3.00456
3.07993
2.98162
2.86746
3.0394
2.86401
2.93729
3.44658
3.98818
3.3135
3.01905
3.93998
3.43917
3.04674
2.6902
3.01277
3.78275
3.06772
3.15525
3.25582
3.10211
3.89432
3.38838
3.3263
3.33844
1.93349
2.50183
2.31912
2.34013
2.59751
2.63412
3.88338
2.79385
1.71717
2.75196
2.85367
3.08209
2.13095
2.99638
2.97235
2.39917
2.24147
3.64204
2.61376
2.7014
2.9414
2.54101
2.33102
3.16591
3.16501
3.56683
2.75783
3.25958
2.81473
3.1158
3.63903
3.87383
3.75868
3.92253
3.22399
2.32228
2.6857
3.13739
2.23286
3.05241
2.92407
2.35164
3.46949
2.72798
2.66704
2.62445
2.78567
2.43369
2.43159
2.86261
2.55192
2.59911
2.02527
2.83049
2.8317
3.28324
3.6555
3.12484
3.39037
3.45263
3.61027
3.45072
3.55093
2.96983
2.74043
2.7479
3.02881
3.09868
3.56799
3.76999
2.97408
2.97383
3.02927
3.17826
3.04982
3.19688
3.28099
3.06668
3.07962
3.03149
2.78576
2.83904
2.91502
2.81083
2.63086
2.77835
2.90833
3.27516
2.66827
3.07232
3.63423
3.17459
2.64365
3.38056
2.75663
2.9344
2.74964
3.06245
3.05306
3.45236
3.68964
3.20587
2.97952
3.08496
2.66403
4.02782
3.38875
3.23036
3.62598
3.19034
3.75701
4.53081
3.0074
2.83289
2.90775
3.12326
2.78712
2.7743
2.53064
2.4773
2.97269
3.50349
3.86849
2.71976
3.12811
2.89495
3.09734
3.09747
2.66793
3.21907
3.8083
3.60316
3.47532
3.53328
3.36948
3.34771
3.30927
3.07409
2.80648
3.10461
2.59686
2.60405
2.89988
2.92528
2.95817
2.675
3.25144
3.05812
3.11135
3.06667
3.18864
2.49607
2.91537
2.82688
2.88654
3.45386
2.8725
2.87799
2.85372
3.1291
2.88594
3.52603
3.78382
3.65145
2.6525
3.33132
3.86738
3.30528
3.12938
3.01145
2.75398
3.68667
3.29938
3.15421
2.86227
3.19233
3.16228
3.38128
3.59359
3.4443
