1.84138
2.80482
2.33841
2.36217
2.42776
2.71571
2.73491
3.05401
1.94957
2.8268
3.08172
2.93051
2.52825
2.77239
2.74256
2.97956
2.75233
3.19044
2.65899
2.50355
3.25997
3.334
2.8046
2.75934
3.69589
3.76978
3.1487
3.12256
3.24411
3.32199
3.75527
3.48796
3.17161
4.09594
3.1185
2.70966
2.68095
3.12188
2.58618
3.31897
3.12845
2.59084
3.52425
3.29643
3.09138
2.54335
2.89989
2.55395
2.93633
2.66896
2.79049
2.62768
2.15335
2.96803
3.10314
3.13632
3.6985
2.46333
3.56638
3.19809
3.24873
3.50903
3.82687
2.89505
3.03583
3.03599
3.17901
3.08759
3.56501
3.62404
3.31074
3.22621
2.96817
2.87241
3.04491
3.35494
3.02624
3.02431
3.0435
3.03698
2.7255
3.04059
2.7768
2.9085
3.16435
2.94122
2.90491
3.17901
2.66886
3.64273
3.40078
3.23278
2.79008
3.60238
2.68675
2.87269
3.07863
3.37257
3.32929
2.93317
3.07655
2.92578
2.86679
2.79121
2.99992
3.33959
3.27171
3.50381
3.71232
2.55361
3.39893
4.17629
3.37601
3.16099
3.16873
3.14509
2.75034
2.53262
1.92345
2.67019
3.11513
3.4041
3.82204
2.54277
3.09247
2.99617
3.15308
3.19804
3.02878
3.22947
3.64304
3.83997
3.4868
2.97412
3.20857
3.04997
2.90551
3.00431
2.94178
2.76414
2.88498
2.87255
2.88376
2.79625
2.84782
2.8681
2.9059
3.1242
3.07983
3.06328
3.11461
2.87673
2.87372
3.01067
2.66561
2.95113
2.74613
2.61659
3.07161
2.9029
2.43294
3.76518
3.12196
3.80958
2.95052
3.28997
3.55364
3.35435
3.14143
2.79486
2.99647
3.98775
2.79135
2.42341
3.13736
2.86013
3.47741
2.91633
3.32398
3.5793
2.04608
2.5448
2.40612
2.38179
2.28761
2.42169
2.95526
2.99417
1.87997
2.7012
2.93518
2.93729
2.43254
2.86308
2.87801
2.86881
2.65863
3.04988
2.69568
2.28798
2.96852
2.68761
2.66514
3.20577
3.10731
3.5346
3.03261
3.03824
3.23
3.22596
3.43343
3.59398
3.36901
3.92884
3.18008
2.60011
2.59591
2.99273
2.63373
3.48391
3.30621
2.7699
3.62512
2.8845
3.01028
2.38838
2.58282
2.50555
2.98184
2.58957
2.40667
2.55427
2.11124
2.85913
3.00676
3.1009
3.37731
2.56812
2.9814
3.62059
2.93769
3.20101
3.84782
2.90207
3.40303
3.11872
3.03068
2.88593
3.60882
3.24592
2.97547
3.21414
2.88992
2.90705
2.91302
3.10531
3.04972
3.04865
3.05521
3.06576
2.73853
3.06507
2.73286
2.79748
2.631
2.74277
2.94131
3.50475
2.62324
3.00885
3.33811
3.17389
2.47202
3.1015
2.4953
2.84397
2.964
2.93045
3.15002
3.38897
3.3499
3.22912
2.69616
2.85402
3.03771
3.35169
3.41208
3.26694
3.47657
3.14782
3.4724
3.2554
3.33967
2.89753
3.06006
3.03963
2.59207
2.62254
2.30412
2.38058
3.27445
3.32857
3.78987
2.97551
3.05363
3.20023
3.18954
2.90327
2.85201
3.26077
3.59045
3.38665
3.10649
3.10129
3.38917
3.1919
3.03414
2.84556
3.11638
3.08119
3.64253
2.68358
3.15076
2.91983
2.92431
2.88185
3.09642
3.07879
3.13869
3.29333
3.20496
2.77311
3.21112
2.85902
2.75142
2.69284
2.92003
2.89814
2.34455
2.78312
2.74025
3.02761
3.33482
3.92115
2.77408
3.36596
3.35438
3.39672
3.12577
2.68604
2.88216
3.20937
3.08043
2.85261
3.15096
3.0693
3.39076
3.16288
3.37888
3.33435
