2.10144
2.82526
2.72731
2.46057
2.62534
2.97886
3.02766
3.30117
2.15096
3.22135
2.95872
3.66648
2.75226
2.62112
3.18739
2.92353
2.81232
3.49767
2.90331
3.08471
3.40833
3.00751
3.19743
3.3035
3.76911
3.96533
2.81058
3.80361
3.17029
3.8289
3.38766
3.66595
3.5407
3.71326
3.35668
2.78805
2.74633
3.40107
2.93666
3.33001
3.6023
2.52483
4.44539
3.35647
3.39167
3.12883
2.68454
3.0398
3.34333
2.92788
3.11237
2.85275
2.2813
3.39577
3.73109
3.55497
3.47619
1.95703
3.22322
3.48922
3.73458
3.86573
4.24475
3.3543
3.5043
3.25702
3.46766
3.05363
3.81051
4.13817
3.37166
3.28885
3.31898
2.88859
3.2809
3.63515
3.28266
3.40805
3.35237
3.58784
3.14571
3.43732
3.39559
3.27534
3.06162
3.28068
3.19941
3.4549
3.07995
3.71566
3.92033
3.47505
2.74261
4.11133
3.15528
3.30267
3.32603
3.63881
3.431
3.71557
4.1779
3.45257
3.12644
2.95998
3.47956
4.2396
3.8273
3.68528
4.00604
3.57638
3.94628
4.32986
3.54445
3.42908
3.67868
3.00058
2.90528
2.92314
2.3345
3.0638
3.03042
4.05115
4.44291
3.30963
4.13573
2.92619
2.64977
3.27566
3.28397
3.87953
3.93007
3.92548
3.64006
3.06305
3.22
3.29818
4.00231
2.99836
3.47875
3.455
3.12219
3.22516
3.32231
2.92508
3.13087
2.88948
3.54066
3.89705
3.15793
3.53459
3.4001
3.20785
3.23344
3.05138
2.38401
3.04659
3.24042
3.06798
3.39267
2.66243
3.02031
3.27911
3.48814
2.94021
3.13782
3.29396
3.81084
3.81399
3.18104
3.29068
3.48
3.87859
3.12555
3.16651
3.75302
3.51465
3.29939
3.25137
3.47274
3.68719
2.14656
3.1925
2.91369
2.50521
2.7451
2.94956
3.17935
3.27975
2.22632
3.27417
3.29646
3.6228
2.73077
2.5068
3.21072
2.77704
2.77087
3.43962
2.40565
3.31166
2.7282
3.17708
2.85642
3.2832
3.4837
4.19812
3.23488
3.84346
3.46582
3.87245
3.89618
3.55664
3.80527
4.25877
3.85256
2.93051
2.91873
3.10611
2.75723
3.43523
3.44233
3.33439
4.14943
3.48181
3.58303
3.18937
3.25299
2.9783
3.06831
2.87898
2.93439
2.76431
2.46149
3.61599
3.45602
3.86876
3.15233
1.67912
3.70109
3.39499
3.6002
3.71227
4.48307
3.08964
3.41996
3.56545
3.4441
3.17091
3.95811
4.33541
3.2581
3.64332
3.57604
3.49007
3.15217
3.72759
3.60917
3.42965
3.01175
3.63303
3.07303
3.22544
3.60043
3.44749
3.59481
3.35915
3.51636
3.49087
3.20657
3.45551
3.56143
3.36511
2.55139
3.97914
3.26891
3.18054
3.25383
3.16104
3.39952
3.21121
3.69389
3.8415
2.96318
3.05507
3.26296
4.1589
3.35837
3.54631
4.04973
3.5341
4.15908
4.14525
3.64935
3.14875
3.63226
3.42554
3.18386
2.201
1.88301
2.80694
3.35127
4.08943
3.41148
2.9332
3.30156
3.06553
3.18599
3.21223
2.93888
3.30298
3.96393
3.85083
2.9507
3.6233
3.32395
3.39094
3.59144
3.33306
3.37128
3.22777
3.46575
3.19441
3.18244
3.15658
2.85338
2.87278
3.53756
3.69969
3.46374
3.24089
3.30908
3.18256
2.58783
2.94969
2.54731
2.81362
3.43546
2.92138
3.06749
3.03758
3.07484
3.75415
3.38254
3.17617
2.74831
3.27329
3.31584
3.81533
3.46799
3.06012
3.2305
3.96361
3.15808
3.17406
3.1147
3.32839
3.14139
3.225
3.59582
4.10219
