1.86789
2.80429
2.06023
2.30607
2.32738
2.71077
2.58661
2.79237
1.85393
2.88752
3.13864
2.82579
2.34048
2.92973
2.8088
2.28279
2.36251
3.24891
2.77075
2.63686
3.04924
3.10381
2.7313
2.78355
3.08537
3.5843
2.95719
3.36329
3.17549
2.88326
3.32732
3.57228
3.38822
3.23352
3.06777
2.50272
2.53992
2.80932
2.52871
3.15432
3.01319
2.29473
3.38375
3.24025
2.85949
2.65121
2.60472
2.36785
2.36585
2.43952
2.53111
2.46961
2.04715
2.8248
3.18039
3.34335
3.38023
2.72048
3.27493
3.1825
3.27204
3.2242
3.78711
3.2968
2.70003
3.4892
3.26366
3.04071
3.27209
3.22755
2.80135
3.03856
2.89519
3.19181
3.34905
3.40457
3.28973
3.05038
3.19139
2.84548
2.72233
2.79578
2.86555
2.84826
3.12727
3.07944
2.88107
3.27078
2.79337
3.18925
3.71585
2.94337
2.68096
3.34843
2.37481
2.89831
3.07555
3.098
3.4412
3.37784
3.65207
3.20928
2.8113
2.8658
2.86157
3.195
3.68169
3.37509
3.37457
2.19286
3.47077
3.06644
3.70211
3.20723
3.4255
2.94073
2.73076
2.34745
2.29714
2.94101
2.54428
3.66929
3.92393
3.39436
3.56739
3.35282
2.73828
3.2076
3.03596
3.4553
3.73286
3.14784
3.32936
2.96855
3.24853
2.89876
3.15663
2.98864
3.11441
3.08544
2.79718
2.43115
3.2488
3.09802
2.63955
2.74203
3.23673
2.912
3.20219
2.9246
3.24474
2.29642
2.859
2.66483
2.59925
2.81634
3.17628
3.1928
2.7962
2.70322
2.94957
2.72073
3.09682
3.29419
2.6569
2.91741
3.93061
3.44713
2.83424
2.90532
3.15152
3.29464
2.80767
2.83791
3.61397
3.10021
3.28575
3.31935
3.04455
3.51514
1.89218
2.43915
2.41451
2.3349
2.42486
2.50938
3.16107
2.91916
1.7783
3.2207
2.7471
3.31343
2.08416
3.00964
2.66199
2.32319
2.52655
3.30742
2.6984
2.28526
2.75709
3.21017
2.92111
3.17643
3.53428
3.57761
2.77743
3.56788
3.11247
2.77887
3.29038
3.74215
2.83805
3.45538
2.68321
2.47644
2.6756
2.98054
2.30338
3.22003
3.45159
2.52718
3.23658
3.55994
2.94301
2.81539
2.71801
2.39426
2.66379
2.50494
2.5624
2.49161
2.109
2.94509
3.2409
3.5103
3.52234
2.54967
3.15403
3.2424
2.97285
3.58248
3.94464
3.08595
3.35777
3.87409
3.09102
2.98904
3.5415
3.34859
2.97552
3.14365
3.14282
3.02775
3.08165
3.44099
3.26189
3.45494
2.73203
3.24863
2.89475
2.88707
3.10515
3.02732
3.11743
2.81899
2.88205
3.4043
2.85108
3.41253
3.81598
3.02625
2.87207
3.14241
2.72462
2.94391
2.82595
3.25453
3.39038
3.28537
3.30322
3.57852
2.68977
2.73471
3.22211
3.78641
3.26653
3.30004
3.7257
2.4397
3.35559
3.34221
3.24759
3.11367
3.4016
2.96812
2.85355
2.62336
2.09684
3.16141
3.19151
3.84799
4.12439
2.75252
3.33334
3.39586
3.25055
2.98579
3.18844
3.23315
3.6705
3.5927
3.14021
3.39657
3.26174
3.03607
3.27448
3.1011
2.9931
3.08319
2.87775
2.52212
2.92317
3.24014
2.6122
2.7886
3.13019
2.9587
2.7817
2.92587
3.00384
2.26316
2.9156
3.02295
2.72182
2.61744
3.16875
2.60522
2.71134
3.12267
2.83014
2.87139
3.39838
3.24993
3.12519
3.21386
3.8317
3.42502
2.85262
3.12902
2.52562
3.20167
3.0076
3.20126
3.32675
3.19724
2.98032
2.96349
3.68471
2.99602
