1.96872
3.00731
2.38448
2.19909
2.49967
2.79249
3.38379
2.8799
1.55455
2.88125
2.78247
3.3
2.43035
2.26069
2.90918
2.46486
2.37789
3.55384
2.6934
3.45198
2.99205
2.97319
2.67808
3.05052
3.48167
4.05887
2.94465
2.75946
2.83144
3.13267
3.09766
3.79494
3.46881
3.72068
3.23523
2.48609
2.8027
3.14284
2.66083
3.07782
2.94089
2.50257
3.40683
3.66022
2.957
2.94711
2.42504
2.35444
2.58215
2.53951
2.23057
2.27954
2.11326
2.73588
2.99679
3.26977
3.42913
2.25495
4.0348
3.5312
3.6865
3.16741
3.49004
2.9894
2.7624
2.85532
3.20032
3.18983
3.78534
3.49726
3.00364
3.07079
3.20716
3.21189
3.02456
3.33232
3.21316
3.1796
3.11123
2.95714
2.7526
2.56757
2.88313
3.21494
2.77753
2.89818
3.11175
3.53242
2.77746
3.4001
3.38209
3.03753
2.61528
3.56335
2.68047
2.92496
3.28872
3.29252
3.51566
3.54972
3.31941
3.29407
2.3586
2.84385
2.85261
3.93263
3.73151
3.32474
4.46134
3.57838
3.60308
4.29742
3.80173
2.93743
2.88518
2.72008
2.65589
3.34842
2.2693
3.28185
2.56387
4.09685
4.31775
2.73591
3.24438
3.55787
2.66793
3.21555
3.26185
3.88692
3.64003
4.09306
3.39731
3.66331
3.10407
3.38369
3.30813
3.03547
3.23913
2.75513
3.22179
2.60756
3.06675
2.73822
2.60107
2.91012
3.10073
3.439
3.11156
3.16007
3.18033
2.57922
3.03824
3.02024
2.88097
2.56525
3.20329
2.96898
2.56179
3.08277
2.87141
3.62352
3.16604
3.69342
3.18848
3.13191
3.74688
3.44298
2.86651
2.74021
2.82297
3.87243
2.91892
2.73797
3.20424
3.19687
3.3879
3.45785
3.50649
3.6214
1.90641
2.54549
2.25515
2.10863
2.50665
2.57787
3.22238
2.876
1.56061
2.78889
2.58148
3.05234
2.39875
2.68307
3.04554
2.77905
2.66357
3.41723
2.45791
2.76453
3.30107
2.75627
2.29107
3.33284
3.09035
3.69874
2.83949
3.02815
2.73704
2.96306
3.36621
3.39131
2.89634
4.08443
2.8397
2.75126
2.68306
2.95552
2.3374
3.13827
2.974
2.61835
3.55993
3.24088
2.27393
2.58792
2.40834
2.65238
2.86765
2.49149
2.57623
2.42202
2.07236
2.9305
3.35624
3.30463
3.4435
2.94875
3.49956
2.97343
3.11403
3.31826
3.44298
3.34152
2.75363
2.71827
3.85789
3.02861
3.69425
3.48963
3.17939
3.46542
2.99368
3.46731
3.1644
3.29251
3.45905
3.06229
3.18495
3.11949
3.13628
2.86603
3.04396
2.86941
2.95186
3.00024
3.25594
3.31841
2.99006
2.92003
3.34322
2.80315
2.68935
3.21522
2.60041
2.92593
3.31562
3.41734
3.25513
3.41681
3.56248
3.13617
2.56996
2.94729
2.74902
3.46487
3.40517
3.23905
3.6635
3.96317
3.28869
3.71639
3.41151
2.95728
3.226
3.12954
2.80045
2.827
2.26598
3.84178
2.95351
3.97699
4.12974
2.90034
3.12533
3.5777
3.70169
3.24532
2.95949
3.35869
3.62934
3.74846
3.5267
3.32371
2.95276
3.60558
3.37296
3.19974
3.24318
2.58435
3.0802
2.58128
3.18467
2.99634
2.69336
2.73115
3.41013
3.38299
3.14555
3.11638
3.10684
2.97838
2.56038
3.00655
3.90739
2.75089
2.64355
2.82681
3.26444
2.96207
2.98809
3.31607
3.99521
3.52538
3.25365
3.16984
3.87762
3.56686
2.85325
2.68891
2.97469
3.8868
3.26206
2.84694
3.21935
3.397
3.69911
3.24768
3.18825
3.9911
