1.97948
2.95571
2.6327
2.57313
2.5695
2.73816
3.38773
2.79117
1.61534
2.76391
2.93033
2.93278
2.29639
2.43895
2.97936
2.5097
2.63383
3.34754
2.61331
2.60071
3.27695
3.22612
2.87734
3.0055
3.00845
3.6031
2.83389
3.11632
2.95517
3.339
3.75756
3.60766
3.73637
4.08179
3.26829
2.20137
2.76719
3.09734
3.09451
3.13601
2.98184
2.35854
3.25067
3.03437
2.83312
2.95747
2.82701
2.64484
2.70485
2.70784
2.07049
2.31578
2.07341
3.03357
3.17129
3.18006
4.0361
2.46236
2.64719
3.0527
3.21462
3.16402
3.51971
3.0827
3.5235
2.92124
3.15242
2.90147
3.44908
3.48965
2.97724
2.88897
2.96915
3.25543
3.31637
3.01691
3.14217
3.13812
3.00505
3.10886
3.01441
2.89469
2.98028
3.03494
2.62858
2.71503
2.83083
3.45412
2.78317
2.92977
3.38738
3.21956
2.58664
3.18757
2.99304
2.86797
2.91147
3.15338
3.24276
3.3382
3.32608
2.92961
2.278
2.95508
3.07882
3.16429
3.16585
3.27048
3.63766
2.22853
3.02227
2.54364
3.56864
3.3451
3.15308
2.9228
2.71613
3.29939
2.36186
3.18697
3.14991
3.2495
3.41502
2.88442
3.35868
3.75081
3.13075
3.52879
3.27492
3.23866
3.30763
3.91556
3.19495
3.53212
3.30084
2.70906
3.54258
3.02486
3.1472
2.75247
3.11398
2.64969
3.08027
2.70096
2.87983
3.07589
3.20173
2.96385
3.00259
3.22049
3.0565
2.48346
3.39506
3.03397
3.11813
3.04789
2.99035
2.81355
3.00556
3.11218
2.85936
3.17787
3.56535
3.78272
3.8061
2.69273
3.20821
3.22707
2.9804
2.64053
2.94744
3.77974
3.05643
3.55923
2.87549
3.09062
3.28714
2.37436
3.0832
3.60349
1.81682
2.39252
2.41059
2.27288
2.41997
2.60149
2.61631
2.84919
1.59992
2.85354
2.92206
3.30036
2.07926
2.60094
2.81276
2.46498
2.70057
3.41055
2.47684
2.68777
2.98206
2.74511
2.5064
2.81764
3.09241
3.40765
2.72894
3.36046
2.62749
2.81545
3.31232
3.81085
3.79847
4.01055
3.09352
2.3299
2.37947
2.92636
2.52421
3.02225
3.4747
2.69811
3.34391
3.0488
2.52788
2.72441
2.65168
2.3542
2.7537
2.68798
2.31393
2.48027
2.00377
3.1429
3.21071
3.51298
3.8416
2.68896
3.1965
3.52526
3.47803
3.35335
3.51252
3.07722
3.26212
3.01895
3.00848
3.12017
3.45898
3.29132
3.13449
2.89765
3.0735
2.87746
3.13773
3.02874
2.88674
2.82552
3.19391
3.1119
3.05215
2.94553
3.01888
3.12961
2.85081
2.72925
2.81556
3.47198
3.0925
2.96585
3.30786
3.00526
2.83767
3.79621
2.85097
3.0966
3.04065
2.93578
2.97136
2.98745
3.12012
2.79099
2.53574
2.94164
2.81622
3.27984
3.2439
3.46913
3.58199
2.72038
3.33634
3.31009
3.39247
3.12482
3.34598
2.9698
2.77686
3.1663
2.58408
2.98
2.97023
3.41448
3.36845
2.59206
3.1809
3.3976
3.31803
3.15399
3.31628
3.36664
3.32876
3.4706
3.18722
3.02792
3.14882
3.30324
3.30675
3.04335
3.28334
3.11369
2.66238
2.40337
2.9713
3.09606
2.81862
2.85526
2.80647
3.20539
2.97199
2.88781
3.04419
2.27202
2.92423
3.31349
2.69559
2.63871
2.60147
2.57935
3.28921
2.71175
2.7355
2.67163
3.15505
3.59691
3.24841
2.41607
3.18784
3.14909
3.27327
2.74666
3.02672
3.57856
2.97632
2.48215
3.10249
3.04098
3.24754
2.71093
3.53767
3.39965
