1.94883
2.87104
2.44663
2.27004
2.47624
2.68909
3.04833
2.93205
1.83663
3.22751
2.55699
2.93648
2.42333
2.23882
3.19181
2.55976
2.66078
2.935
2.54913
2.81697
2.92551
3.03912
3.13662
2.522
3.17885
4.01003
3.02957
3.21789
2.78405
3.0416
3.42154
3.53636
3.9981
3.86454
2.99221
2.62496
2.95886
3.25847
2.64748
3.09345
3.44477
2.8285
3.6169
3.61332
2.70469
3.14941
3.02202
2.47755
2.74077
2.57817
2.67116
2.57066
2.05242
2.83575
3.245
3.3944
3.2987
2.24309
3.04624
3.26341
3.46182
3.43719
3.66176
2.92532
2.71051
3.10089
3.21978
2.88161
3.19859
3.23526
2.89053
2.98853
2.92273
3.08823
3.10748
2.91874
3.30684
2.91272
3.31625
2.8456
2.87042
2.87933
3.01915
2.98534
2.91808
2.91752
2.71278
3.26461
2.84559
3.40624
3.714
3.17771
2.66172
3.58867
2.7093
3.1464
2.91476
3.56878
2.94686
3.00572
3.34353
3.21449
2.83685
3.11526
2.93962
3.50502
2.76344
3.29105
3.67163
1.9206
3.39624
3.67695
2.9791
2.9609
3.05539
2.72442
2.82073
3.08776
2.00965
2.99581
2.5461
3.56584
3.81348
3.00479
3.16588
3.26615
2.88069
3.42285
2.96089
3.26035
3.84664
3.94079
3.25879
3.36537
3.18573
3.2162
3.40965
3.03204
3.26709
3.18337
2.99045
2.90866
3.09771
2.81823
2.91846
2.72399
2.81476
2.97299
3.04253
2.99826
3.26889
2.69948
2.85524
2.89006
2.89111
2.64681
2.87596
2.9515
2.98957
2.80816
3.06751
2.87981
2.9379
3.41989
2.99455
2.99448
3.39203
3.60705
3.00652
2.84778
3.31026
3.84217
2.77039
2.87632
3.14443
3.23631
3.45598
2.72143
3.47743
3.38389
2.05413
2.71331
2.46055
2.40671
2.50995
2.57421
2.69722
3.07763
1.84262
2.81287
2.69458
2.77057
2.40162
2.28654
3.01706
2.71157
2.89481
3.14724
2.84047
2.47653
3.05765
2.91385
2.61805
2.652
2.9997
3.77898
2.93665
3.2372
2.64783
2.89004
3.33875
3.29811
3.56476
4.33363
3.18464
2.73355
2.64042
3.09839
2.43944
3.32552
3.56124
2.87567
3.34844
3.31411
2.91138
3.38738
3.09959
2.31683
2.89542
2.90287
2.63632
2.60592
2.17149
3.17889
3.31762
2.88733
3.60065
2.59176
2.80362
3.36722
3.26089
3.33817
3.58539
2.9324
2.90144
3.01537
2.96993
2.92074
3.20624
3.23096
2.95183
2.74118
2.90409
3.03843
3.19966
3.01162
3.10208
3.09657
2.63438
2.94775
2.80586
2.97792
2.77498
2.94248
3.09013
2.87446
2.79707
3.13126
2.90589
2.96639
3.65379
3.56329
2.65233
3.48754
2.70656
3.00305
3.30708
2.82827
2.74325
3.16615
3.22241
2.97334
2.80196
2.80625
3.05899
3.31098
2.97181
3.20753
3.48022
2.23817
3.60992
3.44226
3.54063
2.69642
3.11398
3.05674
2.76623
3.10424
2.30597
3.01166
2.89314
3.71056
3.53738
2.74379
3.32674
3.41857
2.94872
3.54632
3.01239
3.04817
3.64397
3.62108
3.38793
3.29457
3.19716
3.30229
3.45339
3.11599
2.93769
3.30546
3.11732
3.12505
3.26069
2.89766
2.90133
2.78684
3.08617
2.81175
3.07295
2.99297
3.06899
2.87048
3.08801
2.85679
3.08974
2.74715
2.68165
2.60525
2.96163
2.69106
2.8867
3.33732
3.25399
3.24667
2.98328
3.23625
3.12323
3.31487
3.19577
2.84643
3.08062
4.23297
2.76084
2.51896
3.17237
3.2896
3.69319
3.04634
3.68465
3.23392
