1.90795
3.1295
2.35508
2.24056
2.45341
2.72205
3.31783
2.97158
1.72075
2.89862
2.99635
3.01268
2.25283
2.95441
2.88941
2.61985
2.19312
3.14375
2.50757
2.97557
2.82774
3.07851
2.55306
3.64724
3.21447
3.9818
2.81239
3.26131
3.63873
3.09828
3.65204
3.88299
3.46733
3.99669
3.05055
2.61288
2.97561
3.11918
3.06856
3.47959
3.15772
2.68657
3.65546
3.69733
2.91822
2.78063
2.78685
2.53583
2.65769
2.67835
2.28638
2.39221
2.22782
2.88665
3.50133
3.35406
3.31589
3.03178
3.26011
3.06454
3.38711
3.47759
3.83553
3.07494
3.27496
2.93079
3.20021
3.12209
3.52119
3.72363
3.3372
3.1646
3.25507
3.12178
3.40456
3.53266
3.40372
2.99565
2.9744
3.42603
3.18882
2.78022
3.0272
3.18896
2.83795
3.08607
3.14807
3.46086
3.31528
3.70976
3.44396
3.06237
2.99078
3.29999
2.57454
3.12898
3.31152
3.22286
3.33772
3.58692
4.23475
3.14233
2.90083
3.21282
3.11548
3.7153
3.74094
3.21207
3.22765
2.68622
3.74176
3.76761
3.53152
3.21731
3.21517
2.81134
2.62394
3.14633
2.59345
3.23007
2.93948
3.57941
3.82998
3.82999
3.55855
2.90517
2.72902
3.31166
3.38374
3.42627
3.63818
3.94878
3.33138
3.17529
3.18069
3.45783
3.7345
3.0934
3.28344
3.16292
3.27048
2.70492
3.11101
2.81474
2.69132
2.62023
3.07792
3.24596
3.29966
3.36042
3.10317
2.79635
2.94297
2.74032
2.4745
3.53692
3.11683
2.69735
2.88956
3.17323
2.84729
3.10508
2.98348
3.48578
3.30173
2.68762
3.36826
3.16257
3.36677
3.22463
3.06192
3.74408
3.76413
3.37641
3.68503
3.43299
3.56212
3.28756
3.60534
3.20988
1.67972
3.20822
2.33169
2.1264
2.24686
2.49427
3.00328
2.98465
1.73857
3.03005
2.83506
3.33545
2.03537
3.02325
3.09487
2.47197
2.44011
3.35801
2.83959
2.89878
2.70992
3.00717
2.67251
3.24921
3.489
3.70018
2.88503
3.26511
2.60268
2.51884
3.05941
3.16317
3.65218
3.89081
3.07056
2.73501
2.69411
3.08067
2.52902
3.47401
3.16132
2.7855
3.65931
3.42581
2.62177
2.98632
2.76385
2.67405
2.79642
2.6171
2.45513
2.60859
2.18785
3.12026
3.19152
3.51451
3.5655
2.36619
3.55256
3.68184
3.24628
3.61482
4.00094
3.37649
2.96373
3.37199
3.26369
3.20599
3.59837
3.63666
3.12565
3.24847
3.19995
3.43907
3.47087
3.48048
3.43859
3.25146
3.27718
3.0923
3.405
2.9503
3.03205
2.97366
3.11763
3.02697
3.2066
3.41272
2.85609
3.60752
3.51506
3.71603
3.10566
3.41668
2.83101
3.25569
2.80004
3.25601
3.05648
3.50313
3.83161
3.72739
3.17559
3.17209
3.27203
3.08626
3.35965
3.61965
3.71089
3.13776
3.73721
3.1409
3.6236
3.2156
3.89443
2.98587
2.91371
3.05755
2.46297
3.15405
2.79039
3.47639
3.74328
3.58477
3.3705
3.22861
2.94084
3.31583
3.16352
3.2555
3.91628
3.67392
3.27955
3.34035
3.37332
3.1863
3.27622
3.10144
3.60881
3.171
2.91987
2.67055
3.03794
2.93875
2.71959
2.53332
3.26507
3.15292
3.43034
3.17378
2.96541
2.4193
2.83642
3.10782
2.60589
2.76256
3.30848
2.63533
2.70655
3.2818
3.00089
3.97271
3.35832
3.58575
2.46457
3.02684
3.93902
3.33622
3.44783
2.99713
3.05311
3.08642
3.50041
3.28838
3.56232
3.44114
3.54954
3.74823
3.59704
3.45202
