1.72819
2.80028
2.54756
2.25287
2.48323
2.8708
3.20468
2.78807
1.75848
2.92754
2.75264
3.19083
2.29288
2.20281
2.78958
2.56882
2.77942
2.95619
2.59751
2.6596
2.96348
2.67764
2.65333
3.25609
3.29181
3.69963
3.09433
3.24616
2.47864
2.98168
3.47707
3.30483
3.86291
3.13857
2.84917
2.49738
2.61616
3.0545
2.49175
3.0004
3.3308
2.6081
3.37012
3.23154
2.88538
2.64121
2.76611
2.60432
2.62049
2.76087
2.48951
2.65088
2.13038
2.97558
3.20859
3.33319
3.55482
2.05701
3.68105
3.41866
3.22505
3.21296
3.94157
3.10967
3.48681
3.31863
3.22705
3.14687
3.4047
3.56247
3.18203
3.55741
2.9064
2.78364
3.09905
3.50164
3.43808
2.97525
3.00212
3.20228
2.52179
2.76989
2.9314
2.98838
3.10518
3.0199
3.37071
3.93901
3.04897
3.43261
3.91401
3.48123
2.52308
3.70362
2.46258
3.11817
3.05913
3.32133
2.89967
3.14505
3.68557
3.7062
2.48366
3.30196
3.07467
3.99919
2.92488
3.3094
3.85892
2.73755
3.4023
3.88485
3.18784
3.15236
3.37331
2.96554
2.82495
3.33886
2.12718
2.98566
2.8323
3.68219
3.97185
3.38801
3.47547
2.60085
2.94618
3.40421
3.13205
3.30263
3.62833
3.65198
2.94361
3.25954
3.04421
3.03691
3.40804
2.71829
3.14558
2.78511
3.1635
2.78122
2.87672
2.88376
2.71185
2.77864
3.06484
3.30176
3.07804
3.096
3.03829
2.81204
2.53529
2.68838
2.43636
2.70711
2.51559
2.92941
2.77365
2.66263
2.40079
2.80222
3.43654
3.04835
2.40899
3.41275
2.76593
3.77146
3.01718
2.8798
2.84628
3.53795
3.00001
3.6607
3.35892
2.95131
3.40992
2.36956
3.50763
3.53679
1.79778
2.74081
2.45448
2.2374
2.55692
2.50911
2.97332
2.77124
1.88495
2.99582
2.82071
3.09587
2.26326
3.18271
2.68947
2.55405
2.46519
3.19594
2.4657
2.82621
2.49558
3.0148
2.90429
2.94441
2.67684
3.63123
2.84141
2.80633
3.05792
2.97219
3.08927
3.5795
3.09991
3.30967
2.95365
2.29422
2.79985
2.68776
2.38865
3.14189
3.36182
2.3856
3.77289
2.95972
2.90498
2.58663
2.61843
2.84088
2.7467
2.4751
2.67315
2.81993
2.06323
3.20766
2.97117
3.48043
3.27533
3.35866
3.69095
3.1995
3.33491
3.26782
4.0555
3.0184
2.57022
3.2281
3.37227
2.94617
3.58724
3.32292
3.14958
3.24429
3.13737
2.92383
3.27444
3.23521
3.51357
3.04354
3.36109
3.06823
3.04957
2.75353
3.10975
3.26364
3.24931
3.37876
3.27882
3.36951
3.02367
3.50255
3.64948
3.52497
2.6336
3.59737
2.74474
3.10724
3.3507
3.34295
2.79868
3.12423
3.58026
3.12303
2.90466
2.70863
3.04268
4.18465
3.1287
3.12509
3.78505
3.20508
3.63682
4.04575
3.23833
2.96186
2.90072
3.40101
2.79828
3.11615
1.95521
3.17146
3.28836
4.02005
3.66165
3.17464
3.53782
3.27719
3.37899
3.49216
3.01658
3.00087
3.76193
3.1474
3.23602
3.1216
3.09775
3.07147
3.34005
2.77553
2.99839
2.95465
2.9065
2.66767
2.80445
2.82083
2.67395
2.60283
2.92258
3.08352
2.93378
2.73467
3.0935
2.61362
2.89107
2.83854
2.80074
3.11068
2.86686
2.83974
2.41399
2.77451
3.11087
2.65903
3.52063
3.68139
3.06175
3.53185
3.40287
3.27687
2.74596
2.98131
2.92319
3.45571
3.04647
2.7838
3.45378
3.2486
2.69977
2.80188
3.62927
3.61504
