1.76545
2.64645
2.19322
2.19125
2.57158
2.64579
3.27375
2.7244
1.89341
3.20845
2.82928
3.07205
2.23287
2.58596
2.63056
2.54415
2.41806
3.26722
2.52666
2.86906
2.93947
3.12742
2.86248
2.98116
2.93827
3.68178
3.44453
3.24127
3.18147
3.07143
3.38693
3.9846
3.79974
3.54784
3.20524
2.18753
2.49396
3.28731
2.65389
2.89558
3.11731
2.87
3.43893
3.41098
2.80676
2.88284
2.61571
2.19221
3.10567
2.5249
2.62397
2.63936
2.13456
2.87814
3.39213
3.42416
3.59088
1.92651
3.67307
3.20429
3.36247
2.8356
3.22206
2.56092
2.5751
2.75494
3.30233
2.92423
3.28689
3.14408
2.6896
2.91412
3.08371
3.10074
3.28327
3.63484
2.91326
3.06255
2.97015
3.1398
2.51232
2.73754
2.81131
2.81582
2.53672
2.64825
2.84093
3.32237
2.24714
3.50931
3.23908
3.13805
2.85183
3.58584
2.92461
3.00326
3.64287
3.43887
3.27509
3.59597
2.93298
3.16831
3.30719
2.95553
2.83729
4.03225
3.75767
3.3234
3.78045
2.77374
3.3486
4.09253
3.62417
3.38251
3.38181
3.30173
2.72463
3.14367
2.17419
2.93776
3.10707
3.63742
4.12039
3.04761
3.85016
3.11415
3.01328
3.09904
3.1849
3.35725
3.46599
3.68257
3.70954
3.47784
3.30298
3.0972
3.32968
2.99525
3.31584
2.97873
2.7868
2.75798
3.0767
2.77551
2.84788
2.89124
3.19355
3.32564
3.24457
3.23702
3.30083
2.43103
2.47974
3.02045
2.65904
2.86836
2.72785
2.64933
2.87819
2.59221
3.0031
2.60346
3.67513
3.74153
2.5473
2.98037
4.37974
3.05607
2.80525
2.71508
2.97046
3.71313
2.85114
3.08117
3.73393
3.02226
3.84445
2.8418
3.01366
3.52879
1.87634
2.65264
2.32272
2.24949
2.52132
2.67748
2.91865
2.85188
2.11481
3.31897
3.14131
3.6133
2.1596
2.25789
2.71378
2.46711
2.41975
3.09827
2.92307
2.86156
2.98213
3.22326
2.95559
3.04054
2.7086
3.66096
2.98888
2.37405
2.58006
3.09653
3.52707
3.53686
3.38792
3.7089
3.12439
2.78694
2.61438
3.1767
2.62595
3.18746
3.07535
2.95116
3.5918
2.93107
3.04919
2.96311
2.62483
2.54789
2.65097
2.65817
3.15044
2.69307
2.09534
3.45353
3.32431
3.88599
3.70664
2.46543
3.27288
3.2432
3.37647
3.52731
3.61407
2.84444
2.99481
3.0513
3.29822
2.91574
3.08874
3.68753
2.92184
2.57588
3.05525
3.31244
3.09357
3.48892
3.46315
3.32059
3.08531
3.15085
2.83139
2.83329
3.31378
3.10101
3.06464
2.85068
2.78359
3.3354
2.82881
3.22587
3.53715
3.45732
2.6023
3.70637
3.13229
3.06408
3.09004
3.05414
3.6432
2.95649
3.09404
3.28659
3.13447
2.84312
3.05086
3.84859
3.68669
3.35558
3.45119
2.95757
3.34024
3.35408
3.29851
3.24513
3.27164
3.06515
2.82591
3.29193
2.18434
3.06842
2.68452
3.48514
4.13667
2.86668
3.34933
3.78476
3.50891
2.9985
2.9234
3.26727
3.39412
3.3802
3.37391
3.38417
3.14003
3.0866
3.2085
2.84177
2.81598
2.60115
2.65348
2.49537
3.23155
2.87018
2.71767
2.91695
3.01596
2.83519
3.27663
3.14709
3.36421
2.92796
2.84424
2.69839
3.17469
2.98061
2.72271
2.93295
2.96682
2.60608
2.77574
3.80545
3.60709
3.59975
2.91326
3.29777
3.9942
3.72032
2.91017
2.69863
2.84971
3.59391
2.99904
2.51567
3.32724
2.96178
3.35497
3.22881
3.23329
3.5874
