1.84519
2.89454
2.36123
2.06395
2.17684
2.65708
3.21769
2.9573
1.65788
3.38821
2.90565
3.04696
2.45179
2.44046
2.69398
2.33851
2.42971
3.72096
2.60736
2.81861
2.56568
2.4692
2.96377
2.91067
3.57193
3.71237
3.09455
3.36029
3.38251
3.38167
3.37043
3.54258
3.59189
4.10379
3.16794
2.76936
2.79421
2.96207
2.53288
3.47237
3.17483
2.7882
3.39608
3.46034
2.87641
2.88053
2.80693
2.32174
2.62819
2.80462
2.63049
2.70851
2.07916
3.12024
3.13077
3.60754
3.15658
2.14189
3.54267
3.30019
3.49054
3.52353
3.90913
3.1966
2.65755
3.28872
3.41748
2.99915
3.74186
3.74036
2.92315
3.62556
3.25715
3.02449
3.0219
3.34235
3.43779
3.03457
2.89322
3.36213
3.09383
3.03226
3.1749
3.14122
3.07234
3.29949
3.48404
3.48927
2.91242
3.27289
3.68982
3.4217
2.73183
3.66323
2.75654
2.92698
3.36306
3.42625
3.45962
3.12486
3.43473
3.61129
2.76132
2.84298
3.46521
3.76553
3.36635
3.61387
3.62099
2.92277
3.64423
4.01416
3.43196
3.02215
3.26111
3.07749
2.75124
2.40359
2.29761
2.95798
3.05138
3.59876
3.73108
2.78704
3.42098
3.0679
2.8181
3.10564
3.28087
3.48961
3.70462
3.51195
3.80521
3.23893
3.17726
3.21668
3.35357
3.525
3.18358
3.14172
3.01095
2.87238
3.36361
2.87861
2.91705
2.67729
3.12496
3.37934
3.23194
3.17245
3.41671
2.73754
2.8354
2.77014
2.65922
3.05669
3.23904
2.94432
3.20848
3.12304
3.00428
3.33279
3.13719
3.56914
2.57116
3.19967
3.64605
3.59114
3.2987
2.96285
2.61535
3.56794
2.48854
3.31385
3.00058
2.9756
3.44016
2.58322
3.36794
3.79617
1.77471
3.0506
2.52331
2.07758
2.31218
2.45084
2.93291
3.05962
1.72026
3.23245
2.79587
2.96308
2.23717
2.5667
2.71442
2.21414
2.55405
3.28439
2.29101
2.80908
2.92332
2.81119
2.71604
2.77773
3.23298
3.68001
2.85521
3.42574
2.89451
3.2581
3.52117
3.65755
3.42505
3.98333
2.87695
2.42325
2.73974
3.19343
2.46099
3.22577
3.04843
2.68122
3.34979
3.46089
2.57516
2.4769
2.70082
2.43203
2.39847
2.61405
2.58339
2.37668
2.06835
3.18935
3.27147
3.46421
3.54644
2.75348
2.77075
3.22299
3.28342
3.57593
4.00699
3.01992
2.55191
2.95527
3.38394
3.32909
3.56607
3.74574
3.51421
3.35655
3.05928
3.08394
3.21361
3.45646
3.27533
2.99493
2.95523
3.35874
2.74291
2.94207
3.15643
3.01349
2.86958
3.03413
3.16909
3.60729
3.03077
2.86662
3.4569
3.35295
2.64236
3.59428
2.62738
2.93704
3.22583
3.18168
3.1159
3.14397
3.34563
2.94927
2.85822
2.84323
3.09793
4.33618
3.51493
3.40282
3.97166
3.63871
3.363
4.16976
3.80205
2.96522
3.26601
2.93939
2.68084
2.60774
2.45011
2.7651
2.49142
3.39475
3.6402
2.50225
3.54086
2.74313
2.77621
3.07863
2.89302
3.20798
3.72107
3.83347
3.18396
3.30692
3.83829
3.43055
3.32249
2.76228
3.08311
2.69199
2.66569
2.54403
3.14801
2.88932
2.7508
2.5367
3.38361
3.05003
3.04464
2.84978
2.89495
2.42921
2.8417
2.68546
2.55016
2.92296
3.13131
2.5549
2.80639
2.88803
2.79984
3.74951
2.97117
3.30693
2.5627
2.87397
3.65385
3.31625
2.96403
3.11753
3.1471
3.10534
2.53032
2.9186
3.22189
3.08798
3.46854
3.08469
3.69843
3.0734
