1.96058
2.53015
2.69792
2.22235
2.40132
2.74904
2.94807
2.78891
1.82505
2.66356
2.93181
3.1343
2.39158
2.96307
2.87038
2.54075
2.67957
3.46971
2.85164
2.90626
3.12178
3.15616
3.21509
2.93728
2.83337
3.29734
3.05751
3.14691
2.86448
3.23704
3.14305
3.88335
3.86288
4.11187
2.99727
2.57693
2.8739
3.08942
2.48356
2.95944
3.06814
2.38409
3.42027
3.06842
2.67307
2.58737
2.70487
2.64752
2.65463
2.74672
2.4138
2.47287
2.1279
2.90542
2.98024
3.12096
2.88256
2.83584
2.6558
3.40164
3.26885
3.25506
3.36057
2.987
3.08622
2.78233
3.02419
2.96307
3.25583
3.00187
2.96489
2.93584
2.92772
3.40757
2.9188
2.87818
2.87123
3.24139
2.9981
2.99453
2.89827
2.81766
2.93594
2.82957
2.7869
2.96721
2.8747
3.04332
2.73284
3.02582
3.04013
3.19943
2.39584
3.18917
2.71797
2.86535
3.12884
3.31619
3.0363
3.12641
2.87078
3.07
2.1198
2.66949
3.30648
3.52099
3.31898
3.01906
3.79828
2.98839
3.39413
3.7955
3.63115
2.92864
3.07486
3.0338
2.78865
3.89967
2.55024
3.27436
2.55117
3.66544
3.01913
2.95273
3.26
3.54961
2.80133
2.83967
3.21177
3.68748
3.42608
3.45763
3.42408
3.42999
2.90879
2.97537
3.60429
3.11583
3.09496
3.11485
3.00634
3.08706
3.02433
2.70057
2.92749
2.95398
2.92786
2.98498
2.86342
3.16309
3.01359
2.77928
3.11506
3.06945
2.67479
3.20926
3.09402
2.95136
2.85722
2.91408
3.02639
3.58383
3.36669
2.94939
3.07175
2.78369
3.28116
3.26668
3.0496
2.81057
2.62938
3.36306
2.74444
2.64323
3.56816
3.3909
3.77431
2.92942
3.27768
2.86582
1.98726
2.77245
2.43634
2.30997
2.54742
2.69261
2.75184
2.91756
1.76799
3.03953
2.95825
3.20079
2.13957
3.14269
2.74191
2.56676
2.65621
3.25087
2.52001
2.89043
3.60699
2.85562
2.76322
3.06598
3.14171
3.44889
2.89918
3.0315
2.7362
3.20612
3.22565
3.68171
3.01676
3.3165
2.95366
2.67711
2.77688
2.98097
2.4702
3.30404
3.16046
2.70315
3.29953
3.29095
2.6324
2.59297
2.79878
2.57479
2.44101
2.71469
2.56916
2.54241
2.13564
2.79135
2.99386
3.38659
3.12416
2.44482
3.11425
3.09844
3.42989
3.68895
3.56889
2.98935
2.84558
2.87003
3.22148
3.09194
3.42489
3.585
3.1339
2.84847
3.11317
3.17138
3.02564
3.05282
3.25097
3.04993
3.17532
3.04153
2.99665
2.82271
3.03032
2.91785
2.74671
2.93657
3.25691
3.11248
2.92471
2.98553
2.84301
2.93546
2.54142
2.97516
2.77175
2.81298
3.11897
3.3087
3.39055
3.23585
3.30941
3.23991
2.46183
3.06782
3.49982
3.87388
2.9194
3.25793
3.75588
3.01123
3.23557
4.15141
3.4808
2.85163
3.14883
2.92211
2.69769
3.76318
2.61363
3.10564
2.79659
3.44179
2.68707
2.68333
2.98145
4.05841
3.21852
2.88435
2.79244
3.07056
3.12012
3.38673
3.29358
3.22086
3.01847
3.4087
3.06902
2.81903
2.70075
2.8347
2.8435
2.57944
3.03961
2.74987
2.84202
2.91138
3.2811
3.08492
2.99829
2.9028
2.82188
2.40343
3.12755
3.10338
2.98989
3.16371
2.92326
2.79377
2.68051
3.04937
2.80029
3.18724
3.49141
3.07403
2.5303
3.18187
3.4775
3.67742
3.40235
3.27509
2.84229
3.46289
2.50164
2.45884
3.02254
3.11778
3.12269
2.74809
3.44313
3.53128
