1.78951
2.80653
2.51424
2.28326
2.29931
2.41236
2.68569
2.81437
1.80289
3.09519
2.76563
3.18468
2.28139
2.26098
2.63985
2.59525
2.61508
3.22378
2.74626
2.61395
2.60771
2.4809
2.73719
3.16642
3.09967
3.97949
2.74016
2.81671
3.07476
3.34403
3.47252
3.35521
3.77893
3.57441
3.18617
2.46675
2.59746
3.01634
2.41647
3.20965
3.10654
2.52227
3.59083
3.22392
3.26163
2.89821
2.6541
2.35539
2.7725
2.88097
2.58502
2.50468
1.97116
3.19848
2.9724
3.13142
3.22408
2.39114
3.83187
3.15034
3.18543
3.29388
3.44831
2.76796
3.23112
2.93547
3.41415
3.18314
3.4299
3.73409
3.09576
3.31023
3.06351
2.97887
3.46392
3.3331
3.37998
3.03557
3.31494
2.96721
2.95365
3.00073
2.86197
3.11993
2.86596
3.10837
3.31931
3.2299
3.08427
3.79891
3.95652
3.262
2.98729
3.16829
2.72511
3.05497
3.46933
3.48353
3.4998
3.67006
3.6597
3.38928
2.49015
2.8296
3.17448
3.81552
3.15325
3.32699
3.85742
2.53056
3.19747
3.97491
3.50757
3.30838
3.66464
2.99082
2.90459
2.99669
2.19815
2.89318
2.07811
3.89973
3.75449
2.71344
3.46838
3.6782
2.93844
3.61521
2.95884
3.16235
3.77449
3.43604
3.51818
3.08211
3.17314
3.176
2.93335
3.2149
2.97895
3.31339
2.9359
2.66581
3.33772
2.71533
3.31734
2.91822
3.40451
2.86172
2.76892
3.14794
3.30282
2.4954
3.1895
2.58743
2.93092
2.7467
2.93249
2.62383
2.73395
2.99004
2.58693
3.16344
3.26302
3.28662
2.75635
2.96732
3.35399
3.645
2.98261
3.15036
2.93751
3.8265
2.82832
3.05383
3.34645
2.8124
3.51801
2.76536
3.37005
3.33088
1.77337
2.88284
2.28108
2.24796
2.25284
2.56293
2.89057
2.94787
1.81005
3.03709
2.62529
3.3151
2.42782
2.34662
3.02754
2.77977
2.63584
2.81407
2.71211
2.40985
2.82973
2.39365
3.3153
2.68674
3.07375
3.71994
2.54895
3.20938
3.43274
3.14564
3.44606
3.57143
3.33231
3.75934
2.89636
2.55509
2.63808
2.85488
2.54857
3.06904
2.95808
2.65478
3.10357
3.37455
2.64282
2.65036
2.56365
2.67518
2.31215
2.59247
2.63932
2.5425
2.01654
3.23299
2.89313
2.96443
3.41662
2.43875
3.42325
3.20006
3.2996
3.68405
3.35968
3.31288
2.87922
3.4858
3.24834
3.11124
3.71695
3.66619
3.21265
3.34697
3.04994
2.95563
3.22907
3.75095
3.52446
3.13314
2.68505
2.91272
3.18677
2.90142
3.16441
3.03677
3.06212
3.10183
3.14675
3.33803
3.20385
3.69565
3.72776
3.33438
2.77681
3.49127
3.36259
3.20868
3.04663
3.06477
3.23701
3.67382
3.8127
3.20752
2.91133
2.92486
3.15319
3.87685
3.26649
3.25302
4.23348
3.59934
3.26398
4.23871
3.58282
3.2714
3.63008
3.0453
2.75141
2.89859
2.16726
3.46143
2.68342
4.16742
3.85178
2.83597
3.48774
3.4509
3.36914
3.09745
3.08985
2.81931
3.82127
3.79239
3.33693
3.56292
3.15182
3.34546
3.07783
2.98679
3.33629
3.11382
2.85682
2.51888
2.99818
2.69402
2.8764
2.89467
3.31465
2.86168
2.85396
3.1715
3.1122
3.12973
2.67911
2.93768
3.43315
3.04539
2.96558
2.7615
2.55814
2.69616
2.78552
3.11149
3.22307
3.55946
2.42153
3.35575
3.84471
3.4642
3.24592
2.7159
2.79974
3.73405
2.46568
2.68808
3.36
2.979
3.18627
2.7116
3.29508
3.60883
