1.96284
3.06743
2.49003
2.16555
2.57143
2.77423
3.00966
3.05662
1.60916
3.06896
2.92007
3.09417
2.55324
2.65765
3.02225
2.75381
3.00478
2.84635
2.49196
2.92828
3.14974
2.83893
3.19495
3.11921
3.31143
3.37996
3.16012
2.83671
2.91462
3.57933
3.44586
3.9718
3.83739
4.29048
3.0793
2.98315
2.82934
3.08343
2.81869
3.35425
3.4518
2.57256
3.54012
3.28647
3.2261
2.98323
2.70525
2.86511
3.28706
3.07685
2.40597
2.53926
2.04605
3.38526
2.91922
3.487
3.63292
2.35459
3.82317
3.13867
3.69907
3.43861
4.0916
3.31109
3.26292
3.2476
3.35713
3.08699
3.83789
3.71078
3.01338
3.29014
2.92853
3.11861
3.24828
3.72706
3.51075
2.94541
3.26978
3.03759
2.89425
3.05673
3.43081
3.23888
3.47299
3.11477
2.92897
3.33316
3.16088
4.09183
3.7856
3.56346
2.82508
4.12688
2.51897
2.96755
3.28918
3.16596
3.01416
3.34987
3.58768
2.99867
2.44737
2.85213
2.95159
4.16559
3.42753
3.73126
4.11769
3.19088
3.70722
3.93345
3.27894
3.15429
3.24619
2.85771
2.66085
3.18196
2.22021
3.35792
2.88936
3.9523
4.23003
2.92314
3.5116
3.36347
2.90059
3.32457
3.08114
3.54518
3.87931
4.04242
3.67379
3.64925
3.32788
3.40037
2.83653
2.7038
2.89924
3.29771
2.98411
3.08534
3.39416
2.89316
3.01338
2.93273
3.04031
3.27
3.20865
3.24104
3.17478
2.46457
3.356
3.1489
2.80026
3.29615
2.69582
2.6767
2.68798
2.94135
3.19591
3.60169
3.76572
3.97594
3.56001
3.41397
3.69901
3.15596
3.2173
3.19252
3.1856
3.96554
2.69812
3.27135
3.56768
3.10128
3.40998
3.02365
3.40952
4.36246
1.85474
3.12154
2.30797
2.19657
2.5195
2.72377
2.94165
3.12895
1.73666
2.77544
3.12448
3.22071
2.50909
2.84349
3.11036
2.87924
2.63586
3.4644
2.96324
2.87445
2.78483
2.88814
3.13511
3.23849
2.96321
3.74282
3.05773
3.41418
2.94734
3.59856
3.5841
3.79004
3.9228
4.23069
3.24729
2.76788
2.70295
2.62474
2.54951
3.0146
3.04389
2.89633
3.4438
3.21329
2.86596
2.74626
2.70616
2.32548
2.97279
2.95905
2.537
2.59006
2.19271
3.33853
3.01783
3.3071
3.36549
2.52455
3.25356
3.54465
3.92155
3.88316
4.07018
2.99102
2.75576
3.14227
3.4394
3.12601
3.91075
4.09554
2.75458
3.45158
3.18541
3.41745
3.29909
3.38764
3.37797
3.21113
3.20401
2.98486
3.02727
2.7693
3.34314
3.17561
3.2433
3.13257
3.04121
3.80718
3.04536
3.56835
3.8661
3.81471
2.56955
3.71738
2.58385
2.99504
3.07561
3.02335
3.20892
3.80309
4.19207
3.54879
2.56848
3.30733
3.67654
3.99798
3.81377
3.28615
3.37551
3.68823
3.81752
4.19981
3.72151
2.97316
3.62975
3.09003
3.06876
3.29461
2.50785
3.27746
2.39327
4.02375
3.97313
3.26981
3.39749
3.67309
3.50693
3.00795
3.09861
3.1049
3.97307
3.45036
3.52405
3.27462
3.36876
3.48268
3.49041
2.95087
2.95197
3.08595
2.90396
2.55742
3.43787
2.85331
2.93419
2.90512
3.42264
3.22161
3.32575
3.30931
3.40405
2.56622
3.22415
3.31078
2.95693
2.87336
2.88073
2.99631
2.63335
2.55731
3.05922
3.15262
3.92343
3.77837
2.59506
3.17931
3.71896
3.45847
3.45701
2.91025
2.82921
3.41959
3.26254
3.32903
3.65
2.81915
3.02594
3.18636
3.65984
3.49533
