2.07145
2.64453
2.31663
2.30819
2.56052
2.75128
2.56028
2.90104
1.83723
2.94949
3.16052
3.01159
2.61602
2.80572
2.80685
2.71345
2.60078
3.27587
2.68941
2.55587
2.95556
3.10394
2.51535
3.21887
2.62299
3.47917
2.9429
2.82902
2.73085
2.84677
3.37264
3.44384
3.19155
3.35192
2.95816
2.63778
2.60275
3.14866
2.68116
3.23573
3.16829
2.85963
3.64935
3.23936
2.77095
2.82855
2.7788
2.64507
2.34844
2.55947
2.53665
2.65113
2.26832
3.2464
3.5226
2.94131
3.08063
2.47882
3.39118
3.34609
3.44757
3.64922
3.81565
3.13767
3.01616
2.97145
3.46368
2.99099
3.62911
3.44546
3.15755
3.39058
3.11043
2.87075
3.27398
3.41117
3.28617
3.0331
2.69467
3.2765
2.77045
2.79836
3.0545
3.12532
2.94833
3.08636
2.88429
3.55436
2.76531
3.06172
3.44288
3.11656
2.61768
3.67821
2.75315
2.97199
3.08705
3.31621
3.01355
3.13956
3.64297
3.28795
2.98362
2.6782
3.01813
3.27993
3.76351
3.22503
3.66549
2.89103
3.55227
3.94957
3.24009
2.89141
3.4238
2.86521
2.76949
2.8949
2.0334
2.83466
3.23999
3.67051
3.66086
3.3257
3.67776
2.92002
2.77355
3.38239
3.53233
3.4335
3.82158
3.86276
3.18556
2.9507
3.12477
2.59752
3.33535
3.16834
3.40254
3.03469
2.82111
2.78383
3.09972
3.00235
2.5508
2.67776
3.29098
3.11264
2.9477
2.90488
3.138
2.61034
2.46909
3.01681
2.84211
3.01932
3.16254
2.79512
2.61499
2.66895
2.5393
2.92521
3.17059
3.24019
2.96319
3.17446
3.59704
3.20774
3.13965
2.93449
2.81614
3.44853
2.96269
2.73449
3.3393
2.94944
3.32159
3.15054
3.08161
3.89654
1.99929
2.81996
2.53237
2.28083
2.57487
2.76969
3.0195
2.87801
2.00841
2.94629
2.53552
3.07351
2.47819
2.50067
2.71206
2.72958
2.61702
3.27587
2.44644
2.47795
2.81158
2.69859
2.62718
2.85097
2.92453
3.76903
3.13259
3.23151
3.06834
3.06306
3.16318
3.61448
3.34329
3.79511
2.99803
2.85828
2.80161
2.98026
2.9777
3.18314
3.19894
2.51343
3.51108
3.02583
2.79885
2.66845
2.68746
2.46293
2.9583
2.61168
2.69013
2.5666
2.14519
2.8901
2.82271
3.33051
3.24478
2.29548
3.1398
3.39705
3.42863
3.63358
3.41814
2.89781
3.01076
2.6793
3.13142
3.04569
3.3188
3.37687
3.06324
2.95207
2.92964
3.35341
2.99262
3.22197
3.3018
2.98976
3.1621
3.13578
2.95557
2.88335
2.87309
3.23591
3.10294
3.05966
3.14857
3.41192
2.77098
3.07924
3.46205
3.19408
2.50106
3.36942
2.51028
2.83562
3.29395
2.8167
2.83957
3.04393
3.0374
3.05704
2.95718
2.96335
2.95852
4.00662
3.17277
3.42865
4.04928
3.22007
3.73708
4.2308
3.24772
3.17405
3.59299
2.7412
2.69315
2.82652
2.17385
3.24616
2.93585
3.67596
3.09704
2.93563
3.34767
3.33666
3.14508
2.95748
3.15689
3.35972
3.51016
3.60859
3.10545
3.07523
3.12422
3.00241
2.88828
2.91766
3.15276
2.91033
2.91793
2.80973
2.97525
2.84596
2.86114
2.81728
3.08146
3.08456
2.9645
3.04279
3.01173
2.72614
2.6531
2.782
2.80763
2.85022
3.0288
2.86325
2.41702
2.91397
3.22797
3.37127
3.46054
3.23775
2.78429
3.0185
3.50537
3.30324
3.28487
2.98255
3.05331
3.84224
2.81772
2.4684
3.35922
3.0934
3.11482
2.89209
3.55159
3.30453
