1.93429
2.81054
2.2726
2.23399
2.47835
2.78165
2.90233
2.95585
1.76622
2.85815
2.95493
3.18864
2.66159
2.40373
2.75908
2.79523
2.56015
3.24288
2.56225
2.65131
2.95492
3.28176
2.42819
3.09314
3.29501
3.41098
2.9067
3.46852
2.94331
3.22023
3.29041
3.61279
3.41011
3.62397
2.95576
2.49765
2.79894
3.15719
2.60048
3.02831
2.90056
2.5689
3.47817
3.19201
2.9784
2.7056
2.53138
2.48593
2.7025
2.75228
2.68212
2.49231
2.17611
2.81834
3.05543
3.25889
3.39831
1.87134
3.38436
3.54736
3.35025
3.12642
3.90304
3.44712
2.87261
3.64715
3.2474
2.91364
3.4246
3.84592
3.12778
3.1008
3.10493
2.89026
3.40445
3.40937
3.24082
3.0994
2.79214
2.7097
3.05712
3.10447
2.90874
3.12041
2.96991
2.84165
3.35133
3.12158
2.9778
3.38819
3.09994
3.43989
2.88682
3.45862
2.78308
2.88404
3.28767
3.08357
3.08072
2.87855
3.12128
3.2344
2.46024
2.95895
3.24787
4.13394
2.93305
3.34543
3.82554
3.6809
3.63477
4.46376
3.53266
3.20015
3.22275
2.90791
2.82516
2.72467
2.5343
3.1488
2.79576
3.69804
3.65843
3.02854
3.281
2.90951
2.6406
3.12325
3.05172
3.19986
3.53097
4.01168
3.57122
3.55124
3.18247
3.07213
3.24983
3.01116
3.25842
3.29774
3.21299
2.83525
3.26975
2.59607
2.7911
2.89716
2.95445
3.11975
3.1731
3.35433
3.14438
2.36109
3.39133
2.71261
2.5677
2.45596
2.88744
2.671
3.1249
2.83694
2.55709
3.21526
3.40592
3.9894
3.4073
3.3964
3.67707
3.68369
3.13203
2.84189
2.80681
3.54051
3.01834
2.7499
3.52262
3.2718
2.84247
2.96277
3.15075
3.61831
1.83484
2.82239
2.54594
2.37264
2.67717
2.75796
3.29474
2.98033
1.80559
2.86229
2.59731
2.94843
2.395
2.98907
2.78844
2.62481
2.98027
3.36738
2.68812
3.03338
2.8963
3.04266
2.87419
2.98179
3.0427
3.86385
3.235
3.54415
3.46519
3.22985
3.45311
3.70011
3.31636
3.55773
3.38825
2.5085
2.8806
3.08605
2.84655
3.11246
2.88427
2.7435
3.73537
3.40683
3.51244
2.96866
2.6501
2.49496
2.85094
2.69997
2.61357
2.50999
2.08628
2.84313
3.12807
2.89833
3.32531
2.58173
3.06746
3.2252
3.55344
3.97293
3.72972
3.23835
2.83229
3.17389
3.27014
3.24029
3.61937
3.56272
3.2687
2.97294
3.18665
2.93535
2.89813
3.31549
3.1377
2.8386
2.80093
2.94404
2.75454
2.75716
2.98569
3.14455
2.89765
3.06984
3.10074
3.66377
3.1261
3.20907
3.53336
3.2829
2.93282
3.26477
2.87543
2.88708
3.0185
2.82293
2.93876
3.28272
3.23834
2.94917
2.88847
3.12858
3.36187
3.90103
3.37383
3.35137
3.71642
3.87734
3.80664
4.45025
3.81394
3.08911
3.16188
2.96474
2.70031
2.13352
2.29299
3.36783
3.57612
3.57997
3.5282
3.01338
3.3415
3.37814
3.13132
2.94641
3.22199
3.1795
3.52685
3.38459
3.59014
3.41588
3.10531
3.05207
3.44621
2.99179
3.13418
3.2406
2.88365
2.99117
3.14436
2.85494
2.95821
2.88775
2.97067
2.7669
3.18583
3.13406
3.05569
2.80454
2.75158
2.65468
2.68804
2.75593
2.61015
2.87491
2.67305
3.45793
2.9578
3.0776
3.71866
3.91311
3.33474
3.4392
3.5286
3.39659
3.28393
3.11332
3.05121
3.89888
2.91166
2.84232
3.21091
3.03413
3.21631
3.21413
3.36539
3.62441
