1.93757
2.3158
2.19696
1.98548
2.28556
2.47441
2.9876
2.67625
1.59372
2.78007
2.93417
2.75915
2.22728
2.24651
2.71554
2.30926
2.30405
2.90373
2.35476
2.45399
2.90365
2.34485
2.28429
2.62539
3.36845
3.55485
2.75549
3.12218
2.56939
2.6115
2.89384
3.22415
2.81599
4.11303
3.731
2.37177
2.50417
2.88156
2.50664
2.8546
3.63398
2.52889
3.56347
3.14379
2.77629
2.78378
2.7216
2.67921
2.86502
2.6871
2.4018
2.25037
1.82915
2.8764
3.13911
3.36638
3.20028
1.64293
3.3359
3.42065
3.79033
3.41299
3.68076
3.68925
3.05773
2.85516
3.38627
2.85803
3.54809
3.3336
2.76275
2.93947
2.78134
2.81833
3.13981
3.56439
3.39896
2.89412
2.56862
2.97916
3.13347
2.91415
3.1502
2.94722
2.99778
2.81815
2.79605
3.20741
3.22967
3.01085
3.45911
3.14602
2.97766
3.06985
2.74555
2.91529
2.83716
3.574
2.85707
3.07854
3.27875
2.94191
2.79293
2.52626
2.80311
3.67987
2.82451
3.24511
3.90053
2.93313
3.62699
4.07925
2.81002
2.86564
3.09081
2.74089
2.78105
3.29047
1.94243
2.78567
2.16813
3.70381
3.76833
2.62369
3.03912
3.76586
2.89069
3.20399
3.17368
3.57626
3.65492
3.61547
3.50573
3.21909
3.00959
2.89738
2.75595
2.84614
2.77126
2.66098
2.59132
2.37459
3.09129
2.91386
2.66454
2.57485
3.06985
2.83171
3.06246
3.06682
3.19927
2.20373
3.46672
2.98849
2.70183
2.61859
2.6111
2.53082
2.99864
2.97788
3.019
3.98506
3.4216
3.37465
3.7225
3.2837
3.27133
3.42848
3.36987
3.05708
2.8571
3.53387
2.44333
2.94399
3.03296
2.98646
3.60888
2.80821
3.45602
3.41307
1.83721
2.26194
2.25404
2.08961
2.31585
2.31684
3.20272
2.76272
1.69813
2.98623
2.68537
3.14998
2.29321
2.94065
2.70432
2.17645
2.643
2.99078
2.16829
2.57004
2.48351
2.1619
2.68527
2.50272
2.68368
3.55218
2.92295
2.92902
2.56108
2.62023
2.89331
3.46365
3.18028
3.55198
2.925
2.43446
2.61317
2.80174
2.46802
3.05168
3.10743
2.70784
3.60168
3.19251
2.88787
3.1636
2.57406
2.19311
2.53935
2.78486
2.57745
2.27382
1.99669
3.2743
3.07559
3.58029
3.44672
2.83598
3.48829
3.11485
3.24476
3.65953
3.99391
3.47985
3.73468
3.08914
3.19609
3.05385
3.73179
3.83179
3.23491
2.98006
3.34608
3.34823
2.82315
3.19301
3.50524
2.92338
3.09714
3.14992
2.49887
3.08933
3.26645
3.10205
2.67104
3.0148
2.8745
3.46888
2.85647
3.12866
3.99534
3.04126
2.76798
3.12672
2.56571
3.16026
3.28144
2.63178
2.68562
3.31423
3.33812
2.9897
2.58112
2.74595
2.97391
3.67132
3.26025
3.30715
3.60234
3.28904
3.45088
3.56029
3.00047
2.68006
3.28137
2.67354
2.74556
3.09036
2.07952
2.67188
2.7013
3.71247
3.78152
2.48367
3.51052
3.50349
3.29857
3.3201
2.84038
2.77548
3.42343
3.37225
3.46335
3.28864
2.91559
3.13424
3.00736
2.82365
2.5228
2.90745
2.16549
2.92749
3.13373
2.65931
2.86983
2.55841
3.1386
3.06822
2.9867
2.95761
3.12636
2.24712
2.81596
2.87919
3.37592
2.67313
2.62054
2.26703
2.48922
3.29072
3.52026
3.21933
3.35307
3.57134
3.57192
3.25615
3.71026
3.28704
3.05938
2.86674
2.71665
3.24498
2.67316
2.6457
3.01635
2.85234
3.34387
2.96885
3.41999
3.0422
