2.09131
2.63738
2.46171
2.36834
2.41933
2.58715
3.063
3.04022
1.79312
3.01902
3.05924
2.84905
2.59069
2.80308
2.71937
2.63265
2.44248
2.89131
2.56981
2.56949
3.44295
3.04058
2.80278
3.09296
3.42586
3.23431
2.8528
2.96093
3.06113
3.17802
3.31633
3.61003
3.2101
3.47363
3.02456
2.55743
2.57031
3.11516
2.29807
3.17527
3.17464
2.60687
3.27007
3.3401
2.70781
2.55702
2.68513
2.76432
2.78098
2.746
2.44454
2.4506
2.39329
3.00944
2.97448
3.50839
2.79897
3.03337
3.36754
3.33144
3.8283
3.49527
3.58273
3.08975
2.89317
3.30194
3.23191
3.07252
3.36785
3.25586
3.17881
3.10972
2.89279
3.16653
3.29438
3.30393
3.27314
3.08051
3.13443
3.0407
2.98978
2.9106
3.0426
2.98263
2.98533
2.92495
3.11262
3.18702
2.83707
3.07467
3.85143
3.24322
2.36202
3.77719
2.87213
3.01515
3.27806
3.21614
3.44412
3.57934
3.40143
3.33405
2.49586
3.00918
3.14053
4.58111
3.53532
3.61066
4.07362
2.93409
3.75265
4.49484
3.38165
3.2238
3.73174
2.60322
2.57185
3.09644
2.32782
3.17865
2.57195
3.83031
4.15035
2.8949
3.3954
3.72853
3.09749
3.33189
3.21173
3.36971
3.94463
3.49766
3.0765
3.08611
3.07278
2.90522
3.15678
2.86015
3.21743
2.91567
2.86645
2.72846
3.15053
2.61385
2.71686
3.05087
3.01088
3.03587
2.95049
3.00397
2.8556
2.56961
3.12556
3.25443
2.89585
2.48141
2.80277
2.90821
2.87725
2.62541
2.75218
3.00518
3.3516
3.57394
3.23864
3.57341
3.63771
3.29941
3.06235
2.88994
3.18229
3.36532
2.83794
2.64687
3.05327
3.01216
3.14501
2.89408
3.49568
3.75693
1.96563
2.88486
2.20797
2.34692
2.54
2.70332
2.96035
2.96765
1.86912
2.78264
3.02824
3.1624
2.38044
3.04939
2.66139
2.86101
2.39335
3.12292
2.70439
2.91639
2.80629
2.93166
2.64538
2.84955
2.8947
3.26977
3.01926
3.11772
3.17209
3.09241
3.26025
3.34058
3.25441
3.77366
2.99785
2.44163
2.55863
2.94887
2.55717
3.18755
2.96103
2.66818
3.40373
3.20545
3.07022
2.57493
2.71111
2.59247
2.47771
2.67708
2.51178
2.78791
2.08677
2.93667
2.9457
3.66783
3.29929
2.75709
3.33511
3.52698
3.41991
3.95939
3.72751
2.873
3.16191
3.37107
3.1342
3.08519
3.45251
3.27814
2.99023
3.20011
3.08522
3.35476
2.92534
3.19642
3.26272
3.41405
3.0236
3.22331
2.80213
3.06793
2.77961
2.90645
3.02336
3.04085
3.0661
3.10404
2.87347
2.9976
3.62072
3.23549
2.68303
3.62318
2.88261
2.7886
3.14879
3.41005
3.16266
3.2493
3.36437
3.3928
2.73713
2.8529
2.92702
4.21996
3.24756
3.53636
4.01222
3.92684
3.64092
4.31902
3.33516
3.25368
3.7429
3.10583
2.60625
3.20897
2.49078
3.06368
2.83186
3.90044
3.75701
2.87588
3.16027
3.67512
3.33166
2.87591
2.97353
3.25315
3.92809
3.16938
3.00146
3.30063
3.14083
3.12595
3.22034
2.9088
3.0697
3.13106
2.68756
2.77899
3.33454
2.48602
2.95577
2.95785
3.05379
3.05207
3.08849
3.1076
3.14573
2.49277
2.68113
3.34854
2.88978
2.71585
2.91285
2.98351
2.74116
2.45542
2.7305
3.02731
3.52276
3.61135
2.9849
3.44936
3.14243
3.28648
3.06496
3.13521
3.06267
3.91032
3.21982
2.8659
3.34321
3.05022
2.94278
3.18882
3.65937
3.59082
