2.05917
2.82904
2.78925
2.33885
2.47649
2.73976
2.67881
2.97035
1.89024
2.953
3.20232
3.18093
2.32972
2.42332
2.99701
2.7915
2.50756
3.04625
2.73313
2.45978
3.12977
3.00438
2.97513
3.1155
3.11926
3.63682
2.68693
3.09798
2.88841
3.58101
3.315
3.87698
3.14998
3.37042
3.26198
2.34976
2.94436
3.42635
3.0921
3.19137
3.48807
2.80034
3.29111
3.57032
3.00697
2.9539
2.72233
2.7388
2.64524
2.60229
2.53174
2.62307
2.17799
3.08191
3.28962
3.51372
3.73977
1.78279
3.6002
3.44464
3.31467
3.34493
3.39992
2.7336
3.13821
3.02293
3.05107
3.06603
3.23457
3.49991
3.23575
3.30251
3.13619
3.19986
3.2186
3.26223
3.32884
3.38196
2.93044
2.92432
2.52783
2.76762
3.00214
2.9154
2.82067
3.00248
3.20704
3.47137
3.08865
3.49775
3.6336
3.3389
2.77881
3.91572
2.66576
3.14243
3.42355
3.77
3.11665
3.24703
3.70743
3.42213
2.61414
2.78715
3.08653
3.86074
3.92406
3.23907
3.75509
2.30297
3.47585
4.24049
2.7814
3.20738
3.37996
3.21174
2.88776
3.31751
2.09259
3.38056
2.87837
3.65036
4.37911
3.46871
3.47382
3.04168
2.90026
3.46261
3.49825
3.56782
3.8172
3.69076
3.34364
3.17397
3.34742
3.15014
2.92789
2.89551
3.10533
3.39186
3.39443
2.99687
3.15634
2.91765
2.84467
2.86681
3.16307
3.1487
2.94661
3.06777
3.11554
2.53952
3.29333
3.19211
2.67552
3.12515
3.20517
2.97596
2.73623
2.75861
2.97047
3.07545
3.1985
3.44944
3.01385
2.96158
3.20053
3.47916
2.94946
2.76964
2.97347
3.68063
3.20643
3.19533
3.63208
3.19599
3.22138
3.56805
3.32078
3.5884
2.01408
2.78224
2.45415
2.33776
2.51955
2.7262
3.39357
2.93826
1.88651
3.00098
2.81518
3.12193
2.47735
2.52697
2.84822
2.74619
2.56031
3.07201
2.79097
2.65863
3.05773
3.277
2.94032
2.79377
2.76443
3.64475
2.88943
2.6918
3.34864
3.17678
3.40965
3.89773
3.70205
4.06875
3.16268
2.52712
2.77119
3.08533
2.34962
3.25956
3.26384
2.74697
3.4125
3.53218
2.7765
2.84516
2.61057
2.27471
2.50787
2.93786
2.59994
2.58549
2.19844
3.2645
3.36849
3.36176
3.64087
3.21187
3.48519
3.28358
3.36298
3.56169
3.36615
2.94401
2.71287
2.95896
3.2198
3.12177
3.48245
3.69082
3.40138
3.2082
3.05757
3.47191
3.40012
3.12304
3.22776
3.02402
3.32038
2.91125
2.98294
2.78299
3.29294
3.03832
2.98435
3.04888
2.90118
3.26609
3.02409
3.30152
3.443
3.47015
2.54152
3.28808
2.64461
3.02501
3.14242
3.55432
3.03771
3.21206
3.28091
3.32625
2.746
2.99776
2.92591
4.22407
3.28268
3.4165
3.95123
3.00893
3.51225
4.05723
3.43229
3.20976
3.34912
2.72847
2.7177
3.4015
2.02858
3.08634
2.91852
3.41626
3.66488
2.98182
3.3822
3.09353
3.22334
3.29751
2.97751
3.13868
3.50435
2.84794
3.23048
3.05791
3.22832
3.29121
2.73078
2.92189
2.90635
3.05674
2.82424
3.07124
2.93726
2.97516
2.72908
2.80465
3.06442
2.7899
3.11129
3.11325
3.19331
2.47037
3.12876
2.92257
2.83715
3.04825
3.23914
2.49173
2.75877
2.9863
2.91683
3.34774
3.67189
2.47769
2.20171
2.96713
3.32947
3.25325
3.25361
3.16603
3.15455
3.72282
2.86937
2.49155
3.33848
3.01527
3.10544
3.22899
3.60373
3.42674
