1.81784
2.63746
2.2884
2.11932
2.30231
2.62024
2.78227
2.6744
1.58231
2.91888
3.00687
2.8183
2.0527
2.15225
2.70689
2.4674
2.5831
3.06327
2.69361
2.81957
2.96693
3.0998
2.64314
2.67421
3.02176
3.12737
2.81975
2.84591
2.91808
3.14626
3.04445
3.83558
3.43151
3.59
3.04044
2.49557
2.38514
2.92877
2.23932
2.95924
3.05884
2.1924
2.97455
3.22704
2.44675
2.67959
2.50542
2.31984
2.46529
2.54868
2.29899
2.53359
1.95336
2.88826
2.87492
2.96264
3.51266
1.7218
3.32219
3.2241
3.37482
3.38004
3.35694
3.21022
2.94361
3.01464
3.05294
3.02005
3.25875
3.22328
2.98759
3.03325
3.09809
3.05818
2.95395
3.35445
3.28206
2.87502
2.87927
3.22799
2.82916
3.02037
2.98085
3.26396
2.65313
2.89031
2.89175
3.01404
2.95465
2.9671
3.24963
3.0581
2.82271
3.48169
2.00581
3.10615
2.88445
2.89714
2.85456
3.31326
3.3225
3.29008
2.4542
2.89934
2.99619
4.30309
3.60704
3.36525
4.01094
2.52321
3.38535
3.65995
3.54222
3.04703
3.18566
2.95099
2.83854
3.82852
2.43719
3.28188
2.66997
3.32359
3.63489
2.95338
3.37342
3.69854
2.78105
2.94987
2.89597
2.9347
3.5858
3.8636
3.07914
3.17954
3.10269
2.78177
3.01486
3.05254
2.67511
3.03385
2.58458
2.58615
3.13788
2.65202
2.44308
2.84009
2.88322
2.82364
3.13893
3.05375
2.82946
2.40144
3.27854
2.79585
2.63343
2.62485
2.91827
2.94702
2.74228
2.6355
3.09582
2.69925
3.3881
3.94688
2.86386
3.3858
3.93019
3.21774
3.10594
3.1874
3.06545
3.59285
3.11238
2.87401
3.34453
3.13724
3.19981
2.9434
3.16307
3.06001
1.83069
2.71703
2.38064
2.1487
2.33938
2.37038
2.84506
2.6619
1.66895
2.84708
3.08056
2.98398
2.02925
2.22989
2.70391
2.60647
2.27076
3.09347
2.58764
2.50636
2.71621
2.43702
2.51268
2.78114
2.96719
3.27981
2.60467
3.01364
2.77177
2.9162
3.42695
3.18627
3.01457
3.67552
2.9764
2.05319
2.7361
3.00559
2.34247
3.01192
2.66443
2.41072
3.01421
3.15386
2.92776
2.27988
2.38473
2.22901
2.52774
2.25413
2.65241
2.6373
2.00352
2.92217
2.86957
3.16875
3.3436
2.41661
3.03984
2.97666
3.30606
2.99335
3.40537
2.9233
2.80095
3.0177
2.95291
2.953
3.089
3.60007
2.96799
2.74131
3.01777
2.76677
2.80326
3.01309
2.90176
2.89252
3.07843
3.03474
2.70551
2.68194
2.71138
2.96176
2.85245
2.99405
2.79953
2.9956
2.90805
2.56145
3.14675
3.49538
2.84526
3.41457
2.61271
2.9189
2.89615
3.13858
3.00548
3.31968
3.30012
3.07328
2.43036
2.85444
3.00659
3.10675
3.37511
3.12451
3.314
3.1444
3.1404
3.71043
3.20045
2.97731
3.07378
2.8249
2.45139
3.26097
2.55676
2.85455
2.98206
3.41331
3.61656
2.79457
2.94681
3.62388
3.27473
2.89603
2.90476
2.79277
3.51011
3.42891
3.39478
3.29389
2.76085
3.44182
3.19598
2.8648
2.746
3.17211
2.80919
2.57049
2.93433
2.65534
2.6331
2.61445
3.05087
2.82888
2.82637
2.81
2.63588
2.3775
2.54658
2.89537
2.72244
2.3915
2.85698
2.67441
2.67839
2.94791
2.90124
2.96663
3.09058
2.99947
2.53047
3.26732
3.33358
2.89268
3.12544
2.83021
2.7596
2.45993
2.47991
2.87363
3.05086
2.90489
3.55617
2.59092
3.33151
3.44367
