1.99803
2.85843
2.3121
2.24278
2.62878
2.92257
3.56338
2.94525
1.90319
3.11369
2.65162
2.95958
2.72416
2.45618
2.87474
2.41271
2.61694
3.31409
2.40259
2.76129
2.58168
2.69775
2.51937
2.83812
3.08152
3.68918
2.86759
3.14849
2.76286
3.4445
3.46996
3.97158
3.5587
4.32995
3.46059
2.81252
3.05343
3.14377
2.87905
3.20116
3.4183
2.65248
3.41539
3.00458
2.81677
3.29914
3.15752
2.53622
2.90321
2.69195
2.60924
2.52911
2.27122
3.08202
3.13038
3.43171
3.70042
2.22061
2.92445
3.03308
3.35852
3.67002
3.71941
3.53669
2.55662
2.69919
3.05654
3.00084
3.46452
3.4142
2.98499
3.65742
2.92014
3.39811
3.13891
3.09286
3.34261
2.98748
2.8543
2.97927
2.86949
2.75376
3.18351
3.07456
2.95273
2.87888
3.02927
3.21537
2.96031
3.92544
3.37828
3.52022
2.86385
3.34682
2.61636
3.01143
3.15798
3.57729
3.42943
3.55404
3.2796
3.01177
2.36281
2.37839
2.73781
4.07626
3.28201
3.43078
3.82206
2.82648
3.80627
4.03172
3.36791
3.03029
3.3761
2.81734
2.93149
3.01155
2.18063
2.63238
2.10833
3.902
4.19315
2.94834
3.45687
2.88779
2.69118
3.20459
3.01654
3.22397
3.67709
3.898
3.42823
3.26903
3.03497
3.37952
3.26165
3.1411
2.96096
3.03877
2.9462
2.65532
3.07895
3.00575
2.80708
2.79365
2.98497
3.12
2.77775
3.23118
3.22826
2.54209
2.22825
2.66092
2.69751
2.92611
2.97539
2.88884
3.28874
2.8028
3.12294
3.5416
3.23294
3.60401
2.72554
3.12666
3.41643
3.64965
2.91171
2.69948
3.06402
3.58091
2.78721
2.68723
3.58654
3.28279
3.50824
2.84519
3.31528
3.53503
1.95809
2.6588
2.31917
2.30671
2.59796
2.67053
2.78485
2.97426
1.9304
3.26451
3.00079
3.31981
2.37997
2.4968
2.69492
2.6386
2.55871
3.26592
2.64304
2.77252
2.66248
2.91249
3.02872
2.74339
3.20562
3.46482
3.09046
2.79815
3.15556
3.53415
3.39299
3.59399
3.40945
3.94223
3.21858
2.78969
2.74298
3.14415
2.72453
3.18452
3.30929
2.88608
3.54288
3.36466
2.98232
2.92808
3.01188
2.40248
3.0789
2.8009
2.69924
2.5739
2.23206
3.16261
3.07321
3.76914
3.82894
1.90211
3.45936
3.22881
3.46542
3.4787
3.9311
3.24638
3.1594
2.99331
3.33007
3.05105
3.50848
3.3226
3.38193
3.04696
3.0059
2.91314
3.15442
3.40883
3.15014
3.08499
2.84424
3.39255
2.74388
2.97016
3.07405
3.12944
3.03303
2.88945
3.06722
3.25917
2.6007
2.85783
3.4756
3.44472
2.60628
3.34324
2.77139
3.08789
3.29584
3.76727
3.28192
3.45759
3.86325
3.23629
2.59457
2.34204
2.81196
4.18456
3.36132
3.15564
3.72654
3.12843
3.06556
3.86858
3.47459
2.86
3.58195
2.73708
3.1663
3.28382
2.19741
2.58491
2.08875
3.72046
3.91544
2.69147
3.48608
3.24881
2.98059
3.57626
3.12103
3.01639
3.4735
3.49545
3.57613
3.29104
3.15502
3.37299
3.11681
3.11407
3.06969
3.17816
3.16191
2.86007
3.04479
2.76443
2.80225
2.68992
2.94534
3.10594
3.0958
2.97399
3.10621
3.15192
2.30314
2.97323
2.56836
2.72047
2.99409
3.06335
2.69493
3.53634
3.29108
3.58209
3.0946
3.75182
2.83102
2.84269
3.19724
3.70859
3.03432
2.67619
3.08317
3.95234
2.96342
2.68176
3.273
3.30243
3.35288
2.79091
3.11992
3.40352
