2.35038
2.55007
2.7407
2.46321
2.69807
2.7746
2.63039
2.94307
1.83087
3.00577
3.19272
2.96038
2.9334
2.34595
2.8107
2.96999
2.92773
3.105
2.86811
2.68543
2.86815
3.11048
2.63489
2.55238
3.19859
3.20829
2.86734
2.55831
2.65075
3.21582
3.3952
3.69333
3.67967
3.67082
3.30416
2.49875
2.68944
3.09982
2.05473
3.12219
3.22853
2.31831
3.26033
3.0707
2.86691
2.87528
2.49254
2.36343
2.59207
2.54982
2.72518
2.54559
2.30268
2.9739
3.01463
3.4328
2.76761
1.87114
3.09404
3.11381
3.36953
3.40775
3.1818
3.08897
3.03374
2.85409
3.23251
2.86291
3.05931
2.9982
2.90614
3.34577
2.87546
2.74462
3.06541
3.53428
3.15595
2.91322
2.94527
2.99751
2.64359
2.80915
3.08258
3.02588
3.10789
2.8464
2.95652
3.13887
2.82246
3.12919
3.35937
3.12654
2.69996
3.90369
2.40811
2.87671
3.15171
2.8915
3.11718
3.16645
2.70161
3.34781
2.59869
2.60797
2.92366
2.87165
2.57066
3.07521
3.61447
2.51745
3.46482
3.45937
2.2631
3.12927
3.33186
2.79051
2.71721
2.85411
1.8984
2.9407
2.47428
3.64556
4.03686
3.21098
3.20256
3.03783
2.59148
2.97924
3.15539
3.29721
3.72747
3.76445
3.10895
3.38483
3.1534
3.15017
3.20273
3.30777
3.09704
2.69725
2.73333
3.02776
2.94012
2.77961
2.65757
2.76504
3.09008
3.15176
3.03845
2.98756
2.89795
2.99307
2.89735
2.75601
2.4363
2.32529
2.79889
2.72789
2.66839
2.72242
3.3528
3.34595
3.39335
2.64413
2.55849
2.92721
2.79784
3.2177
2.53869
2.90547
3.19609
3.6967
2.5211
3.10329
3.33159
3.32332
3.36192
2.44724
3.24427
3.09232
2.13094
2.90616
2.54386
2.44495
2.6096
2.8858
3.02939
2.8529
1.86695
2.89777
2.97712
3.06893
2.94752
2.44922
3.08334
2.63272
2.67265
3.27032
2.78394
2.99521
2.98624
2.77794
2.85756
2.82076
3.01404
2.78562
2.88735
3.38665
2.9944
2.72909
3.48558
3.23569
4.06527
4.11135
3.30701
2.3089
2.71412
3.05948
2.27745
2.83716
2.88473
2.70562
3.11937
2.82204
2.74449
2.81136
2.60937
2.78648
2.77463
2.73594
2.65243
2.60017
2.20315
2.89313
2.97141
3.29825
2.61186
1.95433
2.82321
3.17804
2.82268
3.44415
2.83293
2.87416
3.23046
3.13884
3.27014
3.1624
2.98854
3.19809
2.90813
2.87609
3.11759
3.11222
3.45522
3.50054
3.36432
3.32011
2.96498
3.0272
2.96418
2.89912
3.0401
3.06945
2.78281
2.88461
2.79787
3.30965
2.88589
2.88517
3.29777
3.43154
2.72248
3.73423
2.93027
2.91597
2.8736
3.06382
3.1332
3.13425
2.8113
2.95583
2.62004
2.83112
3.1431
3.18172
3.38482
2.81125
3.6229
3.17675
3.73866
3.84134
2.85469
3.04771
3.37616
2.83053
2.64209
2.97292
2.13639
3.16846
2.78408
3.85085
3.74439
2.49651
3.37824
3.94025
3.05876
3.10471
2.94848
3.36912
3.74627
3.73936
3.49082
3.44212
3.1875
3.36276
3.43344
2.99834
3.10833
3.1692
3.53051
3.03364
3.31272
2.73127
2.80891
3.12599
3.15237
2.90423
3.14398
3.31573
2.98476
2.99751
2.54733
3.34985
3.11325
2.49485
2.79163
3.19971
3.37113
2.88586
2.8417
3.31607
3.16886
3.12799
2.49632
2.89579
2.764
3.2971
2.97372
2.60234
2.85734
3.75311
2.94464
2.88467
3.05458
3.25593
2.9754
2.48255
3.15616
3.22584
