2.20455
2.70233
2.57122
2.50852
2.3017
2.50928
2.92322
3.01367
1.74521
3.01862
2.80687
2.97674
2.19263
2.60289
3.09547
2.47724
2.79461
3.02893
2.68573
2.05387
1.4447
2.48437
2.11496
3.06905
1.73896
3.75553
3.52029
2.90714
2.73591
3.74313
3.3608
3.5996
3.74094
3.14822
3.21469
2.19864
2.73986
3.27544
2.91827
3.17281
3.13996
2.72125
3.75994
3.50719
2.82888
2.80216
2.37043
2.52686
2.43243
2.79829
2.44917
2.79249
2.18028
3.02993
3.31257
2.57819
3.85344
2.76398
3.50756
3.25122
3.51098
3.69174
3.77813
3.36117
3.04821
3.30028
3.21336
3.03876
3.39599
3.72673
3.49512
3.57306
2.99357
2.67019
3.24061
3.44631
3.21123
3.11054
2.89959
3.04397
2.93256
3.05328
2.89454
3.08038
2.94855
2.96457
3.11237
3.41748
2.79762
3.11426
3.26148
3.20912
2.84966
3.46207
2.82408
3.16365
3.38274
3.37314
3.07143
2.89391
3.95094
3.5911
3.04981
3.23445
3.41622
4.01017
3.86355
3.65069
4.02269
2.74839
3.91999
4.56645
3.50849
3.26623
3.57845
3.22881
2.86916
3.63274
2.34346
3.06093
2.99435
4.04567
4.10067
2.9962
3.341
3.29919
2.8618
3.30615
3.53729
3.58703
3.91156
3.54162
2.13013
3.27713
3.00065
2.40463
1.71162
3.11541
3.18634
3.05983
2.63518
2.98497
2.24904
2.50861
3.12929
3.07192
2.97733
2.19032
2.29158
2.33043
2.66309
2.98726
2.90565
3.4233
2.66271
1.77056
1.53405
1.6597
1.58342
2.32632
3.43395
2.98238
3.39028
3.9622
2.90381
3.53979
3.73285
3.58796
3.19665
2.81808
2.98326
3.86529
3.19377
2.96038
2.59395
3.26058
2.15921
3.33899
3.46376
3.75794
2.02676
3.21659
2.68618
2.39792
2.38149
2.60533
2.91091
2.98108
1.91629
2.89935
2.80122
3.09186
2.43724
2.88184
3.07707
2.67596
2.84315
3.43663
2.78846
1.81627
1.98756
3.08232
2.87026
2.86113
2.97582
3.87941
2.95069
2.42795
2.80058
2.90229
3.67502
3.90668
3.25737
4.01856
3.481
2.84979
2.94476
3.30029
2.79138
3.09118
3.15379
2.76987
3.65661
3.46416
2.93384
3.11328
2.9019
2.60232
2.89218
2.80719
2.55717
2.64888
2.302
3.40735
3.2613
3.16142
3.97281
2.641
3.72464
3.28056
3.41759
3.67106
3.65372
3.08102
3.48778
3.06219
3.08825
3.30146
3.4551
3.71764
3.33988
3.40504
3.11052
2.88837
3.12562
3.37511
3.28037
3.01573
2.90939
3.24865
3.19791
3.17131
3.34859
3.02518
2.70612
2.99568
3.19826
3.20996
3.06534
3.38276
3.41573
3.4765
2.75719
3.36851
2.89036
3.04508
3.21527
3.0305
2.90864
3.48827
3.99914
3.61685
2.97092
3.30483
3.32092
3.46793
3.70054
3.22302
3.91509
3.14129
3.554
4.17283
3.6734
3.27184
3.49048
2.97368
2.72294
3.77286
2.70259
2.94388
3.41916
4.01207
3.76193
3.00606
3.54109
3.43858
3.59353
3.46257
3.10048
3.25997
3.8988
3.64449
2.69335
3.41715
3.12813
3.19034
1.92367
3.09657
3.30982
3.60497
1.95938
3.14677
2.60624
2.75252
2.99617
2.76834
3.13834
2.99118
2.32022
3.49938
2.75255
2.54534
2.65305
2.46706
3.23289
2.50735
3.1874
2.32092
1.82467
2.27822
2.95433
3.73548
3.47359
3.95739
3.20042
3.40506
3.75391
3.752
3.07433
3.13767
3.1806
3.82791
3.19696
2.6401
3.28365
3.55188
3.23847
3.2665
3.38341
3.23894
