1.89847
2.70872
2.4779
2.3182
2.52473
2.80641
3.24063
2.80621
1.71618
2.78216
3.19265
3.49605
2.84049
2.54371
3.0313
2.81446
2.73675
3.52994
2.60516
2.62062
2.90567
3.13438
3.05385
2.97709
3.05841
3.80781
2.95063
3.03278
2.84482
3.10179
3.24829
3.75698
3.51328
4.07102
2.99212
2.52567
2.65891
3.18283
2.65294
3.21221
2.92628
2.92751
3.55174
2.98805
3.21691
2.56072
2.56209
2.63321
2.58333
2.8247
2.45956
2.53793
2.16961
3.24151
3.05348
3.07581
3.19353
2.11138
3.65858
3.31337
3.73664
3.37742
3.81781
2.9729
3.30453
2.99976
3.0909
3.05103
3.34669
3.23954
3.0388
3.72926
2.93068
3.06705
3.06286
3.43795
3.51606
2.80394
3.04776
2.9169
2.7089
2.57545
3.19428
2.95043
2.84854
2.88355
3.16081
3.50533
2.82512
3.35902
4.0288
3.98736
2.63164
3.31514
2.74575
3.15693
2.95169
3.14863
3.02362
3.27195
2.94606
2.92556
2.77997
2.88333
2.98156
3.86413
3.08456
3.58628
3.90457
3.13414
3.19487
4.18826
3.49144
3.23349
3.51798
2.71896
2.81348
3.16483
1.96913
2.96416
2.95617
4.11153
4.27466
3.2524
3.52494
3.04311
3.17899
3.66782
2.9933
3.24266
3.64647
3.69673
3.23144
3.51256
3.11785
3.44591
2.96292
3.05663
2.91462
3.04915
2.96522
2.66164
3.33547
2.95877
2.76903
2.65382
3.39862
2.99242
2.86413
3.12243
2.89169
2.56177
2.95936
3.24452
2.77801
3.05593
3.00355
2.97126
2.73549
2.57896
3.06874
3.08
3.93706
3.84156
3.56043
3.23907
3.08295
3.43283
2.97531
2.99905
3.00548
3.90208
3.00818
2.98818
3.53992
3.00685
2.87473
2.80767
3.25899
3.54188
1.86415
3.17087
2.40461
2.40689
2.55342
2.51532
3.39671
2.87353
1.75999
2.98435
3.08338
3.14246
2.86695
2.95156
2.93078
2.76845
2.792
3.13248
2.72176
2.39381
3.30061
3.00424
2.95857
3.06757
3.05345
3.4572
2.74786
3.53467
3.18437
2.90927
3.20783
3.69773
3.70432
3.78353
2.83954
2.41563
2.76481
2.95761
2.45393
3.20813
3.24284
2.70337
3.16688
3.1954
3.05756
2.62036
2.81689
2.46314
2.83886
2.69596
2.67702
2.68384
2.18857
3.01165
2.87485
3.39897
3.60036
2.67432
3.32919
3.39067
3.93326
3.67135
3.69568
3.07257
3.13628
3.24171
2.99691
3.08082
3.36554
3.48679
3.26163
3.47898
3.01637
3.17103
2.88539
3.37139
3.48674
3.02171
3.15915
3.14013
2.88719
2.81618
3.05629
3.11666
2.8585
3.03584
3.40549
3.69119
3.16842
3.31879
3.76451
4.12345
2.67144
3.31723
2.58068
3.12595
3.06198
3.20719
2.76757
3.24567
3.07286
3.29416
3.13463
2.75719
2.97985
4.22403
3.76023
3.47657
3.37095
3.0158
3.81689
4.0316
3.40552
2.98548
3.33407
2.93139
2.8718
3.263
1.93336
2.61526
2.46056
4.00646
3.9848
3.40365
3.30488
3.41446
3.53884
3.53388
3.13379
3.19111
3.76609
3.53336
3.23583
3.38378
3.22126
3.47089
3.7714
3.06535
3.36444
3.03216
2.82481
2.98663
3.10524
3.09709
2.75165
2.90839
3.07227
2.94551
2.83245
2.92798
3.08624
2.54596
3.11165
2.8934
3.14209
2.73645
3.23437
2.70391
2.51012
2.59837
2.77462
3.41267
3.887
4.44418
3.78748
3.82965
3.65141
3.51429
3.06645
3.25027
3.07514
3.84271
3.15765
2.88997
3.87518
3.22305
3.35337
2.87567
3.35145
3.42126
