1.85073
2.86707
3.08391
2.42972
2.668
2.74911
3.25862
3.05935
1.85462
2.92231
2.89222
3.03362
2.49933
2.45863
2.97912
2.67285
2.87526
3.46203
2.72379
3.37811
2.70458
3.34801
2.80151
2.85124
3.06781
3.528
2.88502
3.17867
3.02221
3.54404
3.15869
3.71891
3.16361
3.98892
3.23742
2.64448
2.63415
3.03857
2.67225
3.24814
3.30495
2.67749
3.38813
3.46144
2.84098
2.97545
2.44539
2.30345
2.60058
2.65773
2.77398
2.71399
2.26291
3.10981
3.1028
3.21077
3.50433
1.93485
3.51132
3.37058
3.21948
3.52519
3.77788
3.02735
2.95722
2.87725
3.03278
3.13191
3.61792
3.53808
3.03597
3.41487
3.03527
3.1372
3.49891
3.31976
3.11422
3.08493
3.22908
3.10349
2.94019
3.03398
3.04449
3.10995
3.3703
2.98686
3.21678
3.37131
3.1292
3.0105
3.4192
3.31052
2.56374
3.14525
2.76907
2.87946
2.85785
3.18098
3.10818
3.6125
3.53637
3.2339
2.61359
3.13011
3.26129
3.87919
3.05842
3.4901
4.22768
3.00313
3.97196
4.54604
3.18951
3.10069
3.39889
2.98889
2.96569
2.99795
2.13636
2.80951
2.76827
3.76628
4.20688
2.87053
3.53934
3.34373
2.70292
3.2644
3.17496
3.5446
3.73366
3.62789
3.43803
3.60517
2.92362
3.25451
3.41744
3.1581
3.27055
3.14011
2.78664
2.91415
3.21389
2.80079
2.77374
2.53316
3.40317
3.37012
3.11149
3.20709
3.29608
2.67595
3.00135
2.88956
2.55635
2.95325
3.2397
2.85593
3.45506
3.31278
2.97436
2.84548
3.1503
3.13047
3.01373
2.99961
2.89561
3.35651
3.16563
2.95462
2.99167
3.56152
2.74503
3.29955
3.49029
2.92814
3.51525
2.74922
3.40218
3.39842
1.86939
2.75651
2.60821
2.49943
2.50648
2.60749
2.88343
3.02532
1.9908
2.94418
2.58875
3.09942
2.45697
2.68827
2.94868
2.61446
2.69307
3.2627
2.65596
3.27414
3.18603
2.85313
2.59898
2.96229
2.79286
3.567
2.99971
2.92568
2.83576
3.15365
3.27562
3.79973
3.45519
4.0592
3.10533
2.42434
3.0211
3.17416
2.58122
3.35659
3.30752
3.04436
3.60707
3.32352
3.16944
2.9819
2.70601
2.47596
2.78937
2.63108
2.63382
2.51827
2.36535
3.05782
3.04235
3.39136
3.40544
2.90697
3.53624
3.24712
3.42794
3.63622
4.12437
3.24771
3.14487
3.20869
3.30355
3.23823
3.53277
3.80321
3.52379
3.41848
3.02544
3.15805
3.18099
3.19376
3.3435
3.22716
3.08539
3.44281
3.07783
2.99779
3.08845
3.11262
2.99904
3.00811
3.22414
3.44894
3.10715
2.96297
3.48623
3.88345
2.5773
2.91399
2.69457
2.92515
3.08273
3.38832
3.25103
3.43835
3.21586
3.2719
2.47381
3.31089
3.12261
3.79803
3.24264
3.37271
3.43727
3.33992
3.68572
4.1156
3.14081
2.79201
3.03172
2.978
2.81665
2.67829
2.31043
2.89923
2.64285
3.77635
3.85848
2.77314
3.38007
3.12741
3.16956
3.39742
3.19655
3.11153
3.5075
3.56511
3.22949
3.11373
3.26375
3.14115
3.33754
3.05915
2.94494
2.9871
2.74016
2.97363
2.91373
3.03861
2.78167
2.81453
3.01732
3.09234
3.04737
3.00066
3.12426
2.57319
2.75031
2.87443
2.84809
2.63849
2.96638
2.98212
3.19117
3.08908
2.88774
3.54999
3.17846
3.17804
3.2514
3.29923
3.07271
2.82547
3.43799
2.84902
3.01033
3.69735
2.92416
2.70337
3.28224
3.00394
3.48238
2.88546
3.19655
3.88855
