1.80018
2.57436
2.32838
2.13636
2.46988
2.79143
2.7017
2.72896
1.62196
2.96618
2.34288
3.16141
2.58556
3.0041
2.78214
2.48283
2.58774
3.22322
2.53972
2.58278
3.10863
3.22429
2.76482
3.15568
3.037
3.41994
2.54265
2.68402
2.54382
3.41105
3.36757
3.66426
3.43953
3.59286
3.03299
2.30186
2.3804
2.90274
2.22902
2.8912
2.91619
2.13501
2.93759
3.14539
2.64144
2.51676
2.47415
2.48649
2.07222
2.39554
2.46478
2.47826
1.88772
2.94795
2.8066
3.35382
3.42816
3.40392
3.59255
3.15965
3.23978
3.07735
3.33721
2.75002
3.02946
2.99332
2.87429
3.08787
3.32747
3.48721
2.9778
3.29497
3.0593
2.85371
3.38172
3.7222
3.5159
3.06093
3.06946
2.9866
3.1536
2.58875
2.99036
3.09165
3.36989
3.18775
3.19388
3.64052
2.8653
3.637
3.65771
3.26595
3.52699
3.65652
2.896
2.94776
2.89273
3.09803
3.15169
3.19489
3.16154
3.10667
2.85392
2.64914
2.64831
3.50696
3.25709
3.22497
3.77842
4.34938
3.33555
4.43167
3.17598
3.02446
3.01064
2.65539
2.70187
3.87206
2.40201
3.107
2.7681
4.09374
4.39667
2.64794
3.3932
3.41391
2.94569
3.27253
3.08599
3.52777
3.95734
3.61316
3.45399
3.54281
3.11148
3.02638
3.38886
2.91593
3.1427
2.99885
2.68613
2.8838
3.17559
2.65456
2.86567
2.81698
2.76813
3.02416
2.90924
2.94252
2.9641
2.90815
2.5266
3.34273
2.716
2.95162
2.72546
2.88792
2.82828
2.49061
2.33446
2.6055
3.78892
4.16498
2.9776
3.39944
3.43764
2.90321
3.53972
2.97794
2.65439
3.92351
3.08982
2.90082
3.27038
2.72198
3.42767
2.97177
3.36918
3.57207
1.88631
2.03732
2.14667
2.16926
2.53972
2.67042
3.38781
2.79664
1.86042
3.10388
2.99735
3.09674
2.41334
2.73479
2.62215
2.47341
2.54921
3.16258
2.53392
2.80477
3.29985
2.48852
2.75249
3.07006
3.08757
3.38195
2.96102
3.45321
2.78766
3.30826
3.4812
3.80907
3.95802
3.86444
3.18566
2.40096
2.63867
2.87481
2.31626
2.82213
3.09543
2.38529
3.14581
3.02926
2.48202
2.29102
2.53184
2.30788
2.77463
2.58218
2.66659
2.51425
2.02785
3.48482
2.71869
3.68376
3.78053
3.14672
3.28262
2.97675
3.3292
3.40088
3.53162
2.95486
2.99458
3.3199
3.17623
2.98519
3.5433
3.48948
3.31497
3.5321
3.01766
2.75092
3.16916
3.12045
3.22741
2.97858
2.91029
2.64203
3.09936
2.84168
2.89816
2.95574
3.2715
2.96777
3.03175
3.9152
2.97158
3.53373
3.43389
3.16953
3.06823
3.70616
2.64361
2.9788
3.06806
3.17651
3.44754
3.43497
3.54839
3.6505
2.64616
2.88685
3.01171
4.45021
3.45106
3.31342
3.69558
4.34898
3.56025
4.4729
3.52778
3.28058
3.55063
3.01817
2.5173
3.71954
2.62493
2.961
2.93871
4.02494
4.05691
2.86882
3.40734
3.31145
2.91534
3.28061
2.85661
3.03469
3.89109
3.67444
3.04824
3.61952
3.33939
3.28753
3.01482
3.06334
2.72561
3.17271
2.72113
2.76904
3.14768
2.79377
2.48426
2.7277
3.08492
2.87436
3.14069
2.92502
2.99104
2.53861
3.00739
2.86486
2.59052
3.09414
2.63405
2.99501
2.69054
3.06713
2.72944
3.1012
3.6475
4.20267
3.30394
3.45405
3.8525
3.71774
2.96896
2.73414
2.67976
3.8808
2.82837
2.80694
3.4227
2.96411
3.32053
3.36389
3.29961
3.24825
