1.9458
2.44258
2.52392
2.18103
2.35162
2.79136
3.0325
2.90087
1.66432
2.91371
2.772
2.85588
2.15461
2.8315
3.01193
2.71164
2.74191
3.33673
2.70076
2.57871
3.11533
3.07961
2.46379
3.37375
3.55835
3.62083
3.28461
2.98745
2.68268
2.97352
3.64093
3.52975
3.46303
3.35881
2.9889
2.42022
2.58075
2.81482
2.43156
3.05624
2.97797
2.66748
3.2177
3.30797
3.20593
2.88352
2.75448
2.63547
2.54618
2.52587
2.50808
2.45649
2.01023
3.05369
3.20696
3.09895
3.71926
2.67364
3.4012
3.15597
3.4589
3.55873
3.70041
2.8593
3.21672
2.79332
3.06042
3.19143
3.84153
3.58899
3.05077
3.03812
3.03772
3.31851
3.17576
2.98985
3.14844
3.11715
3.12914
3.18628
2.96724
2.89145
3.04502
3.05609
2.94816
2.9228
2.8128
3.19593
3.07277
3.74071
3.40025
3.02194
2.78558
3.32746
3.00682
2.99778
3.37906
3.51633
3.50208
3.889
3.5837
3.51614
3.06644
3.31741
3.36251
3.92154
3.98581
3.34968
3.70482
3.3564
3.74887
3.99103
3.54992
3.3563
3.28073
2.79271
2.59833
3.49046
2.35689
3.35384
2.62331
4.1223
4.0485
3.02615
3.5486
3.54756
3.03207
3.24324
3.23466
3.28863
4.00042
3.87505
3.2886
3.2862
3.25602
3.51935
3.23211
2.9699
2.98851
3.248
2.96736
2.69794
3.36759
3.14023
2.74076
3.07359
3.38655
3.39821
3.2723
3.15732
3.63212
2.78324
2.99454
3.09029
2.81668
2.52335
2.84582
3.06366
2.58972
3.27915
2.90298
2.9215
3.40718
3.86774
3.40204
3.14945
3.80527
3.5633
2.78948
3.14929
2.73413
3.81067
3.17604
3.43265
3.48074
3.68318
3.80389
3.25341
3.29528
3.57673
1.9846
2.63389
2.25371
2.12917
2.43017
2.71025
2.84061
2.92835
1.8135
2.9909
2.72939
3.38785
2.09028
3.05093
2.96268
2.63843
2.5149
2.96937
2.47777
2.41609
3.20151
2.82054
2.48029
3.10008
3.07178
3.62052
2.95826
3.07438
3.01759
2.76899
3.15894
3.79095
2.50796
3.32785
2.79592
2.51766
2.67932
2.89968
2.28593
3.32111
3.44085
2.72152
3.82471
3.48919
2.83431
2.58854
2.72281
2.81705
2.92285
2.62579
2.6291
2.57245
2.03182
3.07731
3.195
3.57506
3.61089
2.50277
3.17741
3.50418
3.88147
3.54805
4.12226
2.9752
3.21694
3.09185
3.21395
3.19628
3.82525
3.71678
3.21898
3.31666
3.13408
2.99173
2.99351
3.40244
3.38446
3.36584
3.31565
3.22807
2.66164
2.9533
3.12231
3.11485
3.03331
2.97396
3.16935
3.29728
3.05012
2.97841
3.32347
3.00291
2.86595
3.29993
2.70283
3.07962
3.10614
3.3144
2.8854
3.29604
3.60278
3.34077
2.93401
3.24239
3.47796
4.22676
3.19707
3.42599
3.75293
3.66222
3.46422
4.56297
3.53303
3.14064
3.29617
3.06807
3.02979
3.33685
1.98542
2.70199
2.77281
3.62819
3.92006
2.90577
3.6154
3.8613
3.45943
3.24934
3.26851
3.50294
3.95346
3.45947
3.29212
3.24384
3.24
3.39725
3.13896
3.10002
3.097
3.2077
3.01688
2.6707
3.27341
2.70185
2.84887
2.79348
3.75994
3.26426
3.29215
3.17906
3.10137
2.52373
2.68963
2.7279
3.26487
2.5628
2.91198
2.84995
2.69146
2.77174
2.98825
3.19267
3.3119
3.62863
2.67317
2.84169
3.81075
3.32347
3.20738
2.87076
3.0386
3.47203
3.24916
3.25151
3.44155
3.32117
3.30581
2.9685
3.85807
3.27175
