2.0129
2.61078
2.59061
2.24211
2.41582
2.54397
2.59461
2.91696
1.65935
2.79845
2.64487
2.99377
2.35183
2.6324
2.71268
2.43365
2.89024
2.97499
2.79489
2.60993
2.90475
2.98107
2.6553
3.22346
3.47247
3.58873
3.10043
2.7828
2.95398
3.17907
3.15184
3.41476
3.4162
3.95782
2.83429
2.61541
2.52937
2.92651
2.92061
2.95165
3.24214
2.81167
3.47972
3.43177
2.93946
2.69968
2.83507
2.53949
2.53014
2.63285
2.55387
2.43309
1.99023
3.24037
3.39965
3.30189
3.64572
2.22919
3.44097
3.00338
3.45596
3.43682
4.17282
2.88647
2.88621
2.78497
3.27788
2.86992
3.29483
3.60522
2.94337
3.13881
2.78259
3.07879
3.05908
3.41001
3.23164
2.99757
2.79183
2.99026
2.75652
2.879
2.75693
3.06974
3.18048
2.90457
2.98177
3.17415
2.65743
3.02918
3.30847
3.02909
2.68801
3.13335
2.9276
2.79239
3.34746
3.48035
3.30242
3.39688
4.19047
3.61941
3.04907
2.97751
3.17129
4.24957
3.06276
3.3117
4.3156
2.40939
3.04079
4.38661
3.22584
3.33772
3.43795
2.76706
2.4176
3.16078
2.10406
3.31345
2.58663
3.42451
3.94398
3.44426
3.23015
2.9444
2.81764
3.36356
3.0895
3.3177
3.62575
3.54813
3.32256
3.41105
3.06204
3.03226
3.44751
2.9523
2.97929
2.79825
2.78518
2.60325
3.34681
2.63034
3.08579
2.75845
3.10055
3.19577
3.08422
2.8958
3.16112
2.55377
2.8591
2.93549
2.56708
2.89798
2.69486
2.82698
3.06564
2.37692
3.1918
3.46923
3.34991
3.92394
3.00048
3.12536
3.95213
3.85762
2.96073
2.86033
2.77924
3.24495
3.01707
3.01947
3.40267
3.19418
3.55485
2.61879
3.18461
3.49094
1.83401
2.71969
2.47368
2.11544
2.35875
2.50795
2.80952
2.86977
1.69519
2.87453
2.69781
3.14069
2.47908
2.58558
2.71577
2.53987
2.73462
3.10588
2.63435
2.72626
3.042
2.63207
2.88396
2.74755
2.86384
3.62889
2.95245
3.07518
3.12515
3.00039
3.0447
3.6189
3.50858
3.58517
2.82452
2.50327
2.58768
2.92804
2.81626
3.06421
2.97854
2.99399
3.68358
3.50489
2.59587
2.87894
2.69184
2.35827
2.69465
2.68558
2.63629
2.51155
2.14524
3.41292
3.05955
3.56437
3.23298
2.82929
2.77117
3.05043
3.5405
3.47982
3.66985
2.73728
2.62558
3.05981
3.37095
3.11564
3.3771
3.76921
3.6154
2.99234
2.99638
2.90251
2.91488
2.98577
3.15091
3.09549
2.71515
3.02311
2.64926
2.91056
3.16066
2.944
3.0479
3.01846
3.31364
3.0846
2.77734
3.10004
3.24089
3.05812
2.79087
3.26458
2.70858
2.7829
3.29105
3.10454
3.54025
3.46154
3.17884
3.71715
3.01915
3.35165
2.64304
3.7235
3.30527
3.30607
4.06287
3.57866
3.28111
4.0787
3.83901
3.09142
3.44858
2.7919
2.65501
3.35311
2.54032
2.95589
2.76364
3.36388
3.98047
2.66904
3.44422
2.98015
3.07453
3.47584
2.97304
3.12139
3.79771
3.44065
3.17361
3.18182
3.07109
3.28343
3.51239
2.77996
3.27893
3.15223
2.63458
2.79031
3.402
2.70325
2.64588
2.8815
2.85511
2.96252
3.22476
2.84354
3.16481
2.79439
2.2064
2.42652
2.39708
3.00622
3.02163
2.79937
3.03116
2.72459
2.5842
3.39974
3.35784
3.35106
2.49808
3.42696
3.70029
3.56008
2.81864
2.7872
2.80004
3.4652
2.79859
2.64393
3.16036
2.96199
3.28125
2.94786
3.63784
3.25212
