2.29113
3.01635
2.47568
2.67371
2.56457
2.90077
3.08279
3.12603
1.94711
3.10707
3.27897
3.49765
2.44122
1.95844
2.784
2.34925
2.59135
3.46377
2.78802
2.80755
3.39108
2.98482
2.82041
3.43307
3.41087
3.90252
3.39676
3.47292
3.48866
3.45552
3.38774
4.0173
3.70978
3.38923
3.08539
3.1195
2.9941
3.10873
2.72749
3.37019
3.20376
2.64124
3.68305
3.34673
2.81159
3.0768
2.7187
2.48825
2.37468
2.76163
2.87972
2.77662
2.2326
3.04936
3.25535
3.41539
3.46464
2.42812
3.39223
3.36929
3.33457
3.4728
3.74989
3.15414
2.74064
2.79729
3.30343
3.12973
3.40614
3.90514
3.05401
3.12818
3.20982
2.84679
3.27728
3.37014
3.39104
3.08512
2.99955
3.13347
3.02688
2.97015
3.23793
2.93569
3.16841
2.87954
2.84642
3.69051
2.89368
3.32079
3.48549
3.28157
2.88844
3.77201
2.82673
3.14285
3.28552
3.47765
3.49076
3.56096
3.65491
3.28573
2.78089
2.85845
3.42368
4.01597
3.37993
3.28153
3.89007
2.84985
3.57208
4.33934
3.50289
3.12142
3.00013
3.19007
2.84365
3.14779
2.4708
3.85154
2.88297
3.97221
3.61609
3.00025
3.47823
3.70794
2.89593
3.20599
3.21277
3.58954
3.63656
3.99649
3.59569
3.39516
3.18277
3.06273
3.79468
3.34914
3.2496
3.10053
2.89321
2.91698
3.18294
2.84799
3.12493
2.80233
3.44066
3.36551
3.15908
3.12927
3.19861
2.48116
3.02979
3.30669
2.6909
2.83566
3.07445
3.0968
3.06535
2.72503
2.89139
3.31103
3.43041
3.96896
2.45619
3.14498
3.49704
2.90329
3.01575
3.01802
3.02479
3.87581
2.71209
3.23318
3.60677
3.49356
3.61834
2.96541
3.45668
3.48053
1.99204
3.08567
2.70891
2.36103
2.47095
2.67151
2.97454
3.11797
1.95856
3.08071
3.00022
3.2266
2.37295
2.50056
2.95573
2.6718
2.75436
3.07282
2.77762
2.66753
2.78003
3.26649
2.9428
2.94274
3.13595
3.52523
3.28479
4.09924
3.3157
3.17036
3.30852
3.68582
3.23655
3.67108
3.25793
2.69197
2.90572
3.10269
2.7688
3.35744
3.28315
2.69854
3.56602
3.33645
3.07378
3.00804
2.85431
2.63172
2.88883
2.72098
3.08687
2.92462
2.26076
3.71648
3.36366
3.54253
3.52952
2.6441
3.64833
3.53493
3.30771
3.11617
3.38918
2.99766
3.10726
3.252
3.33095
3.18425
3.38268
3.42816
3.0731
3.13533
3.19283
3.29265
3.2204
3.53929
3.40999
3.2645
3.36854
3.25413
2.90983
3.15827
3.1345
3.25903
3.04241
3.0116
3.13296
3.52171
3.0634
2.82232
3.72247
3.18088
2.80229
3.67576
2.99467
3.37008
3.36782
3.6822
3.58148
3.31388
3.84921
3.3027
2.61561
3.21802
3.22936
4.4734
3.40414
3.33101
4.24708
3.9534
3.63747
4.14297
3.35318
2.95892
3.43297
3.35026
3.05107
3.20299
2.5403
3.16759
3.28156
3.67548
3.73534
3.2635
3.50817
3.8746
2.98493
3.20779
3.42219
3.61054
3.48816
3.90865
3.65069
3.62703
3.24193
3.13412
3.5845
3.18718
3.19566
3.20142
3.13298
2.7122
3.33487
2.95255
3.03642
3.07013
3.69282
3.22082
3.17736
3.25058
3.39701
2.52414
3.60814
2.99281
2.75829
2.98464
3.34844
3.05807
3.06444
2.9761
2.8753
3.1443
3.73546
3.61887
2.75411
3.39487
3.33517
3.24104
3.11766
2.88845
3.17835
3.89858
3.06758
3.07634
3.68294
3.1685
3.29895
2.82725
3.6188
3.51359
