2.00854
2.68802
2.25874
2.2848
2.35233
2.56874
3.15912
2.84806
1.75739
2.94591
2.9371
3.09784
2.37304
2.69773
2.91078
2.48817
2.51755
2.95547
2.66223
2.72298
2.72659
2.82999
2.91933
2.6411
3.31851
3.63611
2.66583
3.01433
2.75183
3.11541
3.48265
3.79772
3.69718
3.51436
2.94079
2.10439
2.55196
3.04446
2.55605
3.16209
2.97656
2.42159
3.47102
3.24847
2.32318
2.60202
2.47464
2.26542
2.20236
2.58302
2.5773
2.36633
1.97867
3.52854
3.31128
3.27433
3.23764
2.32967
3.35664
3.5483
3.57646
3.2858
3.84035
3.15133
2.96646
2.84876
3.39466
3.11652
3.50278
3.41378
2.89726
3.03917
3.03906
3.36034
3.2717
3.45155
3.33543
3.03965
3.02696
3.10142
2.77748
3.02841
2.89237
2.99599
2.93695
3.04145
3.04235
3.12773
2.87917
3.20894
3.31203
3.39267
2.6569
3.85931
2.68234
3.07501
3.06712
3.46831
3.50016
3.6662
3.75426
3.54942
2.47192
2.79381
2.87124
4.01491
3.24776
3.3391
3.80861
3.06285
3.40196
4.26559
3.43168
3.50909
3.33377
2.8569
2.55407
2.89439
2.05023
2.70233
2.68201
3.93861
3.76765
2.78427
3.29947
3.35588
3.17739
3.11321
3.26161
3.30704
3.50816
3.51661
3.48967
3.23508
3.03429
3.0248
3.05481
2.9383
3.41526
2.77255
2.82199
2.64869
2.96308
2.71551
2.59394
2.88198
2.68976
3.24313
2.91077
3.08764
3.21635
2.12948
3.2131
2.84605
2.79103
2.83816
2.94744
2.82903
2.67101
2.91579
3.00081
3.06912
3.45541
3.35077
3.19609
3.28689
3.13086
3.32984
3.09567
2.78815
2.80474
3.80506
2.66237
2.61868
3.28892
3.13056
3.4968
2.4946
3.63269
4.03093
2.04534
2.63806
2.19893
2.25343
2.46009
2.60776
2.91383
2.81764
1.79583
2.98305
2.8313
2.96498
2.46122
2.29373
3.04284
2.55547
2.43648
3.04743
2.41602
2.57771
3.31446
2.8905
2.60293
2.60294
2.66989
3.74894
2.77202
2.95872
3.21961
3.2069
3.484
3.5037
3.47249
3.86537
3.15269
2.58081
2.61926
3.18101
2.79989
3.36687
3.15559
2.8786
3.32206
3.3724
2.72395
2.66822
2.46421
2.67518
2.59147
2.46731
2.6867
2.57141
1.96308
3.27362
3.2975
3.38638
3.69923
2.49174
3.518
3.09678
4.45974
3.75293
4.13878
3.27397
3.03136
3.07429
3.1016
3.06732
3.63614
3.64596
3.15058
2.97532
3.1979
3.42015
3.16519
3.21687
3.21961
3.13688
3.26612
3.10473
2.81481
2.853
2.88379
3.22898
2.79774
3.12175
2.95594
3.50944
2.8176
3.19614
3.30598
3.18591
2.63825
3.24951
2.69027
3.08448
2.77222
3.36119
3.05379
3.29344
3.47881
3.49718
2.41502
2.72274
2.82907
3.96729
3.27911
3.44018
3.49065
2.93914
3.60737
4.19307
3.51041
3.12375
3.62696
2.8012
2.653
3.05202
2.16752
2.57186
2.56247
4.0397
3.88632
2.50342
3.27042
3.5329
3.40493
3.13743
2.89407
3.2212
3.69777
3.43564
3.19398
3.28328
3.02787
3.18097
3.4475
2.92256
3.03479
3.20927
2.8226
2.86311
3.06089
2.73884
2.8553
2.69949
3.33631
3.08202
2.93846
3.03933
2.99442
2.51017
2.67074
2.7837
2.75319
3.19402
2.9821
3.12886
2.74672
3.18752
3.04521
3.35605
3.43109
3.68796
2.74299
2.85708
2.73556
3.18118
3.10575
2.95172
2.79153
3.70548
2.62658
2.80361
3.16507
2.99498
2.88569
2.67068
3.44955
4.06943
