1.96757
2.73128
2.59166
2.45398
2.53493
2.72979
3.41381
2.80172
1.59223
3.17806
3.0689
3.40945
2.32963
3.19179
3.01363
2.62868
2.57931
3.33178
2.559
3.09217
2.78037
2.93015
2.75722
3.04825
3.50359
4.15384
3.144
2.88603
3.26674
3.44997
3.65653
3.81601
4.03422
4.12478
3.01315
2.64299
3.08171
3.18272
3.21718
3.64663
4.03421
2.74635
3.60573
3.92341
3.71447
2.84604
2.78174
3.091
3.14191
2.56969
2.22815
2.59128
2.09505
2.62658
3.0781
3.4515
4.24825
2.76567
4.11588
3.4603
3.98827
3.28396
4.24895
3.28283
2.99072
2.72252
3.25549
2.93582
3.56073
3.87404
3.29112
3.41116
3.12759
3.49554
3.64998
3.37232
3.29942
3.21605
3.26379
3.14107
2.84495
3.00951
3.0861
3.12207
3.31046
2.95495
3.30057
3.41348
2.78787
3.21916
3.28892
3.25495
2.57472
4.23963
3.03887
3.09269
3.11802
3.82249
3.25065
3.30145
3.60297
3.58294
2.85268
2.92523
3.12939
4.46189
3.13894
3.47266
3.58342
3.17079
3.60989
3.91098
3.49796
3.13923
3.1903
2.72682
2.91463
3.38237
3.06488
3.15641
3.23857
3.97889
4.0616
3.01904
3.47703
3.61881
2.94638
3.33589
3.02885
2.99774
3.60117
3.46528
3.93095
3.92107
3.55896
2.94067
3.49913
3.06655
2.64542
3.16209
2.85269
2.83238
3.43582
3.22979
2.76538
2.69711
3.52172
2.95325
3.01202
3.25563
3.1203
2.57019
2.69454
3.49757
2.52455
3.17089
2.87658
2.93016
3.26971
2.94962
2.93857
3.3665
3.90724
3.59344
3.2395
3.14869
3.65186
3.44572
3.24476
2.91106
2.98821
3.81761
3.00471
2.87045
3.64733
3.01227
3.63502
3.13896
3.53884
4.47329
1.95449
2.65124
2.49067
2.40191
2.4386
2.79321
4.12103
3.14293
1.85544
2.9142
3.30623
3.32499
2.73695
3.08783
3.0955
2.81136
2.57006
3.3233
2.62221
2.8645
3.29593
2.89061
2.82905
3.13843
2.91154
3.81767
3.18874
3.03493
3.81104
3.55684
3.3019
3.90167
4.46614
3.54049
2.85043
2.33762
2.81203
3.07471
2.67953
3.53158
3.56978
2.72819
4.17659
3.5098
3.05368
3.15707
2.81102
2.69695
2.86752
2.50314
2.59484
2.79479
2.22402
3.19524
3.39726
3.77008
3.85724
3.1952
4.1653
3.90287
3.71311
3.44258
4.03204
3.27607
2.97936
2.8331
3.39091
3.11528
3.66205
3.63755
3.08473
3.08543
3.4043
3.21857
3.30851
3.34186
3.08163
3.14348
3.43614
2.85175
2.74123
2.83607
2.89902
3.06426
3.22426
2.85668
3.0663
3.33096
2.69961
3.08826
3.06678
3.27358
2.55394
3.79953
2.77838
2.99147
3.02313
3.63396
3.30742
3.32956
3.29583
3.20998
2.41093
2.8181
2.98726
4.23539
3.14936
3.29241
3.68051
4.34485
3.59161
4.36785
3.6621
3.30771
3.75615
3.11574
3.08102
3.26315
2.69683
3.11555
2.96098
3.73732
3.83834
2.9453
3.67566
3.65493
3.10607
3.4197
3.18921
3.20623
3.66003
3.36619
3.65267
3.24523
3.55445
3.38741
3.63792
2.82992
3.18769
2.79251
2.74893
2.67728
3.39919
2.75048
3.077
2.81198
2.97116
3.19057
3.25775
3.05207
3.12895
2.77159
2.93637
3.91307
2.72759
2.85176
2.67736
2.93745
3.75283
2.61364
3.08042
3.56428
3.88661
3.26475
3.97854
3.45704
3.36871
3.32325
3.32392
2.8531
3.13793
3.55744
3.03377
2.62346
3.6253
3.0487
3.55099
3.03009
3.28762
3.96021
