2.08903
2.68139
2.58671
2.48105
2.63009
2.79547
3.06039
2.97135
1.78176
2.7497
3.63232
3.16003
2.70232
3.21826
2.75602
2.92507
2.5134
3.39686
2.75547
2.95304
2.86685
3.13602
2.92306
3.16657
3.49025
3.81374
3.06616
3.04534
3.30535
3.10387
3.18936
4.07436
3.26236
3.94828
3.04365
2.55311
2.64509
3.31986
2.44692
3.28319
3.21002
2.71574
3.56703
3.6384
2.87122
2.87484
2.67884
2.67399
2.87701
2.77693
2.50295
2.62484
2.03834
2.95277
3.37649
3.11956
3.70272
2.26167
3.44522
3.39461
3.49288
3.55906
3.76766
3.06376
2.98321
3.01343
3.4284
3.07992
3.39765
3.57142
3.19021
2.83756
3.39543
2.94253
3.31839
3.6553
3.34468
3.05453
3.16088
3.10461
2.97232
3.12949
2.86891
3.30047
2.89428
3.32576
3.30455
3.29625
3.13561
3.27057
3.83314
3.44768
2.81145
3.55145
2.84878
3.24786
3.05972
3.25086
3.24274
3.22001
3.29967
3.34283
2.62272
2.98759
3.47473
4.22503
3.08853
3.46001
4.30852
2.64143
3.5059
4.48614
3.50624
3.47205
3.41933
3.14257
2.9418
2.96468
2.40277
3.24917
2.64002
3.44455
3.79197
3.15533
3.53961
3.57256
2.93611
3.58194
3.27424
3.71928
3.79359
4.17629
3.22937
3.54148
3.27507
3.65379
3.24198
2.80348
3.15615
2.89983
2.82361
2.71761
3.42923
2.85072
2.60515
3.10298
2.89416
3.42098
3.05551
2.95439
3.3308
2.83017
3.30444
3.70912
2.70941
2.92781
2.96688
3.12789
3.08485
2.72067
2.75384
3.0626
3.66462
4.07722
3.34325
3.49369
3.32322
3.58554
3.18211
2.75806
3.02944
3.91136
2.93105
2.51873
3.6308
3.49008
3.46965
2.65139
3.47729
3.42361
2.05126
2.81393
2.65454
2.50241
2.75824
2.79504
2.74742
2.95171
1.81845
3.3641
3.22826
3.44152
2.68615
2.83405
3.07888
2.83986
2.61188
3.06377
2.79282
2.68088
2.75709
3.11434
3.05089
2.84788
3.25561
3.80193
2.95512
3.45883
3.28005
3.12798
3.56228
3.95104
3.73977
3.68249
2.96159
2.61472
2.74136
3.15048
2.52084
3.40842
2.86364
2.6028
3.7107
3.31384
2.94759
2.82565
2.5021
2.70269
2.90002
2.84357
2.66387
2.56251
2.21005
2.86392
3.03727
3.36813
3.2533
2.80579
2.99259
3.25926
3.42455
3.42452
3.43837
3.10729
2.69871
3.2366
3.39088
3.28792
3.57094
3.64087
3.29309
3.2988
3.1675
2.80557
3.30617
3.31086
3.4153
2.98248
2.91085
2.90429
2.87678
3.00833
2.98557
3.0995
3.04616
3.01853
3.26453
3.54365
2.89555
2.71537
3.60278
3.57096
2.75431
2.97347
2.92721
3.02755
3.44197
3.00197
3.18817
3.55341
3.81671
3.58037
2.75635
2.95681
2.92623
4.38525
2.80046
3.10818
4.15342
3.65633
3.53321
4.00379
3.44394
3.46926
3.5035
3.14658
2.70459
3.13499
2.29507
3.34722
2.79639
3.407
3.86825
3.0668
3.30659
3.86627
3.17647
3.18958
3.06693
3.37252
3.82219
3.87923
3.35404
3.53292
3.11577
3.47255
3.11787
3.08123
2.83289
3.03058
3.05061
2.92643
3.17572
3.2496
2.85583
2.72205
3.3174
3.32434
3.1892
3.15048
3.14973
2.67468
3.19004
3.2217
2.90463
3.58609
3.27078
2.53905
3.03588
2.76015
2.829
3.3795
3.35851
3.89281
2.41001
3.67771
4.03325
3.69208
2.94757
2.99521
3.03293
3.83911
2.76075
2.92423
3.38828
3.35801
3.66998
3.16113
3.40992
3.52867
