1.87609
2.603
2.55807
2.35969
2.56677
2.6533
2.90838
3.0715
1.99557
2.93143
3.3253
3.54564
2.29547
2.32377
2.93774
2.59397
2.84191
3.20656
2.06801
2.76736
3.03581
3.38597
3.33227
3.00205
3.2478
3.74855
3.07054
2.91937
3.21593
3.53404
3.55614
3.90812
3.53868
4.18305
3.06842
2.7163
2.76543
3.09318
2.69671
3.3856
3.41421
2.4735
3.7169
3.43899
2.87629
3.15304
2.77671
2.55465
2.95692
3.00826
2.61405
2.60556
2.20642
3.17133
3.17778
3.41084
3.81761
2.57661
3.75952
3.12128
3.5826
3.75378
3.94235
3.55914
2.84647
2.80615
2.87774
2.95253
3.699
3.94651
3.39011
3.37738
3.12631
3.72511
3.19856
3.60834
3.11078
3.14489
2.87412
3.35541
2.91887
3.07313
3.14856
3.11703
3.10737
2.96469
3.60406
3.68241
3.03644
3.04148
3.86847
3.15792
2.59418
3.53527
2.64438
2.97518
3.38961
3.57833
3.74282
3.758
3.09335
2.81102
2.69532
3.01764
3.18059
4.09089
3.56499
3.40415
4.15053
3.2744
3.46424
4.31576
3.5741
3.07596
3.54405
2.57769
2.95715
3.59185
2.63382
3.33336
2.65867
3.52573
3.8792
3.36252
3.70829
3.25409
2.82592
3.27687
3.1613
3.66028
3.73862
4.32142
3.72508
3.33685
3.04329
2.70689
3.2434
2.77884
3.29296
2.86638
3.21218
2.76181
3.20742
3.11758
2.88708
2.83108
3.35134
3.08471
2.8241
3.17189
3.75985
2.71742
2.8068
3.0528
2.36648
2.97342
2.63596
2.49683
3.23786
2.73459
2.85174
3.59668
3.21928
4.30671
3.90452
3.50707
3.59838
3.25122
3.07757
2.84376
2.80041
3.5313
3.18385
2.72329
3.93417
3.18511
3.77552
3.14412
2.92476
3.91488
2.09917
2.68117
2.67414
2.46846
2.59418
2.68202
2.36441
2.96724
1.86105
3.32887
2.8464
3.20183
2.24403
2.6952
3.17839
2.47448
2.42642
2.74949
2.87664
2.55004
2.99874
2.22671
2.80032
3.16964
2.63362
3.60017
2.89347
2.80949
3.38823
3.37108
3.89693
3.61249
3.4732
4.00335
3.26092
2.56209
2.66048
2.80897
2.725
3.27756
3.66022
2.67494
3.79362
3.70985
2.91928
3.30959
2.57127
2.83696
3.00023
2.84599
2.58952
2.69665
2.24301
2.01304
3.24954
3.58016
3.31903
2.78462
3.07133
3.52675
3.77424
3.45872
3.64149
2.93218
2.55879
2.68538
3.25522
3.06448
3.61962
3.5519
3.27816
3.23565
3.194
3.26069
3.02264
2.97314
3.05038
3.24717
3.01463
3.40835
2.82237
2.97316
2.91589
2.94039
2.9106
2.85592
3.18165
2.99609
2.81033
2.58654
3.01346
3.2535
2.60312
3.19225
3.21234
3.17067
2.76035
3.27776
3.59315
3.40243
3.94656
3.23176
2.59703
2.93557
3.05325
4.2184
3.23279
3.36993
4.18773
3.58915
3.20519
4.12875
3.26968
3.06663
3.3675
3.46762
2.82609
2.89015
2.6658
2.75059
3.0714
3.66121
4.20865
2.94079
3.46546
2.84972
3.24311
3.52297
3.03646
3.22436
3.89485
3.95545
3.41697
3.44746
3.40437
3.06931
3.59624
2.83223
3.4619
3.10969
3.00609
2.93929
3.04314
2.91397
2.86159
2.92425
3.43327
2.37219
2.89488
3.18604
3.25996
2.74696
2.79216
3.04456
2.68052
3.08296
2.39833
3.00507
2.91261
3.13064
2.94701
3.62333
3.14355
3.50155
2.48856
3.36914
3.59366
3.56475
2.9353
3.12494
2.89062
3.89938
3.31275
3.04421
3.43181
3.01796
3.95262
2.90477
3.46654
2.98455
