1.78207
2.52401
2.69901
2.29352
2.57926
2.84077
2.88009
2.79052
1.8883
3.20177
3.13016
3.1674
2.44397
2.38478
2.53111
2.26833
2.53354
3.34559
2.58307
2.88176
3.22546
3.10369
2.83189
3.12987
3.34249
3.75153
2.78658
3.12056
2.55023
3.3577
3.67111
3.6463
3.79542
3.57074
3.2436
2.4581
2.99845
3.09733
2.81774
3.16512
3.15602
2.73606
3.0085
3.59409
2.88969
2.61856
2.76459
2.45977
2.82253
2.58341
2.5813
2.77986
2.00203
3.09468
2.9302
3.37213
3.00116
2.36354
3.61275
3.39377
3.23749
3.51865
3.73288
3.004
2.80803
3.13188
3.49882
3.15727
3.29691
3.84042
3.12768
3.26963
3.26436
3.01193
3.32993
3.09754
3.00753
3.05719
3.19097
3.20039
2.84357
3.06614
3.03885
2.99015
3.02811
3.09714
3.2002
3.41435
2.91658
3.35843
3.53478
3.34378
2.51434
3.92913
2.58973
2.95792
3.60055
3.53899
3.06689
3.22753
3.66064
3.21191
3.00403
2.8759
2.9123
3.60286
3.34782
3.22853
3.89766
2.83945
3.49286
4.28437
3.02973
3.1061
3.14194
3.12538
2.73075
3.40208
2.35426
3.56186
2.76818
3.2139
3.79902
2.70994
3.29332
3.45227
2.87582
2.85217
3.33746
3.68671
3.76251
3.84158
3.06464
3.202
3.37544
2.92729
3.4012
2.96766
3.29896
2.99626
2.78962
2.55268
3.02546
2.9793
2.75876
2.82831
3.06673
3.16192
3.2337
3.30984
3.08766
2.7553
3.20199
2.9062
2.56
3.10955
2.82014
2.53725
3.14017
3.09171
3.12224
3.32863
3.56692
3.76328
2.85577
3.36121
3.70818
3.25206
3.07215
3.18128
2.97022
3.80834
3.2498
3.06331
3.26914
3.17738
3.20464
3.13567
3.49316
3.56808
1.76376
2.54964
2.52179
2.20306
2.39512
2.75665
2.90867
2.89456
1.94731
3.04633
2.76321
3.10498
2.34213
2.49617
2.70639
2.36577
2.72687
3.3831
2.76124
2.69422
2.76
3.1463
2.49667
3.08604
2.91593
3.84946
2.8315
2.99664
2.96444
3.04654
3.44094
3.11133
3.75951
3.73568
3.05297
2.76308
2.54608
2.98177
2.68626
2.9079
2.86362
2.68935
3.34694
3.57104
2.64491
2.81609
2.77661
2.44948
2.87902
2.69425
2.9452
2.78215
2.1867
3.18083
2.96582
3.50909
2.97437
2.36606
2.95826
3.3329
3.51967
3.26061
3.57551
2.80548
2.97011
2.87615
3.35589
3.18378
3.59451
3.8912
3.18734
3.62835
3.04443
3.08943
3.06602
3.37725
3.17821
3.18936
2.9315
3.1433
2.78099
3.19426
2.94677
3.12836
3.15739
3.23068
3.47405
3.33636
2.82287
3.06581
3.48414
3.27207
2.88286
3.99538
2.92015
3.05345
3.1991
3.45812
3.53287
3.36082
3.26753
3.26131
2.48866
2.82251
3.2809
3.78118
3.27841
3.26882
3.82203
2.68056
3.5992
3.9426
3.45399
3.01988
2.88296
3.25412
3.07552
3.34978
2.40698
3.3375
2.80092
3.33822
4.39004
2.84898
3.42713
3.02643
3.16184
3.22623
3.06124
3.34927
3.73473
3.78632
3.67023
3.30981
3.54661
3.10345
3.33367
2.95544
3.04916
2.71348
2.78321
2.75626
2.98153
3.01034
2.90156
2.755
3.44204
3.2111
3.30682
3.03096
3.13733
2.22458
2.54294
3.01213
2.67285
3.05461
3.05843
2.70641
3.08172
3.03207
2.70916
3.29028
3.28321
3.29505
2.95381
2.87448
3.58791
3.12224
3.02759
2.85046
3.07712
3.79555
3.04967
2.69403
3.34697
3.15826
3.30761
2.78141
3.57856
3.66851
