1.78765
2.31416
2.21727
1.95342
2.32962
2.62763
2.87441
2.69883
1.63912
2.71796
2.92337
3.03126
2.36778
2.48846
2.86049
2.5678
2.61904
3.32639
2.78739
2.60248
3.21626
2.85035
2.87652
3.49454
3.14618
3.31943
2.63962
3.15352
2.60414
3.1428
3.09273
3.7284
3.48183
3.96509
3.2121
2.58266
2.91838
3.04499
2.40381
3.18831
3.58457
2.50386
3.39502
3.22205
2.55681
2.79604
2.48931
2.45889
2.53291
3.06523
2.24753
2.64406
2.01619
3.00095
2.96566
3.30726
3.43073
1.79541
3.63435
3.68712
3.36392
3.23082
3.80781
2.93753
3.05555
2.98369
2.89422
2.87098
3.19206
3.36124
3.00294
3.09228
2.93675
2.9165
2.9687
2.98519
3.05444
2.96003
3.03702
3.14927
2.93453
2.93631
2.85518
2.8126
2.68097
2.84329
2.70357
3.22852
2.58485
3.06558
3.29323
3.06134
2.59367
3.41473
2.86423
3.03514
2.95462
3.43202
3.07976
3.29066
3.41731
3.32918
2.67395
3.09346
3.03491
3.84346
3.19079
3.24081
3.44117
3.35231
3.65961
4.46668
2.97248
3.15448
3.00725
2.9642
2.66476
2.63471
2.30196
2.81378
2.50379
3.22017
3.39044
3.37327
3.33114
2.95049
2.75713
3.31244
3.1822
3.49688
3.55046
3.27038
2.95037
3.09774
3.32591
3.61984
2.71836
3.07628
3.14556
3.24925
2.83725
2.74799
3.11278
2.90493
2.74951
2.79212
3.70236
3.30539
3.02689
2.80979
3.40745
2.64421
2.70713
2.98233
2.63419
3.12612
2.34569
2.58235
2.5694
2.75818
2.78846
3.10989
3.03974
3.52759
3.06189
3.11655
3.23116
3.51775
3.16768
2.76858
2.89794
3.62759
2.94462
3.19015
3.61242
2.96038
3.31819
2.83503
3.44866
3.44943
1.82512
2.51572
2.25494
1.91189
2.2269
2.77643
2.83448
2.86642
1.78284
3.10763
2.98459
2.94276
2.38344
2.69483
3.04943
2.75712
2.79704
3.75242
2.58328
2.38343
3.12978
3.09733
2.67011
3.00536
3.40692
3.19415
2.80777
3.0453
2.39466
2.82662
3.44165
3.66386
3.24343
3.38262
2.96845
2.68941
2.6571
2.88616
2.63629
3.30226
3.43243
2.35992
3.13547
3.12813
2.29889
2.47705
2.64092
2.72032
2.60288
2.81338
2.60094
2.48389
2.11637
3.14603
3.13915
3.13281
3.46669
2.53748
3.39388
3.20475
3.2986
3.44589
3.38625
3.24043
3.27703
2.92905
3.30773
3.07052
3.53931
3.35241
2.75946
3.0759
3.08524
3.08769
3.05236
3.2026
2.98427
2.96536
3.33507
3.44042
3.18645
2.91371
2.98577
2.88341
3.09874
2.86132
2.73021
3.08999
2.87868
3.06845
3.27713
3.37381
2.83068
3.32328
2.8716
3.14705
3.23199
2.63441
3.13223
3.2988
3.51529
3.74872
2.56286
3.01391
3.35904
3.9
3.06651
3.2098
3.42234
4.28538
3.62087
3.89961
3.02706
2.88863
3.34336
2.73427
2.69975
2.68829
2.64094
2.52735
2.78551
3.31368
3.59153
2.85106
3.31274
3.49473
3.2077
3.44939
2.99006
3.35653
3.6385
3.4981
3.26719
3.01489
3.23184
3.1656
3.03238
3.17107
3.13131
3.0339
2.9211
2.68149
3.12216
2.81197
2.96681
2.93137
3.14411
3.24346
3.18295
2.90224
3.17977
2.53958
2.52011
3.39095
2.64481
3.10051
2.99959
3.041
2.62675
3.36108
2.74247
3.13767
3.08433
3.1817
2.98291
3.3681
3.58239
3.42033
3.13428
2.76894
3.01234
3.31866
2.75422
2.9495
3.0295
3.31544
3.07273
2.84214
3.13853
3.27463
