1.96025
3.12367
2.34948
2.37088
2.61031
2.80035
3.20256
3.20054
1.93731
2.90046
3.36495
3.21018
2.57418
2.36725
2.91138
2.38293
2.76047
3.05194
2.71145
2.67142
3.01519
2.297
3.13752
3.63492
3.4884
3.85721
2.86081
3.06347
3.20156
3.22662
3.74122
4.02748
3.55374
3.51158
3.28705
2.91975
2.73246
3.56637
2.57613
2.84303
3.06305
2.6643
3.41431
3.10678
2.89353
3.07939
2.93518
2.84252
2.88066
2.7281
2.81182
2.56195
2.13465
3.25129
3.01698
3.56605
3.67621
2.11769
3.31222
3.58001
3.19594
3.59241
4.09981
3.33026
3.43347
3.53967
3.14901
3.0066
3.7514
3.3666
3.49202
3.45149
2.99172
2.91293
3.39433
3.60947
3.33
3.38266
2.93776
2.82946
2.78916
3.20944
3.14433
3.10541
2.90444
2.87128
3.17622
3.61433
3.29601
3.44612
3.69501
3.31296
3.00515
3.66251
2.64439
3.05305
3.40042
2.92669
3.2644
2.9774
3.28576
3.07487
2.95111
2.97773
3.21635
3.98268
3.49052
3.44819
3.61428
2.5669
3.73742
4.39092
3.58711
3.32894
3.07407
3.01883
2.82718
3.28142
2.58254
3.39067
3.17953
3.62565
3.40005
3.36698
3.65024
3.69412
3.20572
3.26449
3.28084
3.46266
3.71728
3.91045
3.42525
3.22807
3.43054
2.96721
3.06896
3.07767
3.02438
3.15045
2.97302
2.84514
3.38975
2.72987
3.15351
2.73814
3.07545
3.32083
3.22881
3.11922
3.16876
2.73611
2.97528
2.77293
3.09197
3.12659
3.32002
2.91522
3.02967
3.06281
3.28496
3.10697
3.36136
3.74187
3.38948
3.33704
3.56725
3.81995
3.03279
3.05136
3.29386
4.25873
3.07435
3.60121
3.65464
3.57633
3.18344
3.09672
3.65885
2.58749
1.89433
2.9506
2.36073
2.34586
2.62178
2.70104
3.02592
3.14985
1.99126
2.97661
3.14032
3.13468
2.39076
2.41942
3.24414
2.66727
2.67139
3.27048
2.51577
2.95625
2.95861
2.98829
2.69143
3.11905
3.19076
3.6118
3.1673
3.58693
3.24405
3.37294
3.58404
3.95421
3.64498
3.94234
3.31016
2.8662
2.69534
3.06372
2.74013
3.40396
2.85182
2.70222
3.48736
3.12787
2.91728
2.99069
2.66544
2.5179
3.01692
2.76887
2.87446
2.59438
2.06698
3.17142
3.12348
3.62352
3.47713
2.16684
3.44565
3.12969
3.11232
3.60573
4.20217
3.34481
3.61287
3.40592
3.15525
3.12966
3.73471
3.5629
3.49192
3.51412
2.93122
2.785
3.31157
3.40037
3.51183
2.97682
3.00613
3.03001
3.16937
2.95759
3.53918
3.00686
3.12433
3.04592
3.20512
3.57744
3.449
3.58911
4.09908
3.78141
2.92275
3.73904
3.03206
3.04889
3.19698
3.18876
3.27596
3.40992
3.43133
3.01322
2.80232
3.10787
3.33307
4.05976
3.50724
3.33682
4.105
3.17612
3.78608
4.23195
3.96555
3.43955
3.90042
3.01423
2.85608
3.02966
2.45421
3.09877
3.08126
3.64222
4.04078
3.22656
3.43089
3.57567
3.08091
3.11032
2.86647
3.40222
3.89511
3.52128
3.28694
3.58642
3.08925
3.3333
3.33492
2.98481
3.09905
3.08492
3.19225
3.01613
3.20218
2.85881
2.79215
3.01313
3.28422
3.70727
3.56175
3.30214
3.52285
2.76024
3.31748
2.61429
2.86009
3.16303
3.04919
2.75215
2.78393
2.62882
3.13731
3.6578
3.48257
3.33184
3.51519
3.49399
3.58024
3.30145
3.23808
3.23303
3.09023
4.1804
3.35073
3.67666
3.44143
3.59768
3.65075
3.33904
3.39786
3.26635
