1.98818
3.09585
2.583
2.33932
2.636
2.75817
3.29889
2.99358
1.90945
2.96052
2.90669
3.47012
2.59235
2.48104
2.97232
2.7376
2.76877
3.16757
2.8414
2.39589
3.272
2.91308
3.35717
3.11309
3.55332
4.0223
2.83314
2.91951
3.22275
3.42722
3.53764
3.60825
3.57068
3.87981
3.51571
2.62661
3.13071
3.00325
2.69866
3.19002
3.43146
2.82749
3.3805
3.592
2.78923
2.7276
2.86528
2.58982
2.70962
2.62379
2.92448
2.73046
2.09454
3.42079
3.34434
3.40227
3.65564
1.71098
3.83706
3.27613
3.59136
3.38003
3.89467
3.01025
3.27683
2.83474
3.28974
3.27109
3.46777
3.73916
3.54925
3.28572
3.04274
3.39257
3.4216
3.22312
3.57276
3.18514
3.22098
3.50755
3.04167
2.94695
3.03808
3.12482
2.82547
3.15534
3.0778
3.48415
2.71801
3.43511
3.91709
3.3429
2.8518
3.61111
2.8435
3.07624
3.45144
3.45521
3.77137
3.49437
4.08972
3.5595
2.68388
3.17897
3.2555
3.98803
4.03916
3.57638
3.59687
2.4073
3.72627
4.31125
3.50222
3.22795
3.40679
2.77697
2.83689
3.29794
2.00731
2.77542
3.1946
3.46369
3.84699
2.84656
3.63488
3.32504
2.68081
3.0817
3.13968
3.48048
3.79943
4.01246
3.5442
3.84096
3.57164
3.20399
3.54444
3.12623
3.0657
3.11367
3.05272
2.56686
3.28599
2.88672
2.84298
2.81311
3.14847
3.58828
3.14043
3.16759
3.37564
2.55586
2.72839
2.82542
2.33969
3.11088
2.85198
3.18709
2.6792
2.9282
2.90334
2.79033
3.69095
3.80337
3.57784
3.64725
3.75464
3.81817
3.073
2.99577
3.11291
3.7925
3.00236
2.77179
3.67323
3.1562
3.67024
3.02667
3.37193
3.46529
1.95459
2.84768
2.47967
2.3303
2.50002
2.72768
3.14706
3.01352
2.04288
2.92813
2.79017
3.18692
2.42713
2.7211
2.8464
2.74291
2.79748
3.54367
2.82833
2.77838
3.33703
2.99714
2.92209
3.36515
3.53185
4.07828
2.95532
3.08523
3.14394
3.09077
3.7168
4.00401
3.69774
3.51358
2.78368
2.84289
2.81536
2.88345
2.97504
3.22344
3.31481
2.80202
3.42402
3.53902
3.20659
2.8155
2.83578
2.65007
2.52718
2.68574
2.82938
2.5276
2.14767
3.56221
3.29987
3.31756
3.95166
2.41852
3.57455
3.37851
3.3375
3.46595
3.95652
3.38818
2.83153
3.06757
3.41541
3.03344
3.82091
3.8942
3.3158
3.23891
3.01374
3.33142
3.20013
3.27325
3.00548
2.96625
3.13136
3.02947
3.06752
3.07287
2.86044
3.1035
2.91174
2.98899
3.25505
3.38476
2.71408
3.20923
3.88778
3.34664
2.7789
3.71105
3.14688
3.01228
3.82554
3.58026
3.40173
3.57925
3.80978
3.54075
2.88127
3.08104
2.98367
3.94005
3.26346
3.47428
3.67788
2.90922
3.62305
4.24176
3.54061
3.16457
3.8013
2.97297
3.06337
3.5131
2.45875
2.84569
3.23135
3.44424
3.5483
3.22223
3.50647
2.94039
2.97845
3.22506
3.13702
3.22492
3.79841
3.81044
3.4537
3.1792
3.6404
2.97971
3.59773
2.94111
2.96074
3.44818
3.515
2.83668
3.28152
3.08086
3.05801
3.00164
3.23854
3.21946
3.28545
3.23297
3.31977
2.64289
3.02196
2.8769
2.46966
3.18431
3.13079
2.96891
3.01377
2.57739
2.82365
3.24389
3.55705
3.76339
3.17273
2.79789
3.51575
3.569
3.48298
2.89189
3.31691
3.73633
3.21278
3.06407
3.39547
3.16264
3.40275
3.0183
3.60626
4.15323
