1.81507
2.72316
2.16003
2.13701
2.46262
2.64708
3.34113
2.76969
1.69756
3.1858
3.1793
3.11308
2.33931
2.65188
2.67223
2.7566
2.64301
3.12935
2.74195
2.91583
2.99299
3.04035
3.02115
2.78449
3.72318
3.5323
2.69312
2.99695
2.79482
3.16985
3.36793
3.69986
3.52322
3.72235
3.00696
2.52394
2.75044
3.15617
2.44885
3.09737
3.27421
2.60194
3.63831
3.53671
2.80664
3.00946
2.63344
2.12175
2.70237
2.62269
2.47408
2.53385
2.15942
3.27523
3.13496
3.33793
3.41596
2.14214
3.66373
3.28614
2.90496
3.74498
3.76201
3.28806
3.03768
3.49272
3.12955
3.19603
3.45385
3.74647
2.89575
3.54733
3.01798
3.22156
3.68978
3.47931
3.35667
3.20965
3.25201
3.1247
2.92532
3.04007
2.89918
3.01621
2.96447
2.94517
3.07502
3.55505
3.34937
3.68511
3.93312
3.73627
3.17161
4.01154
2.857
3.04632
3.09644
3.33517
3.43705
3.39753
2.97673
3.89121
2.97717
2.88761
3.12768
4.34692
3.21811
3.59918
4.18688
2.51384
3.59579
4.34339
3.36345
3.23243
3.43135
3.17448
2.98569
3.40836
2.43169
2.94282
2.69901
3.69714
4.22029
3.04881
3.48787
3.84431
3.01223
3.49861
3.47491
3.67677
3.5169
3.52219
3.47603
3.55264
3.39912
3.30824
3.24222
3.00378
3.07218
2.77152
3.34133
2.76857
3.24998
3.07423
2.9967
2.85836
3.63686
3.31241
3.26397
3.07958
3.17016
2.36438
2.99816
3.18832
2.66995
2.90896
3.06212
2.79742
3.16985
2.85147
2.82945
3.38485
3.50902
3.77825
2.73304
3.35862
3.66061
4.04123
3.47318
3.03703
3.16614
3.26828
2.87593
2.82165
3.3571
3.56374
3.57502
3.15254
3.42785
3.71141
1.70249
2.85219
2.24011
2.09577
2.42445
2.65046
2.94828
2.89062
1.6083
2.84948
3.06034
2.884
2.59567
2.61577
2.64981
2.55751
2.16989
3.34735
2.93832
2.63037
2.95437
3.09875
2.78007
2.9626
3.40211
3.54656
3.35918
3.55611
2.603
2.93417
3.16941
3.61442
3.56595
4.10648
3.07195
2.22224
2.55063
3.11102
2.2324
3.07592
3.11739
2.5865
3.30236
3.01515
2.69584
2.90672
2.92011
2.58679
2.91829
2.63211
2.44072
2.49868
2.08481
2.91645
3.06232
3.13042
3.41316
2.4766
3.34949
3.13933
3.77893
3.53827
3.61004
3.09812
3.5318
3.38155
2.999
3.16106
3.38322
3.15333
3.11569
3.17947
2.92411
3.11033
3.18672
3.7418
3.13771
3.06086
2.87465
3.05072
2.87806
3.31639
3.11953
3.09721
3.09914
3.09113
2.85966
3.36786
2.72558
2.96092
3.56214
3.7386
2.62659
3.7274
2.57604
2.86513
2.98752
3.0747
3.23984
3.30151
3.35899
3.06183
3.09964
3.08637
3.40075
4.01204
3.33302
3.47966
3.74251
3.59738
3.69899
4.36841
3.3041
3.14116
3.238
3.22387
2.87224
3.19996
2.41325
2.58772
2.7884
3.45414
4.27079
2.78154
3.38847
3.61281
3.17307
3.2681
3.09088
3.2064
3.79164
3.71269
3.66069
3.30095
3.26933
3.2971
3.15211
2.98982
3.09404
3.01838
2.76834
2.73105
3.24738
2.5862
2.81312
2.66667
3.26202
3.16714
3.16432
3.23548
3.11253
2.40992
2.98091
3.11224
2.82356
2.9075
2.93486
3.27891
3.13703
2.88419
3.37619
2.90059
3.38368
3.56837
2.66556
3.52056
3.89884
3.32948
3.6007
2.66829
3.00242
3.62622
2.96869
3.10995
3.52334
3.27839
3.52791
3.32197
3.71064
3.79209
