1.99926
2.85909
2.68116
2.50594
2.55936
2.85248
3.23321
3.15602
1.97898
3.08729
3.02503
3.08517
2.66864
2.80668
2.93373
2.49074
2.88586
2.87798
2.95833
3.36897
3.28572
3.23857
3.15962
2.91813
3.07929
3.56923
3.40033
2.78895
3.26711
3.293
3.53095
4.03231
3.72765
4.17254
3.3395
2.86147
3.00688
3.14115
2.76592
3.51394
3.70829
2.8029
3.39875
3.36636
2.72707
2.46775
2.66668
2.68407
2.80831
2.72032
2.87894
2.69316
2.35932
3.26493
3.12871
3.17301
3.61876
1.82027
3.58628
3.15604
3.47046
3.16053
4.06716
2.90397
3.0086
2.88413
3.15842
3.04712
3.41218
3.53296
2.99266
3.11539
3.04055
3.09751
3.32182
3.66909
3.51019
3.08874
2.85878
3.02519
2.77328
2.9297
2.96078
2.83786
3.14291
2.99027
2.93922
3.06072
3.29305
3.20839
3.9481
3.16909
2.74001
3.46147
2.84377
3.08881
2.98688
3.28293
3.56934
3.17689
3.37146
3.28159
2.71636
2.82333
2.92043
3.36626
3.08663
3.24726
3.82384
2.64705
3.90372
3.84334
3.37461
2.97646
3.11031
3.18882
3.13219
3.20768
2.19779
3.22016
2.38311
3.91883
3.90553
2.88423
3.71663
3.46052
2.92043
3.29138
3.12961
3.35318
3.84953
3.92447
3.30517
3.3909
3.20352
3.03716
3.1791
3.11318
3.08963
2.89281
3.0605
2.90615
3.22894
3.22295
2.87285
3.0653
3.34664
3.13205
3.08577
2.98992
3.35246
2.67117
3.63953
3.14174
2.88976
3.25592
3.02534
3.17749
3.14488
2.91563
3.26011
3.67779
3.42161
3.50548
3.47556
2.79467
3.49503
3.53549
3.43304
3.02073
3.17714
3.96997
2.96685
2.61391
3.3583
3.29769
3.39671
2.87592
3.47287
3.56738
2.04412
2.90584
2.42184
2.56823
2.68524
2.84698
3.17258
3.11299
2.13632
3.08266
2.61285
3.30017
2.45531
2.74847
2.8669
3.05167
2.82699
3.2716
3.12119
3.10298
3.37315
2.90001
3.17004
2.907
3.71625
3.93219
2.90267
3.63814
3.08169
2.72734
3.4048
3.75776
2.7835
3.4474
2.93235
2.76472
2.85875
3.0529
2.84434
3.25634
3.13684
2.99885
3.62385
3.18743
2.83347
2.65162
2.85242
2.87667
3.0425
2.94461
3.05662
2.75869
2.47011
3.28409
3.19338
3.49647
3.40314
2.16262
3.17247
3.43
3.11072
3.62457
3.59684
3.139
2.61835
3.2233
3.22814
3.04406
3.63074
3.52244
3.10486
3.08242
2.94422
2.74092
2.92748
3.32288
3.48473
3.00608
2.87645
3.02626
2.80155
2.83167
2.82999
3.00625
2.88359
2.83438
3.18445
3.50053
2.82473
2.57754
3.46394
3.72888
2.74602
3.24454
3.11565
3.16237
3.36831
3.53757
3.44899
3.60052
3.07226
3.29554
3.18276
2.8013
3.15834
4.09248
3.36313
3.5991
4.32668
2.9468
3.81894
3.98146
3.99578
3.58737
3.59046
3.11054
3.25036
3.43131
2.01618
2.83848
2.75203
3.8294
3.63083
2.56689
3.39223
3.30257
3.06312
3.56408
3.13395
3.60504
3.94962
3.68353
3.38133
3.41968
3.47624
3.13014
3.29295
3.10159
3.69035
3.33493
2.90987
2.88482
3.17584
2.96311
2.90424
2.89933
3.52152
3.14297
3.09578
3.2169
3.26871
2.50348
3.10267
3.2312
3.17997
2.80321
2.69121
2.90107
3.0164
3.37553
2.84132
3.58823
3.37021
3.30145
2.99039
2.80115
3.66914
3.39788
3.05712
2.79514
2.88544
4.00297
2.91614
2.70268
3.1896
3.16567
3.19121
2.87244
3.66055
3.58219
