1.96243
2.60831
2.16138
2.26743
2.54011
2.78354
3.05485
2.86175
1.83633
3.1455
3.028
2.85976
2.25366
2.58335
2.72469
2.45226
2.48664
3.51004
2.5149
2.69622
2.85562
3.52202
2.737
2.59748
3.23682
3.74009
2.74045
3.12487
2.63837
3.24895
3.64478
3.51898
3.73013
4.13869
3.38015
2.59074
2.61014
3.08781
2.37721
2.71123
3.0321
2.5231
3.48147
3.25539
2.90695
2.67006
2.6602
2.4527
2.74293
2.75689
2.54714
2.56162
1.87504
2.97721
3.06242
3.50593
3.67215
1.97751
3.69415
3.25853
3.74426
3.62776
3.73842
3.18433
3.80167
3.76132
3.44963
3.20268
3.97149
3.82945
3.07759
3.81673
3.05852
3.41527
3.43614
3.56352
3.74549
3.30976
3.08152
2.92759
2.87599
2.83307
3.35311
3.11394
3.21529
3.15368
3.27515
3.09325
3.06952
4.06383
4.16068
3.39576
2.77214
4.05685
2.50607
2.85184
3.15701
3.19421
3.44801
3.37554
2.97407
3.19631
2.409
2.6124
3.12533
3.50829
3.5056
3.1754
4.46357
2.41835
3.59773
3.7997
3.29682
3.46253
3.38511
2.99352
2.67928
2.87537
2.17096
2.80224
3.43014
3.50517
4.03976
3.40438
3.27233
3.50109
3.32919
3.39874
3.34426
3.46796
3.87358
3.87073
3.19076
3.31937
3.69536
3.0961
3.23693
3.04094
3.20487
2.89401
2.98017
2.62382
3.05528
3.07443
2.67879
3.03932
3.08084
3.07213
2.93777
2.8007
3.33322
2.25746
2.1899
2.65876
2.81752
3.10491
2.72758
2.83387
2.97969
2.51528
2.82612
3.07574
3.12246
3.1477
3.13211
2.85988
3.25798
3.51404
3.19605
2.99863
2.91262
3.91754
2.6426
3.04104
3.59911
3.19249
3.6064
3.00877
3.38716
3.70322
1.86568
2.70213
2.26072
2.12513
2.57488
2.62133
2.88225
2.93406
1.84779
2.6965
2.56424
3.13
2.32381
2.58098
2.59932
2.54337
2.54125
3.41822
2.76619
3.08473
2.84226
3.14233
2.91164
2.94005
2.79118
4.05208
2.78953
3.10591
2.99463
3.24023
3.62071
3.81719
3.51948
3.90172
2.89787
2.90109
2.68352
3.23044
2.54796
3.13348
3.31489
2.5404
3.76661
3.32679
2.7848
3.04569
2.55545
2.24918
2.64183
2.45475
2.71299
2.41195
2.02476
3.08104
3.00838
3.32562
3.66959
1.91348
3.26103
3.64144
3.70382
3.63712
4.07072
3.10495
3.14312
3.27297
3.28588
3.12673
3.94398
3.72186
3.14366
3.13136
3.15522
3.61945
3.75434
3.34052
3.73741
3.02818
2.94248
3.06593
2.95587
2.98174
3.42918
3.34563
3.25863
3.38364
3.23902
3.15731
3.05836
3.87148
4.06389
3.54809
2.51606
3.9723
2.51202
2.89787
3.0999
3.23086
3.55831
3.63434
3.66097
3.23008
2.59705
2.74988
3.16833
4.33996
3.86231
3.39326
4.24747
2.90526
3.54373
4.41643
3.78895
3.1369
3.90203
2.88128
2.87285
3.73295
3.07121
2.80796
2.65753
3.51152
4.10968
2.87454
3.5566
3.44094
3.33154
3.25082
3.30637
3.33507
3.86031
3.59957
3.26666
3.2585
3.35973
3.33754
2.93682
2.94966
2.96771
2.96926
2.85215
2.47491
3.01751
2.99309
2.74523
2.84066
3.08515
2.80448
2.89795
3.22399
2.94091
2.47556
2.4153
2.70048
3.205
3.16693
2.65091
2.94192
3.02344
2.83692
2.99216
3.36169
3.61985
3.70348
3.36565
3.07856
3.60534
3.23137
3.17815
3.10861
3.09304
3.79081
2.94869
2.84715
3.41606
3.23001
3.39243
3.34708
3.8532
3.90032
