1.73014
2.75073
2.4719
2.34153
2.49813
2.83708
3.00685
2.99815
1.82045
3.45553
3.06896
2.9414
2.48041
2.40301
2.87958
2.6604
2.66877
3.44117
2.70031
2.48629
3.15621
3.14455
2.8908
2.9104
3.3593
3.80294
3.01925
3.58184
3.12498
3.09323
3.514
3.93345
3.46656
3.68124
3.20583
2.4641
2.81489
3.07632
2.80496
3.33875
3.2148
2.85209
3.52964
3.36287
2.72926
2.74988
2.68703
2.59146
2.4405
2.69477
2.69896
2.72472
1.89932
2.64861
3.24074
3.35374
3.48567
2.46372
3.83926
3.34654
3.6421
3.52964
3.61168
3.09601
2.91161
3.37625
3.31003
3.25342
3.41869
3.88488
3.26941
3.11551
2.98186
3.4338
3.35904
3.21399
3.43614
3.31032
3.77093
2.77534
3.07155
2.83893
3.12557
3.08927
3.66574
3.03693
3.49321
3.37843
2.90817
3.34129
3.96003
2.94588
2.72241
3.47425
2.70767
2.9528
3.40788
3.80268
3.08329
3.26188
3.51472
3.45994
2.56306
2.86093
3.14914
4.34067
3.5091
3.66672
3.93408
3.2921
3.24687
3.88325
3.8332
3.05603
3.45076
3.13918
2.96497
3.29607
2.33722
3.29114
2.63439
3.58313
4.08412
2.99158
3.29005
3.44164
3.0362
3.26293
3.45527
3.81323
3.84784
3.68453
3.59431
3.05568
3.06774
3.12406
3.26664
3.32891
3.18187
3.52651
2.8517
2.88348
3.23824
3.07205
3.02932
2.8278
3.04387
3.29575
3.13428
2.99414
3.60739
2.67457
3.37107
2.77276
2.48817
3.47753
3.22199
2.59405
2.77339
3.26666
3.1175
3.04478
3.69893
3.62542
3.01817
3.18443
3.72019
3.42398
3.03415
2.83997
3.19926
3.85013
3.18003
2.91673
3.6719
3.62656
3.40325
3.02578
3.48597
3.60451
1.89683
2.92932
2.29569
2.28343
2.6238
2.59717
3.27268
3.02757
1.80345
3.15312
3.0698
3.26205
2.55753
2.88189
2.91789
2.68806
2.78718
3.21443
2.67025
2.32103
2.91217
2.71925
2.94927
2.77787
3.12295
3.60156
2.80275
3.26824
3.09133
3.47949
3.40609
4.01858
3.5332
3.85051
3.28179
2.65289
2.76252
2.94129
2.56085
3.09156
3.22052
2.6131
3.5499
3.35509
3.09196
2.66147
2.8008
2.38975
2.72904
2.69721
2.51743
2.51931
2.174
2.9726
3.11185
3.34212
3.32073
3.01144
3.10283
3.17155
3.75342
3.78018
3.78051
3.0746
3.47612
2.86933
3.06282
3.14287
3.57416
3.7141
3.40027
3.40786
2.96453
3.10225
3.21533
3.04521
3.59028
3.47289
3.2795
2.8718
2.72714
2.92052
2.98915
3.2136
3.08126
2.98902
3.12077
3.81684
3.25274
3.37629
3.81925
3.48666
3.07947
4.09443
2.96403
2.92321
3.23547
3.50903
2.84915
3.34425
3.47383
2.98985
2.72794
3.00824
3.0751
4.63204
3.34465
3.40141
3.51847
3.98792
3.20083
4.54066
3.63346
3.66192
3.29293
2.93296
2.90496
2.87261
2.46952
3.10795
2.98152
3.68563
4.1907
2.97732
3.44417
3.89598
3.3826
3.00819
2.70014
3.04479
3.7785
3.61797
3.41188
3.48216
3.2738
3.0279
3.10252
3.09836
2.91151
3.00093
3.01066
2.75952
3.25801
2.87262
2.72037
2.86236
3.06428
3.21197
3.09011
3.2846
3.32924
2.97881
2.87608
2.65366
2.92886
2.99596
2.85275
2.91689
3.03902
2.95134
2.82595
3.71027
3.63089
2.96251
2.61835
3.28973
3.69828
3.16691
3.24292
3.30206
2.99861
4.1218
3.09497
3.13136
3.23577
2.98107
3.6377
3.10539
3.57727
3.09652
