1.90897
2.67415
2.21314
2.24591
2.50116
2.78859
3.1971
3.11708
1.88184
2.83211
3.24394
3.5098
2.63351
2.61343
2.97188
2.86278
2.79998
3.37094
2.4691
2.71986
3.25913
3.14461
2.8975
3.02476
2.87428
3.91009
2.86162
3.30981
3.51399
3.33625
3.54764
3.97887
3.54926
3.76656
3.34765
2.66385
2.73495
3.51041
2.73499
3.2219
3.54926
2.6369
3.39104
3.4708
3.51328
2.72257
2.9289
2.4793
2.94223
2.58856
2.79581
2.6526
2.13777
3.39379
3.30583
3.29717
3.5329
2.23256
3.83943
3.29266
3.1629
3.71949
4.00235
3.00711
2.8644
2.97506
3.32387
3.44951
3.45181
3.63523
3.15835
3.08753
3.23248
3.48656
3.54411
3.36927
2.9973
3.09675
3.21471
3.00685
2.92647
3.1249
3.0568
3.16532
2.9609
3.08283
3.35202
3.27594
3.533
3.65608
3.70652
3.36451
2.50993
3.76277
2.70173
3.08129
3.98589
3.15416
3.27431
3.1365
2.90144
3.08924
2.77233
2.88374
2.93161
4.30428
3.66325
3.52964
4.33401
3.10256
3.59802
4.39363
3.34
3.04407
3.48298
3.25748
2.85965
2.73489
2.04855
3.27721
2.81611
3.86432
3.70717
3.03977
3.60117
3.50238
2.87991
3.35625
3.33799
3.58713
3.57161
3.88657
3.41406
3.34787
3.36178
3.57146
3.08347
3.06399
3.00838
2.94947
2.92295
2.6943
3.31744
2.89098
2.85418
2.79918
3.323
3.24876
3.04853
2.90308
3.28811
2.80011
3.55992
2.92634
2.6412
3.23425
3.08932
2.99308
2.90164
3.02025
3.23398
3.21862
3.75678
3.51674
2.90426
3.71454
3.70843
3.55948
3.29445
3.01226
3.17889
3.5929
3.27423
2.81231
3.56052
3.7628
3.66762
2.94701
3.62943
3.72567
1.88061
2.55813
2.36032
2.24535
2.49135
2.71643
3.44081
3.11117
1.81768
3.02219
3.16033
3.24024
2.53742
2.73838
3.10841
2.90234
2.78097
3.57673
2.88132
3.03573
3.30756
2.80141
2.68897
2.64955
3.15484
4.21207
3.16201
3.27518
3.30704
3.63191
3.61051
3.40366
3.89288
4.04611
3.2431
2.61194
2.58264
3.00382
2.78161
3.13208
2.90807
3.04957
3.78068
3.96275
2.93378
3.00648
2.94581
2.47363
2.85491
2.82564
2.82051
2.5849
2.30868
3.58477
3.42659
3.77546
3.28688
2.42103
3.42993
3.33974
3.67287
3.8439
3.94914
3.14035
3.25954
2.9739
3.55409
3.3954
3.64577
3.58623
3.40185
3.30853
3.45201
3.62239
3.49797
3.26247
3.41729
3.38327
3.15188
3.1732
3.30919
3.12628
3.36483
3.33488
3.28992
2.99825
3.21517
3.5438
3.25272
3.41782
3.5479
3.30791
2.51488
3.70127
3.18286
3.37933
3.52143
3.36634
3.43332
3.63979
2.85882
3.24377
2.857
2.80051
2.88364
4.1689
3.46949
3.5032
3.89997
3.45977
3.67991
4.01642
3.85903
3.17209
3.59085
2.98752
3.10512
3.33052
2.21487
3.14572
3.23435
3.92793
4.35111
2.642
3.52607
3.68697
3.29275
3.65237
3.42774
3.43278
3.33402
3.8457
3.49179
3.34239
3.21982
3.48645
3.13364
3.22927
2.98174
2.81836
2.80492
2.71102
3.30871
3.09152
2.96062
2.89867
3.20865
3.20513
3.05696
2.88641
3.48442
2.29129
2.6344
2.77082
2.80865
3.23463
2.72415
3.08835
2.87974
3.13585
2.82921
3.35874
3.66135
3.20182
3.06419
2.91267
3.45164
3.23603
3.32694
3.20091
3.14797
3.62023
2.78145
2.40148
3.34215
3.24053
3.74869
3.18659
3.60352
3.74722
