1.81958
3.00052
2.15509
2.16857
2.29198
2.67913
3.24093
2.89543
1.64559
3.1978
3.09139
3.23088
2.40774
2.73883
2.50492
3.06025
2.78045
3.40044
3.1072
2.61097
2.86373
3.11987
2.97333
2.80403
3.29729
3.59718
3.31585
2.94114
2.92864
3.16613
3.18649
3.54968
3.10917
4.09928
3.49423
2.41149
2.90731
3.2092
2.37453
3.2863
3.44896
3.05472
3.57575
3.33457
2.50926
3.07879
2.75284
2.54077
2.7216
2.68896
2.49221
2.56125
2.09153
3.32895
2.84818
3.38097
3.46641
2.33751
3.51079
3.24626
3.52973
3.43581
3.64717
3.42807
2.92239
3.36089
3.11868
3.21479
3.41005
3.55096
3.34345
3.47362
2.76657
2.84865
3.11369
3.19796
3.35211
3.19773
2.68218
2.84699
2.51197
2.94134
2.847
2.88427
2.68928
2.98501
2.95692
3.1837
3.44088
3.44695
3.33982
3.31653
2.9114
3.41881
3.33118
3.22265
3.20413
3.1374
3.4625
3.0849
3.67119
3.57546
2.58636
2.76928
3.04333
3.21103
3.3523
3.33004
3.93664
2.83984
3.23964
3.43882
3.65324
3.51648
3.19681
2.6684
3.01359
3.18948
2.07395
3.17456
2.7532
3.98878
3.87564
2.71972
3.24356
3.33644
2.81483
3.27545
3.09596
3.35412
3.61811
3.45708
3.55666
3.04155
3.20319
2.93549
3.44741
3.11879
2.90571
3.419
2.90561
2.44515
3.33661
2.88588
2.96867
2.91264
2.8985
3.35944
3.03952
3.10506
3.33996
2.31788
2.41711
2.75625
2.21768
2.47577
2.80275
2.82552
2.45277
2.65578
2.7798
4.44997
3.35975
4.09243
2.78188
3.82507
3.75354
3.49548
3.18446
2.93099
3.27875
4.02287
2.63918
2.7734
3.13665
3.17023
3.24812
3.0268
3.32322
3.59002
1.95454
2.96793
2.26613
2.35675
2.65256
2.63938
3.38598
2.77925
1.68721
2.96759
2.7552
2.97797
2.61415
2.72009
2.96425
2.86868
2.62368
3.63392
2.95499
2.52624
3.4143
3.06185
3.06403
2.76199
2.89231
3.20891
2.88112
2.76939
2.72674
3.1831
3.1718
3.53978
3.17914
3.74831
3.08319
2.3524
2.42834
2.74865
2.16644
3.23854
3.09076
2.69731
3.20136
2.89832
2.44928
2.38891
2.63421
2.55462
2.72016
2.83635
2.2684
2.60538
1.90828
2.83142
3.14512
3.40321
3.45353
2.66039
3.31867
3.02554
3.19363
3.58052
3.61271
3.42507
2.84046
3.5147
2.9093
3.04835
3.34577
3.50805
2.89526
2.88748
3.06144
2.85689
2.77484
3.27044
3.1623
2.91973
2.57762
2.97298
2.93508
3.03156
2.73
3.07985
2.80215
2.94481
2.98934
3.06283
2.77071
2.90023
3.57228
3.57483
2.57063
2.75879
3.008
3.00887
3.0168
3.51258
2.96257
2.9195
3.48792
3.15656
3.15878
2.62185
3.05744
3.57091
3.05078
3.33468
3.33931
3.09739
3.43567
3.33797
2.89249
2.93674
3.26856
3.04798
2.77847
2.97421
2.52572
3.02381
2.65371
3.88957
3.66687
2.41067
3.33294
3.57635
3.30069
3.42855
2.96443
2.94475
3.30508
3.59587
3.61364
3.56046
2.97405
3.55769
3.17684
3.24337
2.90592
3.41698
3.07211
2.44276
3.2014
2.86784
2.74494
2.95393
3.29966
3.21362
3.09737
3.05642
3.48993
2.56269
3.39621
2.69075
2.96581
3.01371
2.82109
2.94478
2.5726
2.56084
3.07815
3.58453
3.69119
3.51035
3.06317
3.25612
3.9216
3.38895
3.03256
3.01271
2.82401
3.73598
2.99974
2.61318
3.03707
3.17457
3.81597
2.94579
3.13654
3.7896
