2.13571
3.19417
2.53306
2.5403
2.71745
2.89497
3.26263
3.14893
1.85487
2.95884
3.04114
3.68216
2.24521
2.63778
2.82165
2.59041
2.51954
3.48464
2.65562
2.96686
3.31838
3.5636
2.8857
3.29107
3.58204
3.97593
2.97944
2.98376
3.00463
3.648
3.83473
3.69516
3.78741
4.17757
3.33593
2.67223
2.92812
3.33984
2.37258
3.46953
3.27796
2.44282
3.77259
3.11452
2.67291
2.91994
2.83092
2.28761
2.52474
2.92551
2.67672
2.55753
2.23449
3.32717
3.17176
3.73496
3.68327
2.38313
3.78992
3.50767
3.95308
3.81557
3.94369
2.97625
2.76151
3.07583
3.35912
3.2261
3.47875
3.53672
3.00385
3.54169
3.14163
3.78042
3.27758
3.29558
3.08557
3.31105
3.09919
2.99109
2.86755
2.79802
3.32757
3.13755
3.1336
2.91186
2.95077
3.1115
3.22972
3.41424
3.84474
3.71039
2.53106
3.5782
2.697
3.20865
3.12048
3.32025
3.5713
3.18051
3.67058
3.24887
2.64976
2.78327
3.13723
4.03
3.53593
3.30312
4.08165
3.03528
3.70465
4.53708
3.70348
3.14062
3.21634
2.86312
2.83064
3.40261
2.26576
3.12831
2.80593
4.06819
4.43574
3.27969
3.30303
3.60084
2.92883
3.24921
3.28641
3.51233
3.87971
4.16619
3.71748
3.41679
3.37414
3.09727
2.99114
3.34112
3.11648
2.87955
2.71869
2.9441
3.05209
2.98633
3.03901
3.0551
3.32584
3.30111
3.09033
3.30689
3.1655
2.49324
3.45381
2.72701
3.09251
2.65027
2.94321
2.77821
3.0107
3.00262
2.72629
3.45043
3.5678
3.70704
2.92786
3.7345
3.26259
3.26269
3.15972
2.78297
3.59209
3.86315
2.8075
2.9123
3.61415
3.23498
3.86094
2.87321
3.56831
3.93432
2.1771
2.88549
2.44072
2.5158
2.72241
2.77859
2.76994
3.05881
1.82312
3.52842
2.97262
3.3609
2.80321
3.1147
3.00251
2.86082
2.76673
3.5561
2.65582
2.49266
3.53404
2.78611
3.12185
3.10924
3.03611
3.84057
2.9949
3.72726
3.30931
3.51567
3.48826
3.39824
3.89925
4.05578
3.16614
2.68402
2.86529
3.34421
2.5544
3.14031
3.35091
2.38964
3.82811
3.27369
3.15233
2.91957
2.61797
2.63779
2.5774
2.59903
2.62396
2.72661
2.31765
3.45796
3.14761
3.14961
3.80061
3.39027
3.49027
3.77361
3.63299
3.62963
3.87156
2.88604
2.89077
3.23604
3.30311
3.2657
3.63639
3.78042
3.19635
2.84341
3.03136
3.45197
3.14296
3.42605
3.3258
3.04283
3.37839
3.10427
2.91959
2.89967
3.16428
3.29801
3.08794
2.81528
2.8902
3.38304
2.83616
2.85794
3.41731
3.68335
2.46671
3.51912
2.78371
3.08325
3.23844
3.58596
3.38859
3.49026
3.50775
3.31501
2.92143
3.17668
3.58252
4.26213
3.29034
3.3866
3.50356
3.00289
3.72942
4.59301
3.1542
3.04821
3.14882
3.20264
3.12307
3.26206
2.51827
3.33438
2.88808
3.71178
3.83469
3.00847
3.39658
3.41192
3.16165
2.8959
3.05606
3.1104
3.74951
3.7134
3.09263
3.22579
3.65618
3.64437
3.15253
3.28168
2.98705
3.0621
3.22574
2.85092
3.43357
3.16575
3.08617
2.83255
3.31214
3.06454
3.15857
3.09848
3.43466
2.7051
2.87705
3.31479
2.75137
2.71142
3.02681
3.55976
3.04543
3.14068
3.1343
3.55784
3.48122
3.42792
3.4986
2.42167
4.06164
3.48235
3.2333
2.78361
2.95425
3.61459
3.12462
3.0551
3.60536
3.09273
2.99207
3.02886
3.64019
3.74108
