2.07735
2.92616
2.39366
2.20886
2.3602
2.59735
3.04233
3.03767
1.72971
2.96398
2.46205
3.28648
2.23431
2.11063
2.61194
2.4195
2.60626
3.1756
2.36679
2.58337
3.26511
2.89548
2.95803
3.28665
2.81579
3.60107
3.19358
2.75147
3.13948
3.10947
3.20935
3.88238
3.67526
3.76653
3.15103
2.48694
2.72104
3.22168
2.59411
3.07684
3.14621
2.57023
3.45089
3.11854
2.67224
2.57721
2.81563
2.42055
2.77763
2.69151
2.70991
2.72243
2.082
3.18652
3.06387
3.28235
3.22827
2.10062
3.28117
3.15953
3.30353
3.15884
3.60795
3.5949
2.85715
2.95197
3.36779
3.17762
3.66262
3.41656
3.31466
3.29638
3.19829
2.82261
3.18776
3.27979
3.3328
3.02614
3.10337
3.34915
2.91388
3.16882
3.12404
3.23325
3.45908
3.15276
3.29121
3.34225
3.39291
3.17714
4.11429
3.33946
2.70043
3.87299
2.73178
2.85733
3.17067
3.2208
3.4151
2.86625
3.55098
3.0212
2.65171
2.9047
3.05217
4.22226
3.13057
3.14998
3.57498
2.55042
3.58566
4.10552
3.14665
3.25568
3.17054
3.21581
2.96134
3.26267
2.18936
3.4776
2.674
3.87208
4.11124
2.97205
3.16088
3.93887
3.04054
3.02628
3.09473
3.40054
3.82624
3.90056
2.93196
3.36557
3.12843
2.95716
3.10882
2.85951
3.1048
3.13514
2.81848
2.72443
2.87294
2.83605
2.84611
3.06538
3.058
2.98435
2.87855
3.17389
2.75211
2.57603
3.28719
2.92641
3.28046
3.18506
2.95712
2.65207
2.95205
2.64956
2.90561
3.79517
3.47832
3.93514
2.84504
3.05341
3.52882
3.56648
3.09532
2.91755
3.49093
3.56974
2.89142
3.0651
3.46911
3.21067
3.65829
2.80288
3.6439
3.38642
1.9822
2.6417
2.8084
2.27088
2.53489
2.63719
2.68672
3.08406
1.82765
3.24329
3.21094
3.08491
2.37799
2.52477
2.79617
2.52268
2.70141
3.2145
2.56871
2.48081
3.05623
2.58197
2.96111
2.67897
3.0006
3.33339
3.24567
3.30452
3.08725
3.13477
3.25141
4.01024
3.7149
4.21228
3.46371
2.72914
2.91212
3.1684
2.61928
3.17699
3.24554
2.67945
3.32843
3.35188
3.08168
2.41414
2.72389
2.45283
2.62433
2.74099
2.75195
2.77564
2.28269
3.22613
3.03088
3.76639
3.20935
2.2563
3.47319
3.12806
3.51001
3.7224
3.53354
3.45708
3.40589
3.03254
3.3019
3.00423
3.4765
3.09779
3.13445
3.38059
2.93781
3.37544
3.16564
3.45885
3.57522
3.27589
3.08387
3.0538
2.75712
2.94244
2.9285
3.04605
3.11634
3.05397
3.42963
3.75676
3.14387
3.24227
3.93927
3.51297
2.65794
3.27028
2.71075
3.13069
3.12284
3.16239
3.17087
3.00666
3.16189
3.03156
2.84177
2.82648
2.62154
3.66064
4.02722
3.31436
3.687
2.81171
3.61903
4.07493
3.42234
3.02518
3.36737
2.96492
2.72522
3.25352
2.3108
3.35353
2.94342
3.67395
4.22554
2.65177
3.57655
2.85094
3.32042
2.8233
3.1513
2.95883
4.04201
3.59453
3.20935
3.59285
3.20167
2.98897
3.29747
3.07925
3.21761
3.14292
2.89484
2.93396
3.30284
2.99834
2.90881
3.01591
3.07635
3.03037
3.02283
3.29131
3.13859
2.54907
2.61944
2.72586
3.05922
3.0428
2.83595
2.7206
2.80683
3.05033
3.03123
3.49497
3.44344
3.50371
2.75379
3.15978
3.63423
3.34211
3.2398
3.1958
2.94451
3.41321
3.09232
2.50297
3.07962
2.83688
3.5666
3.31813
3.26678
3.41535
