1.85683
2.4874
2.74403
2.12988
2.3678
2.48431
3.00015
3.06552
1.92265
3.18657
3.23015
3.69076
2.46914
2.54223
2.86601
2.5911
2.79988
2.97271
2.87613
2.37979
3.34468
3.05935
2.22579
3.36153
3.35762
3.95408
3.34504
3.27848
3.05475
3.09714
3.37685
3.81021
4.31012
3.76646
3.21869
2.91281
3.05098
3.21946
2.67024
3.3806
3.29136
2.58035
3.94817
3.40652
2.79734
3.54195
2.89729
3.04255
2.73162
2.56969
2.44756
2.45049
2.23046
3.27977
3.06724
3.51843
3.43468
2.85503
2.98015
3.07305
3.79519
3.77578
4.00958
3.06062
3.02517
2.91924
3.26428
2.98325
3.70877
3.55135
3.26951
3.41475
3.15776
2.93239
3.25679
3.32583
3.17039
3.21755
2.94605
3.15015
3.30299
3.22823
2.82413
3.03512
3.00283
2.88559
3.33662
2.94923
2.70688
3.08209
3.52497
3.37467
2.50494
3.76896
2.96142
3.14482
3.13615
3.43296
3.35239
3.55091
3.58242
2.9711
2.69633
3.16625
3.40392
4.02845
3.14831
3.47516
4.33957
2.77705
3.63156
3.71843
3.42271
3.11643
3.3501
3.14028
2.82153
3.55564
2.80988
2.92929
2.10633
3.48526
3.47369
3.11566
3.32277
3.40214
2.8382
3.01765
2.84538
3.20975
3.81703
3.73792
3.50642
3.04402
3.54339
3.21787
3.33338
2.75153
2.99087
3.27203
3.07654
2.82493
2.87934
2.96872
2.89122
2.89337
3.08636
3.4106
3.02962
3.00498
3.41415
2.68163
3.44563
3.03804
2.59677
2.76202
2.95888
2.4838
2.7087
2.7806
2.99627
3.25562
3.27789
3.18223
3.53024
2.7753
3.50926
3.57063
3.30336
2.9686
3.08084
3.77897
3.15423
3.02249
3.30558
3.00495
3.77259
2.90472
3.32756
3.29696
1.75662
2.48641
2.50518
2.21162
2.28665
2.44058
2.50956
3.30231
1.9564
3.10334
3.31629
3.85711
2.38549
2.61959
2.68293
2.49674
2.63317
2.90585
2.88225
2.02703
2.51115
2.36689
2.32327
2.93238
2.91862
3.77439
3.06047
2.87383
3.0352
3.29325
3.18455
3.56
3.8013
3.69257
2.88171
2.76887
2.78846
2.94235
2.57398
3.30548
2.91997
2.67795
3.74861
3.45558
3.15768
2.77424
2.76667
2.49601
2.90139
2.77288
2.60628
2.5778
2.52549
3.6572
3.43596
3.43405
3.43999
1.97305
3.45679
3.5485
3.77845
3.55898
4.17334
3.23808
3.38727
2.81846
3.07772
3.30794
3.68739
3.67448
3.00049
3.21399
3.02937
3.20461
3.02016
3.49017
3.16782
3.16635
2.88721
2.93505
2.88259
3.24814
3.12531
3.47239
2.88758
3.00364
2.90212
2.8453
2.73931
3.08513
3.11069
3.20911
2.38596
3.25146
2.79028
3.30312
3.43108
3.1659
3.54679
3.48356
3.65223
3.76632
2.71528
3.15185
3.00969
4.1243
3.35732
3.36908
4.12154
2.96089
3.49584
3.53053
3.98487
3.342
3.16496
2.64192
2.73502
3.44597
2.9069
3.09098
2.92849
3.29726
3.829
2.58478
3.3078
3.13839
3.08676
3.05483
2.89153
3.00493
3.94687
3.79204
3.13792
3.11365
3.44436
3.38598
2.80987
2.92004
2.7181
2.60278
2.69414
2.6815
3.08319
2.90605
2.81183
3.10484
3.43833
3.20269
3.16093
3.06378
3.00872
2.46929
2.61491
3.11648
2.62702
2.53315
2.79818
2.71312
2.58858
2.62082
2.97737
3.06078
3.39705
3.63951
2.86596
2.94968
3.33596
3.75276
3.15589
3.03059
2.76794
3.22308
2.51023
2.77307
2.80789
2.91581
3.11848
3.06787
3.22306
3.79774
