2.10971
2.71341
2.94944
2.32911
2.5767
2.93844
2.89486
2.81652
1.94706
3.02862
3.23643
2.88028
2.38783
2.63047
2.87543
2.73737
2.77988
3.24705
2.95253
3.12486
2.75444
2.31815
2.90865
3.43819
3.1541
3.68725
2.84086
3.23197
3.02644
3.21146
3.25046
3.94053
3.33194
3.90056
3.16479
2.23698
2.91801
3.1829
2.2668
3.31405
3.52416
2.37416
3.21512
3.15985
2.76213
2.59555
2.79503
2.87707
2.51647
2.66749
2.85104
2.82692
2.19768
2.61674
2.92636
3.09999
3.94655
2.05352
3.51249
3.57561
3.47741
3.4004
4.04997
3.09677
2.5218
2.93075
2.9322
2.96128
3.29331
3.81215
3.05286
3.11653
2.9944
3.00666
3.28162
3.33774
3.25908
3.25202
3.05794
3.19205
2.95499
2.7846
2.78088
2.78561
2.78327
2.84112
3.20477
3.2743
2.67619
3.07823
3.42343
3.10151
3.12922
3.82677
3.38127
2.94529
3.38023
3.188
2.82499
3.06896
4.05576
3.96845
2.7896
3.34616
3.32546
4.15904
3.36905
3.55139
3.82525
2.92476
3.28261
4.28122
3.46969
3.38254
3.35084
3.31626
2.92957
3.72237
2.14529
2.6504
2.71293
4.07409
3.52968
3.20292
3.23358
3.52036
2.75773
3.07229
2.89928
2.89333
3.63325
3.54154
3.19723
3.36984
3.21124
3.26969
3.35086
2.96573
2.99149
2.86306
3.05521
3.2363
3.06288
2.63046
3.02778
2.99048
2.94572
3.05511
3.13743
3.09268
3.31208
2.60042
3.1737
3.17536
3.03883
3.2503
3.04806
2.65909
2.59575
3.36408
2.86479
2.76908
3.45804
4.05975
2.59244
3.44971
3.70283
3.67791
2.95349
2.8866
2.88059
3.92059
3.48852
3.28857
3.434
3.01528
3.46317
3.29056
3.31164
3.46281
1.94229
2.90697
2.62534
2.55363
2.72042
2.67274
3.0864
2.96638
2.19141
2.87505
3.24921
2.90915
2.48022
2.84058
2.78826
2.07606
2.46529
3.59487
2.57586
2.64218
2.99455
2.61838
2.9895
3.50786
3.18176
3.21126
2.84326
3.40494
2.9355
3.27638
3.23481
3.78854
2.80568
3.75987
3.00145
2.81539
2.59908
3.18469
2.35032
3.1077
3.57894
2.54401
3.56225
3.06122
2.51806
2.29008
2.62217
2.6931
2.40383
2.49227
2.9004
2.62815
2.42151
2.94112
3.16608
3.4063
3.85923
2.61423
3.5992
3.75213
3.41964
3.66193
4.1461
2.88212
2.69868
2.86226
3.1145
3.10565
3.67756
3.40663
3.31776
2.70122
3.22142
2.82707
3.08458
3.28492
3.37565
3.11711
3.24677
3.11701
3.01793
2.92887
2.74504
2.92149
2.80213
2.86543
3.02008
3.33173
2.78086
3.17556
3.98012
3.51721
3.07396
3.65232
2.77847
3.01995
2.84552
3.42707
3.39861
3.03653
3.65147
3.41156
2.71203
3.07935
3.35899
4.55272
3.54417
3.4904
3.74647
3.76872
3.94805
4.39138
3.82561
3.08362
3.83813
3.12305
2.94954
3.38745
2.48647
2.54102
3.30807
3.66865
3.82356
3.22664
3.31068
4.00024
3.44151
3.04049
2.93808
3.07071
3.71477
3.2791
3.30953
3.33051
3.47383
3.25292
3.0726
2.90382
2.86394
2.91428
2.99655
2.82588
2.83251
2.7372
2.91364
2.87487
3.02629
3.24162
3.17489
3.05521
3.10336
2.60931
2.80153
3.12867
3.71625
3.23904
2.72367
2.76631
3.00088
2.67541
2.78623
3.63396
3.4379
3.87529
2.53541
2.93799
3.93169
3.74532
3.25417
2.71002
2.87562
3.43903
3.52269
3.16919
3.33464
2.92365
3.42512
3.58093
3.2781
3.66274
