1.93655
2.97102
2.54466
2.43175
2.76542
2.93232
3.11941
2.85274
1.84891
2.98829
2.75737
3.49415
2.37137
2.40635
2.9869
2.842
2.68717
3.35949
2.87278
2.57981
2.9896
3.4811
3.08868
3.11196
3.29521
3.91362
3.39169
2.98723
3.60501
3.3814
3.49932
3.70531
3.55914
3.84665
3.19242
2.47644
2.9216
3.25634
2.5611
3.26945
3.74478
2.52522
3.17012
3.57616
3.07626
2.66988
2.7913
2.43824
2.88662
2.90458
2.95446
2.76943
2.156
3.15052
3.18993
3.45692
3.63515
2.36407
3.08733
3.37214
3.47763
3.47685
3.70113
3.51997
3.27876
3.32475
2.94971
3.09873
3.53203
3.68641
3.12972
3.31758
3.33404
3.19407
3.35819
3.58129
3.33837
3.06523
3.09411
3.26678
3.02415
3.01716
3.19744
3.00529
3.1439
2.94403
3.59894
3.61526
3.13516
3.37856
3.30192
3.2046
2.70488
3.66372
2.95758
3.04748
3.28921
3.19984
3.19457
3.86238
4.02679
3.18541
3.00424
3.22712
3.247
3.66251
3.32445
3.27198
3.91287
2.48743
3.62338
4.44388
3.23152
3.11736
3.35493
3.1514
2.93106
3.29795
2.31605
2.65882
2.59434
3.40375
3.92227
3.28428
3.37836
3.87389
2.80307
3.37394
3.31925
3.58705
3.84181
3.86091
3.4324
3.16009
3.39686
3.37498
3.33066
3.14964
3.13542
2.92767
2.73319
2.80724
3.39034
3.01905
3.12405
2.99169
3.57114
3.19939
3.14342
3.2506
3.31686
2.73402
3.81874
2.98445
2.65726
3.09899
3.18777
2.88454
3.08233
2.78969
2.8977
3.22549
3.54813
3.6758
4.10148
3.32523
3.28862
3.37249
3.10763
3.0411
3.18927
3.82784
2.85562
3.39753
3.68922
3.28446
3.36616
3.0722
3.42223
3.23736
1.99887
2.76403
3.07706
2.55005
2.8459
2.84999
2.95017
2.77483
1.87951
3.09307
2.93979
3.44722
2.4864
2.73635
2.76026
2.51835
2.62577
3.18113
2.48874
2.96372
3.12257
3.19767
2.96302
2.72743
3.08354
3.64096
2.95776
3.72909
2.95278
3.49395
3.63916
3.58797
3.65842
3.89996
3.18517
2.25256
2.85677
3.30557
2.63554
3.35199
3.43357
2.65471
3.50523
3.2005
2.59517
2.79404
2.62977
2.63866
2.73317
2.94171
2.90418
2.8214
2.1037
3.0913
2.93466
3.38872
3.56724
2.35384
3.73568
3.30529
3.32228
3.49891
3.6908
3.00694
2.88077
3.00736
3.44344
2.99102
3.36755
3.80658
3.35147
3.02504
3.24839
2.90408
3.0099
3.61417
3.173
2.95393
3.00388
3.23155
3.02672
3.14794
3.04441
3.19694
3.04837
3.16275
3.00358
3.2868
2.75978
3.57007
3.76061
3.15479
2.77314
3.88108
2.74089
3.24833
3.25305
3.37053
3.24674
3.35881
3.22325
3.0997
2.81886
2.81178
3.34723
3.86002
3.28921
3.3745
3.88301
2.90696
3.60342
3.48014
3.31974
3.19891
3.11392
3.0358
2.91777
3.0399
2.25982
2.55717
2.67783
3.26499
3.89243
3.32333
3.29587
3.49578
2.94823
3.20325
2.89187
3.12435
3.7357
3.79009
3.22762
3.1919
3.44851
3.12725
3.48266
3.04365
3.05151
2.98783
2.69891
2.77599
2.92709
2.89118
2.77814
2.6541
3.74413
3.2165
3.34321
3.16045
3.46362
2.61568
3.13733
2.91208
2.69682
3.5181
2.98739
2.77478
3.01858
3.02409
2.97606
4.09661
3.49475
4.09084
2.80471
3.60234
3.60565
3.35782
3.23687
3.19283
3.0709
3.9202
3.01392
3.02811
3.38207
3.22789
3.77004
2.83497
3.50605
3.46376
