1.92975
2.87924
2.29968
2.40195
2.61894
2.80729
2.70561
2.87015
1.74503
2.77894
2.90473
3.19658
2.27943
2.74392
2.74956
2.33402
2.57644
3.14101
2.49944
2.93267
2.99165
3.4142
2.74477
2.6463
3.41794
3.62988
2.99832
3.15004
3.06579
3.21083
3.80703
3.98792
3.78405
3.61975
3.04695
2.24481
3.02631
3.28245
2.26676
3.09311
3.46127
2.46542
3.17955
3.51574
3.03189
2.90686
2.58355
2.04057
2.29217
2.38377
2.67052
2.6307
2.05469
3.27604
2.92993
3.29942
3.73724
2.39758
3.1416
3.10315
2.96697
3.35116
3.72024
2.96324
3.45361
2.8249
3.1582
3.19826
3.43735
3.69267
3.20359
3.34768
3.17595
2.89435
3.6112
3.38334
3.31191
3.0649
3.19758
2.62008
2.76015
2.81195
3.08312
2.88482
3.13373
3.19296
3.22028
3.45887
2.94008
3.29394
3.39143
3.55194
2.66032
3.63409
2.54376
2.96984
3.21922
3.02241
3.25761
3.67321
3.50043
3.3553
2.59364
2.91886
2.99239
2.89869
3.37253
3.11332
3.3761
1.96877
3.47585
3.10009
3.25528
3.03659
3.28509
3.20891
2.8076
3.50453
2.32255
3.68482
3.11377
3.60569
4.28076
2.96431
3.37637
3.4976
3.20128
3.28327
3.43497
3.70147
3.34362
3.89012
3.61769
3.2686
3.12736
3.49063
3.39957
3.46706
3.4337
3.44201
2.63218
2.5609
2.95913
2.91426
2.66678
2.38249
3.24498
3.46732
3.08152
3.0961
3.09244
2.25633
2.92424
2.91874
2.91315
3.04718
2.67342
2.85918
2.93232
3.47295
2.92542
2.97954
3.78111
3.48448
3.06007
2.98699
3.23665
2.98022
2.92734
3.12278
3.1388
3.21862
2.53976
2.61198
3.39462
2.99731
3.71986
2.81216
3.30222
3.05903
1.84965
2.8846
2.56054
2.38316
2.79591
2.68999
2.74646
2.88826
1.84892
2.84176
2.62648
3.205
2.49446
3.29293
2.51285
2.65695
2.46183
3.14598
2.48321
2.84967
2.63594
3.68398
2.55675
2.94559
3.73319
4.02247
2.92669
3.44562
3.27496
3.2181
3.62248
3.85139
3.13173
4.25189
3.38356
2.31134
2.56165
2.9744
2.47156
3.23702
2.90088
2.46135
3.67704
3.35393
2.77611
2.65588
2.82552
2.13206
2.40048
2.82582
2.86264
2.64452
2.31087
3.20372
3.41224
3.43448
3.77681
2.89861
2.85591
3.101
3.44022
3.39964
3.91758
3.33574
2.74628
3.16541
3.28302
3.03144
3.83283
4.01461
2.99068
3.53608
3.18924
3.27227
3.3205
3.26133
3.45268
2.89585
3.13924
3.41086
2.88182
2.77891
2.77715
2.95876
3.05014
3.06499
2.86613
3.41449
3.27265
3.23966
3.8061
3.28056
2.82776
3.2235
2.80525
3.06689
3.31637
3.17764
3.59911
3.38113
3.69899
3.76077
2.9088
2.928
3.08995
3.05205
3.32624
3.27431
3.29259
2.72112
3.55174
3.82563
2.99143
3.15189
3.10826
2.90158
2.91281
3.63797
2.43961
3.626
3.22886
3.53324
4.19267
3.01272
3.22122
4.18504
3.73005
2.92467
3.03097
3.26791
3.52285
3.54354
3.48778
3.3036
2.90897
3.23221
3.38985
3.25537
3.39236
2.93517
3.09405
2.94421
3.018
2.52216
2.63604
2.82593
3.18314
3.09449
3.13682
3.00004
3.0757
3.01779
3.86525
3.08242
4.00625
2.82588
2.90572
2.83811
2.86043
3.40935
2.93519
3.53194
3.47289
3.82553
4.06292
3.31472
3.13552
3.19323
3.16714
2.80931
2.68752
3.80936
2.89056
2.53696
3.65258
3.08721
3.28814
2.31564
3.32531
3.75634
