1.90168
3.23482
2.43093
2.30425
2.6842
3.03269
3.50625
3.09436
1.72991
3.03119
3.0733
3.34549
2.67503
2.71024
2.93016
2.60051
2.74137
3.25075
2.97754
2.81515
3.71441
3.38263
3.04908
3.2928
3.46131
4.23
2.98824
3.23184
3.46414
3.33373
3.6339
3.80189
3.43358
3.30891
3.40781
2.66808
2.76531
3.20295
2.54707
3.52748
3.45802
2.72423
3.34006
3.14232
2.72805
2.49722
2.85711
2.61133
2.19205
2.83367
2.5978
2.63537
2.1584
3.05967
3.25107
3.78475
3.37898
2.32091
3.8533
3.3213
3.35352
3.61245
3.70867
3.45188
2.93738
3.03217
3.14024
3.13461
3.39845
3.45377
3.27988
3.69163
3.03185
3.3967
3.32869
3.68178
3.48998
3.17899
3.1002
3.11469
2.99539
3.01617
3.18939
3.0972
3.17335
3.02733
3.35489
3.5994
3.33762
3.31753
4.00667
3.30445
2.43329
3.68506
2.93385
3.13481
3.36324
3.2808
3.59957
3.4651
3.67936
3.73552
2.76793
2.92486
3.50167
3.98603
2.87123
3.543
4.20749
2.34286
3.42468
3.93944
3.75696
3.39996
3.5869
3.21596
3.04349
3.22301
2.18443
3.30891
2.80974
3.89942
3.90559
3.15467
3.40531
2.98901
2.96405
3.50515
3.11278
3.44353
3.99691
3.63077
3.42325
3.42662
3.22737
3.3958
3.38095
2.72671
3.28639
3.19105
3.10658
2.64972
3.31557
2.86012
3.27052
2.96809
3.70238
3.18912
2.93859
3.12919
3.40216
2.93788
2.96888
3.04832
2.6113
3.51881
3.49136
3.17514
2.99833
3.05008
3.16177
2.9241
3.68727
3.587
3.20192
3.12334
3.66727
3.64286
3.4166
3.06278
3.17396
4.19241
2.95134
3.31152
3.67036
3.08423
3.53047
2.77883
3.37638
3.46994
2.00806
2.87372
2.726
2.3341
2.528
2.52417
3.2076
3.09665
1.92691
3.20989
3.03111
3.12294
2.34089
2.80069
3.07435
3.01818
2.73816
3.28241
2.69498
2.96937
3.31364
3.15631
2.64602
2.97866
3.14375
3.53875
2.98805
3.43017
3.0949
3.02225
3.57726
3.84309
3.41419
4.10807
3.19492
2.47645
2.85698
3.08753
2.65358
3.4696
3.39332
2.44568
3.45371
3.38832
2.69058
2.88274
2.69475
2.84596
2.71314
2.95277
2.63219
2.70002
2.24256
3.21688
2.95164
3.61365
3.73279
2.75373
3.62716
3.17603
3.56502
3.51732
3.88051
3.26127
3.16497
3.4984
3.37378
3.23336
4.02148
3.57488
3.50792
3.59387
3.11156
3.07092
3.1987
3.31894
3.50058
3.04212
3.04842
3.00732
2.83406
2.88453
2.93244
3.28397
3.09646
3.2139
3.41938
3.51045
3.04511
3.26581
3.44085
3.40032
2.65325
3.65335
2.91404
3.01739
3.08831
3.40966
3.41018
3.77567
3.53478
3.67943
2.81876
2.95935
3.18758
4.02411
3.38
3.52829
3.90788
3.7485
3.28689
4.18571
3.3898
3.01526
3.30501
2.99477
3.2164
2.95918
2.24859
2.62877
3.01455
4.00548
4.3995
2.72129
3.16576
3.74992
3.48681
3.43177
3.04066
3.08531
3.68194
3.57845
3.5169
3.29946
3.19077
3.12603
3.05564
3.13084
3.06671
2.71437
3.10492
2.94145
3.48164
3.0883
2.95011
2.98379
3.37633
2.84411
3.19725
3.06126
3.11462
3.056
2.5961
3.01046
3.39753
3.1186
2.93417
3.53239
2.99922
3.01955
2.71705
3.9207
3.59659
4.07081
3.70283
2.93459
3.52361
3.24341
3.05039
2.89889
3.20388
3.64674
2.81243
2.5976
3.52386
3.0857
3.39809
3.11566
3.28086
3.82154
