2.01743
3.09998
2.86349
2.48293
2.64409
2.89596
3.73532
2.98725
1.85055
2.99126
2.93495
3.3911
2.59754
2.65069
3.09457
2.90084
2.53378
3.23206
2.71725
3.24978
3.3935
3.09215
3.19949
2.94671
3.41796
3.69733
2.96123
3.05591
3.07096
3.22304
3.51034
3.86659
3.80213
3.9076
3.42714
2.84311
2.97032
3.07219
2.8925
3.41907
3.11217
2.85792
3.93509
3.79397
2.68641
3.11519
3.18925
2.74263
3.26667
2.70089
2.83144
2.91611
2.10944
3.33739
3.51802
3.32833
3.67124
2.15459
3.77282
3.31759
3.41711
3.56207
3.74084
3.12899
3.42585
3.52367
3.22006
3.19086
3.60147
3.53074
3.22257
3.5234
3.33681
3.0964
3.55823
3.55295
3.6663
3.42806
3.22657
3.47509
2.96763
3.17486
3.21551
3.11658
3.74277
3.25157
3.43373
3.56138
3.31728
3.75901
3.85245
3.49138
2.96835
3.11418
2.51206
3.11392
3.15585
3.53255
3.22943
3.69307
4.08605
3.78064
3.02246
3.00195
3.13533
3.26711
3.53424
3.50416
4.25887
2.76607
3.34431
3.55017
3.24102
3.1132
3.54374
3.56648
3.08747
3.38012
1.81279
2.84221
2.66138
3.95233
4.14667
2.77748
3.79127
3.04668
3.00804
3.65539
3.39302
3.50232
3.95074
3.44142
3.26459
3.39691
3.3104
3.72427
3.30676
2.82471
3.27995
2.88263
3.23463
3.01014
3.33656
3.13295
2.90163
3.12133
2.94729
3.25195
3.18605
3.29383
3.33788
2.67134
3.30873
3.11441
2.70367
3.45598
3.04746
3.1028
2.96499
2.72577
2.95676
3.37451
3.79534
3.72142
3.60639
2.89211
3.24872
3.49168
3.1671
3.17276
3.2663
3.77263
2.93831
3.03234
3.38287
3.53518
3.45262
2.87604
3.73897
3.84927
2.06928
2.47477
2.98181
2.52322
2.70824
3.01069
2.54271
3.11195
1.88131
3.3732
3.05417
3.33831
2.44455
2.6132
2.94289
3.15409
3.20564
3.35061
2.98335
2.79374
3.35722
3.06583
3.01803
2.9629
2.88454
3.64457
3.07089
3.15661
3.1662
3.43249
3.31724
3.61056
4.12354
3.76708
3.123
2.5641
2.84478
3.07167
2.7102
3.2847
3.08419
2.71677
3.99067
3.63641
2.88578
2.73922
2.75235
2.87703
3.01197
2.80904
2.85919
2.64943
2.35293
3.22985
3.2077
3.21503
3.68378
2.13283
3.81942
3.58067
3.77381
3.99152
4.14092
3.45137
3.37782
3.57539
3.50658
3.173
3.71194
3.80455
3.30516
3.69959
3.17698
3.26137
3.3411
3.73769
3.63574
3.37146
3.10349
3.46138
3.17962
3.22808
3.04869
3.22691
3.12986
2.8586
3.51204
3.30299
3.2471
3.34669
3.58674
3.43187
2.72234
3.35288
2.918
3.02096
3.31079
3.5798
3.10962
3.44305
3.40788
3.38184
3.04829
3.38601
3.45152
3.80524
3.36668
3.58851
4.19706
3.23173
3.77111
4.12585
3.28862
2.98006
3.51707
2.98705
2.68397
2.73942
2.40327
3.04862
3.04254
3.53817
4.26066
3.22642
3.56397
2.76612
3.345
3.82831
2.97903
3.15195
4.0629
3.66603
3.43844
3.31393
3.41456
3.59331
3.30708
3.21513
3.64292
3.13476
3.03384
3.00217
3.57603
3.04428
2.83717
2.88668
3.10696
3.52045
3.19637
3.05784
3.44679
3.32284
3.33655
3.06532
2.98271
3.54923
2.97479
3.36285
2.97479
2.70556
3.18265
3.27857
3.07615
3.63712
3.14357
3.01043
3.61312
3.45038
3.24993
3.10523
3.02876
3.71513
3.14005
3.05627
3.59014
3.25285
3.63866
2.99949
3.57229
3.42723
