1.84576
2.74352
2.5829
2.17827
2.69944
2.92624
2.8951
2.98814
1.57396
3.51843
3.00034
3.2563
2.32852
2.60638
2.89336
2.62344
2.69316
3.31798
2.64018
3.13518
2.96712
2.95809
2.94738
3.14986
3.09828
3.83055
2.90328
2.91537
3.42182
3.50587
2.90611
4.0773
3.52822
4.08987
3.13834
2.2952
2.98632
3.27143
2.16005
3.1833
3.15483
2.32952
3.63052
3.45122
2.81012
2.61234
2.84086
2.54003
2.78063
2.7648
2.14051
2.58035
2.15525
3.04764
3.196
3.22932
3.77645
2.03988
3.48489
3.49011
3.46155
3.26329
4.12935
3.43784
3.05434
3.20117
3.08746
3.18995
3.46133
3.88443
3.08729
3.23942
3.07983
3.04452
3.15974
3.35909
3.04
3.19858
3.04595
3.25262
2.52747
3.07031
3.0554
3.24852
2.91697
3.03808
3.27566
3.25487
3.12273
3.21167
3.67561
3.64884
2.70893
3.99302
2.80452
3.08511
3.17267
3.50282
3.08199
3.43246
3.75017
3.80141
2.90651
2.88771
3.24246
4.27499
3.4436
3.54478
4.06103
2.94752
3.45637
4.32267
3.31624
3.21442
3.45501
3.11386
3.01109
3.62245
1.95255
3.39288
2.34422
3.84315
3.96278
3.17947
3.3721
3.68452
3.17755
3.44959
3.21108
3.57054
4.00265
4.00644
3.38505
3.45766
3.40143
3.32008
3.17332
2.80607
3.17655
3.27022
3.06553
2.69072
3.08565
3.1667
3.10522
2.84877
3.1263
3.16907
3.29156
3.10825
3.45909
2.37696
3.39287
3.09583
3.12716
2.82017
3.18254
2.93211
3.08639
3.23335
3.23117
3.47508
3.42992
3.83221
4.18467
3.65675
3.91565
3.78846
2.9998
2.9843
3.22115
3.76026
3.08505
2.90707
3.46383
3.32867
3.56771
3.15478
3.65355
3.63694
1.82287
3.30212
2.44366
2.33755
2.62825
2.82595
3.38815
3.00756
1.5597
3.20483
2.51566
3.11179
2.67756
2.79369
2.90237
2.82094
2.84087
3.16389
2.8032
2.97825
2.77561
2.62641
3.18976
3.01165
3.16567
3.71514
3.07723
3.21817
2.47253
2.98163
3.23393
3.66401
3.58501
3.93325
2.87993
2.44372
2.59664
3.07617
2.1625
3.13063
3.24938
2.70171
3.71711
3.73382
2.70849
2.6501
2.64465
2.95214
2.57294
2.64555
2.25318
2.44075
2.11533
3.14717
3.12582
3.11304
3.64405
2.59703
3.31713
3.44518
3.54818
3.56898
4.11476
3.22813
2.84118
2.73159
3.17123
3.08168
3.57874
3.86673
2.88558
3.35536
3.07563
2.97207
3.02376
3.43393
3.2151
2.90735
2.85993
3.13241
2.93223
3.21359
3.00365
3.01043
3.00321
3.04841
3.25319
3.32047
2.90832
3.71188
3.49118
3.49265
2.70317
3.88511
2.82916
3.14077
3.36973
3.96568
2.94767
3.48838
3.5223
3.53813
3.0462
2.89455
3.48706
4.19931
3.272
3.36025
3.5147
3.58026
3.73746
4.4615
3.0002
2.71729
3.31554
2.72962
2.66885
3.26186
2.30331
3.3023
2.73484
4.00706
3.44662
2.97792
3.15417
4.02047
3.34679
3.53252
3.04269
3.19739
3.78446
3.6652
2.99854
3.50569
3.31151
2.92652
3.23574
3.21344
3.1708
3.47457
2.92996
2.86627
3.47089
2.68096
2.95031
2.88673
3.01425
3.07465
3.04877
3.1117
3.23434
2.52363
3.38581
3.21372
3.18806
2.80462
3.07337
3.02283
3.29425
3.19817
2.90604
3.62029
3.44872
3.50233
3.13776
3.60544
3.83506
3.23792
3.26469
2.81041
3.16066
3.63168
2.69022
2.84303
3.13052
3.53045
3.54288
2.97177
3.51194
3.78921
