2.18661
3.15703
2.48758
2.32169
2.52988
2.65616
3.11886
2.93757
1.93339
2.8012
3.10922
3.24879
2.42011
2.36426
2.91653
2.34993
2.6896
3.18313
2.86381
2.63846
2.76797
2.67106
3.22589
3.21704
3.37439
3.43711
3.10941
2.89123
3.22808
3.61682
3.2618
3.23924
3.3163
4.07822
3.42508
2.32753
3.10677
3.22279
2.74688
2.97715
3.06196
2.76682
3.65522
3.24387
2.9645
2.72274
2.68031
2.65579
2.82106
2.70325
2.62206
2.75649
1.92647
3.11678
3.12808
3.2002
3.54602
1.75357
3.41746
3.33861
3.19739
3.43369
3.82062
3.41177
3.27907
3.16211
3.05612
3.32029
3.42696
3.40551
2.90878
3.39899
3.19953
3.17685
3.28668
3.37921
3.21831
3.02503
3.05282
3.02499
3.02332
2.93506
3.21325
3.19877
3.05112
2.93896
2.95231
3.24356
3.07386
3.54706
3.83934
3.44065
2.77472
3.99996
2.68752
3.07557
3.18237
2.99889
3.34615
3.30019
3.6359
3.12132
2.9198
3.14652
3.16993
4.06045
3.25827
3.37701
3.85485
2.57037
3.40899
3.5346
3.51143
3.22998
3.65969
3.31608
3.12515
3.18546
2.12391
3.29548
3.08923
3.22596
3.93548
3.18921
3.74702
3.56156
3.18046
3.58293
3.44506
3.72872
3.89014
3.87477
3.30474
3.38051
3.39333
3.24089
3.45986
3.26249
3.15576
3.17469
2.99713
2.71199
3.39023
3.12527
2.92304
2.65755
3.11665
3.2463
3.21287
3.06406
3.35524
2.70121
2.81697
2.99341
2.97838
2.9935
3.14645
3.00565
2.80038
3.0463
3.04635
4.15911
3.55006
3.62099
3.62169
3.10101
3.50303
3.33075
3.0744
3.06543
3.00536
3.6481
3.3304
3.17259
3.56077
3.5366
3.63597
3.4373
3.13631
3.65449
1.96877
2.95937
2.36938
2.43288
2.62391
2.73668
3.10548
2.97108
1.85309
3.17043
2.907
3.14638
2.64577
2.62548
3.27559
2.90772
2.7644
3.12903
2.48405
3.14324
2.68802
2.97908
3.08981
3.1358
2.65959
3.47305
3.19921
3.43739
2.79668
3.26968
3.41949
3.60366
3.09428
3.83706
2.7897
2.61534
2.74466
3.07409
2.66785
3.21087
3.31151
2.80557
3.34704
3.10279
2.74222
3.05778
3.13007
2.4806
3.04994
3.06011
2.6643
2.71466
1.98281
3.26929
3.13766
3.1761
3.52695
2.05378
3.69319
3.13525
3.58754
3.53077
3.72978
2.85418
3.35433
3.2797
3.11322
3.19038
3.45865
3.53172
3.26069
3.48688
3.29278
2.90463
2.83
3.33722
3.26275
3.00539
2.9918
3.02638
2.90925
2.79912
3.14835
3.1909
2.98243
3.22193
2.97996
3.59847
3.15123
3.04862
3.59106
3.53624
2.63366
4.0214
2.96772
3.28163
3.2161
3.22694
3.3849
3.66748
3.19473
3.63085
3.0392
3.055
3.27848
3.92846
3.2428
3.59372
3.6775
2.76236
4.02049
3.90161
3.18144
3.0918
3.46537
3.14396
2.95258
3.01168
2.24805
3.05574
3.16084
3.21496
3.99219
2.75178
3.69861
3.39479
3.10481
3.40165
3.15373
3.30995
3.9334
3.49747
3.48064
3.02731
3.48141
3.22149
3.49553
2.94233
3.34599
3.14788
2.7403
2.93333
2.93331
3.03188
2.98528
3.0227
3.39947
2.95087
3.24246
3.14546
3.3966
2.65783
2.78946
2.91544
2.93301
3.1135
3.1155
2.89487
3.10323
2.9984
3.02941
3.64059
3.36588
3.73769
3.01775
2.89964
3.66047
3.47066
3.24941
3.03002
2.91638
3.81612
3.10134
2.69572
3.21058
3.16815
3.10355
3.43595
3.68934
4.00689
