2.15894
2.9758
2.7313
2.2812
2.50555
2.67121
3.03367
2.93691
1.96126
3.26932
3.24067
3.23325
2.65638
2.73222
2.95039
2.91085
3.04511
3.10825
2.60319
3.03779
2.73918
2.40049
3.00224
2.93565
3.70579
3.73992
3.30684
3.50885
3.19654
3.31196
3.63585
3.41246
3.3288
3.59109
3.53845
2.37731
3.08855
2.90486
3.08873
3.01705
3.28364
2.82424
3.51123
3.73161
3.22692
3.19645
2.98633
2.72079
2.85111
2.82844
2.76331
2.82899
2.15885
3.35719
3.11657
3.4593
3.33845
2.18428
3.35531
3.23381
3.28274
3.65439
3.53179
3.51943
3.61365
3.8309
3.54694
3.2304
3.4719
4.23715
3.03889
3.54245
3.20527
3.34124
3.46709
3.82627
3.36274
3.31788
3.62389
3.37647
3.05475
3.21482
3.28813
2.94263
3.42517
3.08463
3.1298
3.69243
3.12104
3.59967
3.58464
3.24953
2.83296
3.66874
2.89251
3.44189
3.08071
3.76223
3.61387
3.11434
3.55725
3.46071
3.21926
2.87392
3.19367
3.58225
2.98437
3.74249
3.97134
2.75697
3.61625
3.87008
3.30921
3.1125
3.57543
3.11652
3.24182
2.81131
2.16191
3.04342
2.90928
3.86082
3.2662
2.93735
3.0649
3.15999
2.73145
2.93995
2.84967
3.32775
3.53772
3.38885
3.46417
3.35203
3.49484
3.19418
3.6372
3.36273
3.12674
3.32848
2.77959
2.84845
3.19496
3.09931
2.96642
2.90385
3.06252
3.23206
3.44884
3.32143
3.23493
2.43568
3.42879
3.28403
2.5958
2.74323
3.33699
2.86545
3.10932
3.42731
3.19146
3.13845
3.23075
3.46802
2.46342
3.14209
3.7134
3.58125
3.44829
3.36586
3.33264
3.89653
2.79125
2.52179
3.02757
2.76144
3.49773
3.15527
3.50089
3.41235
1.84531
2.89783
2.7103
2.25454
2.50131
2.77963
3.13571
2.96672
2.11825
3.13316
3.43584
3.31353
2.43968
2.69287
3.38664
2.80863
2.53829
3.09378
2.70282
2.47406
2.94539
2.76508
2.45875
3.03859
3.07064
3.59428
3.22699
3.12807
3.41827
3.25699
3.56666
3.68102
3.55994
3.65177
3.30659
2.55632
3.12395
3.37643
2.86515
3.27021
3.16982
2.65526
3.18016
3.09171
2.90575
3.01977
2.88606
3.01542
2.81848
2.73467
2.76591
2.93944
2.26415
3.33383
3.20065
3.75425
3.55524
2.61575
2.9948
3.30722
3.66468
3.54618
4.03637
2.90741
3.33095
2.99747
3.3364
3.19659
3.51052
3.54615
3.22403
3.49612
3.51052
3.30737
3.56344
3.38924
3.6297
3.33981
3.31779
3.36462
2.99318
2.7548
3.15204
3.2079
2.98768
3.08157
2.90657
3.48627
3.01245
3.5786
3.36155
3.47064
2.81256
3.86645
3.18289
3.25766
2.9351
3.70707
3.15019
3.18602
2.79836
3.32281
3.17039
3.11286
3.66856
3.71406
2.89679
3.38747
3.92823
3.11291
3.65574
3.57858
2.99664
3.33474
3.27801
3.04513
3.17955
2.58688
2.08318
2.8368
2.62292
3.97097
3.74858
2.92003
3.02576
2.86586
3.10827
2.92014
2.94273
3.27399
3.87935
3.53399
3.46082
3.42214
3.25312
2.9347
3.2268
2.86671
3.00014
2.96329
3.03787
2.81659
3.41732
2.95206
3.03479
2.86865
3.13116
3.13767
3.63002
3.18881
3.23821
2.55783
2.65552
2.8814
2.60415
3.07009
3.10491
2.99685
2.67757
2.8596
3.43481
3.35278
3.30076
4.19446
3.01926
3.23671
3.5619
3.19442
3.45159
3.44508
3.15995
3.40803
2.8731
2.85927
3.03978
3.32038
2.89925
3.08215
3.77894
3.16671
