2.03374
2.8002
2.37768
2.18029
2.56743
2.84183
3.29415
2.84443
1.69176
2.8378
2.80426
3.04036
2.27171
2.69687
2.64577
2.49074
2.45453
3.112
2.5776
2.95075
3.30754
3.40029
2.70406
2.91349
3.72954
3.53683
3.46698
2.89399
2.99516
3.02879
3.80395
3.89271
4.23971
4.13923
3.34139
2.44372
2.57273
2.97157
2.55442
2.96952
3.40826
2.33671
3.59894
3.22576
2.67221
2.5582
2.34669
2.49638
2.37383
2.41017
2.63635
2.62966
1.93122
3.14191
2.94243
3.43193
3.64626
1.95058
3.02389
3.22741
3.68575
3.34403
3.48321
3.09123
3.67751
3.06085
2.7897
3.29326
3.57404
3.42104
3.31776
3.23574
3.31206
2.92188
3.01453
3.23386
3.32974
3.13831
2.97101
3.19516
3.01078
3.18171
2.96926
3.03398
2.88827
2.91657
3.34832
3.60699
3.02081
3.05785
3.52432
3.1569
3.13049
3.95385
2.61824
3.21597
3.03844
2.77442
3.313
3.27486
3.48753
3.37638
2.48917
2.97197
3.28268
4.31234
3.18604
3.43232
3.85226
2.67513
3.3245
4.32562
3.30335
2.9807
3.26199
3.17153
2.895
3.03473
2.57166
2.98867
2.65068
3.62116
3.54493
3.34651
3.44737
3.69831
2.90771
3.2598
3.22894
3.83572
3.64148
3.77799
3.16479
3.6133
3.53589
3.65829
3.58889
3.09567
3.17853
3.06203
2.91996
2.76718
3.49361
3.04552
2.7553
2.91177
3.83453
3.40915
3.28098
3.33113
3.39173
2.71634
3.09315
3.30235
2.44428
2.75242
2.76633
3.07453
3.06088
2.78506
3.13156
3.0592
3.65344
4.33798
3.50488
3.64472
3.66472
3.63447
2.90455
3.30759
3.0909
3.72328
2.93171
2.69961
3.78567
3.19725
3.77507
2.87016
3.37221
3.6943
1.91145
2.69712
2.51588
2.30675
2.61843
2.80474
3.03264
2.74387
1.62472
2.88742
2.72181
2.95679
2.45479
2.66719
2.73932
2.49635
2.58083
3.3031
2.87167
3.2137
3.27542
2.80644
2.71986
3.19454
3.25802
3.27761
2.65467
3.3484
3.15509
3.18915
3.85553
3.6745
3.46499
4.00778
2.86258
2.35853
2.65403
2.88474
2.27643
3.05583
3.38515
2.25236
3.07631
2.94491
2.74075
2.47657
2.53314
2.18255
2.58256
2.67224
2.3515
2.24018
1.89882
2.91528
3.20363
3.05583
3.67152
2.40102
3.5483
3.56794
3.61718
3.6355
4.02289
3.33946
3.07171
3.03477
3.0502
3.02937
3.66804
3.42392
3.1736
3.37283
2.9456
2.91452
3.06679
3.67269
3.45925
2.9065
3.06109
2.99976
2.9025
3.04615
3.06098
3.14636
3.04491
3.04617
3.00099
3.62579
3.16164
3.39527
3.8443
3.59155
2.82479
3.53347
2.55806
2.88849
2.75565
3.09655
3.22528
3.35434
3.26613
3.48656
2.56012
2.96384
2.9082
3.87813
3.2312
3.57143
4.04967
3.55433
3.63457
4.18055
3.33373
3.05774
3.13209
3.2613
2.74064
3.38313
2.39482
3.04125
2.61225
3.55101
4.14697
2.66904
3.47183
3.03039
3.04746
3.01819
2.9998
3.19394
3.87203
3.74272
3.13315
3.39584
3.66294
3.34985
3.48218
2.92314
3.40676
3.14117
3.22061
2.69178
3.42677
2.74114
2.79901
3.09005
2.75533
3.06512
3.31084
3.2025
3.0437
2.42623
2.97763
3.22122
2.80429
2.98571
3.06045
3.1835
3.02669
3.05866
2.7639
3.23302
3.54834
4.06176
3.19727
3.71338
3.54591
3.21503
3.22294
2.87576
3.09401
3.66496
2.71512
2.82439
3.1406
3.20389
2.88342
3.13877
3.56386
3.91981
