2.07949
2.82398
2.72082
2.46853
2.66296
2.90987
2.70441
2.84914
1.73864
2.87469
3.07515
3.31899
2.33414
2.4658
3.18651
2.76651
2.80911
3.11251
2.46426
2.86721
3.47597
3.4076
2.83595
3.2158
3.12179
3.68617
3.22978
3.20516
2.90638
3.41601
3.27685
3.75129
3.36134
3.93112
3.01526
2.79237
2.93921
3.22354
2.55336
3.06665
3.4963
2.73551
3.01164
3.54526
2.82749
2.69879
2.71919
2.82274
2.47443
2.77987
2.70741
2.66339
1.99832
3.31483
2.98843
3.21263
3.24138
1.98228
3.62445
3.75875
3.45665
3.33299
3.75349
2.84664
3.06207
2.98174
3.35764
3.11978
3.35298
3.70088
3.06215
3.00293
3.23282
3.16674
3.10212
3.36069
3.28087
3.08043
3.07004
3.15392
3.03282
2.78157
3.01133
3.08005
2.95042
3.04511
3.21517
3.44278
2.70785
3.04664
3.67995
3.30758
2.72716
3.7316
2.86939
2.94133
3.27888
3.4873
3.52752
3.1449
3.28002
2.80741
2.77413
2.80575
3.22617
4.26083
3.35172
3.8154
4.41238
2.98913
3.7224
4.54013
3.30434
3.30621
3.23724
3.01168
2.87974
3.11783
2.10015
3.04686
2.50892
3.57727
3.73203
3.10988
3.5866
2.97332
2.76581
3.38937
3.30152
3.434
3.40953
3.59338
3.35588
3.44845
3.30413
3.34852
3.60761
3.1616
3.48421
3.14716
2.72794
3.07574
3.04555
3.01075
2.87744
2.78311
2.93709
3.35896
3.14408
3.16085
3.49446
2.62628
2.86984
3.10822
2.51546
3.46616
2.87757
2.8439
2.94844
3.21145
2.60034
3.67333
3.39818
3.66057
2.85907
3.38246
3.10101
3.52858
3.32328
2.73769
3.07066
3.76165
2.7423
2.96364
3.64494
3.24472
3.23895
2.88091
3.58302
3.54002
1.95455
2.95293
2.85722
2.46462
2.56613
2.70952
3.00461
2.90693
1.85686
3.08242
3.07677
3.39148
2.53084
2.43956
2.97363
2.42662
2.55271
3.48634
2.69585
2.8842
3.05232
2.87162
2.91234
2.44284
3.24702
3.57394
3.26379
3.27162
3.62917
3.19114
3.29222
3.35409
3.78441
3.95747
3.26453
2.80394
2.99377
3.11218
2.70047
3.13047
3.70433
2.91095
3.34839
3.6266
2.84114
3.05764
2.74596
2.72701
3.15565
2.83571
2.65258
2.76189
2.08746
3.00711
3.15319
3.63403
3.72493
2.14525
3.77237
3.1988
3.94477
3.35963
3.90195
2.74912
2.70812
3.27674
3.47276
3.19292
3.47054
3.48745
3.3326
3.15137
3.09807
3.10588
3.10861
2.98237
3.25729
3.04415
2.89017
3.14018
2.77217
2.86239
2.81952
3.11186
3.05057
2.76791
3.30987
3.13288
2.69969
2.85462
3.83193
3.14966
2.53233
3.67344
2.87441
3.09845
3.29041
3.66978
3.10758
3.15041
3.25059
3.60841
2.83842
2.61035
2.9313
4.33825
3.30008
3.34758
3.62037
3.93026
3.69219
4.74836
3.55143
3.13047
3.58262
3.017
2.90212
2.81095
2.41126
2.6654
2.95588
3.48222
3.44976
2.70794
3.433
3.41089
3.03742
3.42068
3.15878
3.24
3.57569
3.57458
3.42037
3.00526
3.29608
3.07211
3.31402
2.92898
3.23878
3.2983
2.64707
2.71666
3.04238
2.7859
2.69372
2.75161
2.87271
3.46289
3.3476
3.30199
3.12979
2.74395
2.61925
2.90802
2.51994
3.18808
3.0502
3.01023
2.87984
3.26957
3.04255
2.88812
3.36433
3.7901
3.03212
3.3263
3.54292
3.26302
3.54339
2.75955
2.73771
3.81452
2.72948
2.5833
3.30163
3.51107
3.61821
2.9719
3.2385
3.82186
