1.87596
2.91217
2.2936
2.43291
2.47757
2.84615
3.00602
2.95116
1.79197
3.17421
2.87959
3.16625
2.75744
2.37088
2.74197
2.64272
2.54071
3.18809
2.54632
3.1614
3.15436
2.58258
3.07577
2.83271
3.28456
3.78233
3.02441
3.69379
2.70659
3.42425
3.5079
3.47569
3.26524
4.02183
3.18417
2.49258
2.71935
3.11788
2.41248
2.97234
2.9914
2.50249
3.60188
3.45763
3.0825
2.98946
2.73597
2.61256
2.74443
2.64869
2.51825
2.69218
2.01275
3.16908
3.05742
3.36994
3.40321
2.01153
3.65108
3.49752
3.46459
3.60914
3.91523
3.57133
3.16966
3.40774
3.30321
3.09859
3.75758
3.33626
3.13221
3.27377
3.18423
3.22169
2.96177
3.21142
3.33175
3.22548
3.00149
3.37147
3.21685
3.0892
3.11423
3.03403
3.35402
3.11251
3.05135
3.24729
3.17578
3.55372
3.29362
3.22121
2.80873
3.48931
2.73921
3.11832
3.35796
3.53017
2.97379
2.75765
3.2248
3.59489
2.6229
3.16212
3.22146
4.01612
3.3923
3.26913
3.75202
2.65148
3.50712
4.14256
3.06764
3.40366
3.11015
3.16175
2.9794
2.54096
2.2183
3.13613
3.12013
3.32728
3.3232
3.19368
3.39252
2.79834
2.74297
3.31166
3.38019
3.93433
3.43505
3.99694
3.63667
3.28147
3.54668
3.10534
3.74022
2.97686
3.57532
3.143
3.14219
2.47548
3.40068
3.1379
2.93952
2.99387
3.03752
3.21507
3.13299
3.05475
3.03038
2.6398
2.83873
3.18268
2.43194
3.29993
2.98509
2.97696
2.6851
2.95471
2.94963
2.7165
3.46078
3.01431
3.23943
3.18478
3.47008
3.95446
2.98794
3.10275
3.01397
3.8493
3.01528
2.712
3.4018
3.5192
3.64623
3.21432
3.46822
3.56661
1.92067
2.78371
2.46008
2.49126
2.5625
2.84168
2.67219
2.94779
1.78915
2.77092
2.58275
3.08557
2.54449
2.37508
2.97456
2.97568
2.80197
3.36297
2.65479
3.05404
2.45105
2.97867
2.78066
2.97325
2.76328
4.02084
3.19131
2.92814
2.93927
3.21228
3.5165
4.25476
3.6011
3.46631
2.83586
2.55681
2.67334
3.04859
2.5524
3.19203
3.25814
2.86498
3.56889
3.28355
2.82556
3.0651
2.83117
2.78949
2.74392
2.82511
2.50601
2.68553
2.43065
3.14646
3.33041
3.28964
3.64495
2.38502
3.1559
3.20834
3.4156
3.56603
3.68642
3.19116
3.39163
3.48976
3.0741
3.09811
3.60517
3.52989
3.01588
3.2607
3.0231
3.43242
3.21275
3.12526
3.11191
3.32485
3.05189
2.97595
3.15968
2.91906
2.89007
3.10173
3.1782
3.08936
3.03205
3.42436
3.11859
3.44904
3.23198
3.23319
2.90991
3.49627
2.86783
3.09137
3.36186
2.83546
2.96535
3.25555
3.06286
3.07963
2.70071
3.22561
3.46521
4.15968
3.23646
3.02843
3.83153
3.69052
3.501
4.22747
3.45898
2.99062
3.34043
2.7443
2.9164
2.41184
2.11963
3.0863
2.28613
3.1979
4.06863
2.88331
3.36659
2.77292
3.01161
3.43359
3.03959
3.54436
3.84987
3.63447
3.26158
3.32097
3.432
3.53056
3.2889
3.19506
3.12375
3.07438
3.09345
2.93764
3.17169
3.20546
2.88463
3.10456
3.31801
2.84789
3.24466
3.12661
3.28937
2.79188
2.37037
3.08806
2.65774
2.56841
3.02759
3.32107
3.30599
3.12067
2.9888
3.2783
3.14143
3.19823
2.44707
3.27072
3.85888
3.07779
3.20652
2.77564
3.17605
3.58206
2.83099
2.63221
3.21155
3.2793
3.22123
3.09302
3.85005
3.38756
