1.80698
3.49149
2.47028
2.19496
2.48064
2.76496
3.39263
2.95162
1.61928
3.27372
3.20369
3.01415
2.05558
2.76964
2.69271
2.88762
2.62852
3.05001
2.56489
2.67103
3.3656
2.97146
3.44334
2.72718
3.10644
3.98736
3.04269
2.92942
3.24545
3.17614
3.21052
3.75815
3.73731
3.71399
3.2529
2.55476
2.88748
3.26273
2.5989
3.39772
3.26999
2.75389
3.64438
3.40254
2.73649
2.94693
2.79575
2.74065
2.56175
2.86945
2.56391
2.79087
1.97045
3.24313
3.40363
3.38998
3.18147
1.7281
3.37149
3.63122
3.15448
3.57534
3.70532
2.96772
3.25712
3.46102
3.5148
3.17463
3.5904
3.56201
3.25186
3.54585
3.27463
3.51285
3.38807
3.47975
3.27095
3.16059
3.30512
3.19347
3.02977
3.08564
3.0989
3.30238
2.8517
3.11211
3.20853
3.32092
2.64241
3.40523
3.80026
3.60881
2.78508
3.78006
3.08138
3.13225
3.12566
3.75918
3.18027
3.2346
3.009
3.31494
2.91749
2.68954
3.15752
3.46873
3.13031
3.24232
3.6785
3.45712
3.53955
3.90951
3.15771
3.21767
3.37323
2.97641
2.98274
3.23441
2.21818
3.0479
2.3508
3.39745
3.81503
2.78239
3.16147
3.51015
2.64922
3.55988
3.29184
3.49466
3.72372
3.70659
3.05173
3.44417
3.16266
3.04202
3.43874
3.09704
3.10057
3.17068
3.20084
2.76296
2.82505
3.0093
2.96974
2.73696
2.82041
3.17912
3.03664
3.20182
2.8334
2.79714
3.20745
2.79265
2.67061
3.23336
3.39395
2.83764
2.7106
3.28401
2.92634
2.95272
3.31944
3.31123
2.92784
3.17141
3.72046
3.4316
3.14719
2.99709
3.09828
3.97738
2.70249
2.47289
3.10994
2.96012
3.26278
2.81675
3.37681
3.35442
1.83583
2.69089
2.54385
2.09988
2.49602
2.63733
3.1825
3.00948
1.65348
3.00684
3.38052
3.21296
2.43913
2.71905
3.01109
2.70675
2.55245
2.96508
2.84604
2.63352
2.95236
3.12665
2.53551
2.18711
2.94212
3.91844
3.09605
3.42676
3.30642
2.79415
3.22988
3.52525
3.69508
3.83351
2.98053
2.65302
2.93113
3.16949
2.73679
3.64882
3.53997
2.69821
3.6599
3.41892
2.8657
2.82161
2.64061
2.29241
2.93796
3.05054
2.5155
2.54944
2.14332
3.2133
3.27844
3.28685
3.01268
3.01927
3.16743
3.17477
3.3078
3.88256
3.97257
3.13205
3.47676
3.35066
3.36954
3.11475
3.68329
3.55011
3.06044
3.66568
3.31196
3.27246
3.51317
3.59026
3.62236
3.18396
3.38383
3.47034
2.92118
3.18068
3.26708
3.6864
3.27313
3.27895
2.97338
3.66192
3.33224
3.69609
3.27053
3.19999
2.5827
3.45518
2.75776
3.10762
3.32837
3.1681
3.42996
3.22789
3.05407
3.40268
2.76242
2.70641
3.02009
3.4855
2.98786
3.28703
3.69931
3.56923
3.9039
3.97931
3.44654
3.33934
3.75772
2.99959
2.77651
3.22118
2.58945
2.90257
2.61386
3.51945
3.9803
2.87894
3.24891
3.25319
3.17514
3.66486
3.25702
3.56848
3.98173
3.6661
3.56835
3.42124
2.89089
3.28588
3.51279
2.89039
3.02091
3.42758
3.14186
2.82963
3.02543
2.78578
3.14985
3.15268
3.30694
3.14476
2.97024
3.21406
3.43591
2.59
3.03252
3.15352
2.58786
3.17618
2.966
2.73678
2.78387
3.1572
2.79948
3.28345
3.49516
3.36222
2.98928
2.96942
2.91793
3.4714
3.28766
3.03952
3.07007
3.48748
2.53419
2.50821
3.0748
3.50551
3.24475
2.72468
3.23519
3.5841
