1.91447
2.78844
2.23156
2.16745
2.44339
2.72837
2.79081
3.01604
1.75676
3.43305
3.83554
3.47003
2.74115
2.92069
2.88758
2.70147
2.72705
3.32707
2.80741
3.26171
3.39255
3.41495
2.91008
3.35415
3.33964
4.04658
3.35374
3.27926
2.64163
3.32692
3.42463
3.66816
3.40607
3.70703
2.93788
2.39921
2.58082
3.15494
2.65567
3.1968
3.19594
2.45963
4.02396
3.78471
2.72977
3.33545
2.49772
2.46294
2.77304
3.0691
2.58168
2.65722
2.27632
3.24744
3.4907
3.43388
3.78553
2.75486
3.67413
3.92136
3.35641
3.42161
4.16124
3.23601
2.75601
3.18654
3.44044
3.3695
3.54934
3.44229
3.24619
3.25143
3.23531
3.25148
3.14592
3.57115
3.3091
3.25916
3.20683
3.22269
3.31019
3.18603
3.3682
3.2477
3.39053
3.20075
3.42741
3.40503
3.47332
3.76817
3.74645
3.36515
2.95106
3.38612
2.69242
3.21314
3.64777
3.4594
3.06229
3.66812
3.65231
3.46497
2.3553
3.01508
3.09946
4.66997
2.96543
3.53627
4.07842
3.06335
3.74038
4.11758
3.48234
3.78784
3.66107
3.10884
2.80828
3.48987
2.40763
3.43478
2.576
4.3681
4.09139
3.32381
3.73188
3.81566
3.22023
3.42485
3.28444
3.22908
3.55493
3.65212
3.47312
3.8245
3.40839
3.33765
3.30913
3.29429
3.35509
3.20458
2.9888
2.86382
3.37043
3.19426
2.98935
2.85597
3.43274
3.43839
3.42457
3.26876
3.30895
2.88333
2.69858
2.96091
3.10425
3.33304
3.10961
3.25149
3.47236
2.89445
3.12399
2.78958
3.58769
3.60303
3.25498
3.25607
3.77562
3.68149
3.17904
3.49554
3.20646
3.91397
2.82288
3.31098
3.26961
3.12114
3.97353
2.90852
3.90903
3.7671
1.97404
3.2534
2.38287
2.32217
2.56724
2.72402
3.03914
2.92658
1.75026
3.14089
2.83489
3.5418
2.53136
2.30606
3.1221
3.0051
2.60693
3.3752
2.78165
2.77489
3.10017
3.1793
2.84475
2.80122
3.19283
3.86736
3.05022
3.3476
2.49908
3.21212
3.49112
3.79135
3.3444
4.09563
3.06054
2.57538
2.49208
3.06905
2.67564
3.39345
3.51865
2.52195
4.01711
3.61151
2.89504
3.27997
2.85161
2.49245
3.02098
2.90792
2.53422
2.54498
2.06278
3.27934
3.38693
3.23655
4.0112
3.00469
3.84824
3.92493
3.9129
3.98833
4.19391
3.45278
2.84684
2.98247
3.6878
3.30018
3.65584
3.66629
3.19506
3.42845
3.29716
3.04446
3.1687
3.21146
3.57672
3.14271
2.96659
3.1199
2.69763
3.21072
3.15722
3.42443
3.56491
3.13058
3.35147
3.79914
3.46621
3.62307
3.76834
3.63113
2.82807
3.28246
3.193
3.27898
3.17734
3.36238
3.21791
3.20727
3.26632
3.08152
3.07948
2.89955
3.14567
3.96445
3.22869
3.15157
3.88289
3.25507
3.97192
4.64965
3.61929
3.34242
3.17695
3.12595
2.80263
3.43305
2.2485
2.99845
2.83912
3.78699
3.9439
2.57932
3.63886
3.98886
3.51249
3.30025
3.19182
3.03086
3.5619
3.72573
3.25398
3.71244
3.17118
3.10568
3.11706
3.1351
3.09035
3.2848
3.00408
2.67724
3.55885
2.9607
3.11863
2.76928
2.8109
3.46731
3.28752
3.04704
3.10491
2.44373
2.91065
2.94374
3.60099
2.54398
3.10183
3.39508
3.04849
2.80315
3.07124
3.52054
3.5074
4.36394
3.41281
3.12668
3.48059
3.02214
3.03489
3.34858
3.28185
3.25738
3.15438
3.08784
3.16009
3.55577
3.56583
2.93713
3.69049
4.0212
