1.97891
2.80965
2.51789
2.34796
2.34639
2.76021
2.66247
2.82604
1.64058
2.79843
2.89531
3.23804
2.40951
2.20812
2.72018
2.40593
2.54548
3.22024
2.62207
2.53864
3.37542
3.11881
2.68443
3.15685
3.02725
3.94222
3.43747
2.89899
3.2575
2.9441
3.19656
3.30775
3.17503
3.25238
3.00732
2.37135
2.63032
3.13524
2.316
3.23971
3.08909
2.40459
3.48133
3.37977
2.48402
2.3789
2.49527
2.70323
2.47201
2.54579
2.4716
2.57184
2.23514
2.85254
3.2012
3.24077
3.7596
2.03135
3.70995
3.43719
3.3819
3.24757
3.85418
2.99971
2.54967
3.15998
2.81722
2.97914
3.58619
3.31356
2.75843
3.52155
2.99383
3.68372
3.13641
3.26355
3.16672
2.84514
3.37044
2.95743
2.87103
3.14348
2.97249
2.93656
3.27665
2.96982
2.96725
3.39892
3.10089
3.84669
3.36944
3.0845
2.47462
3.85236
2.63731
3.0245
3.03278
3.13224
3.19532
3.63977
3.17372
3.38315
2.42674
2.92948
3.0339
3.91922
3.24761
3.16785
3.30791
2.82453
3.38706
3.94775
3.25562
3.06148
3.64617
3.46092
2.68719
2.89665
2.30893
2.9927
2.60773
3.068
4.46018
3.23573
3.58923
3.82839
2.7698
3.41499
3.14856
3.59699
3.87596
3.47794
3.7084
2.97514
3.51305
3.01536
3.22124
3.29351
3.31869
2.85229
2.83592
2.72753
2.90611
2.90316
2.83534
2.5529
2.98822
3.43658
2.92326
3.03155
3.15558
2.70205
2.86409
3.10079
2.72999
3.3039
2.91363
2.71727
2.63258
2.60735
2.51132
3.41347
3.12112
2.50209
2.32878
2.98469
3.15796
3.23874
3.17346
2.70206
3.09887
3.25972
2.86706
3.2572
3.81182
3.05971
3.35988
2.61623
3.2246
3.44499
1.85539
2.70635
2.48743
2.33458
2.35115
2.71333
3.16262
2.91375
1.71281
2.77322
3.08391
3.17719
2.14723
2.59155
2.60642
2.40244
2.60387
3.40253
2.51299
2.73443
3.02763
3.26449
2.67942
3.30411
2.92944
3.68974
3.18801
3.14127
2.28842
2.93321
3.03931
3.69292
3.73175
3.65702
2.82846
2.5087
2.63993
3.33371
2.13935
3.23751
3.24173
2.59451
3.49468
3.00968
2.78408
2.74114
2.80336
2.60231
2.51748
2.85135
2.72501
2.56281
2.2605
2.6726
3.1199
3.39354
3.54117
2.09636
3.71067
3.49443
3.17431
3.27325
3.77071
3.03278
2.99128
2.82871
2.89079
2.92099
3.44693
3.48031
2.85408
3.2773
2.83479
3.49606
3.24167
3.1706
3.32288
2.83433
2.92152
3.02314
2.64436
2.67005
2.79037
2.84984
2.93569
2.80111
2.83598
3.59242
3.06093
3.83256
3.11171
3.58338
2.74854
3.80586
3.1032
2.99655
2.97189
3.16599
3.17481
3.35107
3.86729
3.45362
2.72078
3.35064
3.271
3.55821
3.24717
3.44191
3.87067
2.65616
3.54939
3.52571
3.09865
3.15256
3.43306
2.92107
2.68269
3.23203
2.25303
2.96434
2.95854
3.16131
3.79793
3.1223
3.88516
3.71529
2.94906
3.54418
3.11539
2.97941
3.75833
3.30687
3.66003
3.05169
3.61957
3.15749
3.19968
3.1038
2.91269
3.08863
2.99547
2.77477
3.19912
2.98682
2.90152
2.67674
3.19556
3.35883
3.08187
3.06438
3.15288
2.53699
3.15541
3.0019
2.74141
2.84829
3.12224
2.80184
2.84671
2.77106
3.13222
3.92838
3.42927
3.13017
2.70289
3.30932
3.32623
3.63747
3.13497
2.65555
2.68151
3.77155
2.9496
2.73665
3.46269
2.84163
3.29884
2.85524
3.63304
3.03921
