1.82209
3.10205
2.42124
2.17565
2.31663
2.75414
3.17616
2.84959
1.61777
2.76686
3.0662
3.2194
2.34564
2.52413
2.83258
2.56372
2.54289
3.41857
2.67238
3.00858
3.36256
3.46443
2.71093
2.71477
3.27515
3.52547
3.00866
2.88298
3.05933
3.25465
3.4486
3.62738
3.31767
3.42112
3.33974
2.29021
2.75771
3.18865
2.72159
3.16906
3.16052
2.29513
2.97452
3.13149
2.75365
2.56701
2.47744
2.40574
2.61132
2.62007
2.46921
2.53508
1.9807
3.08282
3.10914
3.36649
2.90838
2.67648
3.99143
2.97766
3.33052
3.69456
3.49519
3.45363
3.04589
2.89453
2.91534
3.08014
3.4875
3.53332
3.11369
3.11133
3.02653
2.82451
2.78814
3.04319
3.10831
3.15091
3.14052
3.171
2.99998
2.76142
2.91405
2.83918
2.56189
2.72079
2.79451
3.27979
2.84447
3.17042
3.27975
3.25916
2.46871
3.42684
2.86326
3.10821
3.17336
3.4889
3.30161
3.3524
3.39107
3.11279
2.51036
2.88178
3.23467
3.64113
3.41817
3.35134
3.75516
3.27948
3.67517
4.08787
3.35442
3.17184
3.2883
2.88158
2.85732
3.27514
2.32809
3.37737
2.53263
3.19164
3.11629
2.98347
3.8773
3.1044
2.883
3.31241
3.51029
3.55158
3.57535
3.77238
3.38583
3.20164
3.30461
3.3015
3.3819
3.14655
3.18905
3.0643
2.93099
2.80945
2.99461
2.95244
2.82084
3.09317
3.16796
3.18963
2.89362
2.98988
3.01003
2.28927
3.42306
3.05052
2.65511
3.2688
3.01674
3.14302
2.70476
2.89251
3.08316
2.9586
3.15457
3.6656
2.84167
3.14539
3.359
3.35729
2.99639
2.73429
2.63497
3.90641
3.11129
2.52997
3.53778
3.18591
3.43394
3.21449
3.37542
3.58308
1.74801
2.35938
2.34331
2.18704
2.42133
2.53533
3.23731
3.04809
1.77751
2.98953
2.93953
2.88005
2.26207
2.4683
3.09788
2.37959
2.47672
3.33717
2.69954
2.83016
2.68669
3.21132
2.71687
2.71611
3.0592
3.37871
2.72135
3.14286
3.16277
3.05948
3.36506
4.02923
3.14301
3.75204
2.91005
2.42178
2.66534
2.81273
2.53938
3.09322
2.88978
2.235
3.21214
3.16699
2.98191
2.71742
2.55568
2.49659
2.32161
2.60289
2.65813
2.51061
2.23339
2.9768
3.20933
2.93226
3.50092
2.41405
3.32654
3.12321
3.08149
3.4079
3.68907
3.16883
2.7719
2.8306
2.93504
2.87015
3.45565
3.2789
2.94888
2.93976
2.98895
3.11752
2.83081
3.37012
3.06047
3.14398
3.12445
3.02698
3.00867
2.65387
2.99333
2.74974
2.87176
2.72038
2.70378
2.99919
2.59111
2.66972
3.50652
3.25913
2.47448
3.29777
2.79406
2.87648
3.1849
3.2175
3.32908
3.16345
2.98981
3.35584
2.5884
2.71726
2.74609
3.90583
3.38038
3.13662
4.07956
3.63331
3.5072
4.37604
3.64954
3.00555
3.39784
2.98146
2.59618
2.75876
2.47979
3.20818
2.54625
3.13688
4.09154
2.74088
3.39686
3.4736
2.99805
3.38306
3.36453
3.4918
3.56096
3.37361
3.25463
3.40447
3.38306
3.28262
3.09137
2.96926
2.8916
2.86391
2.68438
2.6112
3.11244
2.79439
2.67496
2.60624
3.00095
3.15465
2.94016
2.83584
2.80987
2.18235
2.91377
2.91467
2.55229
2.94022
2.47292
2.84866
2.78955
2.95305
2.83323
3.29592
3.55341
3.96633
2.44986
3.32084
3.66369
3.67652
3.21059
2.84737
2.86967
3.78153
3.00704
2.594
3.15721
3.01499
3.20719
3.32539
3.35054
3.39764
