2.05702
2.88477
2.5955
2.23828
2.59703
2.89279
3.01681
2.48362
2.65552
2.56523
2.79642
2.39417
2.68398
2.51041
2.8422
2.3166
2.83663
3.13506
2.38729
2.90511
3.20212
3.15091
2.71791
3.2277
3.38762
3.55502
3.14464
3.01706
3.16366
3.19766
3.5661
3.70024
3.27705
3.94637
3.11448
2.95601
3.20407
3.20978
2.60292
2.96765
2.97741
2.74306
3.98657
3.41965
2.78533
3.47227
3.13612
2.64367
2.4206
2.79987
2.97932
2.66782
2.5956
1.75781
2.43794
2.17895
3.13826
2.60158
3.45088
3.30577
4.03462
3.52757
3.95002
3.12557
2.88843
2.97128
3.42589
3.27716
3.55696
3.48216
3.45737
3.34862
3.37468
3.24698
3.23001
3.35792
2.99649
3.12949
3.10728
3.51004
3.15741
2.93217
3.18996
3.20586
3.0483
2.95524
3.28542
3.09347
2.90791
3.30925
3.23707
3.42004
2.86005
3.46008
3.01185
2.88377
3.0287
2.85324
3.28022
3.65491
3.71216
3.38688
2.84037
2.76151
3.01374
3.81678
3.10627
2.98066
3.90786
2.49134
3.26653
4.15696
3.30921
2.85738
3.14162
3.48343
2.92589
3.58288
2.05124
3.29863
2.46944
3.74557
3.44235
2.94124
3.28776
3.36633
2.90637
3.11232
3.2673
3.86826
3.86059
3.79021
3.92932
3.55687
3.40991
3.33577
3.54589
3.1546
3.35917
3.3813
2.826
2.65847
3.1968
3.0631
3.02492
2.54555
3.14567
3.536
3.42474
3.46493
3.31628
2.8433
3.1298
3.06335
2.88397
2.70801
3.09038
3.1024
2.83293
3.09052
3.10086
3.12616
3.29019
3.69844
3.23745
3.39485
3.58242
3.83645
2.85708
2.98042
3.04766
3.2
3.0408
2.88595
3.40107
3.05667
3.36787
2.7237
3.45769
3.51201
2.00823
3.01406
2.36749
2.31099
2.79417
2.6865
3.33053
2.95929
1.92685
3.16291
2.829
3.01959
2.47028
2.7816
3.04947
2.79937
2.98273
3.34032
2.96772
3.04899
3.23201
2.59073
2.86557
3.2364
2.93555
4.14847
3.18661
2.90117
3.55248
3.08038
3.43883
3.44233
3.69293
3.84273
3.14209
2.69588
2.51615
2.94392
2.51207
3.18532
2.93829
2.93327
3.81555
3.16267
2.8826
2.88361
3.10025
3.2
2.65131
2.65
2.66092
2.58212
2.1347
3.35797
3.20565
3.14169
3.24269
2.48926
3.70112
3.51655
3.58238
3.967
4.07015
3.42687
2.87943
2.76493
3.49447
3.32357
3.60968
4.19466
3.15053
3.34026
3.03705
2.8975
3.0098
3.38943
3.23278
2.98884
3.10789
3.08413
2.89659
2.81994
2.759
3.08114
2.9732
3.14612
3.26162
3.40099
2.9151
3.12863
3.44385
3.40286
2.61178
3.53999
3.17719
2.9923
3.64799
3.35892
3.42472
3.45553
3.72936
3.24076
2.9983
2.78414
3.21809
3.9869
3.91452
3.38191
3.84666
3.69961
3.68145
4.54688
3.44613
3.12121
3.44392
2.99171
3.13391
3.42108
2.15907
2.95925
3.05013
3.71337
4.15054
2.87004
3.52099
3.33717
3.24662
3.12214
3.13881
3.55686
4.00666
3.78788
3.23286
3.21917
3.69912
3.49483
3.34146
3.28431
3.11662
3.02386
3.17977
2.92015
3.17452
2.9822
3.1731
2.77214
3.13675
3.1193
3.31154
3.1132
3.38015
2.99401
3.16999
2.8693
2.94384
2.88299
3.13912
2.78817
2.96639
3.08508
2.93439
3.72257
3.41505
3.49565
2.84991
3.3198
3.72534
3.56635
3.22286
2.86219
3.06283
3.5065
3.28739
2.8097
3.41297
3.23107
3.44012
3.05367
3.89252
3.98618
