1.75043
2.52874
2.32064
2.02669
2.459
2.45046
2.78239
2.87745
1.95309
3.04314
2.8439
3.10245
2.41953
2.77269
2.30697
2.5873
2.60285
2.98755
2.56035
2.46144
2.99048
3.02805
2.58719
3.14277
3.63265
3.49857
2.94932
2.98504
2.68885
2.92227
3.25819
3.53421
2.81984
3.5396
3.10577
2.71101
2.66149
3.05198
2.71325
3.04814
3.07816
2.48741
3.40012
2.99211
2.77579
2.43264
2.62317
2.17211
2.6485
2.60418
2.70228
2.49046
2.1097
3.03167
2.73739
3.12869
3.32721
2.12894
3.20496
3.15449
3.16066
3.19402
3.59782
3.2121
2.76943
2.91733
3.13913
2.78428
3.50193
3.5623
3.30636
3.20974
2.91573
2.92201
3.19155
3.3867
3.18392
3.01346
2.89545
3.14609
2.9334
2.89539
2.89081
3.03976
2.57239
2.93857
3.23692
3.21251
3.01488
3.32806
3.15185
3.0205
2.44235
3.27067
2.43405
2.80333
3.20211
3.35269
3.23747
3.08906
3.17662
3.0337
3.37657
3.21233
2.83715
3.57825
3.3564
3.44977
3.70436
2.09085
3.17108
3.18804
3.0039
3.1633
3.19874
2.94219
2.54997
2.84366
2.04207
3.09481
2.95237
3.23529
4.2323
3.27836
3.48776
3.0121
3.07986
3.19052
2.92871
3.21196
3.8949
3.56664
3.03244
3.16923
3.05007
3.08432
3.19127
2.7577
3.03938
2.79228
2.97577
2.31026
3.06384
2.91762
2.60658
2.76525
2.97622
3.07484
3.03527
2.94456
2.75965
2.31217
2.53535
2.95459
2.82526
2.56622
2.41126
2.51902
2.87963
2.85924
2.93299
3.03599
3.58781
2.94079
3.13263
2.4811
3.98966
3.42071
3.14227
2.95023
2.79566
3.28238
3.1185
2.91735
3.45392
3.00108
3.54944
3.29124
3.22679
3.09193
1.83828
2.61199
2.39501
2.04034
2.47478
2.53671
3.13174
2.73108
1.97833
2.91771
2.71643
3.00774
2.31139
2.86532
2.87939
2.81278
2.81893
2.9729
2.62538
2.49906
2.62068
2.74282
2.73365
3.07281
3.24772
3.36395
3.01605
3.03021
3.07449
2.81046
3.06246
3.66705
2.85987
3.84264
3.05601
2.51203
2.65678
3.14204
2.36626
3.10061
3.27311
2.59622
3.24422
3.3055
2.85307
2.6513
2.60103
2.54837
2.94884
2.68087
2.68827
2.63703
2.09834
2.8104
2.89615
3.08475
3.34175
2.40503
3.43618
3.22575
3.36162
3.79102
3.6778
3.12361
2.75312
2.8763
3.12702
3.11713
3.56395
3.5063
3.331
3.1968
2.84417
3.00173
3.21834
3.09619
2.98112
3.01361
2.73511
2.63744
2.90754
2.86709
2.99781
3.06773
2.85404
2.94568
3.05711
3.22548
2.6924
2.84993
3.4208
3.34546
2.6678
3.23881
2.40073
3.06938
3.16462
3.01989
3.40023
3.10264
2.95112
2.98942
3.62785
2.93205
3.16883
3.71312
3.56324
3.25405
3.73263
2.47839
3.46085
2.99243
3.47345
3.20965
3.33932
3.00715
2.63158
2.36773
1.99827
3.02648
3.0939
3.2095
4.33208
2.80711
3.19495
2.49508
3.06141
2.95755
3.04991
3.34613
3.68854
3.69963
3.28611
3.20317
3.06912
3.13832
3.18774
3.11817
2.88903
3.10292
3.25294
2.91299
3.23707
2.71125
2.68573
2.65345
3.27846
3.0751
3.22678
2.97055
2.95741
2.70562
2.15214
2.69802
2.84822
2.69781
2.77655
2.97823
2.86614
2.38544
2.74652
3.61098
3.08669
2.87346
2.64643
3.01808
3.97745
3.07156
3.0473
2.79926
3.0252
3.03128
2.92161
2.58056
3.15374
2.86607
3.05022
3.18803
3.39536
3.5736
