1.99238
3.10748
2.69495
2.33776
2.58424
2.85662
3.0006
3.04026
2.07636
3.0624
3.00826
3.41046
2.46924
2.77257
2.9201
2.71383
2.7887
3.13402
2.90022
2.85105
2.78014
3.40833
2.97524
2.98605
3.57691
3.54456
3.48655
3.14694
3.17736
3.09549
3.52284
3.52491
3.7595
4.10203
3.2109
2.82302
2.74173
3.17781
2.36773
3.07829
3.27483
2.30067
3.46446
3.27425
3.33313
2.67501
2.76819
2.65809
2.60665
2.75837
2.86744
2.65701
2.25082
2.85855
2.95292
3.04886
3.00214
2.61873
2.77146
3.20805
3.30351
3.41368
3.80173
3.17674
2.89276
2.83279
3.47849
3.10432
3.62251
3.46819
3.50964
3.60629
3.0095
3.18985
3.35881
3.29146
3.15369
3.01401
3.09602
3.17213
2.81426
3.14342
3.11099
3.03264
3.00719
2.86154
3.23271
3.54253
3.05035
3.74283
3.62002
3.09679
2.84431
3.30535
2.83074
3.03076
3.0532
3.27927
3.28991
3.54581
3.48948
3.31974
2.79868
2.86589
3.32729
3.49235
3.39892
3.34777
3.42776
3.29532
3.45556
4.18134
3.29435
3.22072
3.44879
2.9245
2.92612
2.85018
2.42291
3.09406
2.77059
3.62994
4.00256
3.21646
3.49276
3.27096
3.13606
3.14547
3.12297
3.47134
3.78394
3.96386
3.41638
3.07189
3.35576
2.92931
3.3535
3.4196
3.23058
3.23033
2.94991
2.62288
3.11092
2.7539
2.83256
3.0252
3.1364
3.20566
3.15424
3.22581
3.02211
2.85591
3.4596
2.97758
2.65084
2.69314
2.88763
2.83519
3.0959
3.28918
3.16321
3.43743
3.32225
4.23156
2.80336
3.29926
3.11515
3.5649
3.29259
3.07996
3.1776
3.77041
2.80403
3.07976
3.30722
3.09742
3.66051
3.04329
3.27308
3.48903
1.9623
2.77829
2.26279
2.41434
2.53338
2.70259
2.89963
3.04208
2.02667
3.0874
2.9414
3.46782
2.4328
3.01287
2.83948
2.94587
2.58506
3.36492
2.68889
2.48243
2.98241
2.78092
2.82547
2.93151
2.86485
3.56654
3.02969
3.32298
3.00663
3.32396
3.7818
3.39319
3.94041
4.07153
3.27918
2.67466
2.92541
3.07687
2.72527
3.07161
2.7409
2.4935
3.62313
3.32806
2.65249
2.80339
2.88966
2.67611
2.46033
2.97843
2.68201
2.72881
2.11633
3.12868
3.3819
3.62287
3.31584
2.10773
2.81744
3.11995
3.51729
3.24507
3.63045
3.31962
3.05114
3.09215
3.2298
3.05632
3.51149
3.64505
3.13699
3.06938
3.09627
3.49717
3.19547
3.30762
3.45709
3.00149
2.77987
3.10575
2.85335
2.82282
3.17558
3.04229
3.27649
3.10497
3.21122
3.24736
3.20901
3.24518
3.84131
2.82752
2.7846
3.10565
3.03712
2.90566
3.096
3.12788
3.21811
3.52761
3.73523
3.56377
2.55416
2.79568
2.95345
3.6399
2.96908
3.38003
3.60254
3.26896
3.45305
4.40474
3.43219
3.07753
3.62606
3.0005
3.02301
2.6833
2.08683
2.9869
3.05855
3.18082
3.83337
2.89293
3.35703
3.59855
3.05531
3.09525
2.94278
3.23072
3.58626
3.92493
3.39724
3.34372
3.41373
3.33397
3.69818
3.12124
2.99329
3.509
2.78976
2.83462
3.21279
2.98833
2.76384
3.03952
3.0227
3.00551
3.34911
3.18395
3.22616
2.94728
3.2467
3.43161
2.7737
2.63524
2.73633
2.90188
2.87542
3.11541
2.94844
3.7388
3.409
3.74364
2.7348
3.28663
3.1956
3.18461
3.09545
2.95
3.05439
3.54651
2.92118
2.65543
3.26076
3.14558
3.12997
2.66138
3.53928
3.15967
