1.99463
2.73643
2.68655
2.24287
2.44946
2.87999
3.25329
3.05052
1.83418
2.98622
2.46987
3.08574
2.64392
2.56636
2.74876
2.72101
2.63548
3.04977
2.63567
2.94119
3.09217
3.05335
2.72242
2.65122
3.60967
3.998
3.0981
2.99879
3.00828
3.04917
3.59982
3.94011
3.63885
3.96951
2.9665
2.70807
2.68918
3.13402
2.51624
3.19601
2.97417
2.81912
3.51537
3.11556
2.74364
2.69737
2.91912
2.44289
2.52771
2.7788
2.64689
2.58578
2.05941
3.15251
3.114
3.53653
3.51648
2.53149
3.70427
2.98268
3.22726
3.4725
3.70848
3.20519
3.03547
3.17953
3.12887
3.27319
3.60746
3.90712
3.26142
3.96238
3.2072
3.66627
3.06269
3.38224
3.36699
3.41144
2.76157
3.08729
2.75396
2.84175
3.06073
3.39972
3.12234
3.07122
3.24382
3.55643
3.23677
4.02624
3.5649
3.26118
2.86918
3.68691
2.96406
2.8824
3.74341
3.26694
3.27998
3.57029
3.46687
3.23733
2.46835
2.58752
2.92334
4.2362
3.44889
3.63749
3.50416
3.9858
3.26415
4.70004
3.56942
2.87583
3.42173
2.92759
2.6825
2.75428
2.4401
3.49575
2.91554
3.84696
4.08884
2.63433
3.07354
3.55356
2.94324
2.87572
3.13105
3.03732
3.64733
3.65842
3.32821
3.37923
3.06342
2.73179
3.38413
2.59528
2.93655
3.27407
2.80212
2.70217
3.03195
2.79526
2.76279
2.91369
3.00691
3.24119
3.17634
2.89513
3.14751
2.94077
3.25075
3.33948
2.51392
2.62494
2.77319
3.10759
2.71753
2.9485
2.66089
3.09256
3.55862
3.65632
3.4645
3.39122
3.45956
3.3268
3.05495
3.20168
3.48031
3.75353
2.85682
2.41297
3.17747
2.89191
3.33284
2.97635
3.27768
3.21645
1.79107
2.56148
2.61051
2.18827
2.40876
2.79017
3.40269
3.06099
1.74257
2.87707
2.86894
2.90795
2.38571
2.62368
3.31655
2.64759
2.86056
3.15439
2.55255
2.41095
2.98607
2.90619
2.67676
2.84021
2.95747
3.81014
2.74532
2.57689
3.17949
3.08886
3.3473
4.0784
3.2004
3.84209
2.99273
2.36428
2.46483
3.3222
2.37754
2.91796
3.22364
2.93943
3.97891
3.42425
2.68033
2.99329
3.21163
2.42123
2.4877
2.7425
2.5114
2.38497
2.08785
3.22264
3.23869
3.12859
3.60983
2.56909
3.47071
3.4096
3.25571
3.49493
3.69839
2.99882
3.03401
2.8101
3.25744
2.93509
3.8495
3.79499
3.5229
3.30849
3.15497
2.95843
3.01886
2.82491
3.14607
2.91495
2.89734
2.83631
2.64524
3.04605
3.27394
3.1679
2.9748
3.30018
3.33022
3.79033
3.11521
3.57675
3.7659
3.30408
2.91962
3.36985
2.65912
3.02934
3.52557
3.3633
2.90539
3.49356
3.00741
3.07013
2.10611
2.39827
3.10168
4.12793
3.03038
3.40317
3.38797
3.34169
3.54452
4.15557
3.5469
3.1742
3.17834
2.65482
2.83265
3.10969
2.27762
3.15911
2.71715
3.81253
3.75911
2.56415
2.86826
3.78679
2.96993
2.84662
2.67865
2.93677
3.74638
3.64163
3.28813
3.15236
3.1477
2.98927
3.04152
2.85615
2.83319
2.8021
2.78809
2.64715
3.19146
2.85088
2.79551
2.71899
2.961
3.2711
2.87036
2.98651
3.21021
2.9193
3.1345
3.06624
2.99308
2.60315
2.99682
2.9787
2.81991
2.89131
2.76501
3.14659
3.86094
3.84122
2.42027
3.20398
3.39882
3.30985
2.84608
3.06741
2.81425
3.88031
2.97929
2.59468
3.05153
2.78638
3.45769
2.73741
3.51248
3.9445
