1.84971
2.70719
2.28611
2.23729
2.40726
2.75722
3.38794
2.73049
1.64584
2.86449
2.41921
3.13552
2.50404
3.30578
2.55318
2.73245
2.57713
3.26012
2.90062
2.6017
3.31115
2.96779
3.1883
2.96369
2.82276
3.1836
2.85809
2.84764
2.74922
3.16392
3.26701
3.75606
3.37484
3.39531
3.16099
2.37492
2.61537
2.94513
2.28828
3.15271
3.23768
2.42598
3.05664
3.23692
2.81259
2.5664
2.27715
2.34065
2.63482
2.68073
2.41626
2.5785
1.78846
2.62485
2.7166
3.65536
3.34122
2.18071
3.63551
3.34937
3.20031
3.33199
3.43414
2.92651
2.99183
2.96546
3.06909
2.94949
3.28197
3.23082
2.98588
2.92726
3.03973
3.60339
3.29235
3.19026
3.5026
2.93803
3.2164
2.99777
2.68512
2.77073
3.12468
3.01192
2.9551
2.79321
3.26478
3.44933
2.61324
3.03968
3.64231
2.97105
2.37372
3.61104
2.38607
3.01458
3.04639
3.1047
3.18972
3.11314
3.35329
3.1314
3.17298
2.85867
2.77144
3.21613
2.99224
3.34046
3.62236
2.85525
3.49225
3.60438
2.86633
3.12584
3.35574
3.21156
2.68798
3.3526
2.43793
3.18262
3.03389
3.94184
3.28833
3.0908
3.43999
3.44969
3.07267
3.07357
3.45671
3.52234
3.22557
3.60508
3.70891
3.3835
3.1305
3.02529
3.74803
2.94278
3.33403
3.17734
3.01085
2.45167
3.1883
2.58929
2.60484
2.80601
2.90812
3.10257
2.84416
3.04123
3.03016
2.88544
2.82064
2.65031
2.83945
3.11718
2.65044
2.8782
2.76363
2.99739
2.83934
3.12356
3.27062
2.84723
2.52318
2.85545
3.77428
3.62888
3.04218
2.68082
2.75146
3.95003
2.94347
3.12303
3.44258
3.23949
3.36818
2.40366
3.35369
3.48346
2.06352
2.98393
2.29884
2.3402
2.71792
2.76936
3.79197
2.74445
1.78129
2.87026
3.06499
3.18088
2.71303
3.35085
2.89504
2.66948
2.72069
3.3153
2.6557
3.03066
2.75383
3.34339
2.86056
2.94736
2.76827
3.37483
2.87245
3.01355
3.26119
3.07172
3.50979
3.67947
3.41037
3.40354
3.03983
2.34528
2.51569
3.12021
2.24743
3.14645
2.96651
2.44927
3.19315
3.20129
2.95386
2.62748
2.40397
2.69774
2.73766
2.86042
2.66334
2.57619
1.89729
2.93708
2.95995
3.08199
3.35292
2.42598
3.4978
3.10922
3.39279
3.10503
3.36554
2.8627
3.17822
2.87231
3.06893
3.13488
3.27886
3.33573
2.85667
2.89707
2.95883
2.75359
3.12962
2.85635
2.96088
2.84169
3.13097
3.0792
2.76505
2.80316
3.08567
3.17619
2.91315
3.17172
2.78939
3.13161
2.77742
3.10059
3.26111
3.29594
2.73493
3.12117
2.70202
2.78285
2.9012
2.90088
3.12259
3.38914
2.92168
3.09269
2.9558
2.93279
3.19137
3.96959
2.95167
3.22405
3.6989
3.24797
3.48255
3.64845
3.48785
3.2069
3.34997
2.78362
2.79734
2.82415
2.52518
2.89005
3.03492
3.80817
3.15133
2.65911
3.11112
4.1801
3.06331
3.10044
2.95106
3.4128
3.58205
3.32646
3.63447
3.70112
3.31852
3.53814
3.48371
3.28918
2.93708
2.97833
2.71065
2.72593
2.97237
2.80154
2.7269
2.96123
2.97164
2.83322
2.89839
3.12543
2.98805
2.72615
3.22484
2.96182
2.99093
3.14483
3.12236
2.61671
3.51974
2.84562
2.86668
3.21863
3.24986
3.1213
2.8416
3.11963
3.70671
3.16599
3.13453
2.53301
2.87352
3.5333
3.02196
2.88377
3.15779
2.9952
3.28849
2.635
3.63039
3.73148
