1.86598
2.98041
2.32286
2.26344
2.50175
2.69752
2.74427
3.00691
1.57683
3.04523
3.04406
2.86942
2.73644
2.51056
2.78793
2.69153
2.79296
3.01918
2.80499
2.68716
2.81336
3.32389
3.08845
2.91482
3.24674
3.46562
3.01339
3.36915
3.02475
3.30478
3.36053
3.56149
3.32313
3.9085
3.06123
2.63625
2.71772
3.15211
2.65516
3.1877
3.16206
2.62381
3.59358
3.19245
3.09891
2.97964
2.76624
2.73336
2.77515
2.96486
2.4798
2.63474
2.19229
2.90826
3.08087
2.97267
3.9663
2.3004
3.59454
3.34523
2.94726
3.22604
3.56256
3.56716
2.53462
3.22437
3.13832
2.98024
3.64842
3.37817
3.23726
3.14886
3.06901
3.05773
3.11514
3.06503
3.32876
2.90183
3.13937
2.8699
2.8481
2.62996
2.78715
2.84046
3.00133
2.82871
2.96804
3.20429
2.92544
3.07203
3.71305
3.19054
2.96584
3.09656
2.6939
2.90495
3.05555
3.32177
3.28219
3.14579
3.84139
3.36214
2.96441
2.83289
3.24272
3.4013
3.06984
3.48144
4.07123
2.25651
3.58065
3.70708
3.4555
3.37066
3.02127
2.85841
2.97609
2.79099
2.33922
3.04536
2.79364
3.61053
3.86106
2.8064
3.60074
3.56258
3.01526
3.23185
3.48535
3.91306
3.67729
3.94963
3.45315
3.18691
3.28224
3.2328
3.51171
3.02671
3.51197
3.4721
2.76972
2.69114
3.40085
2.97122
3.06524
2.90387
3.35969
3.11255
3.22972
3.03708
3.50919
2.58869
2.79508
3.65689
2.9323
2.46726
2.97197
3.1016
3.21589
2.93815
2.92744
3.31832
3.50067
3.65741
3.12598
2.99868
3.48982
3.3261
3.1622
2.81991
2.98868
3.36223
2.78997
3.33292
3.2818
3.74597
3.75025
2.80408
3.39547
3.25105
1.97773
2.83992
2.62316
2.44868
2.65038
2.84408
3.10852
3.00549
1.70189
2.85348
2.66144
3.11229
2.40591
2.42844
2.85016
2.50822
2.73625
3.14408
2.70435
3.18017
2.90065
3.05852
2.68129
2.95826
3.0607
3.24205
3.33397
3.30432
2.57321
3.19142
3.35436
4.00755
3.61466
4.22725
3.19035
2.36814
2.8105
3.13773
2.65411
3.25802
3.04553
2.84473
3.57702
3.43284
2.74691
3.09653
2.71066
2.91816
3.04231
3.12215
2.49445
2.68485
2.27255
2.8199
3.18227
3.12593
3.42476
1.99672
3.49434
3.48722
3.23468
3.24203
3.56083
3.52355
3.58429
3.00274
3.44205
2.99303
3.49149
3.47282
3.08859
3.43427
3.00242
2.90557
2.89742
3.14527
3.22961
2.89823
2.94882
3.18182
2.82653
2.71001
2.7187
3.04817
2.64407
2.91164
2.86171
3.59998
2.77781
2.93498
3.51941
3.43385
2.7316
3.49
2.97785
3.02875
3.1738
3.42132
3.15962
2.83047
3.49484
3.0001
2.71667
2.85904
3.29436
3.138
2.95664
3.28465
3.22514
3.42453
3.60736
3.85938
3.64655
3.19984
3.30438
2.90226
2.8739
2.8672
2.32577
3.03133
2.75758
3.81154
3.60309
2.8253
3.23962
3.30043
3.27875
3.4955
2.86842
3.29038
3.73606
3.65292
3.24678
3.36536
3.47491
3.20867
3.43338
3.41449
3.06716
3.10069
3.0051
2.76575
2.90232
2.85554
2.85378
2.79139
3.06047
2.76604
3.11653
3.11354
3.05592
2.95145
2.74884
3.38783
3.06241
2.57874
3.03173
2.83061
2.89165
3.3154
3.00328
3.5007
3.21398
2.6676
2.57438
3.29951
3.86005
3.19786
3.51089
2.71003
2.86122
3.43033
2.75827
2.90964
3.41778
3.41829
3.21858
2.99529
3.62299
3.94276
