2.00096
2.75076
2.24694
2.31147
2.46196
2.57457
2.99058
2.70734
1.58877
2.91202
2.78719
2.97471
2.3465
2.4474
2.37034
2.8609
2.51904
3.0367
2.86347
2.94303
2.74973
2.9426
2.83373
2.64959
3.09231
3.23358
3.18276
3.22131
2.69495
3.19129
3.35473
3.773
4.2515
3.4744
3.01522
2.40005
2.44469
3.11941
1.98474
3.0876
2.87909
2.46576
3.14053
2.94068
2.42263
2.56284
2.65001
2.88679
2.18004
2.6538
2.40288
2.47696
2.01174
2.79078
2.76776
2.94324
3.54127
2.51216
3.65165
3.00307
3.11494
3.56328
3.314
3.24094
2.76219
2.69401
2.87956
3.08831
3.34689
3.41923
2.92064
2.95592
2.9311
2.94947
3.07067
3.05581
3.23594
3.03411
2.7751
3.04923
2.75753
2.94763
3.04822
3.15777
3.2204
2.89677
3.1053
3.3001
3.26518
3.27671
3.94273
3.49745
2.84137
3.72545
2.97018
3.08115
2.80848
2.90839
3.37211
3.27592
3.1764
3.37139
2.52913
2.72578
2.87671
3.99793
3.5865
3.29164
3.61228
3.81624
3.68635
4.72133
3.29473
3.08381
3.34851
3.11364
2.77719
3.82058
2.29969
3.01002
2.70281
3.54942
3.22259
2.84932
3.39008
3.06856
2.8721
3.45325
3.17183
3.37445
3.56038
3.56575
3.21684
3.59142
3.05853
3.21598
3.34935
3.18884
3.3122
2.98351
3.10477
2.83279
3.39249
2.84076
2.90898
2.78804
3.08917
2.9644
3.08018
3.04143
3.11813
2.49587
2.98625
3.02755
2.45428
2.49723
3.01075
3.18382
2.9106
2.85852
2.60283
2.75952
3.50374
3.96501
2.83756
3.79701
3.54536
3.53894
2.91114
2.98537
3.10557
3.63239
2.75601
2.64019
3.37448
2.84358
3.36316
2.81856
3.40757
3.37396
1.93814
2.66759
2.43182
2.12306
2.45779
2.51397
3.20304
2.81523
1.68183
2.73508
2.5172
3.02274
2.53883
2.65124
2.89996
2.83937
2.64382
3.05188
2.41711
2.47414
2.97509
2.76485
2.88495
2.86814
3.72074
3.33724
2.75599
3.42653
2.46332
2.93196
3.56783
3.77521
3.35712
3.87072
3.21341
2.52886
2.63671
3.01327
2.19896
3.19285
2.91411
2.41334
3.12365
2.9528
2.46381
2.61271
2.69838
2.72262
2.67571
2.30053
2.51176
2.38873
2.15458
2.82414
2.68566
3.35144
3.35973
2.37515
3.22242
3.13112
3.51255
3.56314
3.52371
2.79493
2.67206
2.92683
3.10833
3.01616
3.29552
3.17044
2.96547
3.32527
2.97286
3.06017
2.80469
3.30231
2.82928
2.83417
3.00711
2.86151
2.72498
2.78582
2.79894
2.91197
2.8996
2.8451
2.97725
3.47801
2.75682
3.05094
3.60885
3.44222
2.35204
3.13644
2.55522
2.83352
2.99405
3.19426
3.07192
3.48409
3.45904
3.73244
3.07083
2.76102
3.09609
4.31323
3.59184
3.38229
3.87262
4.2395
3.43314
4.40386
3.56734
2.89607
3.45538
2.7038
2.75087
3.34242
2.27219
3.02588
3.23254
3.51565
3.9441
2.68324
3.19594
3.48402
3.19451
3.23899
3.06741
3.39784
3.74139
3.7012
3.30848
3.43489
3.05895
3.4264
3.52427
2.80189
2.96532
3.0959
3.05346
2.8773
3.23412
2.63705
3.00583
2.97399
3.47579
2.95301
3.08706
3.12559
3.81751
3.0071
2.3152
3.12445
2.91079
2.5334
3.09292
2.78889
2.56255
2.93777
2.72335
3.00188
3.25166
4.13245
3.87892
2.98996
3.29435
3.81594
3.03086
3.09072
2.75995
3.72411
2.8129
3.1364
3.42841
3.15737
3.30699
2.85867
3.48106
3.89998
