2.01739
2.80195
2.55599
2.31557
2.49075
2.70886
3.47004
2.95831
1.74362
3.07163
3.07855
3.41912
2.03863
2.39849
2.9255
2.67999
2.7477
3.0338
2.53167
2.46019
3.58466
2.86253
2.904
2.81567
3.5521
3.78584
2.8757
3.23038
3.59789
3.07857
3.50107
3.45204
3.79761
3.68728
3.50454
2.63815
3.20051
3.03817
2.62916
3.14615
3.24232
2.86892
3.25694
3.72271
2.92672
3.3151
2.77537
2.60907
2.75264
2.86882
2.55543
2.60378
2.15041
2.95487
3.13549
3.2611
3.76712
2.36836
3.20825
3.01723
3.2813
3.32478
3.51799
3.26619
2.90281
3.21542
3.48648
3.15643
3.41934
3.79915
3.28084
3.71955
3.12885
3.25763
3.36583
3.40223
3.33285
3.40387
2.97719
3.15475
3.16366
2.99427
3.00598
3.12225
3.01562
2.8528
3.14432
3.34323
3.30983
2.78723
3.19179
3.18204
2.62296
4.06715
2.89654
3.07475
3.41189
3.59439
3.06778
3.43655
3.52922
2.9535
2.78658
2.80119
3.27034
2.9135
3.61062
3.5286
3.81863
3.10658
3.45646
3.66458
3.36185
3.22343
3.34991
3.35814
2.75708
3.19742
2.10314
3.13646
3.05222
3.67959
3.70629
2.77216
3.49347
3.48634
2.87301
3.14554
3.12038
3.48563
3.87242
4.04555
3.57928
3.49728
3.08306
3.17494
2.89598
3.01133
3.11209
3.35896
2.75896
2.82376
3.28064
2.6373
2.85164
2.78223
3.32953
3.32965
3.07776
2.87832
3.24252
2.96838
3.07146
3.07027
3.25818
2.94621
2.59547
2.95909
2.63425
2.81246
3.15469
3.14818
3.70433
3.43476
3.47365
3.0185
3.0803
3.33416
3.03604
2.70965
2.80376
3.3277
2.96554
2.71649
3.27608
3.32643
3.54086
3.17194
3.15865
3.05747
1.94328
2.55243
2.30264
2.30516
2.38275
2.50607
3.05032
3.0717
1.81016
3.06293
2.60719
3.31668
2.03586
2.6844
2.93928
2.58497
2.68144
3.14026
2.59874
2.57379
2.64113
2.56073
2.76881
3.00003
3.21486
3.92584
3.05632
3.33791
3.46732
3.42498
3.89521
3.94737
3.70562
4.02937
3.20901
2.68433
2.78687
3.12083
2.57524
3.45265
3.44202
2.61595
3.50458
3.62289
2.80701
2.91428
2.69523
2.48455
2.92998
2.94073
2.54923
2.42784
2.36268
3.01913
3.25534
3.47569
3.58906
2.89872
3.19607
3.45832
3.37421
3.72196
4.0212
3.39088
3.42026
3.5134
3.32537
3.07022
3.28967
3.64819
2.91938
3.0091
3.18708
2.90421
2.98138
3.21928
3.42752
3.01328
3.20423
3.06963
2.66165
2.88262
2.98452
2.95361
3.06082
2.87715
2.60568
3.34152
2.81767
3.39716
3.28036
3.75676
2.62655
3.74444
2.78912
2.95892
3.11029
2.98675
2.92758
3.42983
2.93713
3.37236
2.63979
2.8984
2.9465
4.04504
3.16996
3.2464
3.75957
3.33663
3.74872
4.02475
3.61776
3.02073
3.55764
3.02923
2.60849
3.18961
2.47535
3.07024
2.80743
3.805
3.8803
2.72851
3.36607
3.1926
3.26627
2.81597
2.90734
3.25712
3.55915
3.67625
3.32169
3.60769
3.3754
2.85109
3.0153
3.0206
2.87315
2.85614
2.73943
3.02975
3.32816
2.64157
2.91114
2.77197
3.62296
3.04723
3.19266
3.09023
2.92061
2.55763
2.99875
2.86463
3.61476
3.15056
3.08507
2.61905
2.59728
2.85137
3.02457
3.74703
3.83696
4.27973
3.19336
2.98231
3.57443
3.17158
3.23503
2.64156
2.70851
3.41715
2.95805
2.59669
2.92403
2.93377
2.99402
2.96689
3.39073
3.29344
