1.83172
2.89755
2.54904
2.35263
2.65674
2.87903
3.20254
2.79623
2.0446
2.90308
3.25193
3.54869
2.62162
3.02449
2.90408
3.28977
2.76466
3.47058
2.68622
2.62617
3.31517
3.18088
2.6889
3.23511
3.22735
3.54472
3.04977
3.38889
2.70457
2.9139
3.58451
3.66612
3.14952
3.32582
3.21459
2.43682
2.62764
3.16587
2.72375
2.94249
3.24236
2.53621
3.35498
3.31526
2.85965
2.80788
2.43008
2.51814
2.528
2.71234
2.83342
2.69203
1.97305
2.8768
3.09872
3.34607
3.45559
2.37969
3.67229
3.29646
3.1181
3.37341
3.58804
3.42506
2.79175
2.98138
3.03463
2.95529
3.2666
3.46167
3.22912
2.98245
2.98898
3.18787
3.07277
3.57911
3.13213
3.18306
3.20809
3.14588
2.86282
2.84365
2.96445
2.91643
3.05262
2.99055
3.17226
3.14515
2.9776
3.38189
3.50268
3.84153
2.81233
3.58244
2.60045
2.83845
3.05249
3.05779
3.03277
3.40466
3.33118
3.08948
2.58358
3.02275
3.04656
4.22252
3.1847
3.55875
3.6128
2.97185
3.32375
4.07314
3.47158
3.23599
3.47813
3.1827
2.7896
3.50028
2.11328
3.56293
3.09694
3.5453
3.86398
3.0802
3.72437
3.45106
2.72906
3.95552
3.50531
3.56075
3.59088
3.43457
3.25292
2.98633
3.03736
2.99344
3.41984
2.98457
3.26775
2.97519
2.66774
2.8856
3.13219
2.79524
2.89978
2.87186
3.07789
3.44026
3.08593
3.07616
2.96014
3.10035
3.15599
3.13232
2.695
2.9067
2.71035
2.72792
2.82919
3.21911
2.81939
3.13222
3.44102
3.38411
3.00931
3.01144
3.79557
3.52021
3.03238
2.95472
3.11664
3.71469
3.1561
2.79939
3.47595
3.09651
3.16338
3.09776
3.24104
3.45513
1.98112
2.88397
2.53704
2.45845
2.71372
2.82477
3.1399
2.94241
2.00943
2.8947
3.23662
3.17943
2.57952
3.15769
3.10152
2.94807
2.82249
3.56717
2.85292
2.6332
2.94867
2.74836
2.84685
2.92509
3.33178
3.81369
3.19105
3.20081
3.30064
2.84566
3.37519
3.81933
3.46675
4.04551
3.13889
2.59673
2.91115
3.3216
2.56366
3.20329
3.2675
2.62567
3.25803
3.3571
3.26171
2.57643
2.6274
2.3828
2.86965
2.68236
2.76622
2.62685
2.16383
3.14884
3.16695
3.51973
3.95216
2.24158
3.36179
3.18058
3.25658
3.1659
3.74482
3.45689
2.94225
2.94183
3.0823
3.14972
3.3459
3.41014
3.1807
3.33903
2.91445
2.96336
2.88772
3.51775
3.24858
2.94957
2.92308
2.94878
2.83087
3.13798
3.01662
3.03006
3.17745
2.99614
3.13654
3.61149
2.96062
3.23216
3.66775
3.35857
2.69889
3.43241
2.5308
3.03159
3.04318
3.32012
2.96989
3.30404
3.72574
3.17743
3.00145
2.9212
3.04275
3.80312
3.05696
3.31482
3.69439
3.06579
3.26637
3.92631
3.33
3.23127
3.18055
3.08212
2.91831
3.35845
2.31031
3.0891
3.14394
3.36174
4.33777
2.97273
3.23014
3.28526
3.06127
3.28925
3.18474
3.30346
3.77557
3.68797
3.48468
3.30435
3.60459
3.37858
3.25508
2.91411
3.29189
3.08905
2.76833
2.82772
3.2921
2.85131
2.87456
2.85935
2.89244
2.87028
3.08692
3.20711
3.17992
2.67991
3.36796
2.93907
2.67053
2.97537
2.66912
3.05931
2.88842
3.31287
2.82443
3.31016
3.37642
3.93522
2.96086
3.1916
3.61851
3.29662
2.97109
3.0496
2.94152
3.36764
2.93231
3.19754
3.24959
2.96841
3.49806
3.30212
3.41419
3.3857
