1.83349
2.92677
2.50017
2.21673
2.51531
2.79005
3.37627
3.07937
1.8337
3.11814
2.95586
3.07269
2.44906
2.01279
2.72116
2.8098
2.87714
3.42013
2.64903
2.80989
3.40417
3.17034
2.77437
2.90375
3.42525
4.11632
3.24373
3.19962
3.37592
3.64652
3.70895
3.46977
3.53035
3.94227
2.93071
2.55356
3.17365
3.07338
2.7897
3.30278
3.32553
2.68645
3.78056
3.64946
2.86738
3.63436
2.77249
2.55378
2.67192
2.77927
2.59842
2.72288
2.24915
2.95187
3.11634
3.10483
3.64014
1.83106
3.72243
3.52212
3.57971
3.28851
4.0279
3.17934
2.86552
3.45805
3.03948
3.00691
3.38966
3.42161
3.1921
3.4554
3.19631
3.1073
3.18583
3.23211
3.13073
3.14371
3.16951
3.21643
2.87417
2.7946
2.90919
2.99604
2.7458
2.92968
3.03114
3.65212
2.86162
3.18434
3.58094
3.23084
2.67995
3.78001
2.75939
2.97392
3.22928
3.16391
2.90262
3.30335
3.41762
3.36586
2.44563
2.93157
3.02068
3.94206
3.05693
3.22259
3.74983
2.5181
3.64815
4.51858
3.32254
2.93283
3.54403
3.33722
3.09231
3.01823
1.95453
2.87854
2.47616
3.73067
3.8329
3.00292
3.49249
3.16832
2.76054
3.30675
3.00888
3.57915
3.72976
3.43997
3.51838
3.49811
3.25211
3.19262
3.31549
2.99808
3.15119
2.74824
3.03835
3.03802
3.4061
3.09008
2.89796
2.83175
3.66735
3.08359
2.94367
3.0438
3.09637
2.65514
3.22037
2.91293
2.60867
3.42854
3.05466
2.87282
3.07335
2.95942
3.24398
3.84247
3.29755
4.04169
3.04789
3.2841
3.27336
3.33068
2.97154
2.95913
2.76712
3.85137
2.37342
2.52832
3.61067
3.481
3.30755
2.70314
3.46428
3.53289
1.80646
2.66662
2.17114
2.28838
2.48432
2.70021
3.07682
3.01877
1.82542
3.27562
2.87536
3.13309
2.55461
2.30679
2.69353
2.6293
2.84393
3.29206
2.81255
2.61967
2.66419
2.8867
2.88718
2.81575
3.49223
3.61825
3.30087
3.17304
3.23306
3.07977
3.46425
3.38231
3.68464
3.97234
2.9808
2.66497
2.7925
3.25848
2.41806
3.25992
3.46827
2.79678
3.81279
3.39622
2.77038
3.26161
2.66023
2.35003
2.65525
2.63927
2.64133
2.57847
2.3508
2.86484
3.41759
3.57435
3.41305
2.28527
3.51628
3.32096
3.58463
3.56613
3.73667
3.08821
3.2157
2.64221
3.34073
3.23646
3.43871
3.84864
3.22085
3.11292
3.14643
3.16823
3.03407
3.09518
3.34777
2.91943
3.21528
3.30554
2.73279
2.83032
2.98805
3.26856
2.99361
3.07163
3.10288
3.65877
3.17924
3.1933
3.5965
4.00409
2.66637
3.42971
2.81227
2.9777
3.01037
3.45329
3.34398
3.38744
3.63759
3.35536
3.05955
3.10841
3.49874
4.54519
2.8523
3.31353
3.66323
3.03545
3.60624
4.07029
3.3297
2.92414
3.34391
3.08957
2.92453
3.17777
2.24906
3.08285
2.48272
3.9562
3.60929
2.72878
3.40016
3.02409
2.97485
3.41014
3.03859
3.24767
3.52078
3.98062
3.57001
3.57553
3.08535
3.3796
3.61392
3.03195
3.04989
3.20484
3.10495
2.82721
3.25121
3.17105
2.77404
2.98036
3.32062
2.97929
3.22687
3.06401
3.22161
2.71752
2.77505
3.32965
2.3215
2.46437
2.60169
2.81536
2.86062
3.01216
3.05647
3.7708
3.23914
3.92453
3.72842
3.19907
3.64168
3.7362
2.93204
3.21596
3.06592
3.44246
3.01899
2.73483
3.3295
3.31279
3.49999
2.97181
3.33017
3.22334
