1.98577
2.95239
2.40663
2.34825
2.70469
2.82413
2.76999
2.95113
1.77293
2.96782
2.63154
3.1003
2.48798
2.88364
2.59964
2.47811
2.90115
3.12001
2.74523
2.73949
3.57772
3.13714
2.91593
3.28249
2.56397
3.27221
2.98584
3.22405
2.49226
3.16847
3.07604
3.99685
3.13521
3.31879
2.83205
2.78054
2.92591
3.45077
2.33863
3.31778
3.08412
2.38122
3.51867
3.05133
2.57727
2.81126
2.56724
2.48085
2.54789
3.02698
2.35152
2.42501
2.1927
3.06337
2.97554
3.21658
3.32933
2.31328
3.36092
3.28177
2.99383
3.4708
3.78586
2.77814
2.65987
2.76773
3.01292
3.10996
3.24114
3.39475
3.07802
2.67626
2.97308
3.27787
2.90745
3.13846
3.04706
2.9841
3.16867
3.1609
2.69115
2.83939
2.92127
2.99823
2.98356
2.87013
2.93422
2.84142
2.81275
2.86751
3.38692
3.318
2.1804
3.41866
2.77
3.0849
2.90104
3.5385
3.37694
3.27934
3.97825
3.44451
2.82732
2.79969
2.92564
3.87115
3.40786
3.30811
3.86734
1.96787
3.41165
3.97839
3.86743
3.17542
3.49264
2.65103
2.80522
3.54319
2.25909
3.12239
2.86147
3.58284
3.96113
3.51286
3.33012
3.34664
2.68626
3.40664
3.27292
3.51646
3.46206
3.33431
3.04035
3.14372
3.10903
3.14554
3.36658
3.28293
2.97384
3.25658
3.21641
2.80632
3.12423
2.86493
3.00362
2.81866
3.28767
3.22286
2.92321
3.22277
2.8257
2.13316
2.50141
3.17283
2.41245
2.88099
3.07542
3.00026
2.97383
2.91102
2.77918
3.06962
3.66523
3.70741
2.72108
3.11763
3.31342
3.38267
3.1727
2.8864
2.643
3.81649
2.99223
2.8315
3.38129
2.97167
3.38388
2.73892
3.60805
3.56099
1.9975
2.56035
2.87343
2.41093
2.56907
2.55092
2.67473
2.87439
1.77227
3.03293
2.62077
3.21534
2.44575
2.48368
2.78955
2.62519
2.7482
3.05056
2.82849
2.73399
2.8409
3.05511
2.87453
2.73429
3.02829
3.41334
2.80804
3.22259
3.12642
3.09125
3.00327
3.3682
3.88068
3.71789
2.95319
2.56627
2.67108
2.68128
2.44096
3.04186
3.37566
2.49263
3.79538
3.12339
2.67845
2.75598
2.67236
2.85977
2.61616
2.62444
2.40231
2.56634
2.07328
3.16403
3.12085
2.968
3.37779
2.41783
3.53559
3.3403
3.16114
3.51768
3.81878
2.9032
3.2193
3.02037
3.03598
2.87026
3.22517
3.44471
2.83065
2.66777
2.86123
3.03185
2.85273
3.17109
2.86206
2.84022
3.13857
2.95609
2.83556
2.90568
2.49795
2.96781
3.00566
2.97679
2.81265
3.25202
3.01544
2.94072
3.36887
2.99245
2.49334
3.30498
2.90058
2.93353
2.91444
3.14887
3.19335
3.35172
3.54626
3.31947
2.82181
3.24224
3.08807
3.52127
3.60495
3.48458
3.42367
3.27753
3.57245
4.27096
3.24735
3.27611
3.6961
2.78587
3.07922
3.01947
2.56617
3.12527
2.88238
3.47834
4.01626
3.0498
3.31355
3.50892
2.79044
3.32086
3.36755
3.4767
3.43932
3.35788
3.18215
3.0726
3.19721
3.46394
3.30167
3.04076
3.04645
3.16796
2.98555
2.70221
3.1073
3.00292
2.77822
2.90241
3.16281
2.93411
2.89327
3.09086
2.87433
2.42255
2.56887
3.0969
2.60528
2.93352
3.23507
2.88652
2.75818
3.15997
2.77274
2.98657
3.46231
3.02156
2.40911
3.04229
3.44736
3.37494
3.29324
2.73452
2.5573
3.72471
2.70589
2.51745
3.36329
3.08028
3.28927
3.27587
3.2348
3.46853
