1.92277
2.71446
2.32119
2.23138
2.4991
2.77916
3.06555
3.08915
1.92446
3.18301
2.81942
3.55152
2.39322
2.67338
2.82743
2.45803
2.50101
2.95203
2.75653
2.83065
2.98746
3.15887
2.98891
3.02324
3.70513
3.47505
2.84816
3.02037
2.81641
3.18983
3.58384
3.29671
3.71545
3.43952
3.0932
2.49678
2.82633
2.99771
2.56305
3.50225
3.65998
2.60744
3.24341
3.22382
2.65077
2.59784
2.74761
2.50036
2.62361
2.97884
2.37993
2.64893
2.35882
3.11132
3.22898
3.29548
3.69755
2.14127
3.7483
3.15785
3.50084
3.56839
3.90178
3.42537
2.64071
3.15325
3.24629
3.31751
3.85537
3.23764
3.14998
3.39005
2.93822
3.2543
3.39694
3.50075
3.08998
3.33798
3.06072
3.45004
2.82197
2.90932
2.93854
3.04407
3.00756
2.81746
3.07288
3.36233
3.44157
3.27255
3.23848
3.54159
2.87128
3.37593
2.83197
3.30431
3.3577
3.20257
3.23814
3.19781
3.45501
3.33691
2.95144
3.06487
3.08328
3.70531
3.41965
3.48641
3.87045
2.62503
3.33467
3.61047
3.08439
3.17634
2.99916
2.93346
2.75253
3.07556
2.14915
3.20146
2.55928
3.52676
3.62446
3.06944
3.55898
3.41969
2.82173
3.30824
3.29404
3.48133
3.58342
3.93641
3.19751
3.34721
3.31272
3.12708
3.05415
2.70989
3.2807
3.2699
3.11499
2.93057
3.10538
2.7248
2.93659
2.81297
3.20535
2.97435
3.01313
3.17381
3.24003
2.32413
2.83053
3.09149
2.46834
3.34236
3.34403
3.0433
2.83852
2.75558
2.83464
2.96302
3.41402
3.57298
3.38761
3.07692
3.74399
3.03079
3.45522
3.00951
3.14699
3.71921
2.99916
2.83342
3.46706
3.18981
3.55285
2.92161
3.33089
3.638
2.04441
3.1022
2.6271
2.26639
2.41216
2.61685
2.81232
3.05781
1.83145
2.93584
3.05248
2.91111
2.40449
2.62691
2.92692
2.72531
2.60476
3.11325
2.6981
2.89926
2.44314
3.04549
2.91432
3.03853
3.18654
3.89114
2.96101
3.59571
3.26643
3.10518
3.3722
3.892
3.50612
3.88793
3.28346
2.52986
2.85462
3.21768
2.67598
3.53884
3.32127
2.63129
3.49049
3.37632
2.96151
3.08253
2.73539
2.59111
2.89569
2.74305
2.373
2.48556
2.2195
3.24615
3.26925
3.02088
3.35689
1.9387
3.40357
3.40602
3.0168
3.6683
3.57695
2.77636
2.73235
3.49232
3.35141
3.16913
3.46389
3.28688
3.06397
3.27995
3.1702
3.31182
3.05437
3.34525
3.07811
3.19869
3.04453
3.2014
2.70842
2.90361
3.08191
3.03846
3.10754
3.03273
2.98252
3.09852
2.9472
3.38891
3.38356
3.67394
2.79928
3.57777
2.53988
3.04112
3.59562
3.41954
3.02784
3.3679
3.43007
3.32202
3.05309
3.1108
2.93123
3.95184
3.67902
3.18369
3.62443
3.3783
3.53257
4.06235
2.94729
2.9122
3.10854
3.00406
2.7491
3.19942
2.43496
2.77281
2.81962
3.85388
3.75079
3.14295
3.36935
3.32016
3.23273
3.37689
3.10577
3.21776
3.71477
3.73838
3.34218
3.17638
3.28238
3.1501
3.06776
3.24302
3.09664
2.97521
2.98933
2.80517
3.47523
2.8485
2.87267
2.98497
3.33109
3.21705
3.10169
2.99811
3.19846
2.71661
3.23459
2.90138
2.69682
3.0204
3.07265
2.89126
3.10203
2.84728
2.9522
3.29242
3.02107
3.2665
2.49821
2.80567
3.98825
3.25045
3.24868
2.87096
2.85874
3.49175
3.23054
3.26979
3.54429
3.03938
3.08417
3.21895
3.43292
3.07968
