1.83667
2.84282
2.68491
2.04134
2.50813
2.65304
3.48239
3.07752
1.83601
2.96011
2.88061
3.32958
2.62459
2.51217
2.92838
2.7405
2.80302
3.3136
2.40855
3.00828
2.5168
2.34541
2.68192
3.43159
3.00897
3.93316
2.99878
2.96458
3.03841
3.57161
3.60254
3.98348
3.60439
4.13061
3.32287
2.5664
3.10025
3.37304
2.60116
3.34063
3.14128
2.49462
3.84479
3.7164
3.17162
2.69186
2.81184
2.74433
2.95471
2.63893
2.80513
2.69258
2.17801
3.47301
3.20468
3.41533
3.53309
2.21239
3.7697
3.54724
3.64845
3.73021
4.05528
3.16964
3.50931
2.77776
3.55373
3.39494
4.0064
4.02304
3.49306
3.73956
2.96448
3.1445
3.34301
2.75052
2.57469
3.1054
3.19761
3.02409
3.05691
3.2613
3.22396
3.19466
2.96992
3.00541
2.876
3.75431
2.51657
3.60311
2.04828
3.27294
2.44025
3.4919
2.73154
3.30329
3.43075
4.00563
3.37882
3.18978
3.42904
3.23331
2.39342
2.80227
3.26269
4.01633
3.07821
3.18036
3.49434
3.37736
3.54106
4.22635
3.46009
2.99422
3.28407
2.74026
2.84766
3.61319
2.48644
3.04365
2.46541
3.52537
3.53631
3.06615
3.51113
2.80482
2.78949
3.07079
3.35083
3.35618
2.92218
3.80601
3.38502
3.25719
3.34315
2.96605
3.31226
3.14224
3.10239
2.88481
3.26945
2.81468
3.28753
2.79646
2.87551
2.60397
2.80215
3.39106
2.93125
3.26209
3.14244
2.72771
3.08496
2.66029
2.49794
2.49783
3.05175
3.45195
2.97147
2.64093
2.99977
3.52788
3.33033
3.12652
2.57258
3.61982
3.73706
3.61468
3.1298
2.91998
3.33833
3.57901
2.97546
3.46279
3.43089
2.98094
3.76954
2.97805
3.7811
4.38342
1.8153
2.54176
2.7371
2.08575
2.39149
2.57467
3.15335
3.01894
1.85713
3.01242
2.76739
3.24473
2.60761
2.65827
2.62023
2.37473
2.689
3.1084
2.38531
2.48588
2.76053
3.04363
2.8087
2.49895
3.15261
3.95618
3.1714
3.76331
2.84898
3.2668
3.35594
3.93805
3.8734
4.02823
3.56944
2.54901
2.81713
3.00364
2.57915
3.48714
3.21436
2.59249
3.84431
3.47302
2.90678
3.26608
2.91392
2.45763
2.79073
2.96413
2.74933
2.52533
2.08126
3.25865
3.23593
3.50513
3.93778
2.48958
3.5383
3.28902
3.37134
3.89461
4.22431
3.74596
3.48662
3.37185
3.329
3.23783
3.9958
3.97574
3.15591
3.65073
3.13253
3.24238
3.04178
3.11958
3.35388
3.14052
3.01032
3.24034
3.16533
3.29936
3.28237
3.00177
3.35872
3.2582
3.43141
3.67294
2.84571
3.41097
3.37267
3.68654
2.46835
3.66243
2.89986
3.21995
3.33673
3.54293
3.7201
3.28602
3.24086
3.14418
2.62207
2.58871
2.96305
3.96184
3.00839
3.54598
3.66103
3.92492
3.71778
4.34946
3.35236
3.04568
3.4386
3.0094
2.92808
2.86045
2.49153
2.88948
2.70672
2.54652
3.31767
2.85085
3.33366
3.07239
2.96379
3.252
3.01095
3.01609
3.12027
3.83638
3.44822
3.26566
2.87098
3.05387
3.28489
2.95039
3.01725
2.91822
2.67495
2.7908
3.31922
3.02109
2.9092
2.88996
2.92165
3.13348
3.01486
3.03532
2.93622
2.8777
2.88982
2.94699
2.70749
2.82495
2.86232
3.01201
3.0162
3.22932
3.08611
4.03045
3.42728
4.07728
3.31537
3.57177
3.69144
3.41064
3.28927
3.00259
3.11027
2.6912
3.07782
2.40572
3.63741
2.98834
3.39285
3.00979
3.80808
4.03627
