1.91768
2.93367
2.79457
2.2711
2.58235
2.84227
3.31143
3.09384
1.98296
3.11054
2.72791
3.35863
2.56376
2.68932
2.97466
2.7339
2.82175
3.61181
2.63499
3.04111
3.11787
3.31005
2.66631
3.07584
3.14408
3.92964
3.09295
3.15827
2.75495
3.11141
3.28707
3.49592
3.66288
3.72041
3.06653
2.51792
2.77475
2.89725
2.72206
3.18713
3.31159
2.74387
3.42801
3.56452
2.57251
2.58754
2.94667
2.96723
2.91674
2.68616
2.8449
2.81326
2.37236
3.07112
3.02324
3.2809
3.38024
2.74455
3.58144
3.3691
3.47852
3.86065
4.02939
3.21748
2.78186
3.40397
3.1543
3.36536
3.44701
3.62361
3.26237
3.1297
3.20628
3.06214
3.39445
3.51851
3.48162
3.2664
2.97183
3.46355
3.07335
3.05467
2.82821
3.14967
3.14618
3.18652
3.40254
3.2707
3.12655
3.62601
3.6961
2.94208
2.79776
3.26048
2.86207
3.24379
3.14061
3.99652
3.5293
3.48237
3.36804
3.41379
3.02243
2.86425
3.15623
4.11205
2.87962
3.44728
3.72668
3.1399
3.67825
4.29901
3.4725
3.14014
3.48957
3.03484
3.10411
3.03697
2.26484
3.30934
2.57317
3.63401
3.66974
3.2011
3.62584
3.14954
2.90362
3.23684
3.25364
3.55499
3.55253
3.68781
3.65583
3.349
3.23023
3.22171
3.39105
3.18166
3.49714
3.24769
3.00762
2.795
3.53253
3.07901
3.1716
2.92577
3.20484
3.35319
3.32219
3.30843
3.51332
2.64328
3.2084
2.97073
2.83874
3.15146
3.30002
2.99456
2.81442
2.82533
3.15067
2.97296
3.34712
3.28998
3.07513
3.0462
3.43067
3.2244
3.36654
3.04824
3.51837
3.6625
2.85822
3.04115
3.58484
3.40457
3.6275
2.75055
3.43712
3.42049
1.9309
2.92859
2.70545
2.28855
2.72181
2.8387
3.35788
3.03597
1.99701
3.22453
2.52991
2.97718
2.38205
3.05696
3.16138
2.59718
2.55017
3.25339
2.71246
2.97968
3.04393
3.04104
3.11978
3.41313
3.37029
4.22958
3.10729
3.05334
3.2917
3.10974
3.64109
3.52619
3.67383
3.87681
3.05075
2.68536
2.724
2.98495
2.65886
3.43015
3.39529
2.85887
3.64844
3.56887
2.81052
2.89928
3.25048
2.79592
3.29142
2.80985
2.90407
2.78451
2.37946
3.21394
3.47422
3.39224
3.61207
2.72604
3.09893
3.17407
3.32551
3.25092
3.70918
3.33423
3.25062
3.07829
3.44291
3.14978
3.56412
4.29395
3.30699
3.34758
2.96377
3.45785
3.10686
3.22426
3.37731
3.0234
3.19545
3.5406
2.88449
3.0527
2.71753
2.99051
2.96786
3.06107
3.27404
3.22964
2.92174
2.93415
3.505
3.44063
2.7835
3.48006
3.03078
3.08227
3.37744
3.22928
3.22194
3.24731
3.60146
3.268
2.92502
3.00822
2.95545
3.53798
2.82581
3.29443
3.67809
3.73436
3.4229
3.77192
3.405
3.23576
3.63196
3.18941
2.87814
2.90802
2.13098
2.95497
3.39777
3.30134
3.52043
3.24888
3.53803
3.13391
3.12054
3.2318
3.15956
3.33228
3.35525
3.6816
3.55207
2.85023
3.59888
3.18246
3.78656
3.13148
2.98659
3.30021
2.88686
2.8137
3.49105
3.02083
2.93888
2.72658
2.91968
3.2265
3.19478
3.05759
3.29851
2.58291
2.99679
2.96346
3.05377
3.3465
2.97887
3.1267
3.06219
2.97366
3.03875
3.52379
3.7319
3.28693
2.83807
2.99481
3.16844
3.37358
3.17619
3.27699
2.99593
3.85065
3.05795
3.10215
3.49595
2.86449
3.41597
2.74313
3.57131
3.19834
