1.92892
2.78663
2.42142
2.2605
2.60625
2.74645
3.23131
2.99622
1.66452
3.08437
2.58026
3.09664
2.37437
2.92653
2.7845
2.87243
2.64947
3.10816
2.57429
2.85226
3.03375
2.67904
2.86011
2.75083
3.27806
3.41415
2.90173
3.50639
2.89084
3.11826
3.46838
3.43834
3.52808
3.93351
3.31722
2.69427
2.68206
3.26409
2.19322
3.23788
3.40877
2.61254
3.31893
3.08548
2.77644
2.76463
2.93987
2.64267
2.8273
2.84636
2.55826
2.61029
2.24653
3.20865
3.34657
3.07356
3.12742
2.13623
3.21555
2.9714
3.2782
3.20242
3.70899
3.393
3.17768
2.99097
3.42362
3.10352
3.61294
3.36382
3.06426
3.04493
3.05648
3.29267
3.25987
3.3148
3.18656
3.055
3.00611
3.14091
3.08945
2.9372
2.73677
3.04772
2.8815
3.08801
3.01441
3.29889
3.08543
2.8936
3.41682
3.3041
2.75024
3.60158
2.47051
3.12096
3.14291
3.33348
3.14801
3.33524
3.30065
2.84518
4.06896
2.94013
3.07762
3.94411
3.04499
3.52787
3.78883
3.37829
3.48413
4.40706
3.33157
3.031
3.10312
3.03971
2.9634
3.10008
2.31385
2.97424
2.6751
3.88443
3.38539
3.11653
3.41419
3.86103
2.89098
3.05592
2.99765
3.17443
3.40708
3.86345
3.55646
3.02603
3.11432
2.86497
3.46892
2.67668
3.09386
3.36366
3.24621
2.70058
3.32336
2.72277
2.81161
2.71974
3.28537
3.10601
3.12503
3.05367
3.4617
2.45341
3.23441
3.04889
3.00355
3.36994
2.91509
2.72382
2.5074
2.7634
3.23671
3.81978
3.62408
3.37736
3.64476
3.00874
3.98221
3.27286
3.20849
3.37806
3.19047
3.5991
3.0138
2.78424
3.65694
3.13454
3.55194
2.88071
3.67841
3.19323
2.05474
3.11328
2.31576
2.42632
2.57153
2.79418
3.42896
2.92547
1.83543
2.91651
2.84563
3.09521
2.4363
2.75228
2.96937
2.79171
2.38339
3.08019
2.80024
2.73649
3.10337
2.46701
2.76204
2.88786
2.97152
3.33631
3.66831
3.23799
3.21746
3.30371
3.4332
3.57835
3.6197
4.39263
3.09728
2.73636
2.63532
3.0265
2.74485
3.16999
3.07457
2.82025
3.51801
2.94063
2.81311
2.88834
2.80606
2.89349
3.16154
2.79432
2.48716
2.58193
2.2328
3.07371
3.04618
3.05512
3.50572
2.30572
3.14243
2.86642
3.20138
3.66714
3.95902
2.91841
3.36934
3.47261
3.21942
3.18274
3.57568
3.54154
3.2502
3.07093
3.19425
3.10727
2.84564
3.21559
3.21078
3.04796
3.02898
3.41059
2.92219
2.85281
2.77053
3.08542
2.82029
2.89032
2.99893
3.38027
2.83984
3.06995
3.45628
3.82731
2.65166
3.34499
2.9006
2.99969
3.20306
3.43758
3.25147
3.24395
3.40008
3.58775
3.44854
2.89217
3.49585
4.11238
3.35459
3.22762
3.7579
3.67457
3.42671
4.0627
3.84505
2.92734
3.23185
2.96793
2.80975
3.04116
2.43588
2.90765
3.19286
3.56398
3.60064
2.69862
3.12166
3.38562
2.89087
2.88445
3.11942
3.30475
3.5365
3.5756
2.79817
2.93116
3.56315
3.16164
3.2186
2.86199
2.86242
3.04174
2.91829
2.87653
3.51041
3.11444
2.83736
2.79571
3.08056
3.30253
3.1393
2.97731
3.02137
2.57577
2.80532
3.02643
2.81553
3.00587
3.04938
3.17661
2.37451
3.58302
3.1925
3.88025
3.52192
3.77472
3.43144
3.05068
4.18325
3.4066
2.98658
3.01764
2.68213
3.61959
2.62715
2.58847
2.89321
2.95576
3.1505
3.19623
3.16092
3.226
