1.86588
2.97237
2.74204
2.18146
2.43292
2.67424
2.58354
2.89167
1.7544
2.69565
3.04639
3.41565
2.54894
3.09295
2.74835
2.61945
2.67444
2.81468
2.64439
2.59972
3.00051
2.87475
2.85012
2.88106
3.15228
3.71881
3.02078
2.8597
3.02104
3.3539
3.4777
3.35734
3.58133
3.95169
3.45111
2.68033
2.97366
3.10217
2.27499
3.10096
3.08206
2.2452
3.2038
3.26109
2.66225
2.80957
2.55579
2.07086
2.41143
2.76506
2.71523
2.40977
2.14909
2.94701
2.98961
3.427
3.47186
2.47134
2.90672
3.01751
2.75785
3.31584
3.59701
3.44943
2.38426
3.33208
3.28476
3.14567
3.54234
3.88182
3.15886
3.52038
3.1325
3.17297
3.14993
3.23244
3.32428
3.14774
3.10808
3.05066
3.24626
3.10222
3.33888
3.27269
2.9929
3.03044
3.19457
2.78914
3.35247
3.40215
3.35966
3.26672
2.26937
3.30504
2.36215
2.90366
3.42422
3.28327
3.31176
3.25296
3.72455
3.06806
2.5541
2.99936
3.15045
3.98643
3.08655
3.44889
3.95492
2.99164
3.31509
4.17457
3.70808
3.31067
3.3434
2.7893
2.76897
3.17155
2.06135
3.25268
2.31715
3.30374
3.71978
2.77268
3.21479
3.36281
2.69666
2.99645
3.16876
3.71665
3.51594
3.80077
3.36706
3.28313
3.26749
2.98353
3.15399
3.10274
3.04721
3.20645
2.89447
2.73012
3.33271
2.72243
3.09896
2.82692
3.2783
3.01571
3.14391
2.98422
3.05189
2.86437
3.51504
3.07064
2.5516
2.90385
2.9889
2.82509
3.29433
2.91638
2.74346
2.99566
3.19061
3.48387
2.71611
3.39935
3.37135
3.77065
2.94803
2.95315
3.23827
3.62606
2.64702
2.78731
3.29143
2.89539
3.82417
2.51106
2.93114
2.97504
1.6498
2.65955
2.40256
2.24188
2.2404
2.62718
2.9649
2.95611
1.8507
2.72809
2.95701
3.45895
2.36478
3.15813
2.87561
2.59042
2.84712
3.41599
2.67367
2.52391
2.8483
2.94634
2.54555
3.07225
3.0548
3.98278
3.07205
3.33741
2.84759
3.02548
3.23427
3.56652
3.38918
3.59709
3.17413
2.69978
2.75617
3.1532
2.31569
3.36272
3.07657
2.04135
3.16781
3.33143
2.96818
2.71184
2.47444
2.3812
2.45847
2.53384
2.49789
2.49797
2.12565
3.24092
3.42126
2.99905
3.24965
2.36567
2.59513
3.05241
3.68856
3.57875
3.64862
3.16971
2.91794
3.87482
3.25754
3.00661
3.38957
4.00389
3.26751
3.41144
3.03022
3.21797
2.9915
3.20243
3.48045
3.06262
2.943
3.15405
3.04393
2.87541
3.14021
3.04318
3.08461
2.90702
3.14903
2.8324
2.8287
3.16041
3.25582
3.62216
2.44367
3.18966
2.67622
2.88717
2.99338
3.35805
3.01511
2.9921
3.13354
3.23934
2.64903
2.97196
3.01035
4.13056
3.45298
3.43531
3.4743
3.68502
3.40791
4.08472
3.53321
3.06071
3.44567
2.73982
2.82465
2.84285
2.1138
3.09636
2.65008
3.31435
3.52342
2.59526
3.10955
3.27857
2.92327
3.16072
3.13
3.22129
3.68549
3.80903
2.98693
3.17206
3.55013
3.15825
3.27964
2.83164
3.11409
2.91368
3.1557
2.83156
3.1865
2.93804
2.66689
2.74185
3.19808
3.27476
2.98149
3.05667
2.83112
2.90249
3.32375
2.91036
2.64918
2.73903
3.11807
2.78482
2.93544
3.25772
3.14865
3.17979
3.36288
3.50069
3.16639
3.75103
3.69529
3.8036
2.75594
3.05478
3.25538
3.88824
2.96134
2.91861
3.15061
3.37572
3.9262
2.81105
3.22443
2.8973
