2.02744
2.93353
2.41639
2.58527
2.7157
2.92732
2.97932
2.86239
1.98165
3.15559
2.82459
3.07064
2.44705
2.4553
2.77688
2.95238
2.83046
3.0223
2.83501
2.76723
3.2515
2.87714
3.16804
3.09971
3.38995
3.22515
2.6353
2.9742
2.88035
3.31912
3.53823
3.59967
3.10051
3.73836
2.79819
2.59052
2.53156
2.9731
2.89768
3.02338
3.5325
2.40106
3.45013
3.32294
2.52609
2.71746
2.84188
2.56146
2.61138
2.5191
2.70649
2.70812
2.25523
3.06456
2.81275
3.30569
3.79222
2.14372
3.30165
3.09153
3.20182
3.59084
3.59026
2.577
2.43812
2.79403
3.03516
3.05255
3.44188
3.42882
2.77696
3.0128
2.82776
3.10934
3.10714
3.05559
3.03224
2.98122
2.91881
2.67324
2.8826
2.97439
2.91512
3.19598
2.9965
2.97916
3.00705
3.03366
2.6748
3.14556
3.49151
3.03555
2.56776
3.6362
2.43593
2.82978
3.0799
3.39582
3.11423
3.06312
3.49881
3.18257
2.74182
2.96775
3.33947
3.84
3.36263
3.35739
3.78632
2.72891
3.92186
4.38173
3.522
3.28339
3.04972
3.19799
2.80698
2.90424
2.48819
3.08466
3.52766
3.63269
3.63117
3.31666
3.28581
3.88282
2.9308
3.37819
3.08634
3.1476
3.5709
3.535
3.40273
3.10077
3.20489
3.11469
3.02345
3.40783
3.03747
3.34707
3.22834
2.51043
3.29555
2.76866
2.73916
3.08425
3.45611
3.2635
3.17511
3.22235
2.90164
2.66254
3.19315
3.04737
3.13623
3.20866
2.81248
3.29329
2.96109
3.37359
2.62937
2.78565
3.40682
3.61826
2.54348
3.20076
3.55659
3.40532
2.86871
3.0538
3.10774
3.74492
3.25077
3.28832
3.6284
2.87966
3.59149
2.90978
3.34857
3.7611
1.94501
2.82843
2.46942
2.42169
2.70778
2.80098
2.85465
3.00777
1.94458
2.76807
2.87279
3.05055
2.5876
2.45478
2.76438
2.58513
2.63454
3.51325
2.65748
2.88931
2.69918
3.01725
2.53733
3.04101
2.83424
3.24024
3.18421
2.97848
2.93578
3.23869
3.92318
3.79719
3.93474
3.78836
3.09409
2.38556
2.43904
3.03094
2.51056
3.00585
3.07007
2.48632
3.24198
3.12635
2.81564
2.88067
2.82899
2.46885
2.94501
2.86635
2.58389
2.50521
2.253
2.93263
3.28938
3.2825
3.36908
2.25796
3.07564
3.28376
3.12346
3.39676
3.73022
3.0254
3.07134
2.89871
2.88828
3.05057
3.5413
3.42414
3.38477
2.81534
3.06324
2.80843
3.15152
3.07089
3.41682
2.88003
2.95642
2.90841
2.68663
2.84683
2.88099
3.14991
3.08219
3.16502
3.314
3.06062
2.94911
3.01603
3.18753
3.26606
2.77041
3.49968
2.47333
2.82858
2.76522
3.01689
2.87795
3.47204
3.89711
3.01503
2.83766
3.14898
3.13989
2.98158
2.9383
3.10576
3.52943
2.98992
3.45581
4.25035
3.37427
3.021
2.98488
3.00224
2.84271
2.89562
2.50714
2.88023
3.7087
3.71471
3.92565
2.84833
3.39037
3.5506
3.75635
2.99605
3.18453
3.29121
3.67784
3.36086
3.4456
3.23313
3.14031
3.02322
2.89017
3.02625
3.15159
2.7896
2.88203
2.68523
3.17675
2.89324
2.59674
2.68974
3.04491
3.34968
3.30068
3.01858
3.06077
2.69342
2.65287
3.04924
3.11079
2.90876
2.70713
2.9609
2.8698
3.28413
3.01063
3.25128
3.49899
3.92191
3.88426
3.22749
3.22776
3.45563
3.02616
2.97902
2.82986
3.49805
2.99839
2.97433
3.47146
3.29365
3.4948
3.03843
3.59852
3.57368
