1.75115
2.41782
2.1276
1.7685
2.00046
2.22085
2.60592
2.72101
1.63721
2.96318
2.9323
3.2035
2.16445
3.03782
2.48315
2.08016
2.16684
3.05862
2.16743
2.18019
2.39262
2.58996
2.75501
2.93282
3.25224
4.08968
2.84768
3.04853
2.43683
2.71452
2.95057
3.60472
3.06415
3.7064
3.40859
2.26915
2.2223
3.01318
2.32504
2.64685
3.03069
2.21105
2.83727
3.00907
2.83434
2.66941
2.65506
2.40175
2.45053
2.34024
2.37001
2.18363
1.77555
3.2706
2.44042
3.1695
3.22881
2.82304
2.89574
2.98929
3.19674
3.49872
3.4856
2.74732
3.07814
2.56214
3.29818
3.05334
3.49504
3.43445
3.2469
3.13336
2.83208
3.04167
3.06863
3.37514
2.90244
2.98591
3.08376
2.97552
2.99523
2.82257
2.65642
2.93567
2.86076
2.85961
3.0161
3.00162
2.97987
3.11565
3.37416
3.16294
2.73031
3.54049
2.67924
2.7264
3.53747
2.51825
2.92415
3.05537
3.13141
2.61628
2.29698
2.46172
2.69881
4.2058
3.36251
3.35617
3.92449
3.53844
3.33686
4.17585
3.08846
3.14337
3.20211
2.41715
2.32378
3.59417
2.41878
3.32106
2.43493
3.29981
3.60629
2.79018
3.3226
3.70579
2.70326
3.01341
3.14027
3.51313
3.59768
3.58428
3.60493
3.16969
3.17981
3.06754
2.65023
2.77772
2.83996
2.86016
2.60172
2.25879
2.49104
2.56293
2.41196
2.543
2.87183
3.06199
2.96805
2.8224
3.21565
2.05817
2.6116
2.59498
2.73285
2.99063
2.70153
2.44465
2.25355
2.68469
3.28486
3.16124
3.10817
3.34758
2.95075
3.79761
3.50899
3.00359
2.66158
2.54583
2.96713
4.11087
2.82648
2.61657
3.25231
2.87017
3.92556
2.72426
3.33466
3.67274
1.64281
2.72431
2.07863
1.77734
2.17213
2.10481
3.20542
2.66368
1.66616
2.77599
2.31225
2.56214
1.91424
3.09944
2.36953
2.26741
2.44563
3.07476
2.41731
2.40344
2.45518
2.33676
2.6461
2.83855
2.76844
3.92843
2.49367
3.26564
3.17283
3.03814
2.95068
3.6563
3.4838
3.15216
2.70497
2.24236
2.40039
2.77674
2.35262
2.50953
2.83532
2.35299
3.51099
3.32865
2.62647
2.87158
2.62344
2.44959
2.59406
2.16948
2.37315
2.15652
1.84627
3.34546
2.75069
3.31671
3.14171
3.21103
2.98899
3.1061
3.36972
3.17331
3.31266
3.12284
2.79389
2.22944
3.09943
2.98565
3.43594
3.65768
3.18314
3.19936
2.87895
2.88346
2.85041
3.00978
3.45757
3.17406
2.5312
2.67687
2.70627
2.78967
3.25315
3.01985
2.64859
2.94369
2.87841
3.12914
2.55084
3.18909
3.23781
3.08014
2.76363
3.32194
2.4179
3.02269
2.82015
3.04035
4.01734
2.9318
3.34383
2.81394
2.64568
2.7593
3.39033
3.9738
2.67243
3.37422
4.04185
4.01133
3.16558
4.03144
3.49341
3.01144
3.14122
2.56398
2.61187
3.21298
2.51914
3.32862
2.53437
3.39151
3.14587
2.64816
3.12524
3.1106
2.91534
2.67071
2.75476
2.87983
3.61814
3.62763
3.5194
3.23081
3.35113
3.08169
3.42178
2.80766
2.76036
3.34235
2.527
2.66675
3.17904
2.67284
2.57963
2.63043
2.94945
3.01301
3.1696
3.02698
3.05762
2.19237
2.57817
2.55215
2.85274
2.74343
2.37668
2.50185
2.84311
2.61543
2.36914
2.92033
3.41454
3.66178
2.70235
3.45198
3.34883
3.21258
2.81214
2.71391
2.81274
4.03092
2.92942
2.43953
3.40031
2.89858
3.19933
3.05897
3.59951
3.51516
