2.11679
3.11299
2.62167
2.5219
2.794
2.87249
3.54432
2.94013
2.06665
2.9316
2.96862
3.34276
2.66502
2.43382
3.04888
2.96348
2.84514
3.4609
2.95574
2.94087
3.13221
2.98227
2.85646
3.16496
4.05527
3.85688
3.39055
3.26293
3.35631
3.42886
3.67063
3.60546
3.72408
3.84336
3.39728
3.03827
2.55759
3.01411
2.6386
3.5338
3.44575
2.75047
3.83923
3.23873
3.14625
3.3708
2.78895
2.68374
3.03676
3.04412
2.9052
2.81555
2.24923
2.93409
3.36823
3.74176
3.47838
1.96477
3.55412
3.5009
3.21766
3.75422
4.09247
2.93942
3.68617
2.98479
3.40667
3.11964
3.53389
3.55059
2.83566
3.43261
3.28924
3.38113
3.45008
3.79402
3.07813
3.28087
3.2828
3.17163
2.9691
2.9841
3.15331
3.03415
2.8223
3.15712
3.15886
3.25446
2.84872
3.30332
3.44856
3.3509
2.99717
3.61916
2.96621
3.07153
3.24768
3.67649
3.0428
3.77139
4.23287
3.56767
2.83562
2.88585
3.29977
3.51656
3.50061
3.20843
3.67914
2.82721
3.82135
3.22516
3.29564
3.1398
3.19657
3.17139
3.01127
2.87664
2.29288
2.81029
3.25839
3.53727
4.4579
3.3444
3.71126
3.0431
2.84488
3.37452
3.49435
3.8368
3.65921
3.59349
3.35459
3.25899
3.22729
3.4276
3.59945
3.05714
3.22725
3.29265
3.30979
2.99406
3.33716
3.04121
3.12359
3.13309
3.29794
3.27131
3.34005
3.19386
3.23506
2.79863
3.41904
2.96653
2.39695
3.18087
2.91308
2.95226
2.9764
2.88224
3.15534
3.41583
3.40533
3.3069
3.40935
3.14557
3.6189
3.59322
3.25197
2.9976
3.44221
3.5506
3.00622
3.04264
3.73519
3.29418
3.7891
3.14267
3.60453
3.56781
2.01539
3.29
2.55609
2.52207
2.85608
2.89851
2.6215
3.02877
2.03329
3.02248
3.0777
2.98828
2.64021
2.54263
2.74795
2.68291
2.73669
3.17288
2.68289
3.14024
3.29939
2.97714
2.69013
2.96404
3.33541
3.86542
2.98118
3.13494
2.93142
3.47533
3.31089
3.39355
3.60618
3.69893
2.95656
2.65104
2.62152
3.03882
2.31758
3.42709
3.44721
2.54393
3.95874
3.26058
2.89843
3.16707
2.91535
2.47913
2.61037
2.58386
2.78761
2.70996
2.33923
3.10532
3.17503
3.42309
3.54679
2.19703
3.47655
3.54882
3.90243
4.13482
4.09728
2.9585
3.14521
3.07587
3.26114
3.21395
3.50035
3.91459
2.93865
3.55823
3.19972
3.15306
3.09493
3.16452
3.53024
3.24877
3.12848
3.26629
2.94718
2.84503
3.2514
3.36446
3.07022
3.15357
3.0478
3.63923
2.92277
3.55848
3.69119
3.51153
3.13343
3.81658
2.98708
3.0414
3.1283
3.08888
3.35068
3.74825
3.69614
3.97029
2.92949
3.17088
3.51679
4.25187
3.90177
3.27083
3.98677
3.46911
3.70138
3.6775
3.67245
3.03019
3.79663
3.28086
2.83718
3.54598
1.98841
2.79638
2.5107
3.82699
4.09076
2.85875
3.24567
3.13783
3.45704
3.40449
2.84096
3.21447
3.67744
3.28265
3.37544
3.33598
3.36649
3.32137
3.3355
3.49589
3.2993
2.85086
3.18449
2.742
3.61591
3.06624
2.81137
2.95895
3.25767
3.2634
3.26385
2.94595
3.17069
2.62783
2.93142
3.31735
3.10833
2.87779
3.30315
3.18331
3.08724
3.01031
3.21453
3.69761
3.45752
3.45534
3.39506
2.94428
3.83093
3.34054
2.9995
3.00028
2.79583
3.3483
3.44464
2.77561
3.41747
3.41298
3.30624
3.08765
3.55687
3.42899
