1.75062
2.65627
2.27112
2.15518
2.34913
2.40876
3.00735
2.7892
1.84548
2.88003
2.37652
3.03299
2.27069
3.03156
2.61666
2.41868
2.53683
3.10429
2.41129
2.20792
3.06977
3.01166
2.58284
2.607
3.21012
3.66639
3.23776
2.49354
2.93281
3.04221
3.17834
3.18818
3.22072
3.84015
3.12441
2.47223
2.41108
2.92734
2.1736
3.22843
3.20991
2.53101
3.59774
3.0184
3.04145
2.6028
2.36935
2.17079
2.49425
2.44415
2.59681
2.56752
1.99031
2.68702
2.8892
3.21625
3.38068
2.59772
3.80996
3.38292
3.38196
3.30834
3.82263
3.00174
2.84214
2.63749
2.72886
2.79861
3.0823
2.97726
3.09093
2.8795
2.81032
2.92381
3.34738
3.0184
3.0089
3.10594
2.80262
2.7091
2.73842
2.68937
3.03894
2.80273
2.73478
2.70923
2.91986
3.08451
2.72447
3.36395
3.14626
3.31945
2.46866
3.07816
2.19916
2.88437
3.1369
2.8874
3.11971
3.33841
3.18482
2.97115
2.55375
2.67086
2.86959
3.82966
2.90728
3.22048
3.38692
2.72058
3.38544
4.08035
3.03999
3.14623
3.18593
2.90244
2.55478
3.31821
2.47003
3.02569
2.67375
3.58529
3.62743
2.44718
3.37126
3.36086
2.47605
2.93418
3.22198
3.54195
3.34598
3.42277
3.10384
2.89211
3.23758
2.84766
3.14852
2.78103
2.92462
2.66039
2.97578
2.48383
3.04865
2.56318
2.94717
2.72904
3.24426
2.9549
2.92212
2.81922
2.91297
2.38355
3.05328
3.06478
2.29531
2.55189
2.75347
2.38248
2.57697
2.66607
2.75194
2.93754
3.31696
3.76013
2.44624
3.38329
3.16293
3.26166
2.79034
2.63403
2.69141
3.60089
2.36148
2.31265
3.47993
2.75435
3.45471
2.59246
3.52853
3.60062
1.79236
2.5526
1.98365
2.0765
2.28171
2.46131
3.17474
2.76079
1.76023
2.79727
2.48303
2.59449
2.00508
2.57462
2.71813
2.34841
2.39041
2.85609
2.26266
2.39041
2.70289
2.82867
2.43287
2.61972
3.10615
3.347
2.86663
3.1974
2.77459
2.8045
3.37901
3.00118
3.33174
3.66893
2.77222
2.58448
2.5625
2.73303
2.3
3.2953
3.05394
2.31318
3.43553
3.18134
2.75383
2.33429
2.45292
2.1938
2.22118
2.55212
2.72838
2.55973
1.9325
2.86346
3.00885
2.96843
3.1633
2.60982
3.23795
3.12313
3.7455
3.18382
3.32135
3.08219
3.17536
2.53053
2.84694
2.81685
3.25092
3.17829
2.97448
2.75958
2.78287
3.32409
2.96832
2.86941
3.22967
2.77797
2.70032
2.79624
2.65892
2.59894
2.93846
3.07619
2.71613
2.78881
3.07541
2.8291
2.64578
2.89532
3.18616
3.62868
2.53504
3.07667
2.54017
2.81036
3.00697
3.31803
3.42164
3.43069
3.58914
3.36984
2.36347
2.96636
3.35146
4.10203
2.92668
3.37478
3.56462
3.16259
3.29896
3.63879
3.43546
3.0242
3.03315
2.74851
2.71475
3.13741
2.29056
2.96514
2.99033
3.13614
3.83552
2.66151
3.02116
2.98665
2.52909
3.02565
2.85801
2.8424
3.41889
3.35125
3.13369
3.12183
3.40325
3.0318
3.21165
3.03794
3.10373
3.16079
2.83202
2.52581
3.08157
2.64049
2.58251
2.60705
3.30752
2.93536
2.9168
2.85902
2.8268
2.51579
3.34678
2.70417
2.28812
2.77161
2.56609
2.39142
2.78705
2.61026
2.60419
3.06573
3.12894
3.71425
3.13911
3.35783
3.15059
3.22618
3.07102
2.90954
2.40051
3.36775
2.49648
2.52553
3.22508
2.76302
3.14892
2.71678
3.31586
3.50129
