1.82447
2.90205
2.47702
2.22379
2.44144
2.68967
3.42785
3.31089
1.81528
3.41798
2.84024
3.22728
2.6724
2.15841
2.6657
2.46314
2.4684
3.20724
2.65357
2.93694
3.1664
2.93502
2.68668
3.21721
3.11096
3.9586
3.16807
3.31193
2.87947
3.37348
3.57798
3.45653
3.87768
3.655
2.99802
2.78931
2.71731
3.43286
2.65001
2.92434
3.42549
3.20889
3.64993
3.47991
2.79583
3.18748
3.10567
2.63853
2.78814
2.86105
2.57625
2.41646
2.39633
3.15275
3.42079
3.79307
3.14381
1.51332
3.09418
3.07289
3.21051
3.42698
3.91821
3.11721
2.4633
2.94955
3.17546
3.32875
3.61606
3.3136
2.91157
3.03913
3.33374
3.27488
3.57132
3.14153
3.19924
3.22838
3.02896
3.01035
2.92572
2.76354
2.86719
3.12048
3.08697
3.09166
3.31146
3.4687
2.72182
3.61819
3.55197
3.5936
2.59586
3.7063
2.67272
3.00666
3.43326
3.14287
3.3303
3.30716
4.04183
3.55938
3.12884
2.87677
3.11883
3.86081
3.33707
3.52876
4.13024
2.52444
3.48611
3.98677
3.81603
3.10299
3.40261
2.8882
2.91353
2.67118
2.00321
3.08101
2.8037
3.42125
4.0727
3.40074
3.47816
2.8153
2.86062
3.42309
3.2477
3.52808
3.85127
3.63877
3.35017
3.35275
3.19594
3.27157
3.43394
3.5613
3.28721
2.82192
2.69727
2.49129
3.37486
2.95031
2.75214
2.82218
2.87762
3.10059
3.06863
3.09857
3.42628
2.71363
3.10551
3.16743
2.50305
2.71741
2.92246
3.05202
2.9419
3.00459
3.37165
3.29326
3.6875
3.18076
2.80589
3.14527
3.79627
3.99387
3.05491
2.8682
3.03831
3.69757
3.39473
3.06871
3.57764
3.52386
3.21621
3.04568
3.54113
3.31143
1.75504
2.80254
2.50144
2.25048
2.4647
2.68338
3.07481
3.09542
1.95259
3.06649
2.991
3.16603
2.50176
2.33965
2.83697
2.52227
2.57098
3.13645
2.74076
2.16604
3.12805
3.20449
2.789
3.34151
3.40882
4.01319
3.36838
3.0587
2.54865
2.89229
3.45605
3.84682
2.99999
3.82101
2.93141
2.56536
2.81677
3.08895
2.69964
3.57324
2.83841
2.78193
3.76523
3.28439
3.17188
2.87032
2.99204
2.78652
2.55481
2.79299
2.71337
2.61129
2.28565
2.87374
3.18992
4.00049
3.20366
2.1765
3.70147
3.2972
3.08259
3.71655
4.03735
3.47285
2.78126
2.87195
3.57795
3.29516
3.65543
3.83617
3.28601
3.01159
3.26187
3.16237
3.3139
3.62225
3.37827
3.23006
2.85375
2.90489
2.91761
2.95115
3.14862
3.07893
3.09298
3.16098
3.11984
3.22848
3.10104
2.71839
3.50467
3.12964
2.64832
3.95987
2.84832
3.17929
3.07401
3.57017
3.42524
3.28919
3.64322
3.46231
3.10631
2.75917
2.7191
4.01081
3.55752
3.30634
3.57147
3.19537
3.75836
4.05862
3.98549
3.19184
3.67852
2.96808
2.80411
2.95414
1.94997
2.6831
2.80755
3.19606
3.92211
2.75696
3.48911
3.33977
3.33006
3.42076
3.11745
3.10069
3.88049
3.24484
3.52299
3.33911
3.01294
2.86504
3.40853
3.12713
2.91929
3.04906
3.0949
2.52104
3.13734
2.81807
3.008
2.69764
2.84929
3.1074
3.07319
3.12689
3.13479
2.69785
3.05647
2.80291
3.42151
3.08349
3.04368
2.99579
2.80998
2.66765
3.10706
3.92664
3.30755
3.46366
2.61903
3.56299
3.77684
3.42407
3.17727
2.86502
2.86351
4.0246
3.22487
3.05788
3.43822
3.20236
3.43416
3.22509
3.21156
3.83294
