1.86636
2.89633
2.42968
2.16365
2.25482
2.55225
2.82259
3.08311
1.70394
2.98504
2.87931
3.36704
2.42237
2.97031
2.85083
2.39273
2.65543
3.10937
2.78453
2.39027
2.27703
3.02504
2.73654
3.1177
3.52183
3.35547
3.02131
3.41894
2.63007
3.1291
3.25745
3.56446
3.16814
3.67474
2.95027
2.63595
2.6717
2.99223
2.48341
3.23013
3.18939
2.65819
3.4273
3.22019
2.876
2.90753
2.59393
2.59074
2.5544
2.61093
2.71139
2.69365
2.19875
2.87685
3.27617
3.22332
2.95082
3.24598
3.04775
3.3522
3.4295
3.2415
3.69769
3.32501
3.44537
2.49255
2.98959
2.86046
3.27215
3.0142
2.82042
2.91913
2.97582
3.35167
3.28276
3.10894
2.89334
3.15416
3.36292
3.32055
2.83773
3.01422
2.98681
2.77667
2.67309
2.65204
2.64119
3.49288
2.5964
3.08211
3.18721
2.91093
2.61846
3.40117
2.9952
3.09944
3.09315
2.88521
3.71456
3.46773
3.25198
3.33803
2.7915
2.90675
3.26723
4.36582
3.2053
3.22159
3.94506
2.69005
3.44035
3.6181
3.67058
3.1482
3.20694
2.92874
3.02157
3.17307
2.36743
3.39315
2.66567
3.38077
3.97284
3.25673
3.66736
3.28697
2.72939
3.59361
3.3679
3.40744
3.69107
3.06814
3.29863
3.47217
3.17493
3.11904
3.2138
3.2097
3.33318
3.07127
2.53884
2.80462
3.16905
2.9578
2.88338
2.9017
3.06138
3.15719
3.04834
3.23807
3.39475
2.50993
2.6336
2.8031
2.54411
2.72282
3.03481
2.78093
2.89064
2.92115
2.92551
3.04764
3.18179
3.96755
3.09253
3.07562
3.72883
3.58106
3.14177
2.81222
2.89701
3.5108
3.19895
2.67982
3.74296
3.33984
3.96685
3.16302
3.50008
3.56515
1.86764
2.77062
2.59094
2.05719
2.28623
2.53049
3.2411
3.03496
1.85448
2.84621
2.90272
2.97249
2.02503
2.97675
2.86555
2.62395
2.51642
2.97578
2.74579
2.39218
3.66376
3.12618
2.53662
3.16666
3.18615
3.30714
2.74211
3.5155
2.72735
3.04287
3.38587
3.40821
3.51695
3.59932
2.89847
2.21606
2.6217
2.90723
2.70494
2.91829
2.59561
2.70966
3.38397
3.2455
2.54202
2.94121
2.84358
2.93046
2.63559
2.33747
2.70589
2.74601
2.28705
2.9836
3.21743
3.19827
3.41082
3.0223
3.29929
3.09496
3.366
3.40547
3.337
3.16433
3.35768
2.76393
3.09122
3.00228
3.21039
3.24664
2.7391
2.79765
3.27703
3.02919
3.13872
2.96408
3.09322
3.11941
2.85817
3.06061
2.82338
2.77024
3.09063
2.80512
2.91533
2.94712
2.71739
3.43368
2.85443
2.67617
2.88844
2.88182
2.66237
3.27423
2.68352
2.86515
2.75181
3.05592
3.21892
3.58335
3.44127
3.42012
2.72289
3.05297
3.32989
3.45211
3.47777
3.23986
3.91574
2.82336
3.43573
3.98562
3.43748
2.96596
3.28421
3.13041
2.6991
3.17069
2.57665
3.37645
2.74122
3.39697
3.09956
2.82898
3.60539
3.82293
3.11954
3.05058
2.82454
2.91167
3.48585
3.29743
3.35931
2.90534
2.96383
3.2309
3.16447
2.96093
3.15228
3.12471
2.90838
2.71355
3.11871
2.67209
2.76797
2.76839
2.93299
3.27087
3.07475
3.03619
3.1061
2.82992
2.87478
2.61402
2.76439
2.91465
3.21698
2.55099
2.77691
2.65594
2.72461
3.43468
3.47427
3.75823
3.63853
3.11301
3.76357
3.31833
3.09375
2.52983
2.83635
3.57719
3.16933
2.5687
3.30639
3.12516
3.21641
3.22987
3.38364
3.25398
