1.70394
2.6148
2.07599
2.02626
2.02369
2.16227
2.91147
2.9221
1.58128
2.85064
3.30573
3.50166
2.04454
3.36573
2.95213
1.99736
2.51337
3.56966
2.27464
2.25477
2.41268
2.03422
2.57276
3.15103
3.15522
4.02904
2.89248
3.10178
3.31142
3.50868
3.08214
3.7206
3.55807
3.50353
3.10264
2.35105
2.43876
3.06836
2.39311
3.47832
3.19631
2.94472
3.78557
3.49328
2.71645
2.84558
2.62708
2.65796
2.76662
2.62523
2.16444
2.57796
1.90842
3.03901
3.3834
3.58112
3.50013
2.28927
3.60772
3.23288
3.6681
3.39254
3.52973
3.76455
3.72819
3.05866
3.38856
3.31147
3.95208
4.10389
3.50017
4.32175
3.01496
3.67147
3.52092
3.61254
3.80263
3.23545
3.01253
3.13347
2.94597
3.26927
2.818
3.33193
3.5836
3.05178
3.54614
3.9367
3.2341
3.74858
3.84864
3.17778
2.69699
3.13747
2.61683
2.96965
3.26749
3.77301
2.92771
3.04422
3.19573
2.81983
2.22058
2.80617
2.96952
4.02089
3.32929
3.35159
3.75828
3.89658
3.50552
4.1184
3.55104
3.07698
3.3383
3.34489
2.62522
3.93828
2.47718
2.87538
2.68389
3.17141
4.25877
2.89992
3.03271
2.87816
2.85637
3.0645
3.08576
3.32477
3.70644
4.06822
3.37181
3.36396
3.43838
2.75532
3.18861
2.65331
3.09797
2.91012
3.19019
2.94283
2.78416
2.91571
2.81953
2.5868
2.6598
3.27468
2.83783
3.39903
3.13187
2.4814
3.13383
2.64644
2.72132
2.27568
2.94081
2.54182
2.47201
2.83229
3.02966
3.86233
3.37463
3.28645
3.1302
2.42006
3.6367
3.65509
3.42835
2.89142
3.62634
3.51742
2.76698
2.69982
3.20841
3.12467
3.94164
2.90849
3.52325
3.63019
1.66753
2.56854
2.05519
2.21101
2.12637
2.04918
3.00624
3.04214
1.49086
3.14919
3.31462
3.22653
1.7448
3.45371
2.57979
2.21369
2.88653
3.28389
2.25944
1.7611
2.54538
2.1455
2.28013
2.91365
3.36748
3.20914
2.70999
3.26838
3.0466
3.64268
3.27283
3.64687
3.65582
3.76646
3.07788
2.34277
2.50607
2.9852
2.20405
3.3325
3.51857
2.81177
3.82457
3.34618
2.50337
2.66962
2.65755
2.4877
2.58073
2.58041
2.03581
2.31505
1.98749
3.19546
3.16994
3.43167
3.7469
2.74801
3.78323
3.41383
3.91619
3.92098
3.72382
4.17953
4.16374
3.50913
3.16717
3.45704
4.06412
3.58807
3.06565
3.89846
3.19099
3.29796
3.30653
3.30656
3.77851
3.02523
3.03969
2.72763
2.83928
3.30955
3.00618
3.24753
3.07593
3.16432
3.48157
3.81126
3.28274
3.5976
3.9633
3.06639
2.86383
3.28778
2.54058
3.09635
3.38694
3.10247
3.39992
3.56514
3.80768
3.42746
2.4532
3.07217
3.26956
3.76619
3.30682
3.67127
3.58436
3.8603
3.61597
2.75415
3.34522
3.16676
3.36683
2.6719
2.82132
3.84213
2.89716
3.05131
2.79592
3.45221
4.19789
2.96445
3.18625
3.98666
3.4327
3.19911
2.75554
2.98369
3.73324
3.84908
3.22136
3.20101
3.20335
3.31924
3.08869
2.71676
2.91815
2.71168
2.48625
2.9058
3.03479
3.30861
2.58407
2.46791
2.95165
3.23341
2.94009
2.7192
3.1524
2.60262
2.88995
2.58815
3.2033
2.36034
2.7978
2.04036
2.26398
2.94598
2.89223
3.6872
3.51751
3.35577
3.92635
2.93162
3.58207
3.58953
3.36436
3.19515
3.51526
3.64813
2.83865
2.79303
3.36303
3.02984
3.45614
2.95497
3.53608
3.94537
