1.83911
2.54472
2.0778
2.10159
2.25313
2.4473
3.28274
2.85441
1.63498
3.28062
2.977
3.41699
2.57303
2.55492
2.56773
2.43854
2.58183
3.1944
2.41832
2.48986
2.86436
2.96271
2.63164
2.75934
3.45965
3.84687
2.73879
3.19215
3.26879
3.5237
3.56183
3.37837
3.3751
3.79306
3.17895
2.36362
2.74084
3.06452
2.40315
3.07545
3.06307
2.72881
4.08901
3.18563
2.65311
2.93852
2.57469
2.48365
2.5078
2.56118
2.59355
2.47321
2.09907
2.64942
2.9562
3.44757
3.46596
2.46308
3.6054
3.38606
3.14727
3.64541
4.02168
3.21041
2.90711
2.74077
3.13589
3.00488
3.55589
3.85702
2.78172
3.06935
3.05526
3.08065
2.71184
3.10107
3.169
3.05402
3.07565
3.16199
2.70948
3.11908
2.97291
2.82632
3.04978
2.88031
2.87945
2.90083
2.8113
3.31948
3.01577
3.37158
2.53924
3.3808
2.65498
3.10159
3.03657
3.31652
3.16717
3.18091
3.06191
3.50061
2.78605
3.26457
2.91003
4.0908
3.57696
3.45037
3.69411
3.44037
3.60526
4.04811
3.24842
2.83836
2.92833
2.69234
2.70868
2.38893
2.34283
2.80842
2.76661
3.42583
3.36519
3.14907
3.43423
3.05332
2.85811
3.21849
2.98636
3.2871
3.63006
3.7056
3.47083
3.07862
2.96276
2.81299
3.22775
2.93857
2.80374
2.55029
2.72233
2.74028
3.10386
2.77585
2.98745
2.60506
3.00758
3.22663
3.20526
2.74137
3.0649
2.57145
3.10282
3.39445
2.54121
2.76747
3.14065
2.97279
2.74722
2.65699
2.90039
2.91482
3.38007
3.18149
2.64558
2.80106
3.93471
3.32345
3.08629
2.89727
3.09906
2.9634
2.91694
2.85232
3.47033
3.06096
3.45602
2.94765
3.66627
3.36998
1.98505
2.68636
2.52648
2.22085
2.40596
2.37324
3.40987
2.91249
1.84491
3.02504
2.73097
3.30887
2.51042
2.50355
2.60224
2.59712
2.70121
3.06335
2.65716
2.81999
2.83072
2.69782
2.73933
2.89335
2.71686
3.46385
2.72061
3.49812
2.89442
3.26161
2.98231
3.53495
3.91746
3.73895
3.05358
2.63031
2.66113
3.1639
2.27239
3.36558
3.46814
2.60914
3.74391
3.01278
2.71019
3.20008
2.8886
2.76602
2.85321
2.5111
2.71136
2.59
2.28903
3.25869
3.234
3.86455
3.48414
2.31649
3.44063
3.32975
3.39048
3.69379
3.9142
3.18898
3.36811
2.86039
3.43058
3.1685
3.65313
3.76312
3.16895
2.82393
3.08689
2.86208
2.71711
3.34524
2.88999
3.33668
2.94573
2.91885
2.90512
2.90833
3.00784
3.02933
2.81568
2.87194
2.76572
3.07992
2.58721
2.90353
3.05537
3.23886
2.74766
3.39388
3.4526
3.17434
3.18136
3.57527
3.27071
3.42995
3.0196
3.08585
2.60014
2.87912
2.56432
4.31743
3.40299
3.31701
3.82101
3.68383
3.51222
4.45658
4.21153
2.95027
3.21226
2.87474
3.04823
2.63834
2.62141
2.60372
2.6484
3.52337
3.62002
2.51295
3.27294
3.04395
3.20042
3.43733
2.79673
3.0205
3.41848
3.5097
3.49038
3.03066
3.07224
3.15597
3.20927
3.14788
3.06861
2.81762
2.67649
3.15552
3.13494
2.96893
2.85804
2.59889
2.78937
3.03679
3.13821
2.77423
2.96492
2.16238
2.27043
3.41116
2.84707
2.96116
3.0864
2.66476
2.89368
2.97453
2.7444
3.69099
3.54788
3.31586
3.14095
3.32276
3.73406
3.56678
3.36512
2.75119
2.81713
3.66324
2.92513
2.67805
3.27509
3.19215
3.5286
2.95497
3.40242
3.63968
