2.15283
2.68666
2.61837
2.48199
2.54098
2.65251
2.74923
3.06266
1.8071
3.04783
2.58452
2.8404
2.4351
2.20461
3.06969
2.96526
2.85278
3.11687
2.7072
2.49874
2.97705
2.64674
2.78004
3.14277
3.43433
3.51431
2.95383
2.9101
3.46733
3.51286
3.78639
3.79904
3.81597
3.99495
3.20752
2.89207
2.83449
3.00294
2.88909
3.08475
3.16151
2.68869
3.90501
3.28142
2.68676
2.42199
2.80389
2.34675
2.91838
2.67512
2.84854
2.73926
2.1082
3.42908
2.88252
3.44715
3.57144
2.34935
3.54163
3.34274
3.52436
3.58297
3.87109
2.96806
3.41409
3.41821
3.38325
3.24696
3.78639
3.74993
3.41876
4.12403
3.13197
3.25954
3.49426
3.82023
3.32483
3.08074
3.28913
3.21729
3.11614
3.03254
3.11006
3.26292
3.5572
3.01869
3.32022
3.51276
3.21464
3.61605
3.84519
3.70755
3.09151
3.72835
2.58323
2.77717
2.80116
3.41971
3.7347
3.30154
3.52726
3.17533
3.088
3.21919
3.19662
3.84114
3.62437
3.68284
4.03375
3.17828
3.44276
4.21494
3.16086
3.3429
3.52576
3.24799
2.7437
2.84771
2.32056
3.21774
3.22749
3.68587
3.70752
3.02615
3.41746
3.50885
3.33016
3.09989
3.50211
3.79084
4.09584
3.84376
3.29003
3.18901
3.65988
3.33924
3.41025
2.93397
3.37792
2.91576
2.86424
3.13989
3.00392
2.97623
3.03995
2.67075
3.12783
3.43018
3.03448
3.16002
2.98141
3.06003
3.31895
3.32304
2.74465
2.72895
3.11151
2.84956
2.63494
3.1779
2.91622
3.27521
3.5341
3.57331
3.23178
3.43986
3.92767
3.61618
3.64751
3.26532
2.9361
3.32291
2.86799
3.32657
3.46136
3.05325
3.94795
3.12235
3.6767
3.83695
1.94994
2.6022
2.67224
2.44031
2.5261
2.6727
3.7181
2.96238
1.8407
3.04508
3.12659
3.0063
2.45914
2.6667
2.94336
2.51113
2.79286
3.32154
2.57454
2.91236
3.44906
2.9589
2.63444
3.04115
3.22188
3.81887
3.16562
3.38883
3.91865
3.49894
3.59843
4.00969
3.25309
4.23668
3.4205
2.51385
2.69917
2.99355
2.56504
3.26711
3.37298
2.80101
3.39815
3.29288
3.67667
3.05604
2.97526
2.50805
2.85962
2.66
2.75645
2.69206
2.20287
3.28097
3.03929
3.56797
3.33591
2.33919
3.59539
3.78813
3.53736
4.06933
4.2568
3.22893
3.45846
3.18926
3.4643
3.38736
3.93253
3.89296
3.42945
3.54473
3.13328
3.35422
3.25163
3.47913
3.56897
3.18065
3.19628
2.95242
3.20406
3.25105
3.2758
3.21107
3.11453
3.24228
3.53501
3.82719
3.07898
3.25878
3.49631
3.90906
2.95197
3.64423
2.79945
2.95043
3.31009
3.30379
3.3758
3.47665
3.43913
3.26513
2.95514
3.00147
3.41359
4.1469
3.73236
3.53847
4.23893
3.40738
4.06945
4.48395
3.3366
3.00416
3.38245
3.24574
3.08901
3.3035
2.49446
3.3434
3.24088
3.39411
4.44039
3.4147
3.49552
3.75575
3.28486
3.2202
3.00156
3.40706
4.21124
3.82535
3.43771
3.52385
3.66112
2.90717
3.75642
2.86058
2.95385
3.02232
2.71012
3.20734
3.1464
2.98719
2.87736
2.87614
3.64224
3.33119
3.29875
3.06483
3.39863
2.71992
3.45262
3.16355
3.05551
3.36944
2.66295
2.79393
2.67679
3.46651
3.28514
3.73415
3.41262
4.08194
3.58776
3.36462
3.3806
3.4835
3.3448
3.14388
3.19936
4.15888
2.865
3.59433
3.65538
3.23017
3.11378
3.15218
3.48048
4.022
