2.18636
3.03878
2.35488
2.58099
2.58283
2.84111
3.4084
2.89205
2.14584
2.78984
2.78916
3.34667
2.49542
2.29105
2.77988
2.77859
2.69066
3.21998
2.76273
2.60369
3.03671
2.84196
3.06736
3.05784
3.33211
3.58215
3.5743
3.327
3.19641
3.52685
3.51569
3.94477
3.4428
4.20694
2.96986
2.77415
3.13642
3.21661
2.77786
3.17629
3.23882
3.10024
3.19394
3.45675
2.97287
3.11326
3.07186
2.62108
2.71304
3.02836
2.8138
2.76683
2.45557
2.84775
3.02261
3.27741
3.63006
2.31322
2.98809
3.22753
3.40717
3.34783
3.75311
3.21759
2.82391
2.94917
3.02445
2.83842
3.5668
3.56395
2.99172
3.59572
3.09126
3.10847
3.0707
3.16212
3.36323
3.09759
2.82445
2.95073
2.80184
3.11804
3.01611
3.10459
2.87845
2.92953
3.23564
3.32328
3.01342
3.76357
3.50183
3.79332
2.78843
3.40145
2.97193
2.91897
3.23347
3.19454
3.55641
3.71224
4.0278
3.67242
3.06472
3.215
3.41459
3.59668
3.60557
3.34723
3.84671
1.8451
3.55927
3.23931
3.46066
2.99355
3.14575
3.51378
2.78983
3.37614
1.94487
3.0312
2.67216
3.58016
3.97603
3.78834
3.7527
3.15762
2.73938
3.34735
3.25047
3.81824
3.69066
3.94623
3.27817
3.63395
3.13615
2.97869
3.39847
3.27292
3.20801
3.10329
2.96573
3.25154
2.96929
3.03384
3.18628
3.01521
3.20963
3.17208
3.17756
3.18663
3.11389
2.65073
3.39935
2.88432
2.56175
3.27223
3.06352
2.86245
2.92469
2.57212
3.13683
3.0096
3.77725
3.50811
3.92115
2.33022
3.44841
3.31494
3.04023
2.91722
3.06071
3.56148
3.0235
2.91712
3.58823
3.4409
3.59057
3.1405
3.42613
3.56559
2.13691
2.79686
2.43424
2.61526
2.71792
2.67943
3.3141
2.85513
2.08978
2.99154
3.15919
2.73074
2.72124
2.28817
3.1168
2.53112
2.85149
3.33829
2.78999
2.71618
3.019
2.80498
3.17201
2.68415
3.28667
3.63846
3.45348
3.45187
3.03135
3.10988
3.40874
3.90449
3.3683
3.83442
3.40459
2.6227
2.83962
3.27892
2.70007
3.32079
3.29383
2.78443
3.6898
3.34925
3.00281
3.31901
2.94339
2.64372
2.50983
2.81449
2.93346
2.64155
2.25099
2.95974
3.36727
3.43726
3.49532
2.25191
2.85542
3.38399
3.75944
3.38741
3.77106
3.71148
2.94451
2.7951
3.33852
3.31571
3.74055
3.52414
3.36317
3.25083
2.94881
3.29276
3.47025
3.57907
3.22286
3.42968
3.00713
2.95429
2.93036
2.93176
3.20645
3.20592
3.14806
3.24459
3.18065
3.76724
2.91125
3.67066
3.57724
3.25463
2.77165
3.41555
2.6854
2.92753
2.88179
3.3801
3.54348
3.41836
3.04143
3.41933
2.8836
2.65986
2.89547
4.03628
3.4253
3.30467
3.44297
2.63342
3.73557
4.23583
3.61337
2.98992
3.69896
3.14418
3.08995
3.68254
2.13803
3.03202
2.63593
3.6936
4.11466
3.04633
3.69864
3.39384
3.23025
3.22201
3.17758
3.34062
3.80686
3.71295
3.23023
3.5088
3.2956
3.41077
3.51341
3.20453
3.19545
3.17477
2.89493
3.32087
3.41979
3.01112
3.13357
3.1199
3.02782
3.15331
3.0016
2.9801
3.00228
3.0085
3.30359
2.95443
2.80009
2.35216
3.1253
3.01313
3.30368
2.99794
3.2583
3.2266
4.02585
3.20777
3.24475
2.39794
3.68912
3.52723
3.51832
3.15753
3.11926
3.55873
2.89795
3.14103
3.46192
2.96679
3.37809
2.83601
3.59659
3.54118
