1.63424
2.88761
2.06209
1.96229
2.31745
2.5556
2.99991
2.80588
1.62241
2.77866
2.97809
3.03522
1.89426
2.78694
2.58276
2.12703
2.48655
3.11631
2.53157
2.63583
2.53858
3.43618
2.63114
3.04685
3.48396
3.49989
2.77247
2.8357
2.39161
3.12724
3.50864
3.49707
3.24187
4.03061
2.8775
2.50477
2.44933
2.95166
2.36689
3.11802
2.92125
2.62403
3.19118
3.30832
2.547
2.35148
2.73219
2.19319
2.54689
2.60785
2.69324
2.65713
1.98962
3.22674
2.83166
3.15327
3.66272
2.48244
3.85462
3.77278
3.4244
3.44345
3.53677
2.6607
3.48712
3.32806
3.15285
3.07383
3.42352
3.39336
3.00583
3.35958
3.02581
3.08548
3.17064
3.08474
3.31343
3.03961
3.06341
3.31005
2.697
3.0468
2.73239
2.84043
2.93877
2.94421
3.14803
3.37713
2.78421
3.22585
3.48694
3.47103
2.09231
3.44478
2.69448
2.97703
3.22872
3.03678
3.11851
3.55504
3.35428
2.82107
2.47685
2.83833
2.71778
3.74838
3.62923
3.09736
3.34063
2.67162
3.09384
3.29014
3.47483
3.20154
2.97519
3.33864
2.71034
3.4499
2.09032
3.0801
2.65
3.60313
4.03247
3.03519
3.68775
3.53381
2.71945
3.11281
3.14703
3.50213
3.51865
3.61969
3.10064
3.21194
3.27314
3.16028
3.46242
3.27524
3.11695
3.08895
2.63014
2.62134
2.85172
2.82842
2.89907
2.78997
3.23642
2.9715
2.92035
2.91558
3.20008
2.41828
2.66127
2.85163
2.56774
2.59761
2.75765
2.72671
2.55815
2.60685
2.55294
2.74197
3.53695
3.48547
3.46767
2.66335
3.30658
3.11145
2.98289
2.88372
3.13118
3.41129
2.78591
3.16033
3.53228
3.2069
3.35341
2.68843
3.28767
3.32316
1.75924
2.76585
2.41063
2.07143
2.30041
2.58731
2.85618
2.84666
1.61362
2.8511
2.83738
3.31596
2.15824
2.85468
2.32088
2.34237
2.50102
3.26438
2.46754
2.27618
3.46901
2.76723
2.37398
2.5221
3.51219
3.5678
2.49309
3.23321
2.66632
2.77415
3.35715
3.17689
3.14336
3.54106
2.75733
2.43752
2.546
2.92666
2.30952
3.10893
3.04341
2.44529
3.40837
3.41366
2.38332
2.60759
2.52744
2.62259
2.89404
2.48818
2.79656
2.64213
2.09904
2.98132
2.93501
3.33195
2.88745
2.89113
3.48289
3.01865
3.68535
3.51458
3.49998
3.1397
3.1987
3.58826
3.28108
3.07297
3.49672
3.71169
3.00633
3.01385
3.00562
3.00917
2.94791
3.08502
3.59335
3.03032
2.82265
3.28746
2.4785
2.87897
2.90996
3.13247
2.58041
2.7837
2.73345
3.0224
2.92569
3.46608
3.71696
3.59836
2.67201
3.02451
2.83223
2.86535
2.92123
2.78261
3.06541
3.31988
3.03922
2.87204
2.15038
2.54324
3.08688
3.93333
3.06168
3.12197
3.42394
2.72061
2.9047
3.27692
3.09841
2.988
2.95668
2.91456
2.6367
3.80849
2.19051
2.79422
2.48798
3.64106
3.80941
2.57511
3.37223
3.68416
3.10185
3.0952
3.00753
3.1296
3.57348
3.79246
3.62985
3.18955
3.36985
2.63932
3.10058
3.05521
3.24652
2.9824
2.68835
2.68991
3.00726
2.48085
2.51966
2.47087
3.14105
3.06167
3.06541
3.0619
2.7983
2.50185
2.5469
3.4801
2.82443
2.99042
2.79362
2.34749
2.96459
2.74166
2.35187
3.07002
3.45456
3.49068
3.06258
3.02361
3.3774
3.244
2.86392
2.72258
2.92292
3.385
2.49716
2.27125
3.51622
3.07768
3.20143
2.67021
3.24668
3.93707
