1.78075
2.75394
2.59154
2.26991
2.37237
2.61556
2.78987
2.68678
1.77261
3.13674
3.06256
3.15691
2.4201
2.92923
2.78445
2.71948
2.90887
3.21428
2.61543
2.96696
3.42562
2.93366
2.52002
2.82244
3.60898
3.22719
2.78001
3.20239
3.18045
3.13621
3.3791
3.62789
3.462
3.56214
3.47638
2.97896
2.82378
3.22131
2.42843
3.4271
3.60806
2.44358
3.07852
3.33451
2.83927
2.50015
2.90524
2.42544
2.49493
2.66808
2.3813
2.60544
1.8394
2.81186
2.9258
3.23748
3.38684
1.87326
3.33064
3.47681
3.37364
3.49382
3.67262
3.14388
3.13112
3.08857
2.97546
3.18284
3.62973
3.68808
3.67752
3.38423
3.20564
2.95865
3.00897
3.13173
3.55387
3.02431
3.06275
3.1052
2.85127
2.91803
3.49614
3.02178
2.90578
3.1467
3.05414
3.25834
2.83082
3.03374
3.92599
3.18617
2.74312
3.33999
2.73965
2.85703
3.7087
3.18157
2.68286
3.1541
3.93383
3.0266
2.61708
3.04806
3.36478
3.15474
3.17993
3.31903
3.23607
2.19384
3.54019
3.46065
3.35098
3.12661
3.23685
2.86465
2.67933
2.8096
2.16351
2.57635
2.83352
3.59087
3.56472
3.1593
3.50805
2.97541
2.73672
3.19941
3.11731
3.3506
3.53431
3.47841
3.46342
3.09307
3.16696
3.41414
3.37854
3.2336
3.24065
3.17685
2.75887
2.85628
3.11745
2.79979
2.82074
2.69461
2.94338
3.0415
2.92181
3.09206
3.31702
2.65215
3.06783
2.94106
2.56423
2.79754
2.88866
2.96608
2.81981
3.08214
2.80368
3.38143
3.21415
3.19958
3.18404
3.19194
3.22777
3.07787
3.03549
3.17954
2.75034
3.80445
2.71987
2.85347
3.38445
3.33907
3.34783
2.59884
3.25862
3.35498
1.74083
2.8602
2.41155
2.19658
2.44277
2.52175
3.25025
2.87951
1.6318
3.02021
3.14014
3.13724
2.71846
2.39516
3.20951
2.41111
2.662
3.23941
2.53518
3.00626
2.74323
2.24824
2.85431
3.25598
2.94423
3.60215
2.87497
3.75924
3.24237
2.96886
2.99005
3.70537
3.81755
4.17422
3.41715
2.66558
2.91759
3.29227
2.61614
3.22555
3.41056
2.73798
3.36613
3.15712
2.8165
3.00773
2.76293
2.52302
2.67217
2.68688
2.42188
2.45829
1.9737
3.00219
3.19327
3.48972
3.52966
2.13328
3.00841
3.20203
3.32581
3.45699
3.56008
3.14028
2.92714
3.02783
3.02007
3.06424
3.73818
3.44402
3.078
3.33969
3.23322
3.27349
3.2256
3.36833
3.48394
2.92584
2.89292
2.93897
3.06776
2.85599
3.15846
3.12893
2.95453
2.87388
3.26206
3.29696
2.54012
2.89736
3.7157
3.4081
2.52042
2.9109
2.96652
2.92656
3.21278
2.9701
2.99392
2.98457
3.22376
2.8917
2.64575
3.17658
3.20822
3.45296
2.73309
3.07324
2.93435
2.67656
3.61626
2.6232
3.48672
2.99223
3.36125
2.95659
2.98797
2.26241
2.28802
2.49575
3.02768
3.12996
3.56948
2.96125
2.95804
3.07931
2.7357
3.11865
3.03785
3.18314
3.57401
3.6284
3.50403
2.89903
3.18499
3.2599
3.52361
2.97609
3.04781
3.33585
2.91931
2.73991
2.99786
2.80083
2.9678
2.55974
3.12586
3.11259
3.15593
3.14914
3.51089
2.66384
2.91456
2.8761
2.48307
2.9859
2.94691
2.87346
2.7057
2.23382
3.19021
4.15388
3.1725
2.89921
2.82177
3.27158
3.59932
3.26208
3.23084
2.99645
3.02568
3.65936
2.90769
3.07433
2.85355
2.99345
2.94047
2.49597
3.45558
3.71327
