2.04195
2.73221
2.41831
2.36861
2.76886
2.94484
2.80648
2.88613
1.67755
2.98377
3.24748
3.33662
2.30961
2.56674
2.94558
2.95576
2.60927
2.91568
2.68491
2.62915
3.40363
3.1248
2.82718
2.67832
3.25872
3.40533
2.65842
2.94058
3.18249
3.136
3.33134
3.1116
3.69259
3.8117
2.98387
2.43244
2.72905
3.1902
2.29245
3.04913
3.41669
2.16788
3.43465
3.28031
2.41472
2.69785
2.56815
2.28826
2.55959
2.6884
2.23784
2.42066
2.08605
2.77222
3.11905
3.22061
3.27657
2.32896
3.99775
3.34187
3.32535
3.54206
3.88883
2.84765
2.74154
3.18297
3.27983
2.98927
3.5488
3.74147
2.96931
3.31397
3.11011
2.92593
3.10997
2.77751
2.98975
3.20555
3.22136
3.21208
2.8531
3.09892
2.96795
2.90945
2.84275
2.82318
3.04999
3.09365
3.02151
3.16211
3.21884
3.45495
2.70289
4.12359
2.94189
3.0645
3.09617
3.29703
2.83607
3.01718
3.35247
2.98201
2.30225
2.75623
3.2124
3.86157
3.34817
3.45675
4.3494
2.8488
3.67363
4.16779
3.70469
3.14908
3.00552
3.04421
2.80788
3.48038
2.2326
3.26157
2.60407
3.72014
4.08525
2.6898
3.3706
3.76999
3.15729
3.20152
3.13607
3.6902
3.84423
3.95073
3.44835
3.77818
3.10078
3.61555
3.05785
3.55288
3.22043
3.36856
3.21388
2.6568
3.58752
2.8057
2.86854
3.01108
3.42265
3.07301
3.15951
3.2017
2.96324
2.46949
3.0655
3.23009
2.73148
3.42968
3.09274
3.02812
2.73699
2.92955
2.76771
3.08934
3.56496
4.10575
3.11958
3.47023
4.09373
3.59816
2.92022
2.91011
2.57079
3.72615
2.44213
2.61151
3.33458
3.52946
3.67919
2.80573
3.34596
3.81429
1.90366
2.773
2.38141
2.49645
2.41057
2.71072
3.64118
2.96723
1.69218
3.02924
2.94559
3.38514
2.33935
2.44772
3.16939
2.64758
2.78409
3.00907
3.01955
2.4051
3.20375
3.13531
2.73159
2.87144
3.11523
3.23678
3.04485
3.49566
2.6391
2.8229
3.72151
3.24896
3.1411
3.71825
3.09794
2.40791
2.59834
3.14994
2.35829
3.13762
3.27294
2.64452
3.09851
2.76371
2.83689
2.92796
2.88738
2.4641
2.82992
2.79684
2.74381
2.49141
2.10026
3.11304
2.8736
3.50883
3.26586
2.79254
3.89403
3.28122
4.22261
3.40673
3.40244
4.03808
2.42298
3.14709
3.06877
3.14533
3.55908
3.42805
3.00974
3.13393
2.97049
3.03027
2.9797
3.28745
2.99624
3.05993
3.23452
3.18976
3.16826
2.95249
3.2077
3.1051
2.85582
2.88983
2.90891
3.05233
3.17685
2.76894
3.40092
3.39515
2.68134
3.97669
2.79847
3.08076
3.3612
3.05469
3.32807
3.44661
3.93668
3.28416
2.40958
2.92167
3.24097
4.34655
3.16166
3.47307
4.36046
3.6972
3.64815
4.37349
3.09529
3.10921
3.32836
2.94952
2.91198
3.67784
2.40035
2.93127
3.0273
4.05683
3.72827
2.60231
3.1816
3.6268
3.54609
3.06532
3.16359
3.48089
3.89048
3.58326
3.48702
3.64045
3.2095
3.29526
3.58395
3.00158
3.23253
2.93079
2.98543
2.93286
3.39957
2.93043
2.93075
3.15743
3.25331
3.09662
3.18969
3.25657
3.20989
2.24706
3.38763
3.29099
2.75285
3.51289
3.11033
3.06989
2.93479
2.93172
2.91322
3.19837
3.97464
4.21159
3.62273
3.51109
4.06553
3.77496
3.29956
2.9296
2.721
3.74092
2.65196
2.66203
3.20626
2.87692
3.77602
3.04406
3.41138
3.79215
