1.93977
2.39628
2.44069
2.00839
2.36939
2.55842
2.83018
3.02794
1.79977
3.00714
2.65363
2.96221
2.14425
2.7794
2.6955
2.30045
2.42398
3.30364
2.45348
2.67574
2.98539
2.75559
2.84654
3.11263
3.50093
4.12561
2.86679
2.79263
3.41709
3.33557
3.60969
3.81848
3.63077
4.19699
2.95122
2.29768
2.41563
2.84325
2.94766
3.21571
2.95367
2.84427
3.05323
3.33795
2.97295
2.39516
2.64988
2.15043
3.13257
2.22408
2.7822
2.45437
1.9997
3.12049
3.14414
3.34846
3.37507
2.42709
3.37512
2.87796
3.35096
3.17936
3.85363
3.28497
2.95415
2.69157
3.13349
2.85839
3.71516
3.76097
3.25269
3.37799
2.86233
3.29664
3.64693
3.57501
3.32664
2.79143
2.66832
2.74693
2.74127
2.88678
3.06346
2.82789
3.00005
2.86337
3.35427
3.6767
2.95104
3.82868
3.72856
3.20352
2.59497
3.47342
2.35263
2.90418
3.38386
3.44393
2.91658
3.29847
3.34114
3.32472
2.65709
2.92684
2.7577
3.8604
3.95972
3.19725
3.58599
2.96172
3.49825
3.81007
2.98388
2.84272
3.53353
2.57462
2.41592
3.47017
2.31664
3.29639
2.69858
3.76784
3.81659
2.94601
3.46795
3.60268
3.15521
3.02928
3.02929
3.25429
4.02259
4.25311
3.52169
3.4346
3.32062
2.89483
3.1393
2.89361
3.41327
3.20872
2.8042
2.81618
2.81712
2.73666
2.56615
2.52775
2.91484
3.02162
3.10683
2.80188
2.95883
2.42406
2.99799
2.60993
2.9157
2.64265
2.95008
2.42413
2.551
3.01526
2.71823
3.08519
3.40408
3.67996
3.81244
2.51983
3.97532
3.29357
2.95971
2.84171
3.16122
3.90751
2.91664
2.93476
3.67911
3.33953
3.31582
3.26209
3.18188
3.52005
1.93226
2.52571
2.19855
2.12847
2.41856
2.57904
3.04106
2.82289
1.6371
2.82441
2.89866
3.38816
2.42204
2.62559
2.67418
2.43308
2.34614
3.70144
2.38122
2.86191
2.73235
2.78868
2.4412
2.94494
2.74006
3.59091
2.31034
3.39847
2.87015
3.02534
3.40872
3.60951
3.51665
3.89288
2.97127
2.2256
2.28556
2.9456
2.4985
3.14415
2.91105
2.5737
3.01175
3.45961
2.71151
2.78203
2.63098
2.05167
2.4635
2.58739
2.65832
2.40721
1.95963
3.03471
3.1499
3.42415
3.0884
2.33004
2.94404
3.31439
3.0423
3.57783
3.38401
3.20583
3.32044
3.11021
3.40599
2.78607
3.86772
4.07238
3.38544
3.28984
2.97829
3.01374
3.24885
3.2395
3.32805
2.96707
2.85976
2.71858
2.41913
2.93261
3.15477
2.93809
2.90655
2.90922
3.38034
3.28182
2.94426
3.35453
3.72328
3.23286
2.7654
3.42608
2.29033
2.84548
3.03641
2.91417
3.1137
3.06754
3.44817
2.88955
2.4673
2.91394
3.03573
4.29532
3.96705
3.02275
3.5251
3.34385
3.17772
3.97851
3.53478
2.97316
3.52243
2.83338
2.51348
3.07747
2.33235
3.28439
2.8123
3.70145
4.35823
3.13244
3.32846
3.33091
3.16512
3.45874
2.98115
3.11108
3.83011
3.75986
3.52364
3.29251
3.27725
3.48291
3.29379
3.06103
2.85979
2.76245
2.68173
2.65559
2.79642
2.83676
2.66555
2.42704
2.85573
2.77843
2.8054
2.98445
2.79158
2.70652
2.77403
2.79491
2.92274
3.11319
2.74801
2.60739
2.94591
2.90051
2.53917
3.08492
3.527
3.59507
2.96609
3.11119
3.79197
3.00506
2.95934
2.74697
2.82783
3.97073
3.02639
2.81374
3.73048
3.04367
3.44067
3.27459
3.24893
3.38094
