2.12112
2.51328
2.50142
2.28781
2.5362
2.8184
2.87426
3.04648
1.85693
3.15523
3.04139
3.37848
2.63475
2.21572
3.05214
2.89895
2.57535
3.35359
2.65042
2.8479
3.26925
3.09736
2.82234
3.00211
2.79785
3.84567
3.02384
2.89497
2.7739
3.34071
3.42096
3.57142
3.52946
3.59389
3.10255
2.43312
2.86764
2.95557
2.75733
3.31252
3.04101
2.63717
3.61824
3.20551
2.7381
2.77075
2.62202
2.49722
2.60746
2.79004
2.52192
2.41295
2.17822
3.48352
3.10419
3.80065
3.26885
2.24094
3.57641
3.42635
3.25365
3.58276
3.54074
2.73216
2.46843
3.11549
3.31325
3.11271
3.30355
3.40818
3.14539
3.02156
3.18442
3.07318
3.25909
3.26637
3.35928
3.14817
3.14639
2.82395
2.83946
3.07579
2.96582
3.03156
2.92367
2.88185
3.01175
3.42084
2.92644
3.31869
3.55447
3.31245
2.56427
3.22043
2.63713
3.20064
3.26655
3.55856
3.47181
3.24975
3.08867
3.45123
2.90743
2.7104
2.92757
3.54595
3.19312
3.40409
3.42
2.44645
3.32191
4.25062
3.44396
3.27224
3.17555
3.05599
2.52409
3.73196
2.56874
3.17918
2.22721
4.02291
3.62946
3.06856
3.13631
3.55788
2.86351
2.94932
2.99852
3.41501
3.86538
3.62039
3.14982
3.26725
3.21225
2.75828
3.16057
3.0783
3.03345
2.93381
3.29531
2.62675
3.24093
2.58711
2.99341
2.98201
3.05843
3.23394
2.64318
3.07231
3.08946
2.5649
3.19747
2.6746
2.8626
2.88558
2.93593
2.78171
2.84085
2.62356
2.78669
3.20279
3.3428
3.55495
2.71888
2.61868
3.30035
3.53786
2.99367
2.81503
3.01671
3.86378
3.19987
3.07015
3.4252
3.34235
3.68114
3.28768
3.44121
3.32705
2.19795
2.67742
2.49347
2.41171
2.52859
2.72499
2.87862
3.0036
1.83577
2.71141
2.60873
3.10654
2.48456
2.42563
2.68852
2.52813
2.6532
3.2641
2.54598
2.70246
3.10334
2.74414
3.01482
2.82514
2.89881
3.54327
2.81432
2.90223
3.21284
3.21857
3.29239
3.50785
3.23166
4.08366
3.08546
2.5438
2.80504
2.71635
2.53648
3.23548
3.53741
2.52452
3.42691
3.28612
2.55164
2.61112
2.38571
2.6505
2.60763
2.89752
2.63552
2.44567
2.16902
3.2115
3.07517
3.66084
3.14879
2.12324
3.689
3.12627
3.08848
3.64078
3.84583
3.12184
2.78797
2.96436
3.30767
3.15372
3.57844
3.21746
3.00311
2.90998
2.95276
3.20643
2.99214
3.18854
3.44227
2.84558
3.20925
3.07493
2.97578
2.63886
2.97247
2.95657
3.1362
2.97643
3.15284
3.33186
3.40425
3.33179
3.45513
3.10541
2.754
3.41256
2.51197
3.04938
3.24165
3.36533
3.19827
3.1226
3.05219
2.71336
2.90449
2.99496
3.0451
4.05958
3.54583
3.33701
4.09471
3.0963
3.37213
3.83855
3.24501
2.98483
3.53259
2.94655
2.6367
3.5205
2.42966
2.99184
2.29348
3.8699
3.65312
2.66199
3.17277
3.75166
3.24706
2.76991
3.38755
3.23933
3.75269
3.37473
2.98552
3.50747
3.11324
3.1336
3.42765
2.70971
2.91921
3.31135
2.7773
2.88076
3.19718
2.84609
2.78124
2.82629
2.93073
2.8094
2.89263
3.17271
3.17346
2.84495
3.25743
2.93935
2.88835
2.59093
2.36286
2.96455
3.088
3.29811
2.67827
3.28082
3.33007
3.62843
2.91702
2.89851
4.11784
3.15839
3.05624
2.81948
2.89383
3.62014
3.1229
2.79555
3.07713
3.09027
3.02967
3.43751
3.30147
3.93375
