1.9667
2.93161
2.14584
2.20736
2.43513
2.66187
3.3103
2.87364
1.69833
3.03327
3.16285
3.38623
2.64575
2.86091
2.68
2.94146
2.86329
3.36071
2.86463
2.65497
2.59771
2.70205
2.98565
2.85967
3.20067
3.57912
2.56707
2.9795
2.74316
3.5402
3.72759
3.85037
3.76216
4.36468
3.29356
2.15624
2.58592
3.09955
2.29499
3.07544
3.09233
2.28452
3.2572
3.27196
2.73273
2.68556
2.61723
2.22734
2.4457
2.46916
2.62764
2.60479
2.00968
3.21749
3.07396
3.4022
3.50396
2.20029
3.42107
3.1455
3.16708
3.52653
3.70175
3.36646
2.6586
2.91157
2.82325
3.16968
3.76903
3.6737
3.11959
3.237
3.1018
3.62751
3.71646
3.4948
3.56974
2.87788
3.10056
3.14003
3.12349
3.02147
3.11854
3.03716
2.99755
3.15615
3.59531
3.47893
3.29112
3.81425
3.4016
3.0808
2.57131
3.2708
2.53172
3.04923
2.97791
3.17985
3.54005
3.2689
3.38011
3.54477
2.66583
2.74971
2.70545
3.40983
3.11379
3.53879
4.41313
2.15321
3.79297
3.37593
3.21399
3.29782
3.5207
2.79512
2.69032
3.68054
2.23868
3.21882
2.69593
3.35837
3.94703
2.87177
3.66794
3.44839
2.66891
3.27663
3.39404
3.58106
3.77206
3.78049
3.64757
3.44261
3.43826
3.74526
3.40317
2.93602
3.13042
3.39775
2.84813
2.60651
2.99176
2.89668
2.65712
2.86179
3.04054
3.27245
3.09392
3.19234
3.18605
2.46173
3.26987
3.02166
2.52863
2.94263
2.9826
2.7516
2.76788
2.73832
2.94331
2.93712
3.48986
2.85127
2.78574
2.80857
3.41975
3.51572
3.1846
2.89626
3.25431
3.76379
2.57061
3.05932
3.58617
3.15546
3.91663
2.55548
3.39784
3.66506
2.06897
2.55693
2.11083
2.23256
2.51062
2.68576
3.2186
2.6797
1.83301
2.87248
3.12167
3.186
2.66272
2.75603
3.01192
2.41464
2.81098
3.26226
2.49974
2.64408
2.63492
3.35756
2.84339
2.95207
2.87918
3.39545
3.3048
3.46759
3.10328
3.18819
3.61645
3.96138
3.65188
3.8774
3.04759
2.36065
2.32094
3.02783
2.47987
3.11572
3.30757
2.56566
3.30586
3.32027
2.57413
2.92336
2.67407
2.18327
2.60158
2.55115
2.72879
2.55517
1.96974
3.02057
3.1059
3.52049
3.69957
2.84972
3.58691
3.19803
3.5655
3.64914
3.8378
2.83787
3.34045
3.19009
3.15604
2.95854
3.62818
3.15552
3.08952
3.4315
3.17622
3.22453
3.07227
3.3096
3.57802
2.90883
2.9488
3.36633
2.93832
2.8455
3.07912
3.13549
3.01478
3.00044
3.12626
3.65398
2.8946
3.41232
3.34119
2.92174
2.90513
3.39603
2.78283
2.95051
2.8266
3.0294
3.12735
3.1247
3.56806
2.85528
2.89655
3.01915
3.21139
3.73187
3.10531
3.26736
3.82012
3.52947
3.34392
4.12961
2.81083
2.75749
2.7517
3.02457
2.67999
3.65168
2.57263
2.80191
2.77459
3.26599
3.44456
2.59724
3.66499
3.7937
3.38392
3.54664
2.78704
2.95363
3.64794
3.26418
3.74409
3.64108
3.27959
3.49603
3.28919
3.08045
3.11626
3.13864
2.86783
2.67723
3.04736
2.81294
2.87201
2.85878
3.09384
3.00939
3.17445
2.90042
3.1309
2.77542
3.29645
2.95803
2.81005
2.94467
2.7698
2.80502
2.61713
2.96202
3.09619
3.32703
3.54784
3.38557
2.98317
3.49517
4.03748
3.12664
3.02204
2.87508
3.046
4.18832
2.96431
2.88615
3.48289
3.24943
3.14552
2.95138
3.36511
3.76953
