1.82262
2.89663
2.5306
2.17668
2.42931
2.7205
3.42547
2.53837
2.61333
2.2378
2.83172
2.49973
2.43496
2.41867
2.7124
2.85581
2.90849
3.55918
2.94142
3.24826
3.06008
3.14405
2.93653
3.24947
3.29385
3.35256
3.00423
3.01871
2.81249
3.1913
3.48668
4.09611
3.47266
3.84
3.18344
2.82824
2.94468
3.20683
3.10745
3.12284
3.4604
2.82324
3.4568
3.18117
2.92627
2.46073
2.66185
2.89759
2.75758
2.85599
3.05614
2.75532
2.72618
1.79337
2.57287
2.13639
3.39693
1.77453
3.06709
3.16196
3.37042
3.64544
3.86347
3.25337
3.32557
3.01098
3.32666
3.2103
3.43691
3.66501
3.76656
3.10017
3.15937
3.5429
3.33773
3.74312
3.30932
3.22307
3.3085
3.34934
2.92335
3.10087
3.07823
3.47589
3.11414
3.33072
3.33715
3.33901
2.84528
2.85887
3.21874
3.43593
3.00064
3.67471
3.25844
2.91297
3.27228
3.3166
3.39449
3.02954
3.36036
3.46993
3.0659
3.16564
3.15853
3.72043
3.35809
3.45387
3.80012
2.97414
3.39841
4.2587
3.76634
3.27196
3.6137
3.17471
2.79514
3.14564
2.21623
3.19863
3.06914
3.59795
3.97554
3.20039
3.31961
2.73671
2.83466
3.38094
3.31979
3.71842
3.72036
3.60316
3.41023
3.45616
3.50499
3.16349
3.39049
3.05318
3.23076
3.54389
3.04285
2.98632
3.12276
3.27297
3.08346
2.97769
2.79285
3.44907
3.26679
3.14527
3.15158
2.33727
2.91399
2.94122
2.42424
2.99545
3.00027
3.16965
3.63968
2.7361
2.9651
2.81085
3.49892
3.89464
3.52251
3.56592
3.85508
3.83843
3.41012
3.06634
3.10719
4.08226
3.01547
2.59862
3.30154
3.5802
3.66151
3.14113
3.35859
3.39868
1.89813
2.93138
2.66065
2.28442
2.45146
2.69656
3.0147
3.10016
1.79562
3.01463
3.24175
3.14387
2.62997
2.70009
2.93359
2.80113
2.48804
2.6905
2.89592
2.98628
3.49263
2.79766
2.98465
2.42155
3.29034
3.37021
3.05062
3.48323
2.94006
3.47251
3.37473
3.84895
3.75927
4.17263
3.19208
2.21744
2.80101
3.09999
2.23525
3.25364
3.38324
2.46946
3.44916
3.37796
2.89762
3.11832
2.6044
2.96308
2.94742
2.66749
2.54346
2.48886
2.23895
3.13901
3.3476
3.55796
3.62549
2.16512
3.14144
3.12216
3.29343
3.57937
3.64835
3.20531
3.70965
3.43436
3.37855
3.20355
3.48319
3.63693
3.42627
3.21008
3.0855
3.24754
3.05256
3.3323
3.26536
3.33836
2.94626
3.23766
3.03272
3.11633
3.1395
3.1092
3.24481
3.03781
3.12718
3.27457
2.92508
2.88594
3.42057
3.33852
2.87556
3.92442
2.96063
2.97903
2.94849
3.38036
3.16366
3.15549
3.08433
3.03378
2.97538
3.18838
3.66718
3.69086
3.32989
3.60373
4.01433
3.37177
3.47788
3.51217
3.31948
3.2446
3.23416
3.07358
2.87621
3.16078
2.82856
2.70395
3.60467
3.76783
3.42013
2.7957
3.26918
3.24902
3.72904
2.87775
3.40322
3.55585
3.60308
3.71624
3.56801
3.37773
3.39864
3.30245
3.04871
3.09164
3.33443
2.99448
3.18175
2.96093
3.06415
2.80143
3.13169
2.86838
2.92955
3.32658
3.29781
3.08697
3.1491
2.49981
2.49294
2.92507
3.47894
3.27775
2.93101
3.40743
3.16931
2.85904
3.07111
3.4475
3.11491
3.12744
3.57077
3.24623
3.23103
3.3072
3.39601
2.84119
3.24059
3.55526
3.00216
2.43944
3.41757
3.11682
3.62385
2.93693
3.31852
3.28652
