1.81175
2.6142
2.42355
2.2091
2.41405
2.62384
2.7424
2.89452
1.7022
2.75649
2.35564
3.08602
2.34465
3.19954
2.54201
2.16635
2.40608
3.52923
2.68639
2.60276
3.52567
3.11198
2.73983
3.07077
3.07806
3.77333
2.96415
2.96658
3.1063
2.86189
3.69396
3.47285
3.91337
3.82305
3.32052
2.31585
2.87781
2.83447
2.66029
2.92531
3.22017
2.30829
2.93824
3.36311
2.68921
3.37621
2.42763
2.59027
2.62624
2.5741
2.3436
2.31037
2.06081
3.1259
3.25391
2.95795
3.43318
3.1789
3.61897
3.19558
3.29332
3.88493
4.00825
3.00824
3.32789
3.04982
2.97957
3.02825
3.333
3.66396
3.04614
2.7079
2.89883
3.07689
3.10673
3.14104
3.14773
2.87689
2.9884
3.18974
2.77771
3.11704
2.922
2.85955
2.86113
2.99216
3.08877
3.53124
2.9798
3.56153
3.65085
3.04313
3.0404
3.06257
2.02952
3.0285
2.90211
3.87093
3.26547
3.01246
3.19222
3.37187
2.28116
2.52123
2.59135
3.75873
2.69327
2.98553
3.77354
3.20736
3.51992
4.32946
3.32894
2.91966
2.95965
2.50799
2.8619
3.56119
2.35372
2.93494
2.33804
3.71065
3.98446
3.26505
2.8194
3.31947
2.87673
2.53058
2.87666
3.3882
3.74904
3.03612
3.29596
3.17447
2.89051
2.95541
3.47029
3.14175
3.05084
3.23758
2.9531
2.37772
2.94526
2.73976
2.91609
2.81907
3.06112
2.98886
2.83326
2.90721
3.1173
2.66865
2.89454
2.80327
2.51331
3.09285
2.5965
2.45675
2.86293
2.46373
2.56545
2.90389
3.56343
3.31518
3.49715
3.27966
3.38916
3.21475
2.89739
2.75453
2.76851
3.97591
2.54671
2.66567
3.24455
2.8547
3.45632
2.50345
3.26983
3.87038
1.8333
2.58103
2.33752
2.18888
2.51597
2.64992
3.02672
2.79139
1.80277
2.79439
3.30505
2.8766
2.20177
3.25267
2.68362
2.34218
2.67755
3.19515
2.639
2.53212
3.32422
2.56317
2.60397
2.47987
3.09943
3.51453
2.92813
2.79905
2.7856
3.11726
3.44303
3.72706
3.66662
3.88594
2.95135
2.8956
2.22498
2.87546
2.75052
2.7937
3.01533
2.44113
3.33049
3.38837
2.5279
2.56913
2.55644
2.32515
2.28483
2.31654
2.62581
2.44737
2.17473
2.87711
3.22942
3.1575
3.41804
2.84844
3.46284
3.26139
3.39595
3.62013
3.54018
3.15432
3.15949
2.86974
3.0023
3.03372
3.43032
3.08253
3.32944
3.27866
2.83782
2.81491
2.88261
2.97929
3.12603
2.92151
2.83545
3.14694
2.78817
3.31688
2.96316
3.11616
2.8358
3.06455
2.99662
3.38954
2.88171
2.87271
3.22105
3.19797
2.92905
3.42558
2.46217
3.04621
3.01551
3.75817
3.07952
2.93059
3.07878
3.50901
2.53698
2.69449
2.82545
4.14492
2.80241
3.29017
3.32352
4.07255
3.51898
4.3109
2.57758
2.86193
2.91136
2.65764
2.9879
3.46736
2.15656
2.93191
2.3587
3.74841
3.69076
2.64903
2.782
3.21109
3.05181
2.69816
2.74473
3.25189
3.09411
3.1909
3.43484
3.48442
3.35225
3.08506
3.25099
3.0706
2.97869
2.9426
2.71093
2.55329
2.90061
2.69552
2.90531
2.7698
3.0461
3.23518
3.05444
3.05485
2.94445
2.50813
2.88121
2.59913
2.58088
2.94209
2.63239
2.93502
2.77645
2.96148
2.75247
2.96758
3.47858
3.36082
2.70047
3.29346
3.50076
3.1376
2.84436
3.016
3.1784
3.14644
2.32996
2.05887
3.0629
2.74668
3.00179
2.58536
3.23689
3.37443
