1.982
3.07394
2.52538
2.34359
2.48563
2.89855
3.01194
2.95294
1.83911
3.15148
3.03281
2.9807
2.41893
2.50387
2.58727
2.43872
2.55257
3.53277
2.77832
2.72619
3.21485
3.62895
2.88581
2.93149
3.04416
3.31127
2.93632
2.93684
2.83642
3.23289
3.58919
3.5634
3.90033
3.81454
3.72828
2.22915
2.86679
3.28038
2.24928
2.99119
3.26314
2.5652
3.43219
3.17128
2.53912
2.83921
2.70608
2.63601
2.47503
2.57733
2.51398
2.53648
2.41646
3.03355
3.2192
3.43491
3.55031
2.18198
3.29055
3.34314
3.73573
3.6263
3.30319
3.23094
3.18859
3.81199
3.29394
2.93296
3.62001
3.42374
3.158
3.33615
3.34781
3.08122
3.23564
3.62236
3.38962
2.98309
2.98381
3.15676
3.01695
2.84723
3.02126
3.04788
3.16149
3.11761
3.25418
3.44841
3.2157
3.43001
3.88564
3.52569
2.80023
3.9428
2.67725
3.10498
3.16157
3.41602
3.24247
3.31566
3.83317
3.67406
2.71262
2.96998
3.3859
4.28482
3.23075
3.55923
4.05792
2.67712
3.73295
4.17252
2.87792
3.31355
2.95764
2.83535
3.01715
3.49886
2.6319
3.2173
2.71051
3.75605
3.71519
3.175
3.46375
3.16493
2.98441
3.07992
3.18933
3.34072
3.61927
3.62881
3.29179
3.52779
3.20797
3.10725
3.17179
2.94737
3.34988
3.12652
3.0974
2.77522
2.92238
2.8388
2.98407
2.97862
2.89989
3.00036
3.1581
3.12174
2.8587
2.29515
3.04032
3.3545
2.46931
3.07556
2.91904
2.82451
2.86795
2.4842
2.82166
3.2193
3.29298
3.24383
3.80742
3.40622
3.53487
3.38071
3.16643
2.82231
3.27053
3.54553
2.87092
2.60886
3.31091
3.13475
2.86984
2.72901
3.87703
3.51628
2.12591
3.25323
2.58946
2.48379
2.52452
2.80346
3.2667
3.08684
1.82442
3.16744
2.64717
3.08138
2.45444
2.88669
2.7779
2.33376
2.96791
2.98039
2.63972
2.53102
3.24773
2.54177
3.2807
2.56378
3.15159
3.13152
2.7345
3.19981
2.82247
3.09409
3.69491
3.98494
4.06945
3.76701
3.23824
2.62529
2.75525
2.90281
2.4581
3.24641
3.05166
2.42644
3.32505
3.41093
2.6263
2.56821
2.57454
2.41194
2.30491
2.53281
2.37704
2.48431
2.29157
3.07487
3.13046
3.39531
3.29961
2.80383
3.83282
3.57438
3.93336
3.65691
3.75467
3.2851
3.54288
3.89923
3.32164
3.49707
3.67253
3.4615
3.41144
3.33491
3.08364
3.62655
3.33168
3.42264
3.22416
3.14902
3.15922
3.15045
2.99294
3.28187
3.00439
3.29996
3.02948
3.02579
2.98018
3.53357
3.23233
3.03422
3.47567
3.51701
2.65797
3.89831
2.58662
3.24834
3.50633
3.4629
3.33362
3.0377
3.01616
3.54835
2.96724
3.04549
3.43091
4.46021
3.33843
3.45359
3.8887
4.05793
3.60003
4.05123
3.71833
3.26824
3.62374
2.95567
2.99107
3.4016
2.00853
2.81866
2.677
3.59981
3.67155
2.74412
3.32421
3.72098
3.33539
3.28327
3.13752
3.33767
3.82001
3.7131
2.92791
3.227
3.22453
3.08556
3.18383
3.34616
2.90496
3.09523
3.28301
2.78587
3.15236
2.91073
2.92562
3.06441
3.1797
3.10176
2.95585
3.08003
2.71165
2.48971
2.89926
3.1089
3.02778
3.28527
3.18761
3.32935
3.24785
2.69195
2.69198
3.13893
3.91037
4.05616
3.05767
3.43675
3.5029
3.53996
3.35858
3.04983
2.84529
3.4386
2.9105
2.34959
3.32107
3.27939
3.05361
2.97203
3.48985
3.92794
