2.11545
2.79348
2.81577
2.30768
2.67312
2.77994
3.30256
3.04929
2.02634
2.97278
3.1666
2.85024
2.46687
2.47001
2.78831
2.71946
2.62581
3.45966
3.04904
2.52699
2.69915
2.77342
2.81184
2.99678
3.38881
3.34123
3.19606
3.00045
2.95073
3.19106
3.53679
3.24107
3.94484
3.55066
2.81853
3.08704
3.07885
3.25094
2.89809
3.35718
3.13267
3.08526
3.22698
3.43376
2.84759
2.88331
2.60878
2.65644
2.61701
2.66389
2.53891
2.64526
2.20786
2.95395
3.40652
3.39409
3.13214
2.7239
3.03083
3.41916
3.22923
3.49008
3.48351
2.89761
2.76328
3.04711
3.23883
3.06587
3.64136
3.57243
3.29451
3.71328
3.1915
3.49231
3.34162
3.32016
3.09383
2.98368
3.13669
2.81151
2.8203
2.82397
3.04843
2.93282
3.02997
3.07093
3.17507
3.38525
3.21108
3.03491
3.42237
3.6017
2.77369
3.82336
2.548
2.87626
2.94962
3.00907
3.3439
3.45366
3.63054
3.96039
3.39801
2.94785
2.9844
3.93247
3.23131
3.48385
3.47643
2.92605
3.57271
3.57337
3.4235
3.14782
3.16299
2.87159
2.75228
2.98914
2.0916
3.08787
2.66993
3.84994
3.82563
3.03733
3.34738
3.60722
2.78903
3.19551
3.35274
3.25169
3.55184
3.2588
2.90348
3.23375
3.35977
3.12945
2.88136
3.1676
3.07142
3.42424
3.16136
3.06851
3.35918
2.703
2.72794
2.87852
3.09172
3.19537
3.2818
3.11079
3.20205
2.64922
3.29605
2.94824
2.65886
2.53215
2.63143
2.87225
2.46312
3.00503
2.62714
3.12449
3.42404
3.81565
3.09195
3.47707
4.21513
3.41596
3.01602
2.89728
2.9966
3.52662
3.2289
2.85102
3.04221
3.19692
3.43943
2.86768
3.51888
2.99779
1.97026
2.67355
2.54178
2.57789
2.64464
2.722
3.41409
2.89013
2.01956
2.86001
2.8985
3.13799
2.47366
2.53849
2.82726
2.5776
2.88652
3.0146
2.58845
2.97257
3.35205
3.0021
3.17102
2.92208
2.98219
3.54145
2.81917
3.11208
3.10851
3.38002
3.22858
3.59662
3.7732
3.84719
3.01096
2.79125
2.66056
2.84163
2.58555
3.11102
3.12964
2.90169
3.14615
3.0798
2.64878
2.89392
2.72713
2.50469
2.79378
2.6192
2.68592
2.68165
2.24853
2.86684
3.01501
3.06761
3.88927
2.40781
3.53787
2.96431
3.38784
4.29628
3.86443
2.94447
2.98477
2.91058
3.19419
2.97195
3.58068
3.48687
3.21684
3.73076
3.10941
3.05774
3.10959
3.10162
3.32835
3.08792
2.82105
2.8387
2.97363
3.00211
3.01194
3.15572
3.10516
2.88761
2.9777
3.49126
3.00033
3.15686
3.59222
3.25057
2.42495
3.53602
2.65392
2.98561
3.28622
3.28671
3.26596
3.31853
3.10092
3.3922
3.15697
2.78763
2.58105
4.05827
3.09612
3.37156
3.74329
4.00687
3.85403
4.33164
3.42796
3.05573
3.40781
3.13297
2.79118
3.00509
1.987
2.93781
2.90513
4.11273
3.69037
2.87032
3.12434
3.24766
3.25955
3.09065
3.01035
2.82267
3.72594
3.3303
3.02318
3.14098
3.22253
2.95711
3.25332
2.79152
2.90595
3.0474
2.74545
2.96559
3.14556
2.84072
2.76919
2.78761
2.8101
3.19277
3.02554
3.45123
3.09452
2.61615
3.02178
2.90678
3.20965
3.06638
2.92643
2.6976
2.93353
3.5081
3.13313
3.33454
3.61841
3.53793
2.55025
3.5179
4.13516
3.18959
2.99403
2.84738
3.30578
3.0984
3.15306
3.22845
2.9098
3.05431
2.63208
3.31799
3.53097
3.13797
