1.77521
2.84127
2.40796
2.08836
2.44958
2.73296
3.25461
2.96924
1.78218
3.02002
2.80585
3.26579
2.38782
2.80118
3.02533
2.69788
2.24081
3.38004
2.50016
2.97276
2.69381
3.31194
3.1489
2.97094
3.31166
3.73125
3.09509
3.25476
2.49667
3.20557
3.81594
3.80753
3.26427
4.03249
3.17196
2.6272
2.69011
3.05139
2.65299
3.18701
2.886
2.86206
3.15134
3.47126
2.79028
3.19414
2.79266
2.85561
3.17945
2.53374
2.75185
2.536
2.01262
3.22099
2.90312
3.32902
3.4033
2.83183
3.44125
2.95084
3.67642
3.53822
3.89045
3.14804
2.52467
2.82697
3.14918
3.10773
3.36408
3.67135
3.09351
3.05629
2.9751
2.94285
3.03767
2.84886
2.96524
2.90483
2.92419
2.78522
2.82438
2.83795
3.05613
3.22046
2.9576
2.90344
3.05506
3.60896
3.02803
3.56859
3.42198
3.04212
2.39243
3.31415
2.64815
3.04169
3.57879
3.38436
2.93715
3.06645
3.2853
3.02256
2.66362
2.71647
3.14444
4.15397
3.18413
3.06137
3.37392
3.21528
3.48279
4.12585
3.18903
3.01435
2.96609
2.90553
2.86898
3.12256
2.49512
2.99712
3.68002
3.78176
3.41186
3.09114
3.01017
3.37129
2.74239
2.9325
2.9353
3.18252
3.45393
3.98054
3.23539
3.061
3.05484
2.90974
3.90191
2.96365
3.18059
3.14211
2.79412
2.55561
3.1467
2.86924
2.92825
2.8911
3.88336
3.3211
3.06027
2.98547
3.38968
2.45383
2.83946
2.73201
2.48183
2.37878
3.28633
2.65137
3.02198
2.84717
3.05072
2.99912
3.3504
3.0552
2.60666
3.2666
3.27546
3.10872
2.81093
2.77445
2.80797
3.42965
2.83242
2.96308
3.49666
3.12431
3.73151
2.52057
3.16908
3.66191
1.65501
2.80483
2.68938
2.10686
2.3848
2.59672
3.1532
3.11316
1.84328
3.08807
2.76105
3.2891
2.64172
3.03836
3.06084
2.62598
2.47276
2.79273
2.54881
2.98661
2.67778
3.07109
2.70516
3.14453
3.06737
3.73894
3.18409
3.07597
2.39231
3.12722
3.3749
3.70988
3.62385
3.90208
3.12051
2.79925
2.57568
3.1146
2.65896
3.38915
3.25757
2.8368
3.53126
3.61056
2.76193
3.44211
2.63473
2.3401
2.90484
2.83003
2.91404
2.56727
2.27462
3.42487
3.04369
3.22498
3.68476
2.66651
3.39245
3.28794
3.24377
3.09706
3.71281
3.07338
2.68763
2.80031
3.36758
3.01194
3.4763
3.42678
2.89957
2.93139
3.00948
2.94483
3.15439
3.19672
3.30305
3.18439
3.1743
2.79964
2.9159
2.90061
3.20361
2.98334
3.26015
2.69271
2.8753
2.8029
3.13412
2.89913
3.69393
3.1642
2.415
3.48321
2.50768
2.97254
3.3421
3.38849
2.95107
3.4364
3.11832
3.05825
2.34762
2.82443
3.10514
3.92042
3.40775
3.04175
3.26708
3.21599
3.14129
3.84239
3.17257
2.85479
3.03964
3.01294
2.6414
3.52815
2.49205
2.75459
3.17323
3.49783
3.986
3.07043
3.36226
3.93828
3.13694
3.13758
2.98082
3.0609
3.67304
3.49942
3.56363
3.50829
3.07046
2.9931
3.32537
3.03622
2.95318
3.29627
2.78982
2.62978
3.03417
2.62428
2.86978
2.68298
3.63845
3.36731
3.21274
3.11112
3.31635
2.53782
2.91003
2.96336
2.82281
2.49647
2.87887
2.66487
3.69612
2.83349
2.89473
3.58097
3.37485
3.50668
2.75366
3.07444
3.06558
2.90067
2.99284
2.87237
2.86166
3.73696
2.73467
2.79564
3.39934
3.13361
3.12631
2.67194
3.63936
3.72609
