2.01684
2.99631
2.56466
2.32638
2.70132
2.73365
2.95025
2.91197
1.96658
2.82357
2.96227
3.13635
2.43722
2.79428
3.1702
2.60879
2.60354
3.32605
2.60617
2.9854
3.02442
3.19557
2.97363
3.01692
2.88667
3.614
3.00163
2.84042
3.03903
2.81879
3.39103
3.82916
3.34431
3.92776
3.07437
2.83428
2.74272
3.22334
2.97482
3.2083
3.29035
2.63241
3.59207
3.45658
3.21622
3.36963
2.9317
2.76684
2.75399
2.98395
2.80775
2.72322
2.24776
3.23805
3.28211
3.22677
3.27486
1.87255
3.17198
3.32931
3.40766
3.49317
3.21165
3.06503
2.91846
2.89648
3.04753
3.04786
3.38637
3.58114
3.26753
3.43087
3.15303
3.38121
3.23207
3.47283
3.05263
2.98661
3.19213
3.06176
2.85218
2.60508
3.0235
2.98747
2.79091
2.90328
3.21376
3.00164
2.88483
3.1252
3.42728
3.53203
2.85656
3.83236
2.94857
2.99795
3.02362
3.31026
3.54385
3.43112
2.98758
3.29571
3.1238
2.85563
3.08556
4.18943
3.85789
3.50783
4.15603
2.13776
3.77187
3.91906
3.54659
3.52716
3.84138
2.89536
2.94063
3.08879
2.25459
3.68164
2.87094
3.86234
4.24209
2.99154
3.41691
3.23689
2.80984
3.43107
3.35572
3.38268
3.83524
3.62209
3.33378
3.53543
3.21362
3.42782
3.19949
3.30223
3.1462
3.14268
2.80478
2.81285
3.18351
2.9857
2.96571
2.81689
3.38189
3.07792
3.13024
3.05576
3.00446
2.65717
3.20804
3.23052
2.48261
2.98892
3.19152
2.85491
3.56462
3.26632
2.83842
3.09048
3.7977
3.67604
3.50982
3.07436
3.61797
3.30665
3.22015
2.91598
3.15683
3.64726
3.10927
3.01648
3.53917
2.98717
3.57039
3.45462
3.25136
3.561
1.98017
2.77922
2.46569
2.46636
2.65257
2.69623
3.23808
2.92861
1.9745
2.8277
3.2078
3.00814
2.41993
3.28788
2.99149
2.57909
2.47367
3.39763
2.49536
2.57988
3.24533
3.24938
2.98985
2.51338
3.10938
3.85086
2.96299
3.76151
2.93756
2.84778
3.54649
3.68428
3.10666
3.48277
3.14568
2.80955
3.19563
3.44297
2.8172
3.29935
3.45042
2.84204
3.59328
3.52879
2.77755
3.00451
2.91259
2.51222
2.77223
2.83019
2.44721
2.75332
2.21857
2.91019
3.10759
3.35585
3.51197
2.62601
3.86235
3.5335
3.09729
3.46029
3.67358
3.11935
2.91928
3.20934
2.99839
3.07039
3.28324
3.81727
3.39593
3.09036
2.83454
3.2732
3.16787
3.31721
3.12191
2.96633
3.10706
3.06246
2.88282
2.76628
3.00246
3.14143
2.95905
2.96631
3.1216
3.54558
3.06335
3.26033
3.59898
3.53098
2.66275
3.63844
2.8091
2.96811
3.23992
3.32271
3.19629
3.14478
3.12446
3.15361
2.94876
3.05338
3.32921
3.58959
3.96936
3.52881
3.93726
2.81112
3.77763
4.40874
3.47633
3.24428
3.2513
3.26618
2.80648
3.31248
2.48604
3.70511
3.62757
3.95877
4.04397
3.04362
3.47565
2.81706
3.26377
3.11902
2.96972
3.11556
3.7158
3.8125
3.41619
3.53019
3.34702
3.43274
3.30981
3.1741
2.8207
2.97272
2.79801
2.54267
3.2241
3.12907
2.6797
2.87267
3.02657
3.24336
3.0928
3.01596
3.31416
2.74082
2.60054
2.9489
2.94491
2.75001
2.8859
2.78308
2.74303
3.07633
2.97535
3.47251
3.58716
3.55938
2.75121
3.02592
3.77924
3.29143
3.0021
3.10975
2.76366
3.8304
3.30761
2.62923
3.43436
3.39195
3.7396
3.32748
3.24533
3.71595
