1.97477
3.15934
2.71371
2.42011
2.62182
2.66907
2.84142
2.87927
1.65555
2.94457
2.91567
3.30531
2.55457
2.54502
2.82756
2.42506
2.85253
3.37033
2.73908
2.63519
3.28807
3.02613
2.8615
3.03452
3.16743
3.28714
3.27031
3.10362
3.05546
2.7331
3.16992
3.6202
3.68204
3.73627
2.96117
2.40904
2.87604
3.04366
2.39977
3.26679
3.2575
2.46133
3.85021
3.13871
2.55484
2.45261
2.54547
2.52696
2.56547
2.67951
2.47224
2.62256
2.03907
3.05156
3.07872
2.9771
3.60751
2.01674
3.72364
3.36378
3.04228
3.66658
3.79225
3.2208
3.20959
3.11597
3.40407
3.06029
3.61569
3.15948
2.94067
3.07213
3.00258
3.0404
2.80152
3.43491
3.51084
3.18695
3.04318
2.99284
2.88752
2.87394
2.91671
2.99628
3.17421
2.81983
3.11405
3.43634
2.6306
3.41751
3.67304
3.41532
3.31865
3.665
2.71565
3.08564
2.96289
2.96675
3.26598
3.62
3.69493
3.00907
2.72283
2.7963
2.82194
3.35379
3.0929
3.38024
3.45148
2.48372
3.39921
3.58961
3.20317
3.09233
3.0575
2.75717
2.71363
3.25875
2.07907
2.94278
2.27895
3.81075
4.11507
3.18791
3.26387
3.69724
2.67254
3.24444
2.95777
3.20585
3.58726
3.68062
3.40602
3.45875
3.1991
3.32052
3.31535
3.01554
3.06983
2.86128
3.0665
2.86816
3.41429
2.90821
2.73912
2.92444
3.29942
2.9292
3.17492
3.25861
3.13129
2.87553
3.4216
3.24498
2.75322
3.08301
2.96827
2.62829
3.08038
3.06203
2.52091
2.78253
3.45725
2.80103
3.34221
3.21818
3.5369
3.02146
3.11781
2.76345
2.95978
3.54282
3.10979
2.91999
3.47471
3.00674
3.48152
3.04874
3.3601
3.35744
1.98516
2.52727
2.35992
2.46529
2.55447
2.81709
3.15308
2.84848
1.75067
2.7369
3.19591
3.26453
2.65209
2.77081
2.76037
2.58929
2.26673
3.27956
2.53247
2.61129
3.01243
3.11333
2.90651
2.80183
3.31337
3.62186
2.75355
3.34514
2.57795
3.27382
3.31692
3.70548
3.41738
4.04945
3.19016
2.60073
2.66337
3.03898
2.43986
3.33773
3.1694
2.56439
3.58306
3.15519
2.68328
2.83645
2.53508
2.32789
2.55548
2.56896
2.5474
2.49757
2.00594
2.88511
3.04854
3.24579
3.26913
2.32212
3.43024
3.36075
3.20052
3.82787
3.75612
3.1408
3.20321
2.7755
3.33914
3.22255
3.42418
3.3385
3.28856
3.07196
3.12135
2.81215
2.98301
3.09792
3.33852
3.02067
2.79893
3.10887
2.89187
2.92195
2.93824
2.9892
2.77068
2.93381
2.93042
3.62453
2.92281
3.26687
3.34471
3.4691
3.2936
3.75068
2.64903
3.08218
3.3781
3.57639
2.9706
3.31521
3.29063
3.30789
2.72044
2.92939
2.924
3.45042
3.59435
3.17526
3.33976
2.70908
3.81871
3.93327
2.7901
2.75069
3.29899
2.94803
2.55072
3.33525
2.32621
2.67188
3.20115
3.91645
3.7744
2.65043
3.06157
3.85854
3.45474
2.86072
2.98918
3.24603
3.57826
3.55554
3.49092
3.17719
3.50779
3.22734
3.21644
2.8844
2.93851
2.95545
2.94918
2.9247
3.21154
2.69803
2.74551
2.78295
3.24292
3.10057
3.14306
3.04804
3.40773
2.36698
2.74903
3.10428
3.32016
2.92729
2.91198
3.07152
2.97633
2.74631
2.88372
3.85457
3.67921
3.10607
2.81783
3.11391
3.73457
3.15152
2.99261
2.68235
2.86847
3.45676
2.97751
2.69295
3.36589
3.23913
3.18324
2.83496
3.3134
3.12124
