1.90233
2.51346
2.43037
2.21502
2.41418
2.5873
2.6927
3.07018
1.88641
3.27169
3.07888
3.58488
2.487
3.20514
2.9697
2.98382
2.79058
3.20855
2.78663
2.75327
2.76446
3.08881
2.79469
2.73574
3.1123
3.56004
3.16745
3.12109
3.47038
3.47653
3.56461
3.47054
3.53616
3.5562
3.18422
2.60561
3.08373
2.86073
2.80026
3.37862
3.56093
2.97682
3.95011
3.52923
3.55108
3.29773
2.91864
2.79421
2.78581
2.75889
2.67615
2.68353
2.09809
3.2438
3.44936
3.24679
3.51823
2.77328
3.69485
3.34399
3.75215
3.71089
4.15957
3.07735
3.05352
2.89949
3.3024
3.22704
3.77638
3.69342
3.43139
3.41269
3.04776
3.03586
3.23753
3.31803
3.52556
3.08208
3.20607
3.20988
2.8844
3.09091
2.8829
3.25854
3.64661
3.07454
3.69843
3.4089
3.21174
3.54539
3.49262
3.49939
2.96953
3.94104
2.79824
3.0265
3.15215
3.54469
2.76801
3.52279
3.74598
3.5345
2.7412
2.97747
3.30748
4.15298
3.33985
3.53263
4.36833
2.69887
3.62618
4.01612
3.75044
3.23558
3.42896
2.68693
2.85939
3.21388
2.22349
2.71981
3.25278
3.82909
3.27054
3.23895
3.68468
3.10633
2.88337
3.92361
3.27974
3.23424
3.68806
4.02459
3.30679
3.0347
3.25868
3.10992
3.15385
2.78796
3.2517
2.84214
3.12694
2.91669
3.42853
3.02775
2.90036
2.7379
3.02411
3.25538
3.25803
3.06387
3.09249
2.60479
3.1134
2.72345
2.79197
2.57747
3.09324
2.88878
3.29066
2.95599
3.00403
2.84653
3.58909
4.12263
3.39941
3.2451
3.42008
3.59406
3.2401
3.09055
3.13105
3.92193
2.95012
2.72622
3.55732
3.77591
3.46557
2.99497
3.63808
4.10168
1.84959
2.69443
2.521
2.13058
2.47343
2.49783
3.15811
3.0557
1.91485
3.4266
3.09284
3.21236
2.48569
3.08467
2.8603
2.69559
2.83537
3.24237
2.63634
2.61958
2.79532
3.29263
2.63382
3.00583
3.29513
3.84363
3.13415
3.69748
2.57612
3.04483
3.91244
4.00149
3.26549
3.51732
3.09953
2.59916
2.73365
3.25813
2.97024
3.34171
3.41556
2.62661
3.52016
3.57073
2.90276
2.45738
3.08189
2.53896
2.99066
3.18613
2.91582
2.72367
2.19119
3.23016
3.77501
3.45192
3.71844
2.93341
3.6099
3.5383
3.90758
3.86397
4.03105
3.43228
3.2649
3.29412
3.53252
3.32112
3.60808
3.48325
3.29777
3.28674
3.17936
3.01972
3.17294
3.17649
3.25715
2.97208
3.05437
2.92576
2.911
3.19339
3.30677
3.31275
3.30038
3.24853
3.35163
3.46596
3.06391
4.00033
3.50826
3.49483
2.94628
3.78746
2.74024
3.11077
3.53234
3.59389
2.99078
3.67937
3.58539
3.82472
2.36786
2.58375
3.50851
3.83855
3.66561
3.52936
3.91535
3.0664
3.50375
4.28615
3.04232
2.97143
3.58364
2.84489
2.93659
2.86826
2.10643
2.76999
2.98605
3.67293
3.85015
3.06546
3.45644
2.72349
3.12073
3.22694
3.06818
3.08163
4.023
3.68691
3.50564
3.22266
3.67634
2.98244
3.17213
2.82041
3.13295
3.19212
3.07119
2.50649
3.1624
3.13006
2.66503
3.08202
3.14427
3.1681
3.1637
3.19967
3.34918
2.42558
2.82167
2.96249
2.91481
2.68987
2.88125
2.69081
2.58174
2.89044
3.12662
3.00775
3.33721
3.68374
3.31527
3.35028
3.44846
3.80376
3.27508
3.16651
3.09194
3.83981
2.96372
2.62359
3.60133
3.45491
2.95621
2.52791
3.73349
3.36944
