2.03381
2.94979
2.2538
2.51286
2.63775
2.80511
2.85906
2.98359
1.95719
2.8901
2.76475
2.94584
2.50154
2.65511
3.11535
2.79265
2.72794
3.06485
2.55275
2.62167
2.97789
2.94883
2.91166
3.33587
3.28132
4.1243
2.69227
3.11742
3.41417
2.7609
3.47538
4.07117
3.36323
4.18857
2.94363
2.76821
2.8277
2.84373
2.83536
3.47904
3.32964
3.22887
3.72655
3.5513
3.14837
3.00271
3.05314
2.33577
2.82071
2.91173
2.64814
2.7352
2.20444
3.23613
3.08789
3.15008
3.59189
2.33668
3.42378
3.36337
3.75452
3.62265
3.7482
3.07616
3.2666
3.35431
3.54981
3.29175
3.46073
3.60327
3.04901
3.75615
3.28223
2.88083
3.53133
3.23405
3.45196
3.04108
3.02916
2.91027
2.85643
3.23838
3.34169
3.00039
2.88734
2.9594
3.48039
3.24724
3.3155
3.5765
4.07397
3.30165
2.64211
3.5909
2.61614
3.09895
3.00648
3.77995
3.12399
3.32818
3.72549
3.48374
2.68127
3.01464
2.95504
3.90906
3.04232
3.50997
3.81768
2.88325
3.64527
4.23992
2.75468
3.10927
3.1492
3.53375
2.66952
3.38713
2.08982
2.99576
2.773
4.11168
3.58828
2.90845
3.71313
2.91809
2.86031
3.01057
3.31241
3.53214
3.95019
3.59466
3.17224
3.61184
3.26578
3.32608
2.83317
3.02053
3.34539
3.01805
2.85118
2.93312
3.02572
2.69115
2.83094
2.71223
3.09617
3.18139
3.0433
3.14772
3.06487
2.6354
2.36679
2.99792
2.54548
2.82116
3.04669
2.74559
2.75484
2.72031
2.5706
2.9758
3.7165
3.32492
3.50826
3.10136
3.47265
3.58374
3.05721
3.17579
2.98267
3.48474
2.41876
3.12173
3.59572
3.22207
3.21082
3.05838
3.2544
3.54429
1.90719
2.60892
2.55605
2.51491
2.54457
2.87386
3.36359
2.86329
2.09378
2.69428
2.84944
3.14832
2.58865
3.23387
3.14851
2.80213
2.73468
3.38219
2.52914
2.77813
3.19814
3.07926
2.71907
2.74047
3.00169
3.83413
2.84237
2.7908
3.2658
3.24622
3.43773
3.79412
3.04329
3.05757
3.03299
2.62029
2.99032
3.25609
2.76753
3.13557
3.3746
3.05915
3.61306
3.6203
3.1671
2.81931
3.0328
2.88683
2.56187
2.76266
2.8664
2.76542
2.12535
3.38648
3.17759
3.86558
3.51818
2.1554
3.91832
3.35263
3.33004
3.63943
3.73824
3.2446
3.14701
3.50239
3.60759
3.40619
3.55139
4.07741
3.24923
3.47249
3.1205
3.02624
3.25017
3.1782
3.31869
2.96873
3.62133
3.18947
2.60788
3.11316
3.15298
3.39146
2.89347
2.90195
3.24457
3.2683
2.68983
3.15321
3.35506
3.59969
2.70586
3.46948
2.90232
3.02448
2.87293
3.5998
2.99838
2.85239
3.26581
3.38084
2.73758
3.01542
3.19255
3.60072
3.04615
3.32204
3.74604
3.35476
3.39892
4.19839
3.26969
2.90691
3.16579
3.14442
3.03241
3.46979
2.52727
3.19352
3.05235
3.82254
3.32864
2.7276
3.61604
3.20194
3.036
3.0813
3.28652
3.23665
3.76742
3.8533
3.42589
3.47806
3.28036
3.33394
3.0524
3.14178
3.46168
2.92784
2.88879
2.87744
3.03138
3.14687
2.81928
2.79745
3.35771
3.21152
3.16802
2.88701
3.18205
3.00894
2.81299
3.02299
2.75728
2.99583
2.69033
2.91958
2.5353
3.02795
2.87192
3.04623
3.66111
3.15833
2.86203
3.17801
3.63834
3.53785
3.31192
2.72014
2.85765
3.80813
3.04374
2.81554
3.24969
3.36999
3.48199
3.24283
3.32445
4.17857
