1.82469
2.78702
2.71268
2.29995
2.51042
2.5858
3.14453
3.01064
1.63372
3.10915
2.95949
3.29643
2.31658
2.67267
2.93994
2.34169
2.38469
3.30315
2.40914
3.01472
2.63633
2.55844
2.30612
3.29847
2.96143
4.32109
3.00362
2.95634
3.14071
3.58901
3.43253
3.76361
3.37492
3.58853
3.26481
2.85241
2.75213
3.29819
2.54316
3.02044
3.11366
2.43634
3.65479
3.54702
2.77188
3.36803
2.78434
2.40401
2.79885
2.62576
2.18863
2.49906
2.00426
3.23603
3.23881
3.26159
3.86437
2.00371
3.12945
3.25146
3.25174
3.94111
3.96804
3.17788
2.77579
2.64603
3.28611
3.00989
3.30126
3.34141
2.88902
2.85257
3.12538
3.27364
3.24781
3.00887
3.01327
2.94408
3.06611
3.17072
2.97962
3.06756
2.94294
3.04925
2.92634
2.9627
2.82655
3.2912
2.78423
2.81139
3.19252
3.09784
2.41964
3.50079
2.72163
3.238
3.42988
3.12322
3.28345
3.04591
3.32771
2.92752
2.52421
2.54905
2.82203
4.03545
3.17009
3.16142
3.76652
2.75655
3.44562
3.71046
3.30121
2.99124
3.05909
2.86884
2.80069
3.08304
2.27344
3.02316
2.39267
3.5421
3.45157
3.01323
3.36333
3.1856
2.6994
3.59899
3.2782
3.21996
3.37355
3.49719
3.36877
3.37957
2.89103
3.25012
3.59934
2.66749
3.03004
3.13936
3.08726
2.84547
2.93897
2.6865
2.88214
2.8366
2.91002
2.92118
2.76501
3.17559
3.14599
2.50962
3.40418
2.8091
2.39166
2.78288
2.95229
2.53468
2.76719
2.78769
2.9694
2.91871
3.56028
3.32326
2.80577
2.7683
3.2692
3.18388
3.03827
2.68092
2.79988
3.13483
2.7971
3.3355
3.2654
3.17895
3.37469
2.99314
3.21019
3.21741
2.00514
2.77255
2.2184
2.23705
2.33168
2.60704
2.94108
3.09078
1.64574
3.09664
2.50145
3.37243
2.17774
2.82705
2.58844
2.52147
2.65661
2.9035
2.79682
2.88695
3.16146
2.77307
2.54074
3.13991
3.17292
4.0582
2.86695
3.35137
2.77806
3.17375
3.40837
3.60382
3.30865
3.90049
3.00946
2.28753
2.59783
3.18179
2.47159
3.14236
3.16632
2.56666
3.93554
3.36147
2.76259
3.21047
2.7989
2.25591
2.64727
2.44316
2.16623
2.43592
2.08992
3.30206
3.2958
3.30839
3.27302
2.47979
3.3132
3.40515
3.25824
3.38105
3.96572
3.02171
2.68777
2.27494
3.42467
3.09997
3.57695
3.62898
3.03261
2.96219
2.93719
3.59794
3.09224
3.13373
2.81864
2.91238
3.14309
2.91349
2.81802
3.00881
2.9421
2.95605
2.88051
3.01291
2.88232
3.13885
2.71497
2.87333
2.84937
2.72562
2.55138
3.30112
2.83368
3.26198
3.37184
3.24687
3.11107
3.09984
3.29018
3.00402
2.33863
2.93039
2.82743
4.49597
2.94624
3.25453
3.92583
3.57599
3.23694
3.58449
3.74036
3.06757
3.22103
2.79873
2.8061
3.09349
2.52083
2.72718
3.02224
3.32052
3.74956
2.78736
3.34464
3.45388
2.89474
2.95282
3.07957
3.5685
3.36057
2.95741
3.08628
3.44882
3.01933
3.34548
2.97828
3.05066
2.78602
3.02429
2.76165
2.66374
2.9271
2.7081
2.84437
2.93349
2.68606
3.07028
2.89321
2.94037
2.97008
1.97955
3.16782
2.93049
2.23526
2.56922
2.83359
2.67196
2.81197
2.53396
2.82573
3.58624
3.48464
3.2019
2.64853
3.1722
3.19256
3.04995
3.11179
2.76258
2.84668
2.68483
2.83415
2.69074
3.54515
3.29492
3.47477
2.6972
3.38053
3.58294
