2.09206
2.66698
2.60985
2.40435
2.55539
2.72284
2.96082
3.08232
2.11957
2.88437
2.7231
3.12062
2.70568
2.53872
2.79648
2.92748
2.72935
3.17927
2.86897
2.78295
2.63223
3.27604
3.1146
3.08738
2.86352
3.56975
3.1287
3.17905
2.85321
3.27237
3.25681
3.93069
2.99099
4.02328
3.2617
3.05911
3.0831
2.97337
2.64978
3.56122
3.63577
2.7294
3.71533
3.41279
3.11058
2.79662
2.93535
2.74191
2.73718
2.9763
2.79457
2.8745
2.31096
2.92836
2.90758
3.28314
3.78123
2.20144
4.01883
3.39231
3.21927
3.52007
4.07264
3.14963
2.89955
3.10009
3.34221
3.22949
3.72159
3.72158
3.12575
3.29615
3.23237
3.00249
3.19732
3.63564
3.16386
3.0284
2.86003
2.93511
2.83681
3.02451
3.01672
3.10247
2.99685
2.87239
3.42896
3.41459
2.74383
3.03783
3.31883
3.2288
2.70439
3.87987
2.82657
3.24526
3.21165
3.43084
3.0814
3.12371
3.37976
3.5861
2.83267
3.01081
3.05095
3.5574
3.6217
3.42399
3.80573
2.45674
3.76876
4.05722
2.58714
2.97838
2.93245
3.3698
2.90273
2.99415
2.40974
2.87379
2.38369
3.78133
3.98847
3.07579
3.82061
3.07531
3.23976
3.22819
3.26234
3.76308
3.83396
3.66706
3.46157
3.70061
3.29443
3.35728
3.20755
3.06619
3.06485
3.17084
2.98976
2.91859
3.16601
2.6438
2.80607
3.09349
3.49238
3.15884
3.24051
3.19801
3.03546
2.63084
3.13816
3.00165
2.82271
2.84161
3.15071
3.09209
3.05059
3.23352
3.10146
4.11357
3.5744
3.72586
3.09199
3.27884
3.06505
3.32589
2.97314
2.96465
3.03268
3.81567
2.73272
2.97936
3.68268
3.25084
3.40452
2.83476
3.4137
3.61964
2.1178
3.35033
2.32686
2.39071
2.53358
2.70118
3.10677
3.09321
2.08983
2.92565
2.60582
3.10017
2.5386
2.64212
2.91557
2.73249
2.91623
3.37182
2.74773
2.40246
3.28055
3.10052
2.94993
3.02598
3.01431
3.65268
2.81388
3.04457
2.91207
3.28202
3.18494
4.13104
3.59358
3.77058
2.97511
2.85631
2.73434
2.83234
2.65633
3.2682
3.24472
3.12441
3.28275
3.42102
2.8485
2.74547
2.99755
2.97817
3.03625
2.94758
2.9788
2.72117
2.40367
3.07716
3.33489
3.0862
3.10576
2.94272
2.79651
3.4645
3.62867
3.11787
3.50684
2.83002
2.91842
3.66575
3.3065
3.27358
3.69526
3.61521
3.42242
3.45407
3.21228
3.10204
3.24947
3.38111
3.44264
3.48529
3.26275
3.37818
2.99426
2.97885
3.21984
3.08572
3.04651
2.97936
3.39952
3.37283
2.87447
3.04676
3.9168
3.61735
2.8452
3.51452
3.09574
3.17716
3.47529
3.52494
3.25663
3.69884
3.83796
3.41698
3.08187
2.83014
3.17377
3.76801
3.34346
3.25035
4.03741
3.47907
3.38913
4.42988
3.35215
3.04453
3.13736
2.99238
2.98731
3.30708
2.331
2.87665
2.58747
4.00873
3.39008
2.92674
3.9934
3.37917
3.17074
3.58599
3.10963
3.06866
3.64972
4.11066
3.53003
3.47512
3.27033
3.15847
3.55393
2.98936
2.89893
3.24173
3.05442
2.92984
3.2162
2.85886
3.13063
3.17309
3.38811
3.32806
3.05815
3.3423
3.33098
2.64687
3.41611
2.96904
2.62762
2.81485
3.00732
2.82099
2.72072
2.94288
3.23541
3.54893
3.61858
3.04857
2.79363
3.15927
3.65768
3.75427
3.25942
3.09457
2.85861
3.62451
3.10726
2.95999
3.50128
3.36202
3.30115
2.82082
3.61232
3.66447
