1.89291
2.84379
2.42538
2.07332
2.34782
2.58705
2.62241
2.84062
1.74108
2.86276
3.05004
3.40824
2.39166
2.03943
2.79064
2.49248
2.42697
3.43807
2.63861
2.76812
3.29302
3.08841
2.74079
2.82634
2.76566
3.70363
3.19913
2.81026
3.66146
2.99897
3.59529
3.74797
3.75481
3.27701
2.94777
2.5161
2.95039
3.01761
3.02709
3.2329
3.10172
2.67153
3.69545
3.29802
2.9307
2.97205
2.73592
3.06857
2.86047
2.40543
2.76002
2.7326
2.18564
2.96209
3.14918
3.391
3.4439
1.94764
3.32888
3.08257
3.32518
3.28055
3.83688
2.7528
2.78365
2.72669
3.40632
3.07149
3.33524
3.50001
3.17924
3.44401
2.92088
2.7023
3.01605
3.47802
3.08745
3.15927
2.8773
3.01219
2.63329
2.51819
3.00896
3.10117
2.90716
3.02626
3.20009
4.21953
2.93413
3.67048
3.9881
2.80145
2.44895
4.00152
2.68839
2.89346
3.41454
3.41342
3.35287
2.94412
3.14206
3.2162
2.73423
2.87953
2.68146
3.2502
2.6241
2.93963
2.84053
2.24638
2.66757
3.07103
2.7956
3.06343
2.79399
2.98432
3.03345
3.51243
2.32226
2.58032
2.22582
3.39958
3.83145
3.03826
3.24555
3.53473
2.72483
2.79474
3.09524
3.39378
3.48166
3.82302
3.09934
3.21384
3.15194
3.10797
3.33974
2.80114
3.08448
2.78057
2.61945
2.82662
3.33754
2.74393
2.90757
2.52568
3.09667
3.44087
3.23521
3.33604
3.01568
2.8987
2.54879
2.66044
2.53172
3.16941
2.84688
2.6396
3.10399
2.436
2.91741
2.93242
3.57616
2.59023
2.29123
3.05994
3.70381
3.02705
2.76351
2.86181
2.63535
2.75076
2.7383
2.82577
3.67298
2.86392
3.08198
2.6892
3.517
2.94477
1.75761
2.65846
2.53843
2.03202
2.25627
2.56914
3.17507
2.98402
1.87261
3.02518
2.86985
3.46788
2.33634
2.5917
2.74518
2.83623
2.39361
3.16549
2.63934
2.50393
3.40049
2.96861
2.64214
2.80274
2.54271
3.8987
3.52039
2.26629
3.12691
3.75333
3.13266
3.12881
3.98725
3.09042
2.82708
2.79853
2.86929
3.08082
2.73704
3.38498
3.3816
2.93306
3.42045
3.79525
2.91469
3.03966
2.67948
2.96352
3.21032
2.44963
2.86519
2.72035
2.3791
3.21966
3.16847
3.26212
3.10729
1.50478
3.03135
3.59958
3.10137
3.53785
4.10707
2.91864
2.82254
3.62731
3.1482
3.27783
3.62784
3.74375
3.31636
3.27448
3.03514
3.32769
3.23104
3.3531
3.82286
3.11954
2.75807
3.18615
2.66916
2.66398
3.30418
3.26691
3.17095
3.25833
3.10931
3.09314
3.08749
3.0597
3.76042
3.59463
2.53525
3.43295
2.97756
3.14244
3.34132
3.17102
2.9396
3.21674
3.10233
3.42594
2.74072
2.87157
2.67028
3.88874
2.60734
3.02385
3.55621
2.73972
2.80498
3.25616
2.44551
3.12711
2.97941
2.75836
3.02936
3.1647
2.23793
2.42146
2.44123
3.3562
4.3254
2.7639
3.19393
3.4051
2.79144
3.10495
3.01299
3.27099
3.70471
3.93962
3.60701
3.55695
3.43057
3.05698
3.33997
2.90368
2.62344
3.30319
2.58692
2.94035
2.87204
3.21582
2.77988
2.78311
3.54903
3.51592
3.09227
3.03741
3.17998
2.91145
2.32131
3.32944
2.34695
3.17788
2.76211
2.39575
2.88895
2.61629
3.15215
3.72329
3.79412
3.26813
3.14195
3.7653
3.9172
2.87155
3.1649
3.0894
2.8935
3.59864
2.55962
2.80126
3.43601
2.96831
3.41197
2.34725
3.28153
3.37776
