1.8651
2.64074
2.264
2.11112
2.52134
2.73024
3.42176
3.09028
1.66761
3.04479
3.13273
3.34016
2.2403
2.70702
2.61754
2.41361
2.54781
3.14861
2.539
2.60927
3.00641
3.27103
3.14793
2.71623
3.01995
3.41177
2.9406
2.76923
2.49374
3.09099
3.15924
3.75335
3.37842
4.50607
3.12509
2.31034
2.94894
2.9019
2.27859
3.46506
3.07914
2.3118
3.15924
3.48587
2.68059
2.79935
2.5209
2.24942
2.38498
2.27402
2.40669
2.30384
2.15133
2.85377
3.08642
3.32258
3.34711
2.29002
3.69138
2.82097
2.74264
3.29881
3.53877
2.84671
2.757
2.92821
3.07502
3.37778
3.52119
3.70461
3.08442
3.19959
3.10677
3.58179
2.96033
3.3041
3.36683
3.07104
3.08966
3.20854
2.68644
2.84252
3.04842
3.14947
3.05975
2.77071
3.01683
3.29828
3.1556
3.44714
3.71597
3.09751
2.87106
3.68972
2.22296
3.07898
3.3214
3.3867
3.35739
3.20305
3.80797
3.15932
2.66871
2.76457
2.8491
3.76093
2.9435
3.33062
4.02645
2.77951
3.08227
4.4364
3.22064
2.98757
3.17917
2.72495
2.45937
3.64092
2.63274
3.03335
2.38318
3.76575
3.64419
2.7573
3.5234
2.63638
2.76144
2.88841
3.08553
3.02325
3.64736
3.65244
3.16014
3.15067
3.1398
2.61876
3.26068
2.93628
2.94102
2.74343
3.23959
2.34865
3.21492
2.59018
2.77842
2.67298
3.12083
2.9233
2.96096
3.05122
3.09422
2.24659
3.33565
2.87057
2.4826
2.97245
2.96216
2.69877
2.87234
3.23316
2.79842
3.21265
3.15893
3.14185
2.21278
3.19157
3.02878
3.23088
3.20996
2.79929
2.64934
3.64309
2.64438
2.77856
3.40734
3.29658
3.21258
2.93464
3.21153
3.12332
1.96514
2.86466
2.3631
2.13512
2.29314
2.47642
2.9609
3.11588
1.68366
3.08999
2.99877
3.30637
2.23576
2.42558
2.75275
2.60581
2.65356
3.20139
2.69745
2.86347
3.08434
2.88634
2.76721
2.6881
2.95622
3.75893
3.01131
3.01019
2.9775
3.00332
3.24532
3.46734
3.5558
3.79382
2.87787
2.42
2.45002
2.73948
2.1701
2.87793
3.19587
2.4567
3.42934
3.25162
2.81859
2.54507
2.48621
2.3561
2.4069
2.86805
2.38698
2.35777
2.08607
3.17145
3.13327
3.22779
3.53076
2.06001
3.90871
3.24506
3.15301
3.15039
3.65678
2.86255
3.51902
3.17481
2.92778
3.154
3.41694
3.31163
3.10986
3.58806
2.9361
3.25118
2.61409
2.92803
3.22586
2.97426
2.78613
2.84411
2.75648
2.8647
2.99939
3.08642
2.86501
3.02824
2.82931
3.38531
2.75468
2.93817
3.62093
3.08788
2.86411
3.28704
2.40174
3.01469
3.28804
3.38184
3.34247
3.53865
3.51733
3.25991
2.60798
2.66188
2.74993
4.05445
2.9631
3.35479
3.50105
3.55282
2.98389
4.08151
3.32057
2.84836
3.30391
2.57923
2.83986
3.43343
2.42353
2.75621
2.52883
4.23965
3.94597
2.77278
3.13419
3.39172
3.31888
2.83479
2.96409
2.911
3.77065
3.11363
3.33339
2.99784
3.27473
3.19586
3.2102
2.97646
2.94701
2.95267
2.98457
2.75662
3.15474
2.80447
2.88748
2.75928
3.342
2.66945
3.05379
3.15834
2.94411
2.51975
2.75362
2.57885
2.79581
3.22779
2.80327
2.82261
3.12066
3.05756
2.74339
3.85608
3.29242
3.42184
2.54046
3.51684
3.70363
3.1356
3.02581
2.78062
2.76055
3.75695
2.76833
2.72418
2.95756
3.17428
3.24491
2.87593
3.19989
3.40136
