1.88581
2.46378
2.07046
2.06426
2.03953
2.42855
3.45909
3.00589
1.63593
3.30285
2.96736
3.58366
1.88656
2.9259
2.64158
2.05733
2.33405
3.03881
2.2278
2.03021
3.02791
3.04154
3.07907
3.03389
3.40863
3.79633
2.75365
3.35948
3.20253
3.5217
2.79572
3.98766
3.68444
4.00053
3.21592
2.61563
2.58714
3.00522
2.46063
3.24734
3.38565
2.47303
3.54755
3.29763
2.49868
2.0973
2.62862
2.04414
2.54857
2.40184
2.32126
2.38415
2.19098
3.39007
3.10629
3.13296
3.61011
3.00179
3.7258
3.03348
3.34872
3.50648
3.89754
3.27754
3.75687
2.9459
3.38145
3.20964
3.5787
3.86117
2.81914
3.56559
3.12632
3.02393
3.67907
3.33679
3.3737
3.03142
2.97993
2.83487
2.93991
2.73832
3.25001
3.05261
3.06662
2.96894
3.15649
3.42111
2.83657
3.55741
4.10823
3.47257
2.95103
3.54308
2.36068
3.10628
3.34511
3.40285
3.1102
3.16947
3.815
3.08856
3.33315
2.67821
3.14858
4.09908
3.87867
3.54506
3.83258
2.97661
3.42372
3.27829
3.43221
2.91276
3.27869
2.65924
2.76199
3.41999
2.4395
2.71824
2.05076
3.20063
3.95105
3.45568
3.0137
3.50218
2.73012
3.19742
3.13489
3.2889
3.42742
3.78568
3.37404
3.13881
3.19062
3.04201
3.37493
2.79412
3.17243
2.80303
2.57876
2.33271
2.77274
2.64471
2.43895
2.28234
2.83065
3.35475
3.01695
2.9677
2.89878
1.99059
2.92381
2.32662
2.64497
3.12951
3.0127
2.45508
2.39489
3.06166
2.86373
3.33493
2.92703
2.55887
3.51495
2.92753
3.8526
3.44122
3.08456
3.09916
2.97346
3.5568
3.15992
2.77286
3.42028
3.36237
3.42478
3.19456
3.39276
3.20099
1.79504
2.85452
2.37879
2.21673
2.18061
2.27473
2.76796
3.05704
1.65554
2.79866
2.59585
3.19568
2.0782
2.76438
2.50214
2.36876
2.16872
2.90004
2.38884
2.44293
2.74074
2.69383
2.8432
3.3207
3.39126
3.6791
2.43159
3.71372
2.73908
2.94547
3.01816
3.93272
3.70733
4.11633
3.01439
2.51789
2.60803
3.03264
2.21382
3.59771
3.13331
2.25284
3.59146
3.31419
2.55
2.5389
2.25101
2.07034
3.10008
2.49482
2.03818
2.301
2.1026
2.91692
3.39889
3.17396
3.46787
2.73083
3.64385
3.27067
3.46401
4.08186
3.81047
3.62967
3.12514
3.63264
3.43391
3.41443
3.636
3.3073
3.52073
3.13791
3.27984
3.5939
3.38011
3.40798
3.97786
3.02294
2.91792
3.13153
2.973
3.09544
3.06972
3.0554
3.39922
3.04625
3.0601
3.31498
2.81506
3.13011
3.26629
3.93166
2.91601
3.7098
2.42926
3.05875
3.33656
3.86346
3.61827
3.83267
3.92411
3.24961
2.99149
2.98462
3.31434
4.04144
3.16297
3.43019
3.76749
3.56292
3.40809
3.93445
3.8431
2.84287
3.3163
2.81943
2.44433
3.07251
2.03206
2.97116
2.19848
3.33044
3.72062
2.88507
3.21434
3.47153
3.11281
3.04532
3.02508
3.23822
3.87668
3.60851
3.22707
3.1906
3.44481
3.1282
3.16727
2.63544
3.58401
3.31566
2.75909
2.1596
2.95273
2.3057
2.48761
2.4722
3.40179
3.05282
3.05001
3.15107
2.70726
2.10817
2.96024
2.88398
2.70276
2.98261
2.99561
2.48576
2.66305
2.91225
2.8762
3.93575
3.02886
2.87908
3.65965
2.96035
3.61194
3.74724
3.10951
2.791
3.2808
3.44755
2.68733
3.12239
3.32808
3.18834
3.50178
2.98662
3.39851
3.68044
