1.94955
2.88454
2.58887
2.35202
2.55075
2.75542
2.97618
3.10399
2.16409
3.27279
3.3554
3.4488
2.54568
2.6265
3.221
3.03218
2.78245
3.20134
2.7985
3.42226
2.81817
2.46008
3.07788
3.12705
3.67102
4.42235
3.24257
3.09626
3.20424
3.51114
3.53137
3.7317
3.34235
3.39235
3.00991
2.89215
2.81362
3.25875
2.87938
3.23603
2.91891
2.92293
3.56006
3.84579
3.306
3.20906
3.04611
2.81812
2.71859
3.1283
3.08467
2.78349
2.44194
3.46444
3.34125
3.91555
2.12097
1.71146
3.03388
3.23929
3.61845
3.20359
4.11569
2.82783
3.02776
3.11832
3.44464
3.33804
3.76445
4.03482
3.31091
3.68315
3.26344
3.66583
3.77882
3.54689
3.21245
3.53528
3.39732
3.13803
2.98968
3.35325
3.16877
3.06349
3.41137
3.07696
3.12378
3.4488
3.12525
3.32978
3.89284
3.29827
2.66505
3.36604
2.91682
3.06022
3.63701
3.47539
3.50645
3.54432
3.94662
3.50661
2.79718
2.96173
3.35508
3.82386
4.03166
3.21321
4.45487
2.10325
3.74521
3.3994
3.60393
2.32435
3.5599
2.95374
3.12709
2.94429
2.18607
2.59384
2.50899
3.35458
3.85131
3.56698
3.68044
3.30924
3.33643
3.63488
3.48285
3.61905
3.52447
3.83104
3.86258
3.11707
3.55436
3.21994
3.30704
2.71467
3.46092
3.33031
3.18602
2.91614
3.39417
3.14867
2.94307
3.09558
2.968
3.41251
3.39053
3.3158
3.43437
3.06552
3.38788
3.13778
2.99574
3.39558
2.95862
3.14393
3.25662
3.65349
3.16616
3.43405
3.38475
3.238
3.1594
2.76911
3.72076
3.45546
3.36085
3.25376
3.01679
3.73504
3.19241
2.97292
3.85138
3.16325
3.93293
2.85598
3.77737
3.75679
1.97492
2.88153
2.56145
2.5316
2.69823
2.83501
2.94663
3.17233
1.87404
3.06302
3.63575
3.36761
2.60992
2.59513
3.20274
2.96834
2.82792
3.15313
2.84267
2.62985
3.24427
2.40897
2.7055
3.30262
3.21684
3.7798
3.3838
3.84731
2.66315
3.42452
3.43952
3.87197
3.633
4.09495
3.37764
2.65405
2.96313
3.07798
2.74871
3.60348
3.35136
2.78433
3.78097
3.45751
2.94395
2.89383
2.94668
2.7891
2.79357
2.77337
2.84991
2.85205
2.14103
3.27756
3.28453
3.51692
3.91627
2.56911
3.35684
3.53474
3.67226
4.01402
4.27875
3.62714
3.39827
3.73148
3.46673
3.22518
3.96671
3.76866
3.4357
3.07361
3.35628
3.25985
3.50479
3.50742
3.36582
3.27124
3.72597
3.22456
2.99901
3.40029
3.35435
3.36241
3.07583
3.29757
3.14747
3.33126
3.13671
3.54686
3.52616
3.57297
2.54296
4.0619
2.92772
3.32423
3.5496
3.54056
3.35668
3.66024
3.6083
3.46007
3.17035
3.26127
3.44346
4.32536
3.19434
3.50763
4.09713
2.97574
3.86139
4.49034
3.90606
3.23027
3.50315
3.23346
3.13676
3.11731
2.61881
2.3816
2.67708
3.44844
3.64614
2.91118
3.51873
3.1558
3.15023
3.21484
2.99768
3.40804
3.57135
3.88054
3.85831
3.43267
3.43936
3.11488
3.47341
3.1985
3.33701
3.14259
3.23476
2.94401
3.24371
2.88121
3.01585
2.86923
3.51303
3.39673
3.13033
3.22357
3.35151
2.92676
2.76824
2.90347
2.93128
3.02557
3.42863
2.77509
2.88197
3.22237
3.2501
3.65374
3.3813
3.68228
3.4915
3.16781
4.0129
3.2548
3.4012
3.09854
3.24536
4.01565
2.90529
2.90963
3.2946
3.73953
3.27846
3.1126
3.60343
3.61972
