1.73006
3.03481
2.46296
2.30771
2.53381
2.52745
3.03783
3.32863
1.89042
3.50304
3.00867
4.0147
2.17824
2.09494
2.81328
2.58221
2.80029
3.34929
2.9656
2.61186
3.38423
3.02355
2.94904
3.15458
3.85323
4.12932
2.94377
3.30226
3.17899
3.43153
3.12307
3.62979
4.06072
3.73065
3.36446
2.67875
2.98809
2.96066
2.8135
3.46371
3.17139
2.65961
3.40237
3.53508
3.02429
3.30809
2.4297
2.86479
2.76509
2.88257
2.81918
2.74642
2.42563
3.51513
2.97853
3.59929
3.66967
2.24316
3.50921
3.32088
3.43753
3.73554
4.11432
2.91796
2.86612
3.19952
3.21604
3.2687
3.62318
3.51602
3.72535
3.413
3.21554
3.17169
3.56984
3.75178
3.31743
2.99228
2.71804
3.26134
2.55163
2.73309
3.3483
3.25993
2.91142
3.21761
3.24814
3.4289
3.14589
3.38351
3.55184
3.38818
2.87892
4.26676
3.05852
3.17614
3.3748
3.54458
3.15431
3.48805
3.70479
3.28024
3.11679
3.36964
3.62431
3.68033
3.54505
3.58485
3.84153
3.13501
4.0203
3.71762
3.74499
3.19292
3.79934
3.32089
2.82067
3.5147
2.12984
3.20829
2.30684
3.90049
4.33389
3.10677
3.74545
3.11593
2.98377
3.3799
3.33928
3.67453
3.97009
3.87127
3.31554
3.3968
3.23283
3.07041
3.28551
3.12027
3.42307
3.00715
3.0013
2.51533
3.43096
3.14902
2.91138
3.31109
3.12092
3.43468
3.20041
3.18436
3.3627
2.319
2.75573
2.93495
2.67317
3.21971
3.03462
2.77699
3.12912
3.15456
3.05356
3.63923
3.46177
3.47693
3.02151
3.44176
3.8857
3.6714
3.45271
3.0587
3.38916
3.84826
2.99297
2.95948
3.58312
3.73004
3.80918
3.29577
3.3183
3.4327
1.74516
2.94115
2.49871
2.10524
2.50106
2.69705
2.92671
3.28379
2.00104
3.32515
3.04646
3.01572
2.38854
2.55314
3.04528
2.75926
2.50139
3.35734
2.78869
2.48468
2.44639
2.95689
2.72217
3.35639
3.2676
3.78557
2.74175
3.34129
3.19617
3.24287
3.09876
3.65726
3.39458
4.09855
3.31512
2.82265
3.17674
2.9538
2.59835
3.46588
3.23643
3.02444
3.71381
3.35586
2.99201
2.85368
3.42091
2.63306
2.69303
2.9426
2.88098
2.83228
2.30004
3.2444
3.20756
3.55664
3.31516
2.62926
3.42143
3.71783
3.44872
3.97446
4.14381
3.18297
3.50085
3.36677
3.32764
3.37223
3.81323
3.67509
3.51743
3.54986
3.17693
3.10538
3.26275
3.79319
3.55395
3.55047
2.91522
3.08517
2.93324
3.16842
3.28462
3.33497
3.12092
3.01985
3.43426
3.61564
3.004
3.4831
3.44654
3.71365
2.73234
3.59649
3.00038
3.11937
3.23782
3.44483
3.40414
3.39045
3.29671
3.57783
2.90565
2.99894
3.32855
3.76586
4.03336
3.46992
4.12073
2.96528
3.89866
4.02478
3.92726
3.07175
3.66962
3.21133
2.84184
2.95563
2.49826
3.26175
2.64027
3.83516
4.32374
3.13884
3.5345
3.1449
3.1285
3.5066
3.03861
3.30601
4.19737
3.99666
3.0763
3.14928
3.53586
2.97828
3.16423
2.93082
2.77209
3.04505
3.15075
2.79971
3.11328
3.12793
2.73987
2.87245
3.01877
3.40441
3.24396
3.16542
3.23959
2.46917
2.62355
2.63588
2.81718
3.02396
3.10276
2.93363
3.08665
3.0823
3.07202
3.94615
3.53673
3.22186
3.29114
3.49241
3.98877
2.91885
3.28635
3.23971
2.98316
3.98872
3.3222
3.32395
3.41219
3.16994
3.10676
3.28885
3.61912
3.81952
