1.85265
3.04748
2.72045
2.29522
2.54577
2.97631
3.27987
3.03076
1.65911
3.00858
2.88593
3.37275
2.2816
2.61534
2.75832
2.76441
2.67576
3.35523
2.94351
3.1647
3.40515
3.40249
2.86896
3.02152
3.88592
3.22019
3.01751
3.10562
2.91424
3.3831
3.84136
4.2786
3.21449
4.04356
3.22109
2.47085
3.0516
3.28698
3.21197
3.32755
3.47815
2.92927
3.49028
3.35187
3.0099
3.16219
3.07208
2.74999
2.48464
2.83071
2.73133
2.64024
1.92923
3.30437
3.42809
3.65229
3.5888
1.93981
3.71098
3.60769
3.68619
4.1507
4.19169
3.26817
3.00532
2.86627
3.02733
3.2643
3.47291
3.80765
3.23438
3.18956
3.07618
3.29785
3.04609
3.0476
2.98663
3.31579
2.79172
3.36072
3.06897
2.98534
2.96637
3.09575
2.91075
2.97254
3.13102
3.43134
3.15935
3.09054
3.09278
2.94169
2.57753
3.24328
3.35405
3.13672
3.34715
3.73235
3.21877
3.60152
3.70565
3.03591
2.6165
3.0793
3.08001
3.61009
3.47151
3.32478
3.80116
2.30188
3.50659
4.02948
3.63243
3.18117
3.01048
2.95888
2.87576
4.08617
2.73972
3.63473
2.82457
3.86754
3.97821
3.59141
3.85971
4.19968
3.1176
3.42952
3.58747
4.12917
4.09862
4.5506
3.76677
3.89287
3.17923
3.44729
3.71946
3.38791
3.43252
3.39503
2.99197
2.92314
3.3214
3.03782
2.91012
2.83962
3.43482
3.35672
3.25452
3.14345
3.22427
2.59257
3.26097
3.37469
3.1351
3.02141
3.07223
3.0795
3.12641
3.33962
2.82252
3.24963
3.82497
4.37526
4.13389
3.57509
3.57493
3.42731
3.24223
3.03774
2.91996
3.87296
3.08811
3.09992
4.03525
3.4085
4.19652
3.43449
3.45969
3.57847
1.75203
3.1873
2.55069
2.25232
2.67332
2.72886
2.7257
2.99875
1.7902
3.13659
3.40794
3.31381
2.43009
2.90478
2.5737
2.73864
2.69465
3.16647
2.79747
2.34157
3.57078
2.90301
3.17038
2.89358
3.36976
3.55585
3.05582
3.63283
3.00174
3.5778
3.4612
3.81317
3.45566
3.95248
2.90955
2.474
2.56264
2.89379
2.65142
3.41446
3.32725
2.6436
3.7753
3.65957
2.65587
3.07793
2.78627
2.9848
3.03968
2.63286
2.72356
2.55051
2.04254
3.19716
3.25882
3.76102
3.43124
2.45827
3.82738
3.84497
3.84614
3.78739
3.91642
3.48343
2.55522
2.81598
3.45778
3.12908
3.80175
3.90166
3.21653
2.97396
3.22893
2.7011
3.00004
3.56153
3.00688
3.12749
3.3623
2.98052
3.06128
3.08434
3.00662
3.01839
3.07722
2.92315
2.97026
2.99205
3.00334
2.97735
3.28917
3.19342
2.64186
3.20936
3.08106
3.25111
3.36687
3.43702
2.99132
3.42547
3.39603
3.30084
2.49375
2.92636
3.38261
3.74426
3.55944
3.42557
3.81759
2.39997
3.56131
3.69506
3.80623
3.26971
2.98943
2.84184
2.96723
3.70206
2.75944
3.56341
2.82294
3.75083
3.97062
2.93337
4.01952
4.27215
3.41372
3.86128
3.60775
3.70962
4.01933
3.62647
3.44581
3.57691
2.99604
3.39079
3.73474
3.23687
3.38017
3.14323
2.83126
2.78605
3.30246
3.16259
3.15717
3.05568
3.37975
3.22204
3.15175
3.23448
3.00497
2.71
3.13895
2.88987
3.23979
3.38327
3.36845
2.62812
2.6511
3.21192
3.27106
3.32642
3.73033
3.9371
2.57786
3.47417
3.44942
3.26955
3.18818
2.82105
3.14307
3.85789
2.93507
2.85979
3.71355
3.51931
3.66801
3.24797
3.73704
4.21248
