1.77119
2.84551
2.02996
1.95837
2.17014
2.39833
2.12847
2.87656
1.74711
2.855
2.88448
3.30376
2.45823
2.80251
2.55555
2.65953
2.50855
3.30699
2.44486
2.81353
2.9517
2.77224
2.68639
2.74696
3.38067
3.32654
2.43435
3.01476
2.6899
3.09229
3.44857
3.68823
3.5173
3.87148
2.91217
2.28375
2.59957
3.14946
2.16644
3.31745
3.43134
2.36462
3.1724
2.93453
2.42568
2.22474
2.36386
1.9176
2.73363
2.46652
2.49867
2.32617
2.05342
3.1329
3.02295
3.14961
3.52951
2.62337
3.74396
3.18291
3.53384
3.27352
3.70963
3.05405
2.49962
2.58813
3.03305
2.98701
3.31482
3.70448
2.98056
2.7729
2.99936
2.81988
2.66515
2.8485
2.98764
2.80298
3.23372
2.92402
2.85159
2.83788
2.75152
2.80572
2.79098
2.87334
2.88575
3.18878
2.61096
3.32593
3.43451
3.21953
2.60909
3.30682
2.54562
3.1114
2.86302
3.16586
3.04714
3.05886
3.1138
3.78284
2.28916
2.75153
2.99739
4.05553
2.98261
3.23029
3.54258
3.23228
3.06705
4.13231
3.4319
3.09774
2.9801
2.92621
2.63881
3.8147
2.82619
3.05555
3.03812
3.76803
3.44032
3.04679
3.0648
3.32289
2.76436
3.02058
3.21254
3.43111
3.75888
3.72381
3.59233
3.11994
3.31727
3.15758
3.46308
3.21977
3.16817
3.24927
2.78536
2.61398
3.28603
2.84636
2.71342
2.85096
2.87713
3.14148
2.9699
3.45839
3.22385
2.40638
3.21879
2.75529
2.55712
2.35983
3.17299
2.65738
2.88118
2.90419
2.7724
3.97484
3.17838
3.83461
2.50403
3.70853
4.07056
3.49494
2.65456
2.66155
2.75267
4.08482
2.53402
2.84669
3.25185
3.10141
3.40516
2.79632
3.20281
3.69878
1.71695
2.6225
2.27886
1.93812
2.02079
2.37697
3.22911
2.83015
1.6139
2.81815
2.59971
3.05372
2.42136
3.07654
2.50452
2.57655
2.27557
3.14345
2.63542
2.93915
2.57392
2.39368
2.37841
3.06771
2.99215
3.09527
3.23139
3.14075
2.83863
2.9949
3.39385
3.36731
3.47529
4.14414
2.86341
2.25102
2.45445
2.89371
2.09643
3.16896
3.02146
2.40646
3.25352
2.72172
2.4434
2.47188
2.3961
2.1974
2.61326
2.30766
2.17229
2.20033
2.03883
3.02831
2.69294
2.96169
3.49124
2.32717
3.30349
3.02469
3.10452
3.61465
3.58627
3.14225
2.70067
2.60417
3.18784
2.99467
3.40509
3.50563
3.45082
2.70385
3.04721
2.92625
2.56748
2.69207
3.10622
2.7406
2.78948
2.99319
2.50392
2.6373
2.83047
3.02352
3.03744
3.03938
2.94065
2.89065
2.58119
2.57597
3.55041
3.13064
2.82947
3.19257
2.6171
2.89419
3.1851
2.74672
3.00764
2.87701
3.74461
3.58687
2.48237
2.59425
3.33126
3.88712
2.95877
3.19709
3.33955
3.83358
3.54429
4.50847
2.85123
2.78606
2.85006
2.52927
2.908
3.52658
2.57681
2.79319
3.53157
3.69784
3.32627
2.50234
2.69001
3.50759
2.99344
2.52309
2.71578
3.07205
3.47163
3.374
3.24591
3.33825
3.52042
3.1373
3.01913
2.75747
2.96571
3.09226
2.84284
2.43538
3.2614
2.82075
2.49316
2.60957
2.81201
2.83955
3.22162
3.05575
3.21119
2.65772
3.23259
2.85833
2.61073
2.6482
2.85173
2.60341
2.93347
2.96889
2.81945
3.04014
3.97112
3.94565
2.90747
3.82887
3.20201
3.19499
2.75508
2.55768
3.00289
2.81283
2.76754
2.90572
3.03758
2.71843
3.32488
2.62678
3.37594
3.28772
