1.86422
2.76262
2.17614
2.14085
2.30239
2.52881
3.23599
2.80295
1.66431
3.05742
3.32175
3.41211
1.92952
2.66546
2.59044
2.13044
2.22327
3.04705
2.64036
2.6513
3.06603
2.51167
2.61013
2.97667
3.21284
3.81763
3.06089
3.51452
2.5965
3.12017
3.19027
3.9777
3.28021
3.84867
2.84615
2.12564
2.63766
3.30061
2.27641
3.23625
3.17049
2.27288
3.21181
3.14558
2.49552
2.95955
2.64928
2.27616
2.73907
2.33772
2.63785
2.42018
1.95191
3.21782
3.02186
3.46885
3.5532
2.18237
3.30958
3.63322
3.38732
3.52429
3.67418
3.27849
3.42546
3.19819
3.32522
2.96397
3.4004
3.23025
3.00272
2.69031
2.95747
3.53118
3.72284
3.18599
3.13665
3.13072
3.21137
3.30435
2.82376
2.76155
3.05754
2.90071
2.87641
2.71865
2.81341
3.09263
3.07793
3.2512
2.91595
3.26037
2.93696
3.19211
2.67032
3.26556
3.63236
3.10179
3.12889
3.27786
3.16858
3.246
2.82781
2.80708
3.12618
4.38209
3.11767
2.96824
3.49865
3.1994
3.32197
4.2925
3.22708
2.95235
3.04587
2.74424
2.69332
2.70874
2.32994
3.09413
2.37997
3.1559
3.10879
2.82655
3.07096
3.11881
2.59231
2.78204
2.9581
3.07198
3.45482
3.28331
3.37912
3.26956
3.20204
2.94347
3.21678
2.73883
2.92621
3.04005
2.76035
2.82819
3.44209
2.75757
2.51847
2.94125
3.1515
3.27196
2.85176
3.35659
2.82536
2.04693
3.2357
2.9692
2.07428
2.57251
3.09472
3.20529
3.06883
2.79471
2.81606
3.18199
3.40827
3.69457
3.97089
3.07635
3.93382
3.57278
3.18874
2.91809
2.52866
3.21402
2.73167
2.97742
3.17678
2.63852
3.20759
2.43745
3.23264
3.35053
1.89566
2.56094
2.23491
2.09967
2.33411
2.56584
2.88992
2.83459
1.76885
2.83168
3.10629
3.21197
2.19923
2.70803
2.41247
2.4404
2.30587
2.79003
2.3095
2.87606
2.33633
2.72379
2.2924
2.52449
2.58899
3.82414
2.84413
2.73837
2.91019
3.17432
3.21386
3.07934
3.39221
4.0488
3.20037
2.29342
2.51532
3.06061
2.15344
3.57825
3.15144
2.31706
3.57696
3.55459
2.40049
2.87254
2.7103
2.44954
2.89392
2.38887
2.58344
2.55797
2.16134
3.51068
2.85127
3.63086
3.3957
3.11682
3.57549
3.49984
4.06456
3.74173
3.64301
3.32035
2.91756
3.3433
3.46118
2.96024
3.35319
3.48272
2.78004
3.02644
3.24178
3.61294
3.56586
3.194
3.23133
2.9068
3.04927
2.89644
2.79215
2.97036
2.93074
2.90418
2.79929
3.1427
2.59002
3.16642
2.94449
3.31423
3.33253
3.54457
2.78615
3.76673
2.54986
2.99474
3.15708
3.14564
3.36245
3.08136
3.09206
3.08846
2.56797
2.63785
2.76597
4.24607
3.22824
3.18208
3.31039
2.79982
3.46529
4.20408
3.16724
2.54767
2.84859
3.15096
3.01792
2.36207
2.21342
2.70847
2.46139
3.49286
3.69376
2.58199
2.87475
3.32635
3.02731
2.98752
3.51328
3.29393
3.71301
3.50267
3.51721
3.14818
3.14632
3.10642
2.93066
2.50641
3.08746
3.20637
2.48046
2.83094
3.0235
2.94124
2.47754
2.77866
2.96503
3.00308
3.24783
3.27013
3.38341
2.36797
2.92953
2.77603
2.20419
2.55705
2.99806
2.57757
2.50199
3.01951
2.97951
3.44817
3.39623
4.23278
4.31857
3.46065
4.09246
3.34153
3.06434
2.66791
2.60665
3.26611
2.6465
2.58673
2.94604
3.07686
2.85089
2.61968
3.64888
3.53746
