1.86473
2.87193
2.50431
2.34567
2.60157
2.74724
3.15878
2.95231
1.91813
3.02502
3.15226
3.45606
2.64397
2.8028
2.96797
2.67733
2.68887
3.34612
2.55774
2.43517
2.98068
2.81584
2.70542
2.91834
3.17909
3.3749
2.85961
3.42746
3.04624
3.39617
3.99629
3.71686
3.70202
3.30214
3.0025
2.56006
2.86218
3.45785
2.76703
3.25406
3.29095
2.5165
3.47482
3.12159
3.04664
3.49441
2.82159
2.65606
3.07638
3.07545
2.94709
2.89444
2.17486
3.14706
3.11163
3.46498
3.95503
2.3353
3.68643
3.298
3.45804
3.75772
3.7922
2.7314
2.83771
3.47756
3.01967
3.16199
3.3961
3.39711
2.9657
3.17114
3.01753
3.34955
3.22603
3.30394
3.22653
3.2757
3.01445
3.36725
2.98199
2.70535
3.07223
3.2099
2.92762
2.94403
2.86524
3.27477
3.05902
3.38227
3.79494
3.20972
3.07868
3.4589
2.76991
3.1227
3.16011
3.32318
3.78006
3.76425
3.2666
3.47207
2.75011
2.92356
3.14996
3.8574
2.85123
3.38019
3.63401
2.62179
3.85283
3.41454
3.31578
3.17184
3.86343
3.08542
3.01543
3.1445
2.56962
3.40116
3.18029
3.46442
4.30562
2.99524
3.63906
3.32354
3.16194
3.50275
3.38501
3.61848
3.80669
3.15621
3.75637
3.54868
3.04626
3.29598
3.25443
3.00119
3.1652
2.99884
3.22315
3.07558
3.38624
2.95995
2.90473
2.85679
3.31016
3.14406
3.25021
3.20872
3.49865
2.3747
2.93936
3.1592
2.71931
2.97425
3.08888
3.05593
3.04916
2.95536
3.2417
3.13646
4.07155
4.21568
3.11395
3.22283
3.14663
3.51465
2.87429
2.91807
2.70635
3.74279
2.83922
3.38037
3.60503
3.26204
3.78101
2.72234
3.33127
3.31604
1.86304
2.61414
2.5612
2.27874
2.47533
2.66915
2.85942
2.88789
2.0744
3.41347
2.99136
2.90921
2.24603
2.7816
2.77913
2.68901
2.43777
3.11286
2.79754
2.4367
2.71588
3.0465
2.40543
3.17869
3.28224
3.70223
2.75596
3.45568
3.04108
3.17047
3.19325
3.81968
3.71279
3.7792
2.7886
2.71109
2.8033
3.20085
2.74831
3.04193
3.28171
2.71265
3.39988
3.1171
3.02011
2.85313
2.68309
3.01841
3.01199
2.76715
3.01072
2.83964
2.10125
2.78207
3.01315
3.76398
4.04269
2.52962
3.16119
3.32156
3.20966
3.73776
3.83826
3.23889
3.50102
2.99388
3.08323
3.0069
3.35104
3.21507
3.23106
3.33589
2.9616
3.33756
3.25426
3.525
3.26756
3.10508
2.87883
3.02049
2.70006
2.75008
2.95124
3.01744
3.11655
3.01623
3.18689
3.42448
2.91108
3.17548
3.7434
3.04596
2.51941
3.68307
2.76569
3.07512
3.24777
3.10778
3.28929
3.67663
3.17894
3.55162
2.32603
3.24387
3.34818
3.76454
3.34913
3.56148
3.43074
3.53756
3.84162
3.73393
3.57007
3.11521
3.82611
3.14626
3.16693
2.10113
2.06304
2.16109
2.51809
3.21467
3.7401
3.01411
3.38934
2.02467
2.68206
3.13277
3.14577
3.35151
3.73104
3.57184
3.54709
3.53453
3.2413
2.91453
3.32923
2.90838
3.14368
3.06719
3.26415
2.76881
3.53687
3.09628
2.86476
2.81192
3.35523
3.30173
3.20992
3.23656
3.18414
2.64213
2.47268
2.79901
2.31992
2.68124
2.96156
2.76287
2.69381
1.63193
2.58787
3.2065
3.56813
2.14065
2.56234
2.67385
3.29636
3.51663
3.26771
2.91798
3.06678
3.62476
3.0799
2.62018
3.2672
3.32399
3.4748
3.00988
3.506
3.37364
