2.10194
3.1791
2.68839
2.39978
2.53692
2.83039
3.03873
2.74794
1.71546
3.00269
2.77325
3.08947
2.22892
2.48489
3.19318
2.47175
2.87479
3.15897
2.94879
2.99578
2.24623
2.72335
3.13545
3.29719
3.04122
3.70997
3.19197
3.41475
3.21545
3.28189
3.72129
3.73946
3.05137
3.69867
3.40144
2.78559
2.58925
3.2302
2.51181
2.98406
2.949
2.85327
3.19953
3.1081
2.77288
2.82493
2.60003
2.61601
2.91431
2.8609
2.53485
2.7531
2.03886
3.2166
3.02396
2.93923
2.98248
1.61711
3.04436
3.2874
3.01417
3.48924
3.38951
3.92769
3.62364
2.98404
3.31178
3.37779
3.34287
3.55893
3.07163
3.48372
2.98894
2.79147
3.0708
3.16918
3.00371
2.96554
3.0405
3.01838
2.67056
2.73054
2.71865
2.96267
2.70122
3.14112
3.37211
3.32911
2.66
3.16526
3.46342
2.83739
2.32062
3.31548
2.99619
3.36018
2.9915
2.98505
3.01324
2.91274
3.40078
2.68143
2.66058
3.09476
3.2187
3.43013
3.79341
3.26167
3.92409
3.1131
3.44117
3.29744
3.08522
2.89085
3.15991
3.18756
2.98536
2.84086
2.42407
2.86598
2.8069
3.15873
3.79827
3.07558
3.47121
2.80503
2.96671
3.32901
3.00222
3.32653
3.61706
4.26491
3.2932
3.33908
3.4256
2.97774
3.35267
2.98822
3.28816
3.4111
3.14141
3.12747
3.39438
3.19272
2.91257
3.06096
3.24793
3.01454
3.15718
3.25673
3.19317
2.63395
3.19291
3.82192
2.78563
2.61391
2.91332
2.71829
3.2003
2.68181
3.04955
3.1933
3.90818
1.42588
2.2231
1.79041
3.56315
3.06218
3.23133
3.02492
3.01738
3.66679
3.22051
2.83009
3.44241
3.42776
3.81097
2.82276
3.63056
3.51246
2.10251
3.14433
3.00748
2.59245
2.9077
2.7298
2.76571
2.90241
1.97982
3.16007
2.77973
3.09872
2.60441
2.85498
3.01698
2.74223
3.05485
3.33029
2.8445
2.94177
2.8642
2.78147
3.02656
3.23545
3.4163
3.5601
3.19019
3.30312
3.35077
3.43744
3.45658
3.12944
4.32427
3.406
3.25961
2.58094
2.77283
2.97236
2.71356
3.09149
3.01624
2.78885
3.32581
3.33611
2.77336
3.33276
2.80343
2.56796
3.07639
2.63069
2.85623
2.81865
2.06727
2.83264
3.02684
3.16007
2.89535
2.16629
3.38838
3.46123
3.10931
3.65969
3.23988
3.37445
2.95672
3.25791
3.24855
3.09499
3.55782
3.69724
3.47877
2.99512
3.14919
3.13271
2.96465
3.34366
3.36047
3.27821
2.77666
2.75866
2.64186
2.94165
3.07604
3.20484
2.86985
3.04642
3.1465
3.18752
2.86917
2.87546
3.23568
2.83754
2.24302
3.22918
2.99624
3.16358
3.29201
3.79061
2.87655
3.26438
3.45357
3.52253
2.64112
3.33945
3.37406
4.21148
3.4483
3.22693
3.87879
3.51277
3.01752
3.21322
3.03555
3.40607
3.44456
3.39679
3.12159
2.93744
2.44834
2.6
2.94615
2.89724
3.76904
3.26891
3.37629
2.43425
3.08835
3.17634
2.93678
3.6143
3.62978
3.68631
3.36797
3.62618
3.36312
3.43496
3.72791
3.19799
2.59067
2.7855
3.34516
3.14832
3.33313
3.12582
2.76018
2.87447
3.49788
3.20642
3.16646
3.06925
3.20932
2.79168
3.33452
3.30102
2.8596
2.68758
3.23345
3.27107
3.40504
3.64184
3.23865
2.81659
3.52064
1.28132
2.45989
1.50698
3.88016
3.22386
3.37282
3.07097
2.79558
3.72266
2.98423
3.24496
3.43208
3.25844
2.97862
2.76369
3.34268
3.96175
