1.79295
2.34619
2.32034
2.20213
2.30027
2.46578
2.53368
2.68415
1.58058
2.9073
2.7356
2.87885
2.23119
2.14239
2.75088
2.52622
2.27899
3.38169
2.66007
2.70843
3.12442
2.63131
2.58761
3.04483
3.34725
3.65912
2.66251
2.82868
2.58087
2.9205
3.20471
3.49414
3.04449
3.41104
3.38194
2.27448
2.42016
3.0634
2.47382
2.8552
2.96738
2.23825
3.01827
3.40682
2.71722
2.67819
2.42878
2.47605
2.36338
2.45191
2.42005
2.29015
1.92265
2.9093
2.8892
3.31157
3.32115
1.95647
2.97259
3.1262
2.90084
3.19519
3.30249
3.03871
2.54777
3.0734
2.90243
3.0122
3.17839
3.50681
3.10992
3.28781
2.90464
3.06665
3.26809
3.39387
3.1458
2.86213
2.61513
2.70304
2.75274
2.84773
2.98454
3.04344
2.90388
2.79048
3.01417
3.17354
2.83027
3.10515
3.53251
3.05183
2.51695
3.47205
2.40617
2.85939
2.85094
3.08328
3.44036
3.0741
3.1893
2.66831
2.60535
2.72975
2.7574
3.50113
3.81092
3.26787
3.76889
3.39182
3.35407
3.84966
3.34717
3.18724
3.0972
2.7879
2.65516
2.98556
2.01566
3.16093
2.00125
3.6916
3.94629
2.7892
3.5871
2.90683
2.43819
2.99584
3.26887
3.61183
3.78957
3.74587
3.25824
3.19933
3.09141
3.03276
3.14556
3.40525
2.90642
3.25279
2.73649
2.71757
3.12756
2.64432
2.6923
2.62782
2.78286
2.99157
2.69712
3.01225
3.22872
2.74875
2.90943
2.91759
2.26571
2.8834
3.04265
2.79092
2.57522
2.88703
2.62567
3.26296
3.01004
3.55594
2.8153
2.87263
3.19945
2.79047
2.90252
2.8732
2.87406
3.809
3.06486
3.41267
3.73351
2.94674
3.39768
3.24427
3.11139
3.38529
1.7898
2.54152
2.28073
2.00777
2.20157
2.46693
3.15484
2.81849
1.62026
2.90049
2.97209
3.22218
2.13735
2.49024
2.8509
2.40866
2.3357
3.6175
2.50678
2.67671
2.59775
3.31027
2.64306
2.67513
2.73855
3.55489
2.70417
3.50014
2.77868
3.07425
2.91545
3.49031
3.75011
3.69241
2.82303
2.39968
2.40226
3.22686
2.30946
2.91521
3.04495
2.58841
3.41321
3.6093
2.85163
2.80432
2.60739
2.57853
2.73043
2.44754
2.61455
2.43726
2.01895
3.14736
3.456
3.27197
3.44804
2.17969
3.4564
2.93836
3.32846
3.22113
3.42549
3.0848
2.73939
3.0007
3.22111
3.01545
3.77522
3.88475
3.28832
3.05139
2.86126
3.21841
2.64827
3.29426
2.95524
2.80361
2.97562
2.93495
2.97117
2.60564
2.77637
2.90419
3.1206
2.85902
2.93982
2.88189
2.66888
3.37721
3.41705
2.94356
2.55214
3.38829
2.54813
2.97914
2.96107
3.40816
3.28983
3.30352
3.51485
3.06278
2.76267
3.10588
2.96415
3.93574
3.39437
3.22025
3.67346
2.61305
3.4113
4.2465
3.4167
3.014
2.91876
2.76411
2.81503
3.27123
2.26476
2.72267
2.40691
3.58568
3.74414
2.74277
3.31144
3.23242
2.80699
2.84791
3.01692
3.31188
3.64073
3.63429
3.20986
3.2044
3.61715
3.12535
3.07703
2.84296
2.94564
2.50932
2.79738
2.49433
2.87253
2.7731
2.51877
2.40555
3.26407
2.99944
2.93901
2.90025
3.08807
2.85377
3.27305
2.78065
2.79671
2.40408
2.8867
2.65715
2.57193
2.86912
2.61397
3.30795
3.00639
3.66697
2.93772
2.63794
3.03718
3.30708
3.09364
2.65802
2.7055
3.40677
3.13594
2.81529
3.30998
3.00809
3.04691
3.01576
3.18598
3.8107
