2.01281
2.76684
2.75233
2.33643
2.59709
2.75066
3.01024
2.94093
1.72646
2.85156
2.4433
3.04561
2.46439
2.63542
3.25207
2.59177
2.86804
3.11805
2.36661
2.97297
3.42248
3.27724
3.04979
3.08012
3.27278
3.41664
3.16336
3.29779
2.48251
3.51467
3.71653
3.54283
3.46596
3.89927
2.95817
2.35208
2.96402
3.23091
2.90286
3.21085
3.15853
2.5037
3.27135
3.21414
2.83588
2.49823
2.46236
2.67951
2.53961
2.78456
2.70661
2.63007
1.96315
3.31148
2.84928
3.3353
3.79783
2.78293
3.67852
3.29507
3.96834
3.36507
3.45133
3.34102
3.4035
2.82222
3.14254
3.10123
3.71117
3.61086
2.68856
3.55
2.77328
2.93985
3.07004
3.19103
3.16045
3.00595
2.95774
3.13603
3.02671
2.79396
2.92121
2.94272
2.96276
2.90184
3.13089
3.58035
3.46697
3.49106
3.37817
3.79924
2.81165
3.35819
3.06552
3.05182
2.99406
3.34886
3.55878
3.3148
3.22045
3.20995
2.96058
3.02537
3.39242
3.21446
2.68579
3.14177
3.83928
2.70143
3.3881
4.21858
3.7869
3.05116
2.95473
2.8997
2.77867
3.27043
1.89126
3.15015
2.5832
4.20748
3.39274
2.98647
3.22698
3.71508
3.17445
3.02806
3.11484
3.49658
3.50649
3.52851
3.72916
3.23753
2.977
2.94814
3.17541
2.87753
3.0668
2.86012
2.62482
2.99071
3.44796
3.09429
2.90324
3.09053
4.01194
2.98881
3.16372
3.22517
3.25632
2.5291
3.10494
2.7977
3.29222
3.26379
2.52954
2.52393
3.29786
3.24813
2.65926
2.63719
3.39027
3.66842
2.9462
3.06004
3.75335
3.63537
3.02533
2.85722
2.91019
3.3761
2.92619
2.95272
3.43768
3.14578
3.52383
2.65874
3.10181
3.44565
2.05627
2.41331
2.44878
2.52406
2.67114
2.68886
2.72059
2.8652
1.82798
2.73941
2.73049
3.17365
2.47518
2.39074
2.99775
2.82018
3.03476
3.00428
2.45644
2.54086
3.11327
2.74044
2.926
2.89712
2.59961
3.50694
2.99341
3.01185
2.71915
3.15088
3.35576
3.54554
3.76847
3.82437
3.11459
2.22633
2.9118
2.99528
2.41917
3.08638
3.27414
2.85315
3.29682
3.46229
3.23883
2.55562
2.89833
2.50342
2.7489
2.88837
2.6632
2.62659
1.97562
3.12436
3.04618
3.28555
3.50696
2.5847
3.10583
3.25397
3.20215
3.15992
3.45977
3.41356
2.70838
3.04326
3.24365
2.96937
3.55934
3.53193
3.06868
3.18919
3.06266
2.72135
2.98701
3.13433
3.37856
2.85665
2.80067
2.89351
2.86556
2.88302
2.92417
3.21385
2.81733
2.86344
3.18286
3.22402
2.98957
3.28706
3.43939
3.83148
2.67627
3.52704
2.75959
2.94062
2.84757
3.31137
3.25078
3.36964
3.11373
3.37606
2.71834
2.9925
2.5921
3.84867
2.91791
3.46529
4.20065
3.55291
3.42655
4.04476
3.19542
3.23659
3.29359
2.91987
2.92536
3.51641
2.34518
3.23297
2.62323
4.18121
3.41155
2.63916
3.45748
3.71569
3.62983
3.17524
2.97582
3.09193
3.66911
3.74437
3.44311
3.40328
3.02256
3.5082
3.14161
3.03465
2.80562
3.04692
2.62366
3.01969
3.10535
2.98739
3.2384
2.82748
2.92974
3.27324
3.44479
2.89836
3.18991
2.89263
3.06567
2.82787
3.51164
3.09669
2.65127
2.8336
3.04238
3.38048
2.89613
3.26124
3.38395
3.4285
2.85155
2.95298
3.54056
3.18689
3.07703
2.90454
3.01337
3.33746
2.67014
2.75843
2.93908
3.32049
3.19907
2.7326
2.95254
3.36147
