1.69658
2.67517
2.38596
2.03159
2.31651
2.29929
2.83453
2.90528
1.65841
3.27986
2.97469
3.26629
2.14309
2.8376
2.80688
2.21259
2.28651
3.02086
2.34195
2.45876
2.65504
2.49825
2.56244
3.13012
3.41916
4.19203
2.97092
2.67791
3.45786
2.96069
3.03925
3.63337
3.68055
3.57329
3.32325
2.62461
3.08569
3.42432
2.61583
3.37571
3.34799
2.71039
3.59187
3.51143
3.21605
2.98106
2.80908
2.40426
2.7335
2.82147
2.29931
2.41451
2.05422
3.05592
3.10949
3.5346
3.87775
2.42543
4.09593
3.51685
4.10116
3.59796
3.96302
3.76017
2.37208
2.73007
3.45026
3.34709
3.77239
3.9963
3.07703
3.25525
3.15433
3.39871
3.59534
3.04913
3.26356
3.16247
3.05438
3.1979
3.13762
2.83215
3.23505
3.11343
2.88155
3.06961
3.51161
3.31358
3.04173
3.34074
3.29203
3.58971
2.72692
3.22425
2.77098
3.20532
3.4705
3.36081
3.24596
3.16677
3.48682
3.27665
3.13101
2.83291
3.11625
3.62724
3.10039
3.36919
3.87929
2.89717
3.50095
3.55121
3.39135
2.79242
2.90155
2.9405
2.65187
3.06528
2.18137
3.05163
2.72521
3.78116
3.25568
3.05119
3.30801
3.22815
2.97496
3.20339
3.09987
3.31469
3.42391
3.7528
3.17922
3.17931
2.89986
3.01203
3.11829
2.90513
3.15169
2.99547
2.99233
2.82757
3.06389
2.94508
2.70928
2.88494
3.33253
3.08476
3.02625
3.00305
3.05668
2.51848
2.85209
3.16611
2.201
2.80036
2.62452
2.54369
2.66786
2.50808
2.85702
2.86492
3.33833
3.36557
2.28437
3.02414
3.32235
3.30307
3.08517
2.87425
2.82146
3.8857
3.1018
2.97449
3.32102
3.54143
3.50706
2.84866
3.30559
3.59035
1.83845
2.8361
2.30235
2.22843
2.43311
2.59484
2.94589
3.19508
1.89313
2.96956
3.10232
3.37725
2.23279
2.68497
3.21808
2.64182
2.65734
3.10275
2.69963
2.70344
2.91793
2.58214
2.70932
3.1117
3.19479
3.74861
3.24255
3.10027
2.94196
2.80168
3.16926
3.4474
2.95429
3.95941
3.032
2.75304
2.62137
3.04323
2.50839
3.1321
3.20744
2.56819
3.64922
3.2368
3.26403
3.049
2.86889
2.59327
2.9641
2.908
2.67781
2.64317
2.18651
3.31832
3.32823
3.59341
3.27566
2.25794
3.26143
3.04482
3.97926
3.02135
3.75014
3.29764
2.77896
3.09477
3.18317
3.43268
3.75332
3.84287
3.23083
3.37439
3.17818
3.37122
3.50014
3.29401
3.20305
3.02649
3.09762
3.41555
3.41906
2.87558
3.13279
3.08164
3.17857
3.1049
2.99447
4.02844
2.89499
3.13029
3.33518
3.22823
3.00655
3.21936
2.96856
3.05554
3.67271
3.31818
3.14041
3.21719
3.54534
3.40219
2.81794
3.28701
3.14955
4.15625
2.90583
3.31036
3.72199
3.11414
3.54462
3.72874
3.25508
2.6829
3.08565
3.06328
2.66571
3.56515
2.43821
3.70422
2.51081
3.39369
3.38612
3.15163
3.08285
4.31571
3.13705
2.69263
2.92549
3.31948
3.50622
3.12237
3.19462
3.4889
2.90734
3.13624
3.25846
2.75063
2.99727
2.91787
2.6475
2.57353
2.82878
2.86796
2.92666
3.01674
3.42855
3.11709
3.31136
3.05997
3.28039
2.70467
3.29484
2.77132
3.51499
3.29591
2.94858
2.91326
2.58826
2.82289
2.86384
3.10469
3.31546
3.67212
2.62727
2.85196
3.28613
3.50823
3.24817
2.89045
3.07621
3.4238
3.1014
3.37547
3.34324
3.24235
2.93861
3.02131
3.53107
4.00666
