1.73331
2.75745
2.29274
2.17259
2.14268
2.66434
2.75217
3.17009
1.74921
3.20472
3.20155
3.69012
2.11842
3.23412
2.7717
2.48015
2.55451
3.34939
2.6038
2.8156
3.15496
3.0457
2.80251
3.11481
3.51426
3.65713
3.00443
3.19717
3.07488
2.87018
3.4359
3.49363
3.99006
3.62551
3.12266
2.57662
3.11251
2.95761
2.47428
3.47032
2.90675
2.60218
3.55004
3.46721
2.86441
2.62785
2.87312
2.42439
2.38997
2.44636
2.72108
2.64411
2.09201
3.31916
3.33169
3.75835
3.37252
2.1603
3.64406
3.32051
3.42064
3.45451
4.1005
2.89616
2.84963
2.84315
3.5082
3.29369
3.62792
3.74188
3.59599
3.32916
3.19679
3.08004
3.34043
3.04687
3.18972
3.12993
3.10806
3.13483
2.81912
2.92837
3.13186
3.31114
2.94806
3.11619
3.07933
3.23933
2.98565
3.57944
3.67883
3.17258
2.57096
3.15114
2.65335
2.98166
3.3991
3.68287
3.2946
3.5045
3.67401
3.09285
2.72692
3.03872
2.63001
4.08109
2.94035
3.36234
3.43985
2.82404
3.32074
4.21905
3.4585
3.12251
3.49573
3.13747
2.86284
3.24492
2.48114
3.11974
2.97506
3.46008
3.78695
2.98476
3.27689
3.29535
2.75744
3.07167
3.1654
3.48075
3.61795
3.63518
3.81204
3.26977
3.41587
3.076
3.0209
3.06928
3.19288
3.22304
2.78429
2.49313
3.09429
2.74305
2.77592
2.62334
3.15913
3.21982
3.14102
3.30538
3.42289
2.43205
2.55347
2.61148
2.52501
2.6998
2.89332
2.83482
3.02302
2.48006
2.72153
3.23104
2.92628
3.31821
2.96652
3.38299
3.51251
3.34353
3.1907
2.83003
3.09216
3.81958
2.98473
3.05611
3.45288
3.24442
4.13869
2.84044
3.30914
3.47786
1.69811
2.78635
2.26533
2.22784
2.49714
2.56751
2.505
3.09907
1.8041
2.97132
2.95576
3.22992
2.2002
2.84551
2.95224
2.59317
2.59543
3.34161
2.89316
2.49931
3.28683
3.45292
2.65685
3.0869
3.49157
3.52941
2.84234
2.98384
2.69501
3.07004
3.32055
3.37055
3.34064
3.61418
2.84737
2.38522
2.99694
2.99753
2.66597
3.44292
3.33831
2.63139
3.65092
3.1823
2.79789
2.76933
2.8671
2.80616
2.50945
2.89813
2.67872
2.69991
2.0485
3.28733
3.47616
3.86276
3.37794
2.45628
3.05723
3.39216
3.49529
3.80048
3.8262
2.98937
3.17749
3.37873
3.50135
3.29747
3.64069
3.5829
3.24328
3.38618
3.29335
3.40514
2.98791
3.19872
3.27785
3.08192
3.28467
3.44846
3.05439
2.91051
3.06297
3.23886
2.99694
3.02621
3.19458
3.24053
2.8618
3.31672
3.44801
2.67119
2.36687
2.72533
3.03027
3.23267
3.37246
3.43856
3.35121
3.42885
3.71696
2.98576
2.68666
3.03946
3.17136
4.12318
3.61116
3.17453
3.91315
3.50117
3.36941
3.7701
3.39234
2.97405
3.17412
2.8722
2.85034
3.19214
2.5235
3.0662
2.49707
3.31579
4.01437
2.98543
3.29094
3.90163
2.86867
3.1517
2.95345
3.03979
3.5623
3.35854
3.47634
3.23846
3.48325
3.0817
3.36935
2.97376
3.11062
3.24282
2.63261
2.4607
3.10544
3.01366
2.843
2.87326
3.10391
3.62648
3.16518
3.39269
3.30455
2.39674
2.56545
2.63586
2.79683
2.96994
2.52824
2.51965
2.70259
2.88755
2.66499
3.05998
3.42407
3.25337
2.52141
2.72819
3.62684
2.99188
3.21991
2.80348
2.98288
3.3274
3.05063
2.96823
3.41994
3.00847
3.03032
2.82752
3.78466
3.54571
