1.71423
2.69339
2.37389
2.13007
2.25407
2.52158
3.02086
2.72383
1.4941
2.68876
2.83655
2.91404
2.05872
2.47089
2.74711
2.39316
2.65672
2.85016
2.5945
2.16241
2.62731
2.85377
2.69709
3.32108
2.957
3.24764
2.6554
2.74136
2.58646
3.20679
3.05789
3.63218
3.12161
3.61336
2.79222
2.31577
2.40434
3.04996
2.30038
2.92033
3.06129
2.1623
2.96365
2.99475
2.41851
2.23621
2.40719
2.38431
2.34657
2.32031
2.09291
2.25118
1.86488
2.97558
2.84436
2.76606
3.65408
2.58142
3.67759
3.23889
3.00705
3.08853
3.43426
2.92514
2.3128
2.51779
2.8419
2.95048
3.31239
3.27003
3.11155
2.77255
2.86302
2.55482
2.94742
2.82771
2.67805
2.90044
2.87273
3.09517
2.59816
2.60888
2.42939
2.68256
2.57014
2.64227
2.81796
2.88003
2.78343
3.0725
2.94788
3.03165
2.60214
3.1229
2.98431
2.97268
3.02015
3.2012
2.89002
2.91446
3.14692
3.11856
2.14229
2.79614
2.94222
3.97703
2.8909
2.99376
3.08373
3.18274
3.1778
3.85791
3.36053
3.1161
3.26303
2.64199
2.50918
3.13376
2.13029
3.62374
2.06755
3.14125
2.68321
2.70073
3.05165
3.04696
2.75496
2.96173
3.12084
3.60888
3.08087
3.50461
2.88177
3.22737
3.11551
2.85531
3.18663
2.82843
2.97402
2.4559
2.64411
2.66325
2.97885
2.63688
2.69208
2.759
2.83885
3.03481
3.01877
2.7276
2.85227
2.51904
2.58532
3.03417
2.48027
2.72119
2.87305
2.3005
2.80543
2.66471
2.65951
2.86682
3.15043
3.74653
2.98294
2.6623
3.28464
3.16655
2.84065
2.61357
2.62969
3.3709
2.85448
2.7778
3.11749
2.77205
3.1983
2.8761
3.01277
3.4902
1.68742
2.56915
2.20517
2.03804
2.21148
2.47305
2.83445
2.70195
1.49324
2.69262
2.68385
3.0198
2.02069
2.47413
2.68285
2.59876
2.62342
3.21902
2.44427
2.5047
2.70125
2.8846
2.68808
2.95668
2.89785
2.95409
2.63271
2.94781
2.64999
2.77821
3.17171
3.49616
2.74061
3.67289
2.49211
2.13187
2.17642
2.8382
2.26445
2.92265
2.98642
2.39972
2.9604
2.86011
2.48612
2.62699
2.56858
2.2413
2.33623
2.44428
2.33276
2.46426
1.8965
2.67419
2.74199
2.89554
2.9413
2.04483
3.14638
2.99711
3.20423
3.15569
3.15805
3.16978
2.69777
2.6983
2.95565
2.93413
3.07786
3.2487
2.85114
2.52267
2.97627
2.79307
2.64178
3.01515
2.81386
2.58948
2.82223
2.78227
2.64795
2.74288
2.67172
2.74564
2.4309
2.62503
2.83129
2.91717
2.47594
3.18735
2.99014
3.00013
2.60531
3.05929
2.59641
2.96489
2.92284
3.20835
2.8991
2.88435
2.51575
3.02956
2.11891
3.09993
2.71269
4.14292
2.51059
3.11526
3.93543
3.54958
3.30043
4.0698
3.00164
2.91928
2.84561
2.77308
2.74235
2.71391
2.26203
3.37394
2.78648
3.11257
2.93801
2.57282
2.87179
3.08298
2.81732
2.73459
2.87618
3.29993
3.10179
3.35378
3.04447
3.17308
3.51275
2.62864
2.93487
2.79634
2.56344
2.43908
2.52996
2.50674
2.69234
2.70997
2.81301
2.72573
2.91117
2.8683
2.71724
2.76498
2.85082
2.59167
2.69026
2.49372
2.69056
3.00985
2.36549
2.32304
2.41488
2.94105
2.68145
2.85621
3.17686
3.14981
2.41725
3.36356
3.42467
3.57343
3.0907
2.38525
2.60377
3.64417
2.45097
2.46602
2.74518
2.80611
2.97394
2.33413
3.20537
3.0088
