2.21985
2.60616
2.65124
2.2477
2.45092
2.82234
2.8976
2.96339
1.71955
3.11023
3.08297
3.32648
2.49925
2.69751
2.89671
2.97933
2.83699
3.13553
2.95562
2.71133
3.08559
2.85699
2.8021
3.13274
3.43874
3.81779
3.22616
3.40469
3.26706
3.32077
3.43531
3.68351
3.19339
3.68843
2.90306
2.46971
2.98484
3.64744
2.75785
3.43711
3.71883
2.72827
3.76804
3.57903
2.98921
3.28236
3.04688
3.0595
2.84017
2.82526
2.69308
2.79733
2.03886
3.64841
3.2039
3.24474
3.64212
2.04051
3.74074
3.62349
3.64218
3.76498
4.1289
3.63912
2.89138
3.38673
3.23135
3.26615
4.07775
4.06291
3.35137
3.60753
3.05301
3.28397
3.37398
3.30553
3.78222
3.21759
3.19481
3.03475
3.37321
3.19047
3.28984
3.4712
3.12888
3.31834
3.86108
3.71273
2.79218
3.13805
3.8508
3.66512
2.67371
3.56118
2.94987
3.24346
3.64029
3.43074
3.21955
3.33238
3.39444
3.60166
3.45676
3.01944
3.0047
3.76911
3.23189
3.68819
4.02504
3.21422
3.53913
4.42964
3.33905
3.33797
3.69078
3.38945
2.9342
3.44696
2.48555
2.73443
2.36935
4.09793
3.63997
3.19912
3.38569
3.35826
2.68351
3.1286
3.27515
3.93668
3.8092
3.6381
3.52666
3.11533
2.95191
3.18039
3.46869
3.0398
3.30694
3.15628
2.76168
2.89483
3.2914
2.72303
3.09482
2.90657
3.13493
3.34305
2.91937
3.27516
3.45673
2.90869
3.17025
3.1162
2.57239
2.92843
3.24187
2.97488
3.20575
2.93072
2.77338
3.09197
3.36748
2.81977
2.75466
3.39081
4.33571
3.45345
3.17918
3.20777
3.24073
3.92166
2.73251
2.70997
3.50053
3.34233
3.87734
3.32069
3.42112
3.52407
1.99649
2.70144
2.45895
2.29205
2.50598
2.8583
3.24375
2.97138
1.91052
2.97871
3.32711
3.34653
2.51935
2.69797
3.003
2.84334
2.7286
3.24642
3.07736
2.67254
3.30117
3.15105
2.85167
3.0109
3.05366
3.81341
3.09751
3.75475
2.59863
3.47695
3.29138
3.51917
3.43561
3.69543
3.06099
2.43679
2.81595
2.90773
2.88528
3.28508
3.54668
2.83899
3.71207
3.47712
2.79485
2.57471
3.08661
2.83298
3.04756
3.04333
2.70455
2.722
2.0114
3.5671
3.06637
3.68017
3.87078
2.27164
3.44272
3.76873
3.66548
3.50751
4.05597
3.44284
3.22812
3.37598
3.53517
3.2914
4.00081
3.78375
3.66918
3.82715
3.17065
2.99883
3.16836
3.30345
3.59139
3.00477
3.18523
3.19797
3.36114
3.24718
2.98877
3.26642
3.03931
3.15726
3.18967
3.29825
3.10033
3.48262
3.69548
3.6704
2.66704
3.69019
2.90255
3.13014
3.43313
3.8174
3.45933
3.52887
3.70142
3.33782
2.68035
3.0398
2.89293
3.99731
3.38025
3.51217
3.89406
3.57864
3.60952
4.36023
3.37034
2.93993
3.54024
3.23741
2.9216
3.18722
2.63595
2.48887
2.52733
3.82994
3.73036
2.86918
2.93152
3.35747
3.37581
2.76676
2.77554
3.05632
3.68193
3.54656
3.32458
3.03535
3.05381
3.48787
3.42056
2.81513
3.05587
3.36517
3.13988
2.72225
3.44621
2.83537
3.03544
3.13931
3.01673
3.24142
3.28183
3.01865
3.14321
2.76871
2.60927
2.64067
3.07399
2.85835
2.95854
2.89994
2.95003
3.0454
3.2335
3.11649
3.49241
3.27386
2.9605
3.12314
3.82712
3.47146
3.3291
3.22279
3.05907
3.88034
2.95839
3.14721
3.07399
3.1377
3.24097
3.26299
3.69928
4.00465
