2.00943
2.79889
2.58323
2.32942
2.63469
2.92263
3.08926
2.96226
1.76629
3.11812
2.89596
3.11313
2.72287
3.05337
2.76576
2.57011
2.68088
3.36766
2.73283
2.99059
3.32686
3.02152
2.91679
2.78398
3.55811
3.57947
3.08418
3.2503
2.83244
3.49002
3.46684
3.79802
3.47652
3.76722
3.12606
2.62936
2.77377
3.01903
2.57768
3.02383
3.26407
2.60812
3.70181
3.45667
2.62713
2.68167
2.52627
2.89583
2.85005
2.56349
2.58074
2.63967
2.12036
3.0655
3.1962
3.35187
3.8422
1.96015
3.14794
3.22625
3.15495
3.41346
3.54406
2.95206
2.78834
3.03363
3.55642
3.32512
3.57687
3.62394
3.24791
3.33482
3.07434
2.95904
3.20251
3.27177
3.36421
3.04545
2.94922
3.46053
2.9567
2.97624
2.96423
3.09301
3.1532
3.19942
2.9937
3.47081
3.25251
3.42906
3.50914
3.26829
2.81509
3.72563
2.69411
3.03741
3.26115
3.40598
3.63111
3.3377
3.14443
3.59983
3.26191
3.12425
3.32632
3.88812
3.02974
3.22077
3.41903
3.37965
3.46321
4.26421
3.64532
3.0972
3.44943
2.86954
3.02094
2.80029
2.38724
3.40779
2.97947
2.83536
3.69079
3.10695
3.51131
2.62818
2.96113
2.88928
3.5916
3.96046
3.92163
3.87131
3.17593
3.76187
3.23257
2.8671
3.3628
3.29292
3.27643
3.28994
3.60028
2.48304
3.34602
2.95309
2.75281
3.04876
3.53958
3.0818
3.14851
3.61274
3.17048
2.37447
2.67124
2.97171
2.57861
2.78713
3.03099
3.03606
2.90366
2.565
2.843
2.90596
3.44954
3.39501
2.85624
3.36229
3.90078
3.74377
3.07767
3.02288
3.14262
3.81772
2.65817
3.09308
3.61824
3.18979
3.78129
2.94048
3.15122
3.51456
1.97229
2.83839
2.58201
2.33796
2.6181
2.81645
3.2689
2.99977
1.86253
2.98594
2.89653
3.45965
2.62825
2.4334
2.91347
2.61182
2.54996
3.18022
2.78941
2.6543
3.30001
3.02766
2.80267
3.2853
3.00521
3.33698
2.98665
3.50653
3.14516
2.7506
3.28547
3.78661
3.22032
3.73741
2.9267
2.56077
2.86134
3.30132
2.38306
3.15856
3.37817
2.57133
3.06311
3.20103
2.90462
2.71756
2.63324
2.67912
2.78774
2.8522
2.3863
2.60653
2.07917
3.17827
3.07373
3.15412
3.28627
2.26293
3.35012
3.57906
3.28928
3.78057
3.77509
3.31689
3.10534
3.16213
3.32208
3.23814
3.53499
3.31034
3.21665
3.03102
3.36054
2.96102
3.15851
3.42599
3.26218
3.09966
3.07364
3.02306
2.86724
3.08792
2.96461
3.1047
3.38746
2.99356
3.22183
3.71949
2.99742
3.42911
3.70873
3.62684
2.59988
3.33038
2.99865
3.0921
3.15608
3.65586
3.24036
3.23264
3.43851
3.42053
2.82716
3.27921
3.14193
4.06145
3.04791
3.39781
3.72372
4.12394
3.75975
4.6017
3.69705
3.14111
3.35577
3.05995
2.94742
2.6334
2.50923
2.96576
3.36481
3.20764
4.33432
3.37728
3.57847
2.76804
3.16546
3.27058
3.36379
3.55282
3.95458
3.7158
3.38906
3.497
3.20738
3.30518
3.60883
3.10407
3.35415
3.35835
2.86964
2.59003
3.12266
3.12246
3.08826
3.00607
3.34051
2.92394
3.45794
3.21613
3.10849
2.69796
2.77034
2.65105
2.58215
3.0073
3.07345
2.83197
2.7639
2.92263
2.90302
3.43202
3.01819
3.08323
2.80308
2.88871
3.8279
3.30231
3.32025
2.79274
2.93434
4.06481
3.08831
3.0534
3.35867
3.37816
3.67029
3.39475
3.58817
3.69888
