1.97939
3.03432
2.13781
2.22653
2.37123
2.70836
3.16283
2.99436
1.77835
2.94334
2.75665
3.02069
2.64941
2.81249
2.95165
2.59535
2.63824
3.35557
2.53443
2.4277
3.0989
2.95368
2.48887
3.3825
3.35246
4.12941
2.70524
3.13259
2.92454
3.1357
3.47575
3.54372
3.61539
4.1409
3.14163
2.80617
2.92698
3.09717
2.858
3.28314
3.1661
2.71108
3.48671
3.37888
3.16137
2.89915
2.41871
2.51423
2.78782
2.98464
2.70089
2.75375
2.03675
3.13594
3.12415
3.12169
3.94888
2.00678
3.72251
3.15612
3.61512
3.60395
3.75375
2.9751
3.37161
3.23788
3.27945
3.25991
3.54327
3.53249
2.93567
3.10059
3.18604
2.97888
3.116
3.46118
3.19164
3.00736
3.07132
3.26256
2.85964
2.8252
3.0336
3.11013
2.92041
3.10748
3.1507
3.03095
2.98916
3.30848
3.16395
3.13926
2.76336
4.02545
2.45347
3.12919
3.13767
3.13301
3.44899
3.55185
3.29506
3.43269
3.43831
3.13035
3.12245
4.08281
3.05117
3.36774
4.16443
3.05568
3.29029
4.44687
3.45528
3.35751
3.29415
2.9894
2.91245
3.37302
2.55011
3.27437
3.00355
3.85987
3.61565
3.11072
3.54604
3.69597
2.79259
3.1071
3.62323
3.88422
3.60088
3.70253
3.54406
3.28412
3.33351
3.41058
3.76003
2.78635
3.26211
2.88051
3.00998
2.83123
3.49425
3.10647
2.80558
2.79085
3.51788
3.22357
3.14751
2.95419
3.38116
2.47545
3.20492
2.88129
2.74652
2.54296
2.85524
3.00655
2.68646
2.64091
2.84698
3.32997
3.53115
3.97213
3.074
3.13693
3.51458
3.67005
2.91145
2.79358
3.05332
3.50556
3.08632
3.35752
3.59518
3.0684
3.83365
2.86293
3.19649
3.28643
2.1691
2.65048
2.09932
2.22918
2.27567
2.68639
2.69089
3.01422
2.04671
3.09836
2.79288
2.77463
2.73373
2.79755
2.89671
2.59776
2.89484
3.06945
2.49773
2.38215
2.99978
2.41584
2.61171
2.68181
3.48272
3.63383
3.08457
3.36325
3.14211
3.23611
3.37773
3.59204
3.41415
3.91706
2.94476
2.57313
2.84273
2.9697
2.65816
3.43702
3.31119
2.75193
3.78446
3.46983
3.473
2.55274
2.85848
2.23822
2.85544
2.68911
2.87178
2.73101
1.94355
3.21219
3.23966
3.4647
3.60266
2.61647
3.40576
3.55729
3.30488
3.73742
3.70292
3.09245
2.87694
2.85199
3.28884
3.10626
3.41337
3.23314
3.1521
3.18254
3.1578
3.39561
3.37153
3.39577
3.28489
2.97158
2.99576
2.93676
2.97904
2.79486
2.99608
3.22796
3.02702
2.94241
3.00113
3.3173
2.99281
2.9745
3.20906
3.1547
2.79924
3.47978
2.60433
3.08724
3.05469
3.21177
3.2232
3.21551
4.00944
3.40517
2.82077
2.87015
3.35182
4.2557
3.05373
3.1983
3.94402
3.39836
3.535
4.55142
3.15981
3.15357
3.36128
2.96859
2.69542
2.90414
2.28844
3.46879
2.80602
3.71949
3.5811
2.92583
3.48564
3.32047
3.24399
3.48972
3.14148
3.24819
3.57199
3.47689
3.66571
3.15113
3.0959
3.28912
3.50245
2.97254
3.50211
2.9732
2.77764
2.84048
3.2398
2.75114
2.82722
2.9632
3.19279
3.02833
3.28548
2.99535
3.0133
2.60027
3.12622
3.35967
3.0545
2.99262
2.9249
3.39855
2.70835
2.62641
3.00986
3.07068
3.6449
3.75954
2.35856
3.29646
3.60672
3.31772
3.25332
2.91923
3.06715
3.55187
2.8226
2.73365
3.41487
3.05241
3.47134
3.18748
3.50227
3.61227
