1.75169
2.47903
2.66544
2.19718
2.31819
2.668
2.76352
2.74311
1.45375
3.27131
2.80669
2.9159
2.29938
2.49649
2.68306
2.81646
3.08134
3.25271
2.76014
2.31542
2.89317
2.59841
2.56658
3.26581
3.02654
2.90329
3.26556
2.98466
3.0272
3.17524
3.40862
3.80639
3.39354
3.79936
3.02689
2.69955
2.68817
2.99978
2.29763
3.456
3.37484
2.54679
3.32476
3.26987
2.85095
2.40605
2.50232
2.58325
2.82228
2.78641
1.75069
2.45913
2.17824
2.63374
3.04262
2.73534
2.80804
2.97575
2.8538
3.45356
3.476
3.5615
3.64152
3.20782
3.84034
2.90664
3.00104
3.09754
3.36049
3.25918
3.07406
3.16431
2.99522
3.12925
3.27544
3.35121
3.15408
2.97052
3.03283
3.34449
2.71345
3.01694
3.00184
3.03009
2.89327
2.86479
2.99105
3.49923
2.71477
2.94997
3.57901
3.03002
2.51524
3.79356
2.8485
3.18645
3.1315
3.21506
2.72442
2.85123
3.03951
2.75801
2.49943
2.83255
3.13006
3.9389
3.16682
3.20337
4.18376
2.79917
3.5797
4.40645
3.24693
3.02292
3.01681
2.93645
2.75197
3.38062
2.61288
3.48165
2.68408
3.79806
4.09937
2.83977
3.30716
3.19465
2.41669
3.36042
3.09777
3.35349
3.77735
3.75986
3.455
3.42133
3.08297
2.87801
2.63087
3.1013
2.79345
3.16415
2.88055
3.0682
2.93075
2.98425
2.76949
3.17445
2.81942
2.89556
2.8228
3.15583
2.98565
2.67395
3.29188
2.92734
2.50291
2.5882
2.9975
2.96153
2.66451
2.8098
3.23428
3.49462
3.45602
3.7773
3.6326
2.84443
3.36835
3.40611
3.25214
2.70094
3.14079
3.61957
2.76699
3.163
3.1601
3.0584
3.36854
2.76242
3.60033
3.31576
1.65981
2.51756
2.40676
2.10281
2.24329
2.67263
3.12632
2.64287
1.65973
3.13177
2.80767
3.18266
2.02852
2.58538
3.04967
2.55606
2.50721
3.11408
2.79807
2.30021
2.82205
2.81748
2.48127
2.90447
2.82517
3.1467
2.67444
2.97952
3.10113
3.21067
3.44401
3.46795
3.8113
3.9655
2.90207
2.65131
2.65042
2.79485
2.47731
2.82171
3.37532
2.27504
3.73391
3.01447
2.69832
2.85109
2.61521
2.54848
2.95733
2.8874
2.37124
2.62889
1.71966
2.95464
3.04959
3.51592
3.46849
2.35837
3.16121
3.25391
3.45326
3.46864
3.68035
2.89181
3.12256
2.98639
3.35647
3.03809
3.36441
3.36441
3.30327
2.85702
3.29167
2.72681
3.00859
3.06941
3.30534
3.00005
3.11795
3.34883
2.85934
3.12271
3.1029
2.99245
2.76464
2.94837
3.02946
3.09739
2.66546
2.85151
3.3093
2.846
2.42232
3.31136
2.9384
3.07283
3.38996
2.82381
3.28241
3.13521
3.08954
3.15292
2.42925
2.71851
3.07769
4.31528
3.20812
3.34375
4.07096
3.06611
3.23
4.45059
3.35181
2.93823
3.13747
3.05158
2.70482
3.09847
2.41639
3.565
2.39682
4.0197
3.612
2.72741
3.13264
3.57511
3.17797
3.01591
2.71655
2.94299
3.62761
3.84226
3.16456
3.51139
2.90541
3.3759
3.0518
2.97768
3.01126
3.1232
2.65944
2.67046
2.94039
2.98005
3.20479
2.77354
3.00146
2.98638
3.09825
3.04001
3.3748
2.29027
2.91364
3.01157
2.52009
2.82973
2.89086
3.10482
2.39176
2.55985
2.94495
3.14502
3.18444
3.38328
2.78929
3.21158
3.57528
3.4145
2.9245
2.801
2.92551
3.94507
2.60771
2.70799
2.88596
3.07459
3.04638
2.73145
3.44398
3.35253
