1.61729
2.38635
2.21409
2.03488
2.3189
2.5699
3.16618
2.74542
1.64836
2.77157
2.67402
3.41074
2.22162
2.70538
2.49523
2.2517
2.27219
2.97166
2.25315
2.64211
3.07408
2.49741
2.84695
2.86947
3.2002
3.14515
2.74508
3.35927
2.9031
2.60389
3.15304
3.63402
2.91114
3.86148
2.77889
2.29319
2.85932
2.67926
2.46854
2.86704
3.16296
2.5003
2.7476
3.13596
2.4435
2.26815
2.41183
2.23103
2.5977
2.45477
2.36904
2.51738
2.00295
2.91779
2.83985
2.85762
3.14669
2.43151
3.7153
2.98968
3.07745
3.29038
3.43301
2.8938
2.64651
3.08969
2.99022
2.96013
3.02382
3.38846
2.59247
2.878
2.87338
2.79222
3.14743
2.94827
2.73895
3.08645
2.93045
3.37742
2.77167
3.06655
2.52928
2.96708
2.52938
2.82631
2.64014
3.36843
2.80188
3.0001
3.17547
3.01034
2.52901
3.44525
2.43867
2.82107
3.03355
2.76722
3.17885
3.24843
3.45933
3.34694
2.54015
2.88778
2.73771
3.60593
2.95707
2.97385
3.35703
2.18457
3.37084
2.97328
3.15092
2.74249
3.01911
3.0075
2.60571
2.48142
2.67414
2.87201
3.04285
3.01784
3.23331
3.42371
3.48875
2.95275
2.79433
3.08553
3.26012
3.37785
3.30859
3.83677
3.16005
3.29476
3.32416
2.79083
3.16657
2.85381
3.11266
2.81334
2.65308
2.47489
2.87214
2.70861
2.68505
2.7504
3.22586
2.887
3.00836
2.81161
3.09256
2.17336
2.78328
3.28814
2.4186
2.69645
2.64652
2.52273
2.84374
2.76768
2.71318
3.13952
3.29559
3.08063
3.18987
2.69916
3.4292
3.12483
2.93276
2.84409
2.74877
3.39829
3.22945
3.15877
3.55244
3.2626
3.5089
2.68739
2.9223
3.50273
1.64275
2.46787
1.96762
2.11545
2.40695
2.68341
3.17527
2.80366
1.78335
2.8228
2.87792
3.17264
2.32767
2.95913
2.68418
2.26521
2.33629
3.11441
2.4932
2.70897
2.9675
3.08195
2.55856
2.8154
3.03717
3.45477
2.54643
3.08676
2.79885
3.1226
3.23994
3.55867
3.70162
3.82899
2.93759
2.30744
2.8571
3.23214
2.19638
2.8614
3.01735
2.4994
3.10248
2.74243
2.29333
2.09687
2.28095
2.52535
2.38088
2.20802
2.71782
2.48305
1.92881
3.19309
3.07887
3.30626
2.9063
2.62439
3.11047
3.14379
2.99558
3.06348
3.53916
2.76392
2.97406
3.38981
3.038
2.86785
3.05448
3.24298
2.85403
2.87548
2.85318
3.1641
3.04266
3.13931
3.0755
2.97872
3.08939
3.03318
3.16987
2.82289
2.98484
2.84513
3.04127
2.71426
2.94846
3.03756
3.03893
3.10668
3.65767
3.43805
3.01839
3.09719
2.59467
2.86108
3.22728
2.98359
3.19465
3.7527
2.97648
3.28455
2.5491
2.79825
3.06422
3.679
3.32571
3.00692
3.6097
2.80001
3.66739
3.24521
3.12232
2.73829
2.97716
2.89002
2.67786
3.14132
2.61456
3.00347
2.95384
3.23023
3.90676
2.79274
3.33541
3.45583
3.19138
3.16186
2.94667
3.07893
3.57025
3.02323
3.12806
3.23466
3.18985
3.14597
3.15574
2.92665
3.24232
2.79533
3.14332
2.23508
2.95789
2.65987
2.72981
2.57819
3.46936
3.24654
2.9173
2.85701
2.74488
2.13756
2.68833
3.034
2.45402
2.8803
2.52404
2.83176
2.70157
2.25992
2.47602
3.03644
3.44201
2.90564
2.5064
3.72536
3.68298
3.01098
3.15721
2.57484
2.99896
3.58501
2.68999
2.57324
3.01419
3.16921
3.49935
2.70315
3.03573
3.27604
