1.89232
2.69804
2.71416
2.42719
2.73735
2.72347
3.4449
2.49296
2.54573
1.79915
2.5175
1.94328
2.4103
2.2642
3.26364
2.38442
2.8075
3.50398
2.63897
2.70319
2.5567
3.15337
2.73356
3.44223
3.8253
3.25628
3.25907
3.25786
3.04372
3.14251
3.70199
4.03378
3.64843
4.09412
3.13255
2.86696
2.96237
3.23599
2.93543
2.72573
2.65748
2.74681
3.11777
2.87791
3.30918
3.05744
2.74282
2.97318
2.59833
2.95447
2.89234
2.73534
2.77375
1.71921
2.41471
2.63565
3.07583
2.67333
3.48059
3.11651
3.26721
3.39821
3.43816
3.16038
3.10918
2.77443
3.11237
3.06772
3.55143
3.23121
3.13893
3.00029
2.9829
3.23175
3.13384
3.24642
3.12154
2.96459
3.21285
3.13271
3.13653
2.97868
3.11595
3.14926
3.09703
2.98656
3.26364
3.30399
2.76632
3.07173
3.17193
3.0352
2.78467
3.50934
2.82836
2.4886
2.82226
3.15609
3.25097
3.28848
3.57214
3.21841
3.71851
3.45025
3.68382
4.22815
3.73038
3.05566
3.90035
3.55199
3.48121
4.21143
3.14256
3.2164
3.78114
2.97636
3.10593
3.3852
2.25603
3.2605
2.99132
3.61197
3.54126
3.32194
3.78193
3.70019
3.06779
3.34755
3.44133
3.56148
3.83574
3.93694
3.58066
3.57984
3.49296
3.22802
3.40896
3.06975
3.61195
3.15915
2.79087
3.02062
3.57091
2.97504
2.90499
3.02028
3.32221
3.25586
3.23027
3.22801
2.96668
2.44992
3.03264
2.88097
2.80698
2.7158
3.13365
2.69706
2.88787
2.903
2.91633
2.77878
3.50543
3.95629
3.20973
3.18997
4.07652
3.63147
3.114
3.00489
2.8828
3.94395
3.02978
3.42135
4.00328
3.01742
3.74063
3.56765
3.30302
3.72012
1.84732
2.82808
2.60819
2.39449
2.65035
2.78248
3.36364
2.51774
2.76256
2.09515
2.62633
2.29017
2.60927
2.9436
3.12432
2.59323
2.82279
3.62793
2.57752
2.98618
3.42964
3.52374
2.74633
3.30497
3.80261
3.00816
3.16973
3.11561
2.99949
2.94895
3.41924
3.4509
3.45383
3.33074
3.26306
2.07405
2.57714
2.80115
2.72126
3.02917
3.01157
2.88835
3.15393
2.70223
2.93833
2.65512
2.81744
2.81016
2.69437
2.82836
3.00988
2.9375
2.66401
1.76082
2.30479
3.15099
3.04581
2.89114
2.87405
3.09357
3.20806
3.30823
3.40448
3.28425
2.94688
2.66034
2.9392
3.04338
3.51575
3.2805
2.95479
2.85474
3.08602
3.48537
3.26742
3.35526
3.06344
3.10816
2.79755
3.13915
3.28536
2.98764
3.34239
3.27061
3.20092
3.12613
2.97393
3.17435
2.9217
2.76476
3.19675
3.2193
2.56114
3.22838
2.94695
2.62324
2.65937
3.1657
3.45072
3.26374
3.54962
3.34197
2.87161
3.43995
3.30735
4.15018
3.64172
3.67996
3.7143
3.62506
3.64804
4.1343
3.52963
3.41761
3.24813
3.21901
2.92121
3.09905
2.14646
2.82361
2.67247
3.33605
3.85679
3.16909
3.42573
3.12006
2.89906
3.06715
3.26709
3.05822
3.67478
3.65528
3.8951
3.20477
3.50363
3.50395
3.1514
3.15713
3.07781
3.0437
2.6135
2.81506
3.0287
3.03645
3.01201
2.87995
3.21718
3.34618
3.14358
3.4862
3.24567
2.44519
3.33151
2.90909
2.60356
2.9813
3.43055
3.00482
2.6974
3.37775
3.10292
2.88671
3.37124
3.68909
3.20445
3.11362
3.30656
3.142
3.27189
3.03135
3.10419
4.16414
3.45833
2.93659
3.47348
2.95097
3.11356
3.17517
3.01312
3.26046
