1.6385
2.7478
2.31451
1.87631
2.22554
2.68076
3.22143
2.96749
1.67782
2.96271
3.36691
3.14955
2.36223
2.59915
2.88235
2.31649
2.27272
3.3285
2.56397
2.58108
2.51365
2.31153
2.90501
3.10964
3.30953
3.80058
3.13326
2.87888
3.1251
3.31003
3.40424
3.37297
3.83378
3.70076
3.21123
2.44823
2.76955
3.20675
2.48181
3.27664
3.18286
2.79128
4.07815
3.48587
2.9493
3.23385
2.54796
2.83899
2.76469
2.78612
2.79481
2.71193
2.00514
3.28891
3.35683
3.57888
3.57655
1.90307
3.41268
3.61526
3.21141
3.47173
3.64133
3.28825
2.8984
2.97882
3.37183
3.36846
3.85149
3.99201
3.31629
3.21918
3.17672
3.06769
3.22813
3.07406
3.31352
3.24262
2.93697
2.92659
3.05132
3.21971
2.98669
2.95535
2.80732
3.06446
3.34407
3.1643
3.10709
3.6051
3.58933
3.36706
2.47669
3.59492
3.00714
3.1075
3.30699
3.69091
3.50738
3.65029
3.8383
3.20901
2.91125
2.89917
3.28576
3.12997
3.23589
3.44258
3.84556
2.36183
3.69257
3.67809
3.21986
3.14552
3.14559
3.05262
3.00189
3.31602
2.32073
3.03629
3.00448
3.33498
4.44195
3.2883
3.71032
2.34439
2.01221
3.93211
3.42708
3.74595
3.818
3.54803
3.38328
3.44597
3.24194
3.42166
3.19876
2.80836
3.30011
3.53744
3.03958
2.47884
3.27437
3.02411
2.95502
2.74959
3.67712
3.35791
3.11557
3.223
3.39204
2.71442
2.30694
2.58908
1.79812
3.28146
2.98293
3.35897
3.55282
2.79303
3.13441
3.14212
3.30545
3.34401
3.79842
3.12031
3.54583
3.57089
3.12827
3.05405
2.92165
3.85536
2.88758
3.14038
3.59943
3.3637
3.8648
3.1106
3.6502
3.45546
1.69212
3.06948
2.43867
1.99442
2.61421
2.69375
2.77045
3.07841
1.82539
3.11175
2.99017
3.61113
2.44553
2.80273
2.94065
2.39005
2.49055
3.17984
2.24916
2.89702
2.82839
2.59757
2.6844
2.85624
3.31766
3.77418
2.75589
3.47298
3.15239
3.65066
3.47776
3.5482
3.33336
3.59967
2.94891
2.18886
2.66783
3.02198
2.79325
3.46565
3.23971
2.53415
3.63329
3.57827
3.29023
2.83022
2.82742
2.6127
3.11099
2.69086
2.83868
2.69191
2.06471
3.44495
3.23611
3.31631
3.66935
2.55086
2.99813
3.36161
3.26305
3.53053
3.76589
2.66838
3.03915
2.86167
3.31721
3.08721
3.54212
3.9671
3.09903
3.28643
3.27668
2.71936
2.91564
3.46437
3.18882
2.99275
3.26527
3.20443
2.87524
3.08164
3.09383
3.30538
3.0316
2.99836
2.93236
3.08555
3.14657
2.7993
3.54649
3.69839
2.84865
3.6406
3.05945
3.14244
3.26951
3.54164
3.37747
3.52198
3.73239
3.4616
2.70268
3.02196
3.10628
3.87854
3.45811
3.33865
4.08919
3.22698
3.66211
3.93098
3.34511
2.83527
3.157
2.95974
3.27079
2.94891
2.15743
3.65395
2.8619
3.43145
4.32588
2.7112
3.5598
2.85038
3.43878
3.46105
3.16971
3.54473
4.01352
3.77199
3.59854
3.62475
3.39929
3.50243
3.12781
3.03356
3.25771
3.12025
2.6896
2.54238
3.06597
3.09405
2.68606
2.35101
3.30481
3.14825
3.14518
3.171
3.12032
2.52088
2.55913
3.61355
3.13762
3.22282
3.14811
3.04461
2.87488
2.67722
2.83086
3.04642
3.34932
3.47356
2.91027
3.28104
3.5853
3.45672
3.15827
2.65939
3.11895
3.72906
2.72922
3.16364
3.44926
3.50237
3.8001
3.0342
3.57566
3.45173
