2.10716
3.46478
2.28017
2.43724
2.72145
3.10701
3.21335
3.23473
2.32823
3.16792
3.10064
4.03587
2.9081
2.58199
2.80138
3.14273
2.91306
3.54748
2.91199
2.9895
3.85323
3.34434
3.37929
3.54242
3.91717
3.88385
3.1339
3.7605
2.92831
3.21564
3.82869
3.55221
3.92513
3.74903
3.27483
2.92012
2.86448
3.31083
2.76232
3.61356
3.52431
2.68751
3.81632
3.44165
2.83615
2.69513
2.88122
2.75736
3.37079
2.97156
3.12192
2.89003
2.32666
3.56757
3.54
3.76107
3.49268
1.5847
3.70085
3.65115
3.50616
3.71005
4.03033
3.04022
2.76802
3.39637
3.54805
3.16675
4.05665
3.9428
3.41869
3.53507
3.34775
3.1408
3.73556
3.5449
3.56984
3.32587
3.49528
3.30676
3.21158
3.37031
3.16142
3.24244
3.2381
3.14893
3.86676
3.45246
2.97659
3.90633
3.7475
3.60087
3.11052
3.5519
2.8949
3.2591
3.47022
3.83051
3.52474
3.64135
2.97629
3.8579
3.19948
3.22372
2.88655
3.65985
3.55846
3.83803
4.03001
2.56746
3.93688
2.5133
4.22576
3.42663
3.52882
3.30124
3.14087
3.15569
1.97504
2.67609
2.48013
3.96912
3.96908
3.75724
3.90755
3.36071
3.01518
3.35976
3.52615
3.6423
3.88936
4.00026
3.99637
3.69089
3.72127
3.21161
3.66536
3.68419
3.76877
3.59298
2.88695
2.80498
3.53514
2.97142
3.18074
2.87994
3.05298
3.38843
3.31321
3.49978
3.39501
2.35243
3.32844
3.08943
2.97008
3.3912
3.52639
3.13765
3.15182
3.16139
3.21812
3.70594
3.38165
4.07463
3.88289
3.41174
3.63197
3.81524
3.31214
3.36865
3.27562
4.26905
3.27923
2.99691
3.83232
3.04624
4.23905
2.95364
3.84411
3.59355
2.03644
2.93443
2.63693
2.30517
2.61653
2.79665
2.95281
3.28307
2.19429
3.08957
2.85953
3.41411
2.78133
2.7197
3.10752
2.94088
2.72007
3.1858
2.87247
2.86393
3.40264
3.18591
3.09401
3.22002
3.39238
3.83773
3.42811
3.56548
3.7106
3.35665
3.47842
3.46884
3.66695
3.94822
3.17168
3.07163
2.8726
3.36231
2.90814
3.6608
3.35451
2.99927
3.48661
3.72938
2.89797
3.25725
3.28818
2.66847
3.43353
3.02119
3.23263
2.83366
2.34397
3.58143
3.19919
3.48414
3.3399
2.13372
3.34769
3.29901
3.93136
3.84725
4.16025
3.17129
3.22662
2.99962
3.55936
3.10782
3.70915
4.02245
3.41771
3.30569
3.19657
3.20195
3.34087
3.83795
3.56268
3.45843
3.08868
3.27561
2.98781
3.04634
3.14228
3.51692
3.38442
3.09818
3.47465
3.79084
2.98288
3.57119
3.87764
3.11059
3.29466
3.75123
3.234
3.29457
3.43852
3.57996
3.72789
3.63784
3.70603
3.25231
3.08723
3.13628
3.6546
4.08452
3.58435
3.79364
4.20587
2.78776
3.88262
4.12914
3.84797
3.43057
3.78057
3.33938
3.19372
2.86236
2.17129
2.56085
3.38603
3.66817
3.75277
3.04762
3.62604
3.32685
3.48461
3.17986
3.19598
3.27005
3.96203
3.96846
3.6243
3.35678
3.67902
3.3691
3.77437
3.03355
3.24662
3.50348
3.282
2.92956
3.30393
3.20161
3.19663
2.95025
3.31734
3.16701
3.34549
3.40309
3.49948
3.04747
3.10384
3.12601
3.1888
3.17861
2.73793
2.80169
3.0236
2.84647
3.17417
4.19938
3.94427
3.57801
2.8121
3.46551
3.83694
3.67463
3.34073
3.41414
3.08562
3.76187
2.96129
2.9156
3.59557
3.03541
3.3799
2.86676
3.46313
4.00315
