2.08183
3.00776
2.40502
2.43112
2.52884
2.56715
2.9734
2.92732
1.60765
3.05457
2.85335
3.03337
2.48055
2.64267
2.57666
2.44403
2.59723
3.69423
2.57229
2.37417
3.11489
2.71642
2.84172
2.96462
3.18341
3.44552
2.44836
2.8038
2.50648
2.7897
3.58305
3.82018
3.37994
3.84369
2.90403
2.26045
2.4167
3.06653
2.32635
2.60361
3.29171
2.23514
2.86253
3.41403
2.48718
2.37
2.60094
2.58895
2.54302
2.52908
2.4783
2.40129
2.15165
3.11161
2.99742
3.01778
3.66761
2.11734
3.60898
3.23668
3.86361
3.34703
3.39427
3.77627
2.8555
3.23181
3.41367
3.0239
3.26172
3.38587
2.93441
2.91593
3.18405
3.04404
3.11709
3.15129
2.80602
3.2175
3.20213
3.38382
2.85308
3.18304
2.94407
2.95661
2.95928
3.03884
2.88927
3.07619
2.83732
3.06386
3.45201
3.53943
2.91406
3.41362
2.65071
2.95207
3.33348
3.10563
3.10009
3.26408
3.54654
3.30031
2.87876
3.03401
3.39448
4.58865
3.68359
3.34901
4.47765
3.44872
3.4565
4.25519
3.36994
3.61524
3.24674
2.85075
2.75701
3.00006
2.43506
3.03399
2.75333
3.77729
3.16327
2.96857
3.28259
3.15083
3.03659
3.21433
3.03787
3.28465
3.62786
3.36107
3.29202
3.16239
3.29544
3.06436
3.06754
2.91322
2.97789
2.94802
3.00816
2.5565
3.04787
2.80597
2.89323
2.75343
3.21404
3.36573
3.03872
2.96614
3.10732
2.53038
2.84981
2.90307
2.75883
2.63904
2.77873
2.83774
2.63504
3.14015
2.71888
3.0121
3.24727
3.7985
3.22271
3.08669
4.02975
3.4775
3.02342
2.65992
2.88337
3.76785
3.09067
2.84581
3.41527
3.37114
3.66989
2.91397
3.06938
3.74641
2.02597
2.79677
2.42643
2.39769
2.599
2.64685
2.79085
2.83341
1.78282
3.12537
2.77259
3.28136
2.06702
2.50166
2.70283
2.5857
2.65004
3.38997
2.39202
2.60338
2.82239
2.96312
2.6553
2.70551
2.82275
3.38519
2.6823
3.34599
2.51272
2.69547
3.54545
3.79786
3.41294
3.81297
3.09165
2.33209
2.37864
3.02759
2.4719
2.85166
2.93537
2.40867
3.04921
3.17968
2.58509
2.26354
2.54439
2.2385
2.55022
2.73949
2.61369
2.48059
1.84524
2.82784
2.94563
3.07274
3.14475
2.27763
3.18476
3.27164
3.55752
3.38935
3.47749
3.33539
2.85761
3.70543
3.10984
3.13763
3.36095
3.53023
3.07016
3.05708
2.97554
3.06512
2.94413
2.78698
3.11635
2.93812
2.85507
3.14735
2.77677
2.82681
2.96458
2.85519
3.01716
2.91108
3.1834
3.50995
2.97732
2.90843
3.35514
3.59122
3.04802
3.36952
2.48215
3.04935
2.96523
2.92682
2.89702
3.58142
3.65794
3.30013
3.12682
3.32778
2.99354
4.43848
3.76589
3.29959
3.8579
4.45459
3.48279
4.0454
2.97187
3.06191
3.32372
3.02474
2.75449
3.59703
2.39155
2.81273
2.76386
3.61847
3.65612
2.802
3.40613
3.14544
3.11974
3.13921
2.93671
2.97789
3.54451
3.60568
3.31926
2.99695
3.98758
2.89509
3.03202
2.88603
3.14342
2.93111
3.0689
2.44556
3.12702
2.7358
2.73835
2.76025
3.12173
2.9865
2.91127
2.9498
2.96818
2.3261
2.96619
2.57332
2.94992
3.04978
3.12069
2.68145
2.92465
3.15736
2.98933
3.02446
3.41413
3.51232
2.72613
3.74224
4.18874
3.15559
3.30032
2.67875
2.79035
3.68113
2.88729
2.95861
3.30927
3.05848
3.22432
3.61355
3.18181
3.1544
