1.93516
3.01153
2.52116
2.24945
2.52931
2.65138
2.81209
2.88373
1.80308
2.96304
2.71075
3.15997
2.64248
2.42758
2.94459
2.82795
2.80368
2.91953
2.73661
2.82418
3.25943
2.6572
2.84973
2.54256
3.5944
3.27245
2.64906
3.07274
3.03272
3.35875
3.41965
3.65022
3.40807
3.64669
3.19224
2.87249
2.78946
3.33399
2.46071
3.50702
3.33562
2.52643
3.85053
3.21066
2.89315
2.61377
2.53953
2.51619
2.45921
2.65472
2.27647
2.42259
2.15278
3.04691
3.11768
3.15922
3.54873
2.52813
3.88395
3.49504
3.73512
3.47334
3.53917
2.91981
2.80273
3.69287
3.01655
3.13654
3.64204
3.39822
3.15021
3.50818
2.80048
3.0441
3.22913
3.36543
3.20264
2.85725
2.90571
2.85085
3.0215
2.87886
2.71111
3.02062
2.91194
2.92275
2.86835
3.44468
2.8574
3.09464
3.56019
3.28554
2.60809
3.52132
2.69407
2.9388
3.10752
3.2798
3.00015
3.40019
3.54315
3.68832
2.49648
2.97247
3.32534
3.7589
2.93087
3.38246
3.94351
3.30954
3.44772
4.23081
3.78674
3.11955
3.10115
2.94659
2.40755
2.8632
2.10995
3.08884
2.59
3.55052
3.61487
2.5
3.20729
3.40731
2.8626
3.0916
2.95972
3.52085
3.48289
3.45452
3.49673
3.33314
3.2342
3.15879
2.72593
2.70759
3.00438
3.16737
2.87636
3.05195
3.34907
2.73752
2.96818
2.72842
3.23757
3.21394
2.89499
3.07539
3.22408
2.93083
3.12051
3.11079
2.82046
2.80613
3.3203
2.7001
2.8655
2.78027
2.87956
2.90581
3.05656
3.61953
2.81646
3.02632
3.53684
3.39518
3.32658
2.89839
3.08379
3.54449
2.49929
2.49499
2.94333
3.01951
3.52738
2.83714
3.18118
3.67555
1.89511
2.58848
2.48491
2.35034
2.35684
2.44463
2.77462
3.00323
1.80524
2.70417
2.70408
3.29423
2.24815
3.06358
2.89862
2.74525
2.75861
2.87538
2.66191
2.79056
2.9004
2.56691
2.65058
2.37898
2.84228
3.42832
2.65199
3.15224
2.98698
3.15205
3.08774
3.55017
3.39076
3.95174
3.28635
2.50682
2.85415
3.28788
2.4085
3.2271
3.27847
2.8224
3.54366
3.37337
2.89717
2.76046
2.65148
2.63502
2.62891
2.83798
2.62341
2.60024
2.18235
3.18986
2.89946
3.51279
3.53839
2.47284
3.44065
3.30382
3.26507
3.77682
3.46495
3.01133
3.1255
3.01991
3.16627
3.08102
3.48966
3.54089
3.20803
2.9108
3.30936
2.95009
2.99532
3.01476
3.1351
3.24047
2.95508
3.13494
3.40375
2.99116
3.06897
2.98096
2.99237
2.97618
3.03374
3.17342
3.13096
2.98131
3.39276
3.40407
2.45901
3.46902
2.65797
2.96429
3.00222
3.14246
3.03257
3.01309
3.20247
3.05884
2.74154
2.55769
3.21847
4.36798
2.63257
3.30125
3.76041
3.57158
3.51983
4.05457
3.19163
2.8589
3.24386
3.01892
2.70802
2.47299
2.17138
2.49282
2.86739
3.33773
3.16424
2.44409
2.92017
3.29239
2.95738
2.87988
2.50094
2.96371
3.62072
3.44372
3.05561
3.22361
3.26022
3.0805
3.31383
3.06271
2.8305
3.07873
3.41675
2.82107
3.33687
2.87276
2.85977
2.76229
3.07347
3.1983
3.24441
2.98086
2.90579
2.40634
2.74865
2.66811
2.7082
2.25665
2.78306
2.92069
2.30961
2.88898
2.98696
3.7437
3.57287
3.36974
2.86925
3.13379
3.32166
3.56228
3.28444
2.64417
3.08319
3.56614
2.70859
2.67779
2.7458
2.90373
3.16027
2.57898
3.51813
3.82929
