1.93261
2.68556
2.84454
2.14717
2.56441
2.74675
2.58435
2.96314
2.06211
3.0081
2.7374
3.3185
2.40246
2.28779
3.12676
2.70929
2.72683
3.69091
2.62749
2.74285
3.11883
2.96494
2.7514
2.97027
3.25179
3.89334
3.14754
2.99497
2.52963
3.16932
3.79318
3.32374
3.4578
4.08878
3.26798
2.67514
2.94294
3.049
2.6947
3.32861
3.2775
2.60109
3.52862
3.40465
2.86104
2.95854
2.72301
2.70298
2.75839
2.4242
2.92052
2.54883
2.32184
3.05807
3.18527
3.71152
3.54795
2.05973
3.80996
3.1903
3.39429
3.50253
3.94162
3.50812
3.51366
3.05611
2.91651
3.12217
3.58742
3.90226
3.52809
3.54164
2.86797
3.18152
3.50483
3.33302
3.52171
3.10021
2.87569
2.71205
2.6544
2.82659
3.06848
3.01414
3.18174
2.93036
3.08184
3.22888
3.2385
3.13284
3.48786
3.67357
2.60511
3.40487
2.70427
2.99544
2.97736
2.99692
3.19431
3.41013
3.36805
3.72484
2.84464
3.1045
3.27184
3.89892
3.68739
3.35009
3.90543
2.366
3.42188
4.15454
3.68481
3.35068
3.83575
2.94774
2.78487
3.23986
1.74849
3.00138
2.7959
3.54903
3.91959
3.45771
3.54385
3.09263
2.96183
3.46682
3.16458
3.40111
3.53045
3.76089
3.21032
3.15193
3.3541
3.18083
3.17889
2.93724
3.06019
2.84579
2.72658
2.86706
2.80891
3.08014
2.81029
2.77768
3.0172
2.89524
2.96927
2.91052
3.62956
2.63632
2.78126
2.88582
2.66233
3.17387
3.32787
3.00033
2.91609
2.84681
2.99224
2.93259
3.18594
3.23731
3.30862
3.07755
3.96712
3.58511
2.94192
3.01891
2.97139
3.76992
2.93782
2.93825
3.42299
3.13784
3.51518
3.2906
3.1587
3.15696
1.92774
2.60401
2.48547
2.40978
2.47024
2.616
3.16442
2.98199
2.03953
2.97167
2.69176
3.22334
2.56199
3.08909
2.80595
2.62619
2.62035
3.61844
2.51875
2.96147
2.60897
2.68888
2.72329
2.63118
2.84009
3.7409
2.93657
3.38299
3.12562
2.91933
3.24299
3.26259
3.7447
3.81627
3.23867
2.75989
2.70833
3.163
2.52621
3.44979
3.70917
2.64576
3.4246
3.46173
2.72605
2.71851
2.90274
2.89028
2.97158
2.52603
2.87348
2.77576
2.32533
3.26614
3.3706
3.73451
3.24551
2.97199
2.90158
3.50806
3.27137
3.4269
3.86349
3.47232
2.69895
2.83069
3.29884
3.04379
3.55776
3.60298
3.41683
3.07561
2.99584
3.5392
3.14226
3.01878
3.2426
3.20417
2.84648
2.8842
2.71223
3.05416
3.16303
2.99672
2.99157
2.92637
2.90253
3.16759
2.96904
2.75629
3.7709
3.43321
2.74918
3.47542
2.98665
3.01213
3.28507
3.46163
3.56703
3.26956
3.13312
3.38068
2.83431
3.22953
2.88253
3.83372
3.78146
3.50779
3.66904
3.05633
3.66988
4.07572
3.92339
3.14269
3.69671
2.79283
2.93198
3.04317
1.57322
2.77752
2.92536
3.57525
3.76499
2.54656
3.40878
3.14057
3.00589
3.41872
2.8392
3.3962
3.83019
3.48314
3.26546
3.26691
3.52819
3.50762
3.22021
3.06437
3.20901
2.80728
3.22308
2.73466
3.23105
2.85754
3.02664
2.9307
2.79692
2.88466
3.07674
2.97364
3.11442
2.55386
3.21623
2.81291
2.83917
2.88545
3.25694
2.89892
2.96811
2.81136
2.77252
3.31417
3.54366
3.21286
2.63012
2.98619
3.71419
3.51734
3.31536
2.89446
3.06981
3.58344
2.73721
2.59062
3.14091
3.29446
3.51436
3.38615
3.58254
3.30678
