1.98803
3.14878
2.53456
2.22565
2.5065
2.60996
2.61861
3.1846
1.84612
3.07043
2.84672
3.70793
2.35102
2.77048
2.99414
2.44946
2.7516
3.27189
2.62984
2.83752
3.02414
2.98674
3.46061
3.25614
3.18949
3.68621
3.48509
3.01373
3.69642
3.44075
3.56252
3.70841
3.76429
3.84558
3.09535
2.55494
2.71869
3.28822
2.58561
3.21021
3.26047
2.82964
3.39355
3.30325
3.11402
3.03836
3.34744
2.44326
3.2948
2.79512
2.75139
2.68688
2.34728
3.20434
3.37206
2.99509
3.54775
2.21496
3.64289
3.26509
3.31277
3.62305
3.83804
2.86781
3.09826
3.09785
3.34943
3.14608
3.62776
3.69925
3.16181
3.57586
3.12932
3.11893
3.13604
3.29034
3.14437
3.20463
3.23626
3.22131
2.84114
2.6568
2.82606
2.85869
3.06178
2.90736
3.14723
3.39683
2.35741
3.13392
3.19689
2.80825
2.51199
3.42342
2.86328
3.08993
3.22974
3.28694
3.19544
3.53091
3.21223
3.11673
2.67614
3.17666
3.13598
3.09438
3.44172
3.0438
3.954
2.70371
3.31194
2.91508
3.75398
3.09536
3.38554
2.92099
3.08634
3.24803
2.03409
3.62501
2.64042
3.90017
4.23335
3.47554
3.98087
3.71068
2.82699
3.33781
3.4969
3.87177
3.65072
4.01993
3.4414
3.49131
3.44566
4.13291
3.49377
3.54542
3.39459
3.36162
3.01857
2.65886
3.36428
2.9889
3.22354
2.75819
3.29254
3.26099
3.23004
3.18121
3.55436
2.54272
3.18585
3.01026
3.27662
2.75487
2.95024
2.92901
3.0993
2.40206
2.96354
3.23144
3.74608
3.17051
3.49191
2.60245
3.83487
3.23765
3.057
2.6595
2.73931
4.08873
2.99745
3.2404
3.51976
3.40475
4.08295
2.97241
3.49103
3.15177
1.96394
2.70329
3.00025
2.31534
2.57709
2.66308
2.88068
3.35679
1.98095
3.6836
2.78314
3.2702
2.359
2.86549
2.83448
2.7086
2.86283
3.33387
2.86851
2.50154
2.9591
3.16557
2.33702
3.65078
3.49137
3.96285
3.27141
3.00543
3.06981
3.3047
3.43815
3.7281
3.99672
3.98177
2.96317
2.78315
2.57934
3.20765
2.55058
3.7151
3.46388
3.14917
3.56432
3.7015
3.08317
3.30914
3.07158
2.75514
2.95942
2.85109
2.9856
2.82884
2.31613
3.51799
3.25133
3.78929
4.04351
2.2149
2.90439
3.42008
3.74484
3.34865
4.06668
3.57009
2.75318
2.68801
3.50114
3.26033
3.6807
3.96115
3.28882
3.41545
3.49888
3.12437
3.41524
3.5878
3.31437
3.09702
3.04714
3.01985
2.96486
3.05353
3.07688
3.43147
3.10963
2.90311
3.26495
3.06868
2.83678
2.97617
3.27738
3.15147
2.88134
3.30917
3.08532
3.14133
3.42834
3.8467
3.67054
3.64503
3.56183
3.45108
2.71237
3.13892
3.40469
3.42266
3.60231
3.27422
3.62782
3.22946
3.49279
3.75182
3.70628
3.11213
3.51138
3.18502
3.21123
3.56032
2.4908
3.39342
2.66442
3.91861
3.90906
3.75881
3.68819
3.88496
3.2126
3.58037
3.47065
3.17341
3.54344
3.42572
3.69812
3.48479
3.478
4.13914
2.93939
3.11888
3.5859
3.30629
2.97854
2.75928
3.25735
3.16014
2.95033
3.01326
3.17452
3.3222
3.33361
3.34172
3.24804
2.87751
3.17775
2.79623
3.01325
2.90899
2.85753
2.94276
2.93936
2.72576
3.06578
3.3986
3.92066
3.82539
3.03961
3.57599
3.66341
3.55138
3.2575
2.72104
2.69173
4.2189
3.22324
3.43016
3.74501
3.48667
3.71565
2.72731
3.31776
3.55732
