2.20084
2.79443
2.61305
2.38667
2.37203
2.63034
2.95736
2.87121
1.87295
2.87485
2.87138
2.86827
2.325
2.53701
2.76456
2.87581
2.66544
3.4191
2.89815
2.56755
2.73672
2.89764
2.75525
3.1572
3.34813
3.40045
3.31776
2.87289
2.58892
3.19688
3.19002
3.90713
3.63848
3.9743
3.1538
2.36302
2.9242
3.00925
2.69402
3.31351
3.32733
2.6395
3.17499
3.15296
2.87009
2.75944
2.70406
2.4819
2.75151
2.6991
2.62365
2.75244
2.09486
2.99594
3.03006
3.43396
3.22246
2.37229
3.85219
3.33016
3.08682
3.20506
3.45178
3.05945
2.92592
2.92377
3.19281
2.97869
3.08752
3.43362
2.9085
3.30146
3.00762
2.96705
3.36931
3.3313
3.20696
3.07483
2.98909
2.92535
2.69753
2.88744
2.97986
2.87311
3.00179
2.78521
2.83706
3.65956
2.89451
3.27317
3.58299
3.31785
2.55866
3.31853
2.50163
3.17648
3.24906
3.35085
3.36575
3.12354
3.27062
2.90667
2.55063
3.04866
3.12063
4.04522
3.44958
3.04684
3.76333
2.94208
3.56325
3.89966
3.16004
3.06816
3.33509
3.01684
2.78871
3.03241
2.18022
2.86905
2.819
3.45686
3.74673
2.92013
3.03312
3.59846
2.9078
3.08125
3.30695
3.22079
3.81576
3.47528
3.26209
3.39776
3.08457
3.18864
3.71892
3.12403
3.12884
2.99567
3.11437
2.85832
3.34426
2.69906
2.78807
2.90838
3.20711
3.12932
3.00925
2.93893
3.25236
2.4912
3.33562
3.41986
2.68334
3.39751
3.03802
3.04503
2.95582
2.59648
3.04592
3.1758
3.58664
3.51391
3.34288
2.64359
3.52188
3.08578
3.19082
2.64232
3.01609
3.78693
2.97246
3.23231
2.92313
3.3
3.23796
3.25998
3.16194
3.52007
2.17241
2.56413
2.71729
2.51482
2.53312
2.75849
3.1462
2.90693
1.95877
2.85625
2.68379
2.81025
2.69213
2.66257
2.75373
2.74462
2.75198
3.25731
2.5539
2.63668
2.91099
3.37072
2.69447
3.0172
3.15091
3.41127
3.20164
3.24436
3.36979
3.27117
3.18456
3.56836
3.12486
4.0496
3.02734
2.58208
2.56888
3.14891
2.48008
3.06547
3.41424
2.48909
3.21191
3.00043
2.60623
2.84642
2.57127
2.47204
2.59649
2.91787
2.66063
2.65459
2.23985
3.22717
3.08419
3.60175
3.54681
2.3008
3.01797
3.38135
3.31123
3.25068
3.86923
3.07081
3.12478
3.26057
3.16074
3.03644
3.37626
3.38668
3.02237
2.87667
2.89269
2.91768
2.92801
3.40946
3.14595
3.08636
3.13231
3.41391
3.07009
2.85149
3.01792
2.83531
2.67313
2.79339
2.85236
3.57897
2.79699
2.98762
3.27682
3.13267
2.67833
3.26009
2.56505
2.95748
3.09708
2.90369
3.11398
3.58172
3.24838
3.30831
2.35472
2.75778
3.08511
4.20682
3.32383
3.31147
3.95328
3.10694
3.55445
4.30389
3.16444
3.16399
3.59532
3.03516
2.8544
3.48983
2.74399
3.18043
2.50507
3.42887
3.3468
2.86537
3.04855
3.72065
3.27159
3.25889
2.87722
3.25892
3.6586
3.53897
3.2743
3.1085
3.05885
3.20215
3.39215
2.997
3.18805
3.22314
2.92225
2.60018
2.96084
2.86298
2.63942
2.72269
3.14124
3.18844
3.12257
3.21261
3.14908
2.60767
2.92529
3.07229
3.54334
2.99067
3.10349
3.15163
3.28572
3.22226
2.83397
3.24519
3.72109
3.04659
2.50978
2.87394
3.19391
3.80243
3.15052
2.78161
2.87491
3.1682
3.15776
2.68579
3.21233
2.99236
3.26329
3.23253
3.56295
3.33123
