1.86835
2.97706
2.00281
2.18146
2.41021
2.61044
3.24272
2.88624
1.79606
2.84332
3.08041
2.81856
2.36699
2.44898
2.77205
2.55557
2.45856
3.34638
2.50811
2.77505
3.05067
2.8862
2.94553
2.8723
3.19525
3.66806
2.66889
3.01323
3.14837
3.1996
3.53021
3.70868
3.33421
3.89229
3.0314
2.65701
2.99451
3.24452
2.50056
3.43094
3.42482
2.71545
3.09156
3.1801
2.84299
2.60925
2.58516
2.67133
2.94359
2.61985
2.50459
2.61044
2.12415
2.98781
3.09054
3.26233
3.3825
2.52403
3.87899
3.0991
3.11044
3.38052
3.71964
2.88311
2.64739
3.17441
3.2509
3.04902
3.44576
3.70346
3.28343
3.02261
2.89871
3.14434
3.04391
3.20169
3.17229
3.0108
3.08968
2.70834
2.81545
2.86635
3.04058
2.90289
2.79619
2.98937
3.24252
3.65364
3.01414
3.34404
3.98453
3.50408
2.7104
3.21766
2.6312
2.94793
2.84014
3.14844
3.14189
3.09159
2.89046
3.15635
3.03448
3.1238
3.11545
4.06143
3.23895
3.56134
4.29493
3.67848
3.14554
3.73353
3.46062
3.30495
3.24359
3.00976
2.98302
2.87677
2.51897
3.09041
2.64511
3.35264
3.86017
2.93688
3.26331
3.58938
2.90563
3.42765
3.25913
3.51511
3.7067
3.47944
3.2013
3.10474
3.52499
3.08549
3.32309
3.16023
3.13979
2.95816
3.23694
2.60397
3.15271
2.89833
2.75078
2.74048
3.14495
3.18157
3.199
3.13598
3.04382
2.32476
3.06498
3.21916
2.64274
2.96715
3.0759
2.89966
2.9414
2.98386
2.95114
3.00737
3.42765
3.44553
2.67128
3.34051
3.85481
3.15832
2.99885
2.78581
3.17544
3.75521
3.07467
2.7823
3.44484
3.14203
3.79834
3.0689
3.22132
3.23258
1.93957
2.80289
2.31271
2.20934
2.41737
2.6264
3.27909
2.86812
1.79139
2.88567
2.67445
3.22444
2.30446
3.46972
2.6388
2.71812
2.5342
3.09922
2.60444
2.96981
2.33345
2.81845
2.85659
3.06954
3.1369
3.5363
2.95434
3.63895
2.77891
3.00654
3.36543
3.77618
3.27057
3.33591
3.01112
2.53718
2.83379
3.08989
2.59207
2.95466
3.26965
2.75057
3.3321
3.45674
2.65427
3.31913
2.5011
2.70374
3.16069
2.56919
2.6339
2.50561
2.22454
3.14161
3.13483
3.42413
3.54508
2.68948
2.92674
3.30387
3.37046
3.33088
3.44059
3.56354
3.10234
3.40225
3.25639
3.04934
3.60697
3.30265
3.16413
3.00797
2.97277
3.39573
2.98695
3.42409
3.36415
3.20344
2.78354
3.19256
2.76256
3.04272
2.99373
3.05904
2.93889
3.07053
3.2408
3.1494
2.68145
3.18904
3.62391
3.71403
2.43854
3.48492
2.65599
3.08041
2.99749
3.38375
3.2307
3.56264
3.88312
3.47864
2.97939
3.30541
3.33076
4.45385
3.5288
3.31367
3.45875
4.05051
3.63408
3.68527
3.05325
3.21363
3.08248
2.86359
2.7337
2.67757
2.51445
2.582
3.03792
3.23101
4.04283
2.77192
3.42343
3.1632
3.10112
3.57975
3.13675
3.20175
3.8325
3.60261
3.1036
3.27407
3.47163
3.11073
3.379
2.72974
2.9884
3.18877
2.80356
3.01807
3.17852
2.75343
2.66966
2.80409
3.38645
3.15468
2.98989
3.14934
2.88982
2.86765
2.70692
2.41969
2.3866
3.25229
3.30178
2.64721
2.81279
3.10538
2.73201
3.22226
3.42265
3.49638
3.00951
3.56488
3.65489
3.56508
3.14739
2.72448
2.83299
3.79111
3.11432
2.66446
3.44247
3.14603
3.24987
3.22392
3.43977
3.19108
