2.1906
2.57073
2.51637
2.41545
2.83831
2.92527
3.12403
2.92906
1.97185
2.73497
2.8612
3.21926
2.44342
2.3023
3.37446
2.90825
2.87278
2.96594
2.94049
2.46053
2.75299
2.56525
2.55426
2.97149
2.80837
3.67867
3.07528
3.11697
3.41102
3.48622
3.81917
3.70756
3.28174
3.59298
3.4385
2.52049
2.83034
3.38702
2.78763
3.27521
3.55202
2.85036
3.62054
3.76411
3.3435
3.22293
2.89254
2.69518
2.62202
3.00579
2.87547
2.70523
2.07565
3.20425
3.19274
3.71612
3.91346
2.04644
3.75679
3.23974
3.76622
3.49823
3.6995
3.15597
3.25781
3.53066
3.66639
3.16949
3.56673
3.92935
3.51062
3.66855
3.18549
2.98884
3.36148
3.68321
3.20757
3.27256
3.43249
3.26649
3.21976
2.70273
3.3626
3.23375
2.99453
3.16661
2.95992
3.42745
3.40984
3.30015
3.82438
3.19289
3.18336
3.81125
2.82655
2.83293
3.38686
3.29473
3.55714
3.58867
3.89105
4.10709
2.83862
2.63157
3.17242
4.19378
3.61421
3.71862
4.09822
2.94879
4.18503
4.13083
3.72739
3.43788
3.76272
2.91599
2.86691
3.06539
2.26728
3.26696
3.13013
3.71182
3.80575
2.68918
3.5895
3.35696
2.88836
3.20129
3.20743
3.28498
3.87014
3.533
3.13873
3.06603
3.11448
3.0212
3.04591
2.94204
3.10957
3.17583
2.65619
3.09727
3.43906
2.87031
2.72841
3.02863
3.17313
3.15771
2.86499
3.17739
3.46035
2.42026
2.545
3.09533
2.79138
2.01774
2.93419
2.76907
2.76133
3.24081
3.01851
3.36425
3.41409
3.73186
3.40067
2.46899
3.79172
4.03634
3.54063
3.09541
2.96187
3.51794
3.32672
2.56192
3.21053
3.26996
3.55087
2.99691
3.27325
3.22139
1.95798
3.00612
2.22694
2.16765
2.52499
2.73575
3.07102
2.79213
1.86468
3.25824
3.06845
3.04709
2.51634
2.64915
3.0721
2.87925
2.8642
3.10097
2.76844
2.54533
2.77376
3.0064
2.95949
2.86022
3.32374
3.4684
3.11376
2.8359
3.22696
3.05059
3.36301
3.69206
3.52471
3.69035
3.10687
2.8072
2.78881
2.98334
2.63918
2.95603
2.9764
2.81029
3.49232
3.11291
3.3539
2.78812
2.67458
2.13782
2.8623
2.94478
2.76657
2.68968
2.0244
3.59128
2.68503
4.18184
3.64563
2.5045
3.12252
3.17578
4.17527
3.73917
3.36449
3.03149
2.66647
3.06267
3.54637
3.10491
3.68092
3.64121
3.49654
3.33566
3.1001
3.52166
3.21007
3.78028
3.60198
3.10065
3.25681
3.06924
2.93396
2.67626
3.34306
3.091
3.08325
3.16834
3.46755
3.34342
2.91132
3.21054
3.71292
3.18609
2.92127
3.87508
2.69308
3.27905
3.32249
2.40457
3.48456
3.3742
3.41195
3.54133
2.93477
2.78344
2.95644
3.98442
2.72044
3.46416
4.1876
3.69505
4.21644
3.10442
3.93456
3.7187
3.80603
3.08489
2.81956
3.56041
2.18609
3.19228
3.24378
3.92363
3.28916
2.66818
2.93272
3.25972
3.13619
3.00155
2.90334
3.11306
3.91389
3.62055
3.42448
3.20383
3.62191
2.80394
2.95779
3.05637
3.05756
2.95267
3.34448
2.756
3.3126
2.562
2.88361
3.06783
3.12246
3.01901
3.23958
3.22134
2.93959
2.35666
2.34891
2.66579
2.92272
2.92005
2.89981
2.49035
2.64832
3.03136
3.2671
2.9717
3.05472
3.84852
3.05808
2.78182
3.76218
3.23779
3.42793
3.48015
3.0606
3.63301
3.04716
2.53506
3.09604
3.0129
3.83902
3.12543
3.12297
3.70739
