1.97703
3.06997
2.55095
2.22788
2.47024
2.85219
3.17105
2.93434
1.87046
2.92939
3.19253
3.29391
2.38376
2.82093
3.02427
2.80787
2.75424
3.03163
2.46311
2.72893
3.15512
3.20005
3.01758
3.10622
3.0214
3.86953
3.42187
2.99318
3.38447
3.19707
3.17313
3.27201
3.26704
3.52577
3.03226
2.51029
2.7718
3.04769
2.34662
3.32378
3.26244
2.41496
3.42808
3.16447
3.01724
3.05712
2.9339
2.63545
2.62994
2.7833
2.55776
2.59525
2.18273
2.95544
3.13922
3.14145
3.4476
2.31538
3.92604
3.25004
3.30006
3.67581
3.78063
3.5247
3.32392
3.34583
3.00788
2.96863
3.64103
3.44722
3.35648
2.98365
3.24431
3.1449
3.23927
3.45093
3.22285
2.97765
2.87407
3.22797
2.79121
3.00983
2.80928
2.98177
3.15886
3.0555
2.91691
2.94949
3.43279
3.51156
3.4477
3.16099
3.15954
3.45715
2.96177
2.97909
3.05297
3.30368
3.28662
3.04669
3.42623
3.26241
3.22195
2.98731
3.18872
3.49826
3.64564
3.37257
3.3733
2.53468
3.46239
3.7986
2.8047
3.20195
3.27835
2.80022
2.84868
2.90477
2.64332
3.01469
2.6654
3.72977
3.94454
3.20696
3.46639
3.0509
2.64423
3.49947
3.043
3.20149
3.76244
3.6451
3.35453
3.17538
3.09594
3.24608
3.3351
3.1416
2.95902
2.89868
3.02169
2.8358
3.29391
3.01478
2.96577
2.74073
3.08347
3.03321
3.28063
3.13248
3.07821
2.69911
3.15054
2.65793
2.57371
2.78502
2.81804
2.85169
2.99248
2.43259
2.62352
3.34554
3.29232
2.61
2.91872
2.53049
3.57851
3.41384
3.20829
2.87108
2.93901
3.45922
2.87318
2.84895
3.27273
3.55043
3.22422
3.15518
3.31915
3.53789
2.02301
3.1776
2.56806
2.3021
2.62176
2.78912
2.97024
2.97451
1.81697
2.96875
2.66747
3.36911
2.63003
2.81567
2.93375
2.93822
2.58969
3.07728
3.15053
2.85363
2.97899
2.86284
3.09185
3.11486
2.76203
3.73947
2.99771
2.9869
2.93312
3.17741
3.26623
3.87049
2.94076
3.93073
3.00876
2.53304
2.71383
3.1109
2.50733
3.21588
2.9535
2.64734
3.38803
3.08591
2.56526
2.8942
2.87658
2.48148
2.84219
2.77995
2.46781
2.68532
2.21776
3.19828
3.13585
3.44135
3.3411
2.12185
3.25198
3.18543
3.38366
3.28056
3.86339
3.2021
2.87918
2.954
3.24407
3.00477
3.45404
3.50356
3.17775
2.92115
3.08408
3.07824
3.26608
3.37341
3.23965
3.12621
3.0044
3.02609
2.85182
2.65444
2.96599
3.0659
3.18018
2.91754
3.14208
3.09081
2.93096
2.88344
3.21983
3.45675
2.49428
3.41568
2.97801
3.22561
3.40697
2.91554
3.64226
3.1268
3.12136
3.76701
3.25015
3.01238
2.84101
3.82226
3.43122
3.38855
3.30611
2.93582
3.50031
3.74741
3.68417
3.10168
3.68106
2.85139
2.70411
2.932
2.54658
3.04698
2.45212
3.90893
3.92735
2.59567
3.16746
3.21163
2.90456
3.06063
3.10711
3.12731
3.42249
3.23769
3.18626
2.84219
3.18584
3.46596
3.05878
3.00227
3.29756
3.1507
3.07208
2.68668
3.32443
2.7929
2.80298
2.96848
3.01654
2.87081
3.00788
3.03338
3.07198
2.63466
2.91774
2.70665
2.58943
2.88515
2.83803
2.90518
2.6833
2.64049
2.97386
3.38976
3.04498
3.27461
3.29339
3.00983
3.75248
3.418
3.17899
2.95038
2.87899
3.24392
3.15846
2.91424
3.21619
2.90241
3.02892
3.7455
3.20482
3.62865
