1.94135
2.7413
2.04294
2.31997
2.43027
2.68168
3.24
2.90119
1.58044
3.3296
2.53996
3.0986
2.26755
2.34985
2.7797
2.58461
2.50768
3.06243
2.73112
2.60571
2.86368
2.82446
2.92479
2.94373
3.06888
3.70632
3.36684
2.84077
3.26647
3.23465
3.4667
3.48324
3.42269
3.42185
3.25807
2.49849
2.41295
2.84349
2.53618
3.39639
3.04596
2.71266
3.78362
3.45455
2.9386
2.45341
2.75851
2.81473
2.66527
2.64789
2.58498
2.49283
1.96011
3.09718
3.576
3.33534
3.21154
2.26005
3.96005
3.32599
3.99129
3.69019
3.92934
3.11662
3.41245
3.14388
3.06564
3.26268
3.55493
3.60291
3.35247
3.13574
2.95048
3.71812
3.03512
3.61489
3.31935
3.19003
2.81571
3.10449
2.64729
2.97863
3.1583
2.96389
3.04228
2.97079
3.11334
3.22552
3.0374
3.79334
3.49976
3.29555
2.64225
3.49961
3.02294
3.02839
3.28544
3.46386
3.74563
3.27244
3.65599
3.11497
2.66191
2.66632
2.86359
3.59996
2.84102
3.29589
4.06143
3.22369
3.57645
3.92312
3.39101
2.90663
3.10378
2.75253
2.74363
2.57156
2.34247
2.9929
2.81103
3.75632
3.5175
2.83258
3.15219
2.95517
3.02172
2.7584
3.27659
3.38482
3.75511
3.5323
3.48695
3.25682
3.25808
3.01673
3.04322
2.88056
3.0829
2.98847
2.76469
2.15114
3.12591
2.8468
2.91014
2.70117
2.75503
3.03493
3.1056
3.1355
3.30883
2.54018
2.38991
3.50398
2.70699
2.4436
2.62168
2.76411
2.9363
3.17026
2.71966
3.24339
3.1766
3.71516
3.53223
2.97759
3.38671
3.26515
3.07839
2.97114
2.83033
3.44804
2.30386
3.28843
2.97069
2.93244
3.6618
2.76307
3.75186
3.49182
1.98494
2.73963
2.17146
2.21184
2.44521
2.62627
2.91848
2.95057
1.71263
2.76668
2.76871
3.31033
2.50155
2.33507
2.95841
2.42867
2.45546
2.87284
2.58054
2.62666
2.86764
2.73716
2.54086
2.86189
3.13073
3.55638
2.95242
2.85799
3.3093
3.51687
3.26032
3.40771
2.64451
3.31362
3.11051
2.47794
2.96677
3.16359
2.51898
3.38495
3.50642
2.6285
3.83523
3.48817
2.55784
2.92436
2.81295
2.49045
3.13547
2.74822
2.43518
2.42541
2.04826
3.27189
3.32381
3.46624
3.30149
1.81849
3.45713
3.7959
3.94605
3.79864
3.8043
3.31323
2.62552
3.35478
3.66738
3.09492
3.6025
3.86016
3.20715
3.13466
3.05701
3.17692
3.18127
2.9217
3.17055
2.79393
2.97215
2.99237
3.00372
2.90627
2.84766
3.25064
2.73703
2.8607
3.52933
3.32372
2.87826
3.05664
3.50023
3.52459
2.67604
3.35747
2.34192
2.82666
3.23102
2.94085
3.73506
3.09154
3.85718
3.31521
2.6032
2.83102
3.21935
3.98323
3.39908
3.31357
4.04127
3.95622
3.48651
4.43831
3.29436
2.71105
2.82969
2.58968
2.74906
2.78819
2.41983
2.84668
3.06626
3.38756
3.79095
2.54881
3.37126
2.87612
2.96671
3.12463
3.24094
2.91534
3.92941
3.39312
3.41277
3.41301
3.72212
3.08331
3.03601
2.91661
3.03259
2.99198
2.84452
2.36057
2.82848
2.65278
2.61622
2.62233
2.89128
2.82488
3.35237
3.16387
3.08893
2.42987
2.37701
3.73875
2.3236
3.02202
2.69231
2.62445
3.27716
3.30048
2.96968
3.59994
3.33327
3.53174
2.92861
3.48094
3.37987
2.87444
3.1333
3.21571
2.50813
3.26989
2.30685
2.96681
2.84175
2.87041
3.46767
3.16835
4.29513
4.03354
