1.97265
2.42756
2.53927
2.20809
2.32906
2.8388
3.26519
3.08554
1.6138
3.2427
2.84226
3.31507
2.44994
2.7911
2.60989
2.424
2.44963
3.21977
2.54422
2.58208
3.24193
2.63458
2.58751
3.25783
3.35592
3.88873
3.39134
3.58664
2.97461
3.34419
3.32911
3.47455
3.49752
3.77067
3.16389
2.45508
2.93678
3.24676
2.70704
3.44288
3.02798
2.86145
3.63973
4.00286
2.73726
2.85565
3.19604
2.61889
2.88726
2.76138
2.51354
2.60329
2.33078
2.96537
3.18587
3.2929
3.29412
2.73366
3.70886
3.22938
3.5733
3.71171
4.19294
2.99735
3.20472
3.28305
2.89155
3.35644
3.87985
3.48605
3.25529
3.44868
3.22821
3.01357
2.98958
3.29417
3.31323
3.22472
3.25784
3.29742
3.01519
3.10729
2.98486
3.06026
3.39882
2.97439
3.37207
3.69885
2.73543
4.0584
3.79391
3.45281
2.99779
3.78255
2.79073
3.16896
3.06099
3.30264
3.45685
3.4482
3.63186
2.95041
2.27928
2.96504
3.09873
4.25367
3.34428
3.57784
3.69597
3.20136
3.58176
4.00921
3.41664
3.04459
2.98653
2.97335
3.01709
3.44658
2.45275
2.98841
3.66347
3.55187
4.08944
3.22006
3.84815
3.72074
3.14653
3.35185
3.42393
3.84
3.91882
3.96463
3.66383
3.37869
3.35522
3.46168
3.64878
2.63147
3.56257
3.04273
3.20792
2.47673
3.01651
3.30607
2.83859
2.96921
3.48083
3.11741
3.06942
3.35674
3.47206
2.22523
2.97378
3.03428
2.71874
3.11663
3.03704
2.7231
2.65169
2.71175
2.8653
2.88827
3.71932
3.46867
2.94683
3.07678
3.80666
3.27544
3.06785
2.91121
3.10695
3.55853
2.92181
2.86134
3.72039
3.11112
4.34643
3.2007
3.20175
4.01748
1.86452
2.48644
2.58131
2.15678
2.45587
2.61941
2.8971
3.20592
1.75316
3.05182
3.20576
3.52525
2.44844
2.51622
2.73878
2.23369
2.86806
3.25757
2.67337
2.58929
2.46467
3.32172
2.68062
3.29739
3.34029
3.45777
3.13632
3.83682
2.79867
3.26461
3.25933
3.65126
3.30241
3.64447
3.21422
2.56437
2.53889
3.13421
2.73752
3.07884
2.99748
2.76106
3.70778
3.58798
2.75327
3.29352
3.03703
2.87572
2.68122
2.73122
2.56843
2.49551
2.17078
3.05525
3.53495
3.3489
3.45925
2.85856
3.42822
3.32096
3.6266
3.39806
4.07197
2.98391
3.08053
3.60967
3.47167
3.05864
3.90096
3.62405
3.17803
3.19054
3.21614
3.42188
3.14383
3.32232
3.11593
3.07019
3.39568
3.29634
2.99046
2.85421
3.10484
3.02186
2.88675
2.88393
3.06575
3.36057
2.8129
3.43199
3.57066
3.52358
3.03757
3.37692
2.92785
3.17057
3.27924
3.68812
3.01223
3.43508
3.78394
3.27665
2.48617
3.01909
3.60319
4.38817
3.28105
3.57224
3.70616
4.13874
3.55161
3.66481
3.09415
3.11151
3.04906
3.09601
2.89011
3.48129
2.64166
3.28131
2.94696
3.39977
4.36486
3.17147
3.74416
3.40938
3.08668
3.34531
3.09108
3.08803
3.92611
3.65759
3.26216
3.48138
3.48164
2.90572
3.06707
3.36383
2.87062
3.07727
2.80183
2.59861
3.20732
3.01241
2.97708
2.91148
3.12099
3.4216
3.38824
3.18671
3.25801
2.41759
3.22753
3.00658
2.71409
3.02396
2.91401
2.86194
2.66851
2.74965
2.82937
3.85899
3.41242
3.32127
2.84056
3.0517
3.42337
3.1724
3.41842
2.86441
3.13812
3.87401
2.96235
3.06671
3.60672
3.01809
2.88204
3.40005
3.9031
3.30095
