1.97722
2.5821
2.33542
2.2385
2.40694
2.61867
2.66809
3.03316
1.7858
3.05951
3.23691
3.57283
2.72254
2.46123
2.917
2.10662
2.54001
3.3174
2.58175
2.81288
3.68224
3.02921
2.33196
3.27131
3.49562
3.95892
2.92607
3.07118
3.57534
3.80916
3.42476
3.4614
3.44304
3.97427
3.67959
2.51256
2.50558
3.21187
2.7005
3.17875
3.34067
2.89979
3.29625
3.28571
2.95996
3.40476
2.92333
2.41233
2.92282
2.96989
2.84097
2.53552
2.00896
3.41828
3.27283
3.47704
3.84485
2.80043
3.55116
3.18034
4.01227
3.68464
3.9117
3.48152
3.58216
3.24152
3.23424
3.26931
3.56308
3.68538
3.24345
3.68632
3.12518
3.12723
3.90024
3.91036
3.55345
3.12805
2.85955
3.46339
2.91671
2.9307
3.00793
3.0251
2.90328
2.80376
3.20379
3.09514
2.85577
3.93113
3.84123
3.67205
3.4123
3.74461
2.95178
3.2341
3.01533
3.67604
3.47692
3.68958
3.47361
3.43032
3.1123
2.74286
3.04101
3.87929
3.12504
3.33352
3.95268
3.67736
3.43127
3.85218
2.82323
2.819
3.18945
3.42245
2.70858
3.41885
2.26925
2.96144
2.14968
4.33909
3.77436
2.71392
3.572
3.56471
3.02494
3.31394
3.24619
3.67795
4.09502
3.91863
3.5142
3.69333
3.3672
3.2249
3.86978
2.83309
3.24648
2.69765
2.67742
2.64125
3.11343
2.91184
2.86114
2.85138
3.4843
3.23558
3.09804
3.23533
3.49606
2.85403
2.59052
2.84317
2.91358
2.77809
3.01835
2.84334
2.48536
3.18582
3.67405
3.99644
3.26702
2.91206
3.98362
3.54561
3.35692
3.53229
3.50358
2.65923
3.42714
3.7745
3.22118
2.81904
3.69151
3.5363
4.21915
2.90095
3.58425
3.69492
1.8429
2.92937
2.57719
2.1676
2.6624
2.70657
2.8746
3.0665
1.7695
3.19886
2.29865
2.75979
2.30465
2.1847
2.57032
2.53142
2.69206
3.48266
2.50322
2.48033
3.32989
3.61289
2.66749
3.1526
3.13063
4.10323
3.29935
3.33151
3.23923
3.31195
2.99475
3.7738
3.86522
3.91139
3.75408
2.44766
2.84512
3.1943
2.37845
3.35378
3.31608
2.70234
3.47086
3.4448
2.78053
2.93228
2.51059
2.50713
2.78649
2.49254
2.73396
2.46877
2.03741
3.44011
3.31384
3.45357
3.72436
2.32465
3.58356
3.72489
3.69101
3.24208
4.07667
3.45087
3.66379
3.3439
3.29745
3.0032
3.61493
3.45846
3.41751
3.36222
3.06838
3.01371
3.21005
3.37093
3.53308
3.11338
2.7979
3.27596
2.57514
2.69516
3.26464
3.3041
2.84609
2.97086
3.17704
3.33477
2.83399
3.52821
3.75593
3.75327
2.85879
3.19953
2.62435
3.02689
3.26426
3.41394
3.32151
3.61348
3.95448
3.49102
3.21648
3.1718
3.35195
4.04251
2.88915
3.44701
3.86204
3.73839
3.44418
4.02076
3.60111
3.23204
3.83337
2.99311
3.11952
3.96775
2.07949
2.5549
2.41086
4.27597
3.89128
2.58427
3.32512
3.66545
3.17411
3.7876
3.21078
3.57515
3.98068
3.58969
3.48202
3.3823
3.22913
3.43062
3.66805
3.04417
2.8932
2.81946
2.43042
3.07355
3.03386
3.17788
2.81543
2.48639
3.0697
3.40804
3.11867
3.03697
3.02736
2.8578
2.90746
2.77305
3.15865
3.23231
3.11347
2.68912
2.46854
3.18259
3.32912
3.33739
3.35615
2.85197
3.93947
3.59038
3.67308
3.23076
3.60466
2.75383
2.42731
4.13186
2.71772
2.6334
3.37359
3.36353
3.75772
3.21557
3.52249
4.02568
