1.78931
2.70926
2.36053
2.1333
2.32368
2.67004
3.62761
2.87431
1.55539
2.91065
2.82163
3.20167
1.95293
2.0651
2.75033
2.24201
2.50616
3.48725
2.4757
3.13016
2.70353
2.51724
2.9991
3.26846
3.38438
3.36135
2.96467
3.35108
2.79384
3.08434
3.5152
3.48704
3.43319
4.09034
3.4843
2.37301
2.62786
2.81081
2.07903
3.00814
2.91574
2.20834
3.42556
3.24031
2.80027
2.96334
2.53678
2.36723
2.47424
2.73934
2.29837
2.41914
2.03219
2.53345
2.989
3.42927
3.4347
1.84606
3.52078
3.29232
3.40398
3.31545
3.61887
2.80683
2.92976
2.88385
3.11887
3.21337
3.42978
3.58358
3.279
3.52139
2.96513
3.26058
3.18227
3.49399
3.30023
3.11122
3.26097
3.17408
2.66204
2.78195
3.21376
2.9284
3.0735
2.9915
3.42893
3.40977
3.00069
3.27387
3.83597
3.01826
2.99113
3.34387
2.94374
3.03331
2.74855
3.63494
3.30305
3.48808
3.69949
3.23424
2.97157
2.98595
3.47555
3.31976
3.20591
3.55806
3.77713
1.94271
3.95946
3.96158
3.27616
3.01913
2.98775
2.85586
2.81582
3.31247
2.37867
3.43183
2.61641
3.58355
3.44064
3.43015
3.33487
3.25922
3.08837
3.13602
3.2501
3.65766
3.87769
3.98847
3.13177
3.50508
3.2093
3.33325
3.69047
3.18084
3.22867
3.19861
2.86793
2.80807
3.17671
2.60145
2.86492
2.72641
3.05462
3.37512
2.91092
3.37631
3.3431
2.27903
3.1781
2.97819
2.85139
3.16658
2.82942
2.54628
2.84633
3.02725
2.96576
3.79496
3.31261
3.81077
2.92369
3.21024
3.66818
3.40384
3.1631
3.08402
3.23269
3.83094
3.03181
2.97378
3.58709
3.43377
3.97273
3.03589
3.09454
3.3733
1.8222
2.50669
2.34452
2.17079
2.46171
2.6359
3.40611
3.11123
1.5927
3.23897
3.11568
3.08513
2.0777
2.16292
2.69575
2.31274
2.48249
3.48088
2.70721
3.10464
2.89281
2.88146
2.95131
3.16505
2.82973
3.4081
3.06767
3.64931
2.9798
2.91083
3.39163
3.24434
3.77075
3.79065
3.26275
2.65878
2.62202
2.97096
2.43729
3.43964
3.59181
2.4214
3.63984
3.07917
2.69571
3.1927
2.79306
2.18449
2.21458
2.66185
2.21285
2.38869
1.99829
3.1856
3.35281
3.2338
3.57815
2.10359
3.13524
3.19308
3.05301
3.5547
3.58589
3.27267
2.98236
2.87732
3.01218
3.15595
3.81007
3.60206
2.86646
3.49348
3.07198
3.47901
2.99778
2.91578
3.32935
3.16927
3.13648
3.2258
2.81503
3.08531
2.73335
2.99198
2.69461
2.93905
2.88207
3.60611
2.67807
2.81331
3.58458
3.20813
2.82012
3.2317
2.76433
3.13547
2.91582
3.05815
3.22635
3.03019
3.44971
3.14466
2.99728
3.18821
3.12938
3.93628
3.0588
3.44962
4.0197
2.39317
3.66195
3.8824
3.48676
2.88989
3.42602
2.78672
2.71107
3.64176
2.41058
3.0794
2.62053
3.79318
4.01351
2.98667
3.42952
3.61819
3.36635
3.41793
3.25519
3.50535
3.98818
3.73632
3.61941
3.18292
3.5757
3.34293
3.16434
3.18496
3.46654
3.23227
2.72723
2.90288
3.38337
3.08207
2.59949
2.80202
3.14545
3.01282
3.11934
3.28713
3.25336
2.7059
2.90778
2.74705
3.14446
2.6751
2.73327
2.93187
2.97337
2.94164
2.99544
3.91074
3.53519
3.08156
2.75628
3.11937
4.04959
3.59293
3.2379
3.02551
2.97232
3.69353
3.11731
2.93428
3.52029
3.37364
3.23896
3.03903
3.54361
3.88722
