1.80284
3.14305
2.39965
2.25722
2.30979
2.72641
2.65166
2.98416
1.85071
2.86364
2.98109
3.18298
2.44617
2.73475
2.82161
2.73498
2.69335
3.21923
2.8281
2.48037
2.3115
3.00869
2.96522
3.11696
3.47782
3.10241
3.48612
3.007
3.65185
3.49426
3.37134
3.59485
3.68804
4.06416
3.11941
2.69303
2.87263
3.45761
2.67642
3.0487
3.25535
2.84766
3.64348
3.39749
3.05418
3.17533
2.84331
2.7274
2.68913
2.85413
2.6533
2.67073
2.06767
3.52574
3.36326
3.43115
3.61928
2.29507
3.58467
3.63121
3.23029
3.75622
3.5181
3.08641
3.15306
2.92326
3.52659
3.27674
3.5095
3.55951
3.32449
3.33457
3.1998
3.55806
3.36711
3.4831
3.39062
3.44545
3.11119
3.11821
3.03595
2.86599
3.01883
3.14445
2.95856
3.17015
2.96006
3.66817
3.32839
3.69457
3.74376
3.54996
2.49235
3.4726
2.8116
3.00246
3.48601
3.38772
3.63728
3.21716
2.82663
3.60102
2.79939
3.02064
3.24056
4.22903
3.36612
3.35462
3.82591
2.99729
3.54722
3.51635
3.84003
3.3014
3.09372
3.12216
2.90588
3.44671
2.40628
3.18573
3.12221
3.31597
4.21728
2.95133
3.76378
3.45736
2.79293
3.40388
3.54902
3.83934
3.4563
3.8241
3.74092
3.53481
3.18508
3.34984
3.65779
3.45983
3.3605
3.18101
3.19817
3.07877
3.04164
2.95656
3.13956
3.18942
3.57451
3.48101
2.89204
3.21788
3.42902
2.6796
3.25725
2.99684
2.4953
3.07841
3.08002
2.80368
2.90997
2.93189
3.21815
3.49892
3.46778
3.50899
3.07307
3.36165
3.56985
3.66956
3.15724
2.92018
2.9713
3.55616
2.94953
2.73779
3.61109
3.20919
4.05786
3.49305
3.49014
3.56365
1.82041
2.87559
2.54135
2.19389
2.54911
2.72573
3.56402
3.11861
2.03613
2.90494
2.75279
3.15512
2.37784
2.44129
3.0869
2.58797
2.76615
3.27285
2.72413
2.34608
2.73505
3.15159
2.83047
3.16557
3.32977
3.52403
2.9843
3.79836
2.72532
2.98996
3.43709
3.65202
3.679
3.83635
3.27711
2.78944
2.72683
3.16167
2.58241
3.52996
3.2722
2.78474
3.81225
3.2847
3.0818
3.16027
2.85102
2.74783
2.71269
2.58855
2.84486
2.7037
2.24759
3.27504
3.2017
3.48835
3.58743
2.21643
3.5874
3.76376
3.36666
3.44028
3.68615
3.13198
2.96993
3.42896
3.50343
3.16005
3.64976
3.73439
3.30377
3.14005
3.34362
3.80774
3.30703
3.51618
3.5967
3.19396
3.24994
3.20623
3.13626
3.21897
3.18451
3.29386
3.03679
2.94446
3.16218
3.42305
3.01128
3.47327
3.47785
3.46357
2.3205
3.03279
2.73895
3.03148
3.19763
3.26113
3.5049
3.88836
4.09398
3.4669
2.9254
3.08027
3.50226
4.10456
3.53573
3.75253
4.0424
4.04353
3.52254
3.39475
3.88832
3.44614
3.27493
3.17904
3.17512
3.24687
2.71065
2.24786
2.73037
3.41103
3.86893
2.71946
3.5885
4.11209
3.20699
3.44292
3.34467
3.39877
3.59934
4.02721
3.48667
3.20596
3.00323
3.06319
3.21696
3.16309
3.11067
3.18218
3.11457
3.15329
3.20707
3.26664
2.84073
2.97474
3.85972
3.59353
3.13121
3.15678
3.46166
2.67787
2.92745
2.71141
3.39873
3.00884
3.23672
2.96035
2.70628
2.81195
3.03532
3.62607
3.61918
2.64912
2.60802
2.49538
3.46083
3.37058
3.48669
3.03408
2.83709
3.5081
3.03496
2.76423
3.4264
3.36209
3.79747
3.156
3.92321
4.13777
