1.91714
2.8221
2.49196
2.28279
2.4724
2.62517
2.95603
2.89209
1.78939
2.97198
3.0506
3.54032
2.49187
2.98388
2.81085
2.46217
2.67796
2.93844
2.35773
2.71767
2.96184
2.62825
3.09576
3.2226
3.46537
3.80965
3.30283
3.00149
3.06969
3.26709
3.35135
3.61189
3.53668
3.54598
3.0704
2.65025
2.90494
3.09772
2.87406
3.41369
3.62277
2.57402
3.65855
3.12385
2.96638
2.58506
2.89518
2.30982
2.30094
2.70924
2.6726
2.55451
2.068
3.09058
2.97245
3.41615
3.41166
2.70278
3.94021
3.29121
3.64943
3.61733
3.83511
3.03442
3.30431
3.1973
3.10852
3.03812
3.40152
3.45337
3.01204
3.13629
2.90805
3.02075
2.9968
3.24511
3.14593
2.95222
3.46571
3.14477
2.79031
3.17062
2.83029
2.96346
2.81397
2.98449
3.06465
3.42905
3.35384
3.0547
3.6066
3.7554
2.91145
3.50829
2.91154
2.92859
3.18542
3.22424
3.38163
3.70283
4.08925
3.1118
2.45584
2.65447
3.17043
4.19966
3.36815
3.32748
3.71632
2.20841
3.50954
4.48099
3.33565
2.90643
3.42843
3.1269
2.89079
2.79292
2.39056
3.27479
3.1034
3.68822
3.47226
2.76286
3.46131
3.95548
2.9811
2.98858
3.24497
3.37262
3.88127
3.42816
3.42008
3.12455
3.1579
3.02728
3.06714
2.81397
3.22169
3.05042
2.78095
2.70382
3.23092
2.75308
2.84255
2.75727
2.94288
3.10267
3.01785
3.26113
3.1641
2.73556
3.32899
3.17491
2.87087
3.24926
2.87192
2.71202
3.08265
2.92334
3.0503
3.20927
3.72568
3.1761
3.1705
2.2307
3.6994
3.45098
3.15387
3.18355
3.1305
3.42397
2.9091
2.84578
3.60671
3.12849
3.14893
2.87251
3.59721
3.48851
1.87743
2.80305
2.254
2.32895
2.48231
2.58481
3.11654
2.91224
1.91404
3.04724
2.66248
3.31307
2.66503
2.40909
2.61326
2.39592
2.46406
3.37299
2.65264
2.43589
3.23585
2.70723
3.16323
3.33112
2.83328
3.64345
2.94246
3.23021
3.3521
3.11806
3.29462
3.68284
3.46447
3.93698
3.18296
2.6244
2.80149
2.66983
2.44176
3.25006
3.33123
2.73358
3.89175
3.18509
2.8544
2.4809
2.75522
2.82604
2.52236
2.60442
2.64075
2.65285
2.25273
3.11491
3.27521
3.5657
3.67514
2.33968
3.613
3.38763
3.69543
3.49031
4.37631
3.09178
2.83267
2.76063
3.21473
3.06635
3.87561
3.53659
2.87316
3.56243
3.05218
3.08778
3.00262
3.10739
3.33847
3.11289
3.21333
2.93579
2.90969
2.9407
2.81567
3.05895
2.92954
2.89649
2.88602
3.62824
3.17828
3.49045
3.74335
3.40833
2.54261
3.31111
3.10619
2.93302
2.94342
3.02006
2.68723
3.12321
3.89128
2.73071
2.82865
3.19315
3.23715
3.46682
3.39041
3.31609
3.68362
2.22136
3.77131
3.93084
3.17224
2.84308
3.43908
2.92493
2.51952
3.00932
2.32693
2.84294
2.7176
3.47298
4.13515
2.96937
3.30544
3.42867
3.01706
3.19272
3.01196
3.37091
3.75731
3.66597
2.85798
2.9939
3.35345
3.25633
3.13022
3.20805
2.94734
2.89384
3.18433
2.81561
3.25955
2.94501
2.94436
2.72493
3.20448
3.29907
3.31929
2.89857
3.43217
2.58389
2.86775
2.74869
2.89555
3.24269
3.01924
2.77771
2.91477
3.43426
3.13858
3.36331
3.26255
3.86775
3.36421
2.5613
3.66744
3.13324
3.18482
3.13874
2.93219
3.49089
3.15566
2.8936
3.11854
3.0647
3.36338
3.29715
3.62706
3.95981
