1.85209
2.92287
2.29574
2.15172
2.35296
2.46093
2.6253
2.84468
1.5552
3.04076
2.63543
3.12704
2.08222
2.30419
2.67343
2.16557
2.17787
3.12953
2.87294
2.54252
2.8155
3.29739
2.56215
2.83337
3.15827
3.68366
2.96652
2.79983
3.23218
3.16018
3.57996
3.46392
3.49965
4.0446
3.19952
2.86364
2.52872
2.98149
2.63559
2.9928
2.97802
2.3754
3.59066
3.04644
2.87121
2.23726
2.56414
2.22092
2.26348
2.52876
2.24549
2.2667
1.99338
2.95485
2.842
2.93527
3.67351
2.1584
3.56616
2.93376
3.35114
3.35825
3.35768
2.91342
3.09791
2.70266
3.02811
2.95776
3.23234
3.17902
2.54971
2.76554
2.97414
2.96859
2.83363
2.6567
2.65159
2.87171
2.81218
3.18101
2.45536
2.70686
2.5739
2.65567
2.52324
2.59354
2.26561
3.36557
2.33417
3.09556
3.01341
2.95547
2.38168
3.66462
2.27555
3.02988
3.02822
3.25441
3.12911
3.04918
2.93389
2.8411
2.12315
2.39723
2.71948
3.9501
3.54354
3.25726
4.00867
3.21583
3.56636
4.10805
3.47846
2.94692
3.11087
2.84427
2.70386
3.33585
2.32824
3.3711
2.74169
3.38788
3.65578
2.77403
3.13032
3.62777
2.91013
2.79043
2.92811
3.19577
3.53742
3.54291
3.17628
3.09117
3.13255
3.32557
3.33575
3.10012
2.8801
2.84168
2.52952
2.48363
2.79847
2.75031
2.62507
2.88895
2.8435
2.98791
2.78529
2.94307
2.99573
2.30238
2.91617
2.7383
2.44316
2.57666
3.2743
2.64236
3.1034
2.81133
2.80973
2.90373
3.35836
3.57717
3.79153
3.28527
3.06741
3.24077
2.59924
2.53369
2.58109
4.0341
2.61083
2.7767
3.43876
2.96669
3.35936
2.77752
3.18356
3.37249
1.66656
2.85157
2.10206
2.09224
2.37026
2.65011
3.02783
3.10747
1.62649
3.2057
2.66304
3.10289
2.33579
2.53194
2.89564
2.72498
2.48929
3.15021
2.54399
2.40694
2.96168
3.01194
2.94281
2.58167
2.85066
3.55945
2.75309
2.79501
2.9081
2.93811
3.44279
3.4575
3.39197
4.06323
3.14961
2.06521
2.58753
2.97157
2.44753
3.15028
3.04977
2.57458
3.22663
3.32459
2.5532
2.61053
2.61253
2.43168
2.40545
2.88759
2.41713
2.51278
2.24162
3.19628
3.31186
3.34058
3.12301
2.23448
2.97864
3.11648
3.16951
3.29448
3.20614
3.28968
2.31646
2.77092
3.26458
3.14198
3.20463
3.39723
3.24178
2.8346
3.09405
2.85282
3.02048
2.92429
3.00125
2.94456
3.06839
3.39548
2.66153
2.7888
2.73734
2.75495
2.76273
2.70722
2.52134
3.00996
2.75823
3.03133
2.91187
3.36715
2.70192
2.79738
2.77952
3.04351
3.06287
3.57298
3.16474
2.87552
3.18621
3.10851
2.46331
2.73209
2.76579
4.37203
3.50521
3.09567
3.73447
4.06342
3.41336
4.24412
3.04815
3.03491
3.19773
3.11152
2.66653
3.2841
2.65822
3.10977
2.78948
3.49027
3.76493
2.84187
3.42248
4.13094
3.40167
3.33441
2.81897
3.14232
3.47631
3.2171
3.36324
3.30637
3.03802
3.41517
2.72238
2.96751
2.80862
2.96645
2.96909
2.29423
2.77452
2.79424
2.70346
2.42351
3.3871
3.2457
3.05958
2.93818
2.90802
2.54848
2.77412
3.10824
3.55073
2.91766
2.62957
2.54641
2.62622
3.35469
2.72066
3.5642
3.19125
3.85337
3.13076
3.55245
3.61176
3.36243
2.92639
2.49611
2.63194
3.3047
2.57007
2.70532
3.3019
2.84428
3.15359
2.85399
3.30585
3.0999
