1.77866
2.55653
2.50569
2.3651
2.57383
2.86349
3.58265
2.80928
1.6961
3.46584
3.01761
2.99231
2.24374
2.22189
3.14749
2.44768
2.34905
3.43876
2.6171
2.54677
3.00921
3.61647
2.41978
3.11243
3.60991
3.92816
3.02506
3.26841
3.53263
3.30432
3.59368
4.20709
3.60015
3.9908
3.40291
2.34874
2.92087
3.30007
2.65175
3.26309
3.69305
2.87721
3.45557
3.70601
2.96401
2.97351
2.91417
2.81433
2.90365
3.02649
2.50138
2.58196
2.31194
3.13718
2.98134
3.13684
3.64253
2.2938
3.18343
3.46951
3.43674
3.69226
3.79364
3.23237
3.2088
3.19748
3.2336
3.31145
3.40136
3.83379
3.24115
3.68903
3.2955
2.93712
3.59808
3.34943
3.44463
3.35241
3.04209
3.4509
2.54412
2.94795
3.23621
3.22144
3.10448
3.14742
3.07109
3.88521
2.75412
3.49449
3.75075
3.38585
2.77132
3.02979
2.86584
3.16923
3.66046
3.22337
3.51868
3.64095
3.62593
3.28688
2.69075
2.93808
2.95906
4.53375
3.30129
3.37241
3.64055
3.17537
3.40086
3.5519
3.82876
3.2333
3.44819
2.74437
2.64808
3.24287
2.2465
3.18368
2.76741
3.70623
3.8378
2.78206
3.33098
2.57776
2.99178
3.48156
2.98449
3.28834
3.66341
3.87763
3.65516
3.49513
3.31036
3.50512
3.41421
3.0358
3.28453
3.26227
3.25093
2.70249
3.25469
2.74986
3.21654
2.8384
3.23605
3.35592
3.12047
3.22897
3.21737
2.42343
2.531
3.33178
2.56849
2.88765
2.98347
2.6831
2.6592
2.90115
2.91386
3.13201
3.13528
3.3554
3.43828
3.20588
3.59194
3.29182
3.01994
3.08113
3.31766
4.03211
2.90625
2.58905
3.43438
3.29755
3.26207
3.00235
3.4338
3.5484
1.91178
2.67508
2.86108
2.21653
2.61956
2.84923
3.23778
2.64525
1.82375
3.39614
2.80688
3.70626
2.48947
2.3359
3.03217
2.21113
2.98395
3.12897
2.82532
2.63742
3.1238
2.97873
2.48463
2.81407
3.56236
4.12144
3.35279
3.25126
3.01037
3.23649
3.44947
4.03544
3.7511
3.97999
3.35121
2.74258
2.81052
3.34623
2.43896
3.14214
3.20696
3.11509
3.79133
3.19367
3.34412
3.55621
2.87252
2.72513
2.77518
2.59467
2.56992
2.59938
2.25086
1.90165
2.99213
3.08853
3.57436
2.52618
3.57671
3.05782
3.62024
3.5344
4.28632
3.16835
3.13017
3.11531
3.3129
3.54881
3.8727
3.65896
3.64903
3.42402
3.40602
3.17081
3.26395
3.22997
3.49996
3.48391
3.38879
3.15921
2.99664
3.05293
3.54733
3.25097
3.50483
3.05543
3.29765
3.34703
3.04106
2.86114
3.74793
3.47158
2.58971
3.69247
2.72188
2.88429
3.90605
3.02585
3.24517
3.56348
3.87489
3.36048
2.92026
3.21171
3.11134
4.72463
3.43212
3.4132
4.00919
3.69914
3.70753
4.89773
4.23498
3.18791
3.55161
2.94352
2.87628
3.08459
1.90295
2.99258
3.25814
3.56357
4.17491
2.92197
3.34742
2.83617
2.93525
3.36899
3.13497
3.55602
3.76138
3.9463
3.40362
3.13609
3.41876
3.53319
3.14038
3.0925
3.25031
2.76397
2.71892
3.07597
2.98196
2.86975
2.72546
2.73632
2.72871
3.3481
3.11486
3.09652
3.57285
2.83401
2.56929
2.99347
2.22042
2.87211
2.78081
3.13365
2.57768
3.02991
3.30468
3.63135
3.34813
3.20846
2.97704
3.31093
3.81926
3.68464
3.0413
2.91181
2.92766
3.47476
2.87272
2.6571
3.14733
3.25632
3.58902
3.09157
3.4775
3.57224
