1.96028
3.08532
2.58249
2.381
2.56774
2.65204
2.90907
3.18245
1.87215
3.33094
3.37997
3.04153
2.54284
2.87973
3.03251
2.69826
2.92111
3.3317
3.01079
2.88376
3.22945
2.67118
2.8317
3.39461
3.66354
3.75183
3.27057
3.42663
3.52543
3.56144
3.59284
3.8345
3.46936
3.80095
3.13494
2.59157
2.71916
3.21155
3.25318
3.19777
3.35172
2.84945
3.83444
3.55764
3.0512
3.30615
3.07333
2.43646
2.98933
2.99895
2.86485
2.93235
2.22524
3.30073
3.33737
3.30115
3.39748
2.35478
3.56789
3.2532
3.44842
3.50079
4.09016
3.67153
2.59459
3.44015
3.45199
3.44955
3.64486
4.08679
3.90486
3.32391
3.25373
3.59657
3.37973
3.60291
3.42958
3.1275
3.48034
3.31081
2.96171
3.20739
3.11945
3.31936
3.11056
3.22213
3.32073
3.03838
3.01284
3.49663
3.25578
2.98231
2.97383
3.49144
2.76612
3.2491
3.11903
3.63393
3.55217
3.63701
4.01773
3.35645
2.87582
3.08406
3.40561
4.276
3.34906
3.65993
4.37129
2.86679
3.96536
4.17268
3.60095
3.25348
3.50473
3.14693
3.09289
3.27552
2.41049
3.08798
2.37202
3.79185
4.0319
3.49937
3.66922
3.22974
2.6753
3.41746
3.27931
3.32411
3.71781
3.96116
3.56197
3.44016
3.17194
3.10632
3.70346
3.0929
3.13011
3.30282
3.15789
3.02035
3.75619
2.95464
2.902
2.96754
3.72286
3.4586
3.15742
3.50821
3.42551
2.85648
3.89492
2.97419
2.50375
3.43131
3.15959
3.21886
3.47026
2.90132
3.10606
3.54655
3.36699
3.18272
3.45272
2.68972
3.97436
3.7229
3.3869
3.28827
2.93545
3.66821
3.09323
3.22185
3.797
3.37838
3.77964
3.07163
3.57356
3.48495
2.01401
2.72776
2.7607
2.27798
2.39818
2.58907
3.15824
3.14406
1.90849
3.40645
2.77006
3.49286
2.43416
2.77903
2.77428
2.72406
2.57765
3.27555
2.69951
2.48077
2.76693
2.99866
2.85715
2.99296
3.4161
3.95816
3.01154
3.47042
3.0599
3.29497
3.55428
3.84384
3.49319
4.01999
3.38687
2.70158
2.70987
3.02947
2.94012
3.27987
3.25262
2.97284
3.29632
3.44285
2.62127
2.94893
2.72862
2.96384
2.76073
3.05979
2.86379
2.72537
2.19858
3.53907
3.26243
3.22525
3.48506
3.03988
2.99635
3.33582
3.25567
3.50794
3.83062
3.62464
3.03599
3.33068
3.33282
3.24278
3.74552
3.6878
3.40829
3.36971
3.25201
3.08635
3.37653
3.32213
3.72275
3.12715
3.04944
2.99812
3.12895
3.04485
3.09686
3.35371
3.11993
3.15337
3.10654
3.58208
3.22389
3.8046
3.69634
3.3504
2.79209
3.72432
2.97534
3.306
3.2486
4.11786
3.21304
3.67652
3.55461
3.45304
2.84462
2.95058
2.87124
4.40371
2.99861
3.61655
4.18149
3.24885
3.94001
3.91293
3.43617
3.27363
3.20776
2.95025
3.01594
3.53038
2.21497
3.02857
2.65534
3.5782
3.74409
3.1938
3.4914
3.42954
3.15398
3.1522
3.23575
3.41456
3.85702
3.92995
3.48948
3.42313
3.39987
3.49438
3.31932
3.07342
3.07634
3.0446
2.78245
2.72184
3.39292
3.0714
3.39115
2.9793
3.45642
3.46099
3.33351
3.13516
3.43026
2.85933
3.17534
3.33847
2.80981
3.26282
2.97377
2.84799
2.63624
3.0505
2.89654
3.493
3.81326
3.39889
3.00879
2.97318
3.21636
3.52318
3.30839
3.04287
2.85719
4.13831
2.80258
3.22649
3.61652
3.13779
4.02221
2.80566
3.55302
3.08417
