1.92993
2.57757
2.43154
2.17515
2.34287
2.54334
3.16483
2.86431
1.71438
2.93839
2.85895
3.37312
2.45926
2.09651
2.73799
2.56359
2.56987
3.46485
2.40668
2.77342
2.66075
2.86623
2.84893
2.94273
3.21508
3.84114
2.88368
3.19753
2.75298
3.09537
3.24353
3.48858
3.0634
3.29745
2.94372
2.46953
2.59695
2.9146
2.48531
2.97122
3.23613
2.37377
3.54008
3.40348
2.77088
2.59149
2.94039
2.45343
2.91848
2.34113
2.6165
2.43988
2.00819
3.25404
2.99339
3.08773
3.19139
1.62398
3.89164
3.31974
3.17095
3.63904
3.63889
2.93842
2.81915
3.01704
2.9472
3.04177
3.50741
3.54977
3.16819
3.05415
2.91641
2.91423
3.46433
3.57731
3.10391
3.09218
2.6929
2.98727
2.61088
2.92286
2.9512
2.68597
2.76303
2.61743
3.02674
3.35383
2.74014
3.15986
3.5403
3.42174
2.8359
3.5386
2.37903
3.05669
3.10837
3.0406
2.86197
3.12689
2.59992
2.82902
2.47792
2.79983
2.85151
2.78726
3.29687
3.13974
3.21866
2.5714
3.11813
3.08495
3.25676
3.13557
3.30585
3.06317
2.58192
3.28855
2.15707
3.20529
2.68421
3.15073
3.98173
2.84238
3.29567
3.32605
2.82176
3.48685
3.27533
3.27414
3.88814
3.6414
3.11161
3.11281
3.13917
3.31715
3.08994
3.18901
2.74615
2.79192
2.76734
2.74142
2.90017
2.70743
2.60883
2.7118
3.35964
2.97925
2.7482
2.83391
3.22094
2.6796
3.16422
2.75889
2.67997
2.66189
2.79923
2.87704
2.63318
3.05576
2.86248
2.68029
3.01616
3.00805
2.81941
2.9236
3.14073
2.91323
3.13926
2.62542
3.03862
3.33753
2.95269
2.8946
3.31644
3.53495
3.56398
2.9144
3.38972
3.35712
1.93906
2.23582
2.20073
2.12037
2.32111
2.2667
2.83952
2.78793
1.90616
3.07125
2.92878
3.48731
2.28999
2.23443
2.62329
2.41021
2.26356
2.99468
2.39462
2.41393
2.50897
2.7272
2.70561
2.88277
3.11168
3.85497
2.86508
3.39238
2.72149
3.18985
3.26339
3.39564
3.44051
3.76736
2.89805
2.36803
2.77308
2.87299
2.43689
3.07643
2.98621
2.77334
3.33847
3.17387
2.57488
2.6432
2.69402
2.26066
2.50353
2.58884
2.65822
2.38192
1.95006
3.55069
3.05702
3.44516
3.52428
2.0784
3.05214
3.16528
3.01829
3.76514
3.49516
3.05721
3.01473
3.46874
3.06602
3.15589
3.61306
3.12163
3.1828
3.28603
2.97368
2.97853
3.43486
3.32503
3.22834
3.13444
2.78173
2.90922
2.8059
3.00439
2.86547
3.22666
3.25077
2.91561
3.0585
3.42758
2.82244
3.6795
3.67211
3.34319
2.67613
3.32945
2.47606
3.09614
2.99503
3.26445
3.06686
3.13506
2.91651
2.93544
2.58356
2.66331
2.77319
3.59959
2.90171
3.09448
3.00091
3.14624
3.28653
2.70983
3.3748
2.94631
3.12231
2.80308
2.71002
3.1768
2.24319
2.59158
3.02579
3.47655
4.2292
2.71666
3.33374
3.19225
3.04592
3.37922
3.17747
3.2971
3.57268
3.57455
3.35386
3.38415
3.36117
3.05635
3.10403
2.87994
3.16905
2.6954
2.77962
2.71226
2.76139
2.83542
2.71858
2.65787
3.33195
2.91811
2.7881
2.99838
3.06627
2.37088
2.42603
2.69482
2.79347
2.65368
2.68179
2.35198
2.45553
2.91394
2.9016
3.29137
2.87761
3.05675
2.69183
2.87213
3.25144
3.11624
3.33575
3.01408
2.96906
3.98804
2.65301
2.86635
3.15182
3.07267
3.25832
2.30699
3.27058
3.10151
