1.93293
3.23916
2.33651
2.20193
2.41545
2.60435
3.40381
2.98664
1.76341
3.02708
2.83567
3.26669
2.49622
2.79878
2.92769
2.75029
2.8422
3.56637
2.56441
2.9316
2.96536
2.83717
3.12457
2.98527
3.27368
4.0008
3.31409
2.70007
3.22304
3.0131
3.59112
3.46783
3.50452
3.97285
3.33722
2.79947
2.78061
3.2885
2.63517
3.6599
3.39463
2.872
3.86225
3.44774
3.21564
3.29311
2.87242
2.35237
3.13859
2.69623
2.65598
2.66197
2.00147
3.1501
3.66179
3.21098
3.83465
2.92921
3.47576
3.41555
3.65055
3.36593
3.74978
3.21911
3.66027
3.01717
3.54393
3.34211
3.73296
3.79445
3.26729
3.92199
3.19928
3.42146
3.46356
3.55651
3.65805
3.22552
3.07833
3.17279
2.83952
2.89029
3.35122
2.93183
3.19051
3.06547
3.27176
3.62655
3.05958
3.79964
3.46714
3.24989
3.57741
3.85176
2.891
3.08079
3.34214
3.43695
3.39294
3.43494
3.75344
2.8852
2.76908
3.00141
3.29948
4.09688
2.97832
3.24115
3.71689
3.14405
3.48687
4.0748
3.53426
2.99042
3.19038
3.02824
2.81856
2.72211
1.90358
2.77469
2.56753
3.26559
3.91773
2.81605
3.42742
2.99725
2.63124
3.30006
3.54371
3.59219
3.66334
3.83009
3.56546
3.22293
3.52747
3.24303
3.72339
3.2024
3.18113
3.23258
2.84629
2.52207
3.36311
2.94098
3.05244
2.84736
3.781
3.34913
3.09953
3.12327
3.3656
2.70295
3.24026
3.25661
2.51318
2.69243
3.338
2.68383
3.22183
2.68484
3.36062
4.09871
3.05258
3.88088
3.2364
3.16317
3.5426
3.51572
2.74535
2.95892
2.99685
3.62637
2.81712
2.68994
3.49822
3.23697
3.1944
2.67818
3.67978
3.4262
2.01363
3.21467
2.32545
2.28915
2.46765
2.67981
3.41337
2.89101
1.81693
3.20005
2.68561
3.29093
2.40783
2.64144
2.97535
2.95579
2.57206
3.40914
2.61855
2.97576
2.9979
2.70591
3.07058
2.82335
3.33298
3.83966
3.26095
3.32751
3.41845
3.27058
3.5531
3.4607
3.457
3.75586
2.98296
2.79096
2.73777
3.28495
2.60994
3.24126
3.60812
2.77665
3.1952
3.31818
2.98723
2.8034
2.59478
2.50982
3.01885
2.67919
2.75512
2.73883
1.9913
3.34624
3.21376
3.5115
3.58583
2.67091
3.62777
3.1551
3.76267
3.27862
4.06365
3.38755
3.72241
3.10198
3.30225
3.41027
3.92213
3.75341
3.67919
3.65901
3.08679
3.45238
3.1551
3.48468
3.39839
3.11477
3.12534
3.20026
2.86414
3.00809
3.24877
3.19695
3.05562
2.9439
3.33455
3.7084
3.19336
3.24611
3.42318
3.60206
3.31939
3.77696
2.83894
3.16571
3.29059
3.05481
3.70474
3.38976
3.11833
3.15921
2.72977
2.72583
2.88605
4.28925
2.95874
3.3282
3.68352
2.81736
3.50752
3.69477
3.22299
2.91937
3.43146
3.36702
2.85069
2.60818
1.94403
3.04798
2.42676
4.05621
3.74525
2.85063
3.39177
3.32552
2.96284
3.27479
3.19227
3.28919
3.84595
3.83976
3.27297
3.20298
3.50543
3.25099
3.44092
2.98729
2.87152
3.24923
2.75439
2.81823
3.25637
2.81817
3.2116
3.01773
3.06922
3.02596
3.21279
3.12713
3.26493
2.66575
2.39532
2.64913
2.55118
2.9383
3.3187
3.03219
3.43114
2.52521
2.96647
4.08658
3.30273
4.14297
3.55698
3.29964
3.64539
3.45105
3.28058
2.98867
2.99719
3.63194
2.70772
2.82229
3.66833
3.08396
3.74101
2.94634
3.25681
3.72926
