1.78977
2.51042
2.33401
2.22464
2.45647
2.51675
2.69729
2.86383
1.47084
2.54585
2.7952
3.0256
2.25123
2.56879
2.66128
2.49898
2.40529
2.92471
2.49251
2.64261
3.07523
3.00309
2.92673
2.84748
3.07109
3.59982
2.97656
3.0523
2.66385
3.26954
3.69022
3.66011
3.59543
3.68033
3.01547
2.28239
2.89898
2.94692
2.54475
3.0471
2.91771
2.57474
3.58342
3.30763
2.90234
2.47949
2.32648
2.61106
2.43595
2.459
2.14957
2.45281
1.89449
2.53651
2.75888
3.01427
3.59562
3.24255
3.83763
3.2375
3.19538
3.28692
3.88232
2.96
2.85295
2.75192
3.12086
2.82047
3.20209
3.38271
2.89912
2.91222
2.92015
3.15936
3.25952
3.16482
3.1547
3.05387
2.95593
3.05253
2.91657
2.69588
2.73606
2.91733
2.79619
2.73903
2.92511
3.13061
2.79499
3.04184
3.61432
3.18272
2.53944
3.7519
2.82396
2.98981
2.9523
3.23631
3.2939
3.64906
3.3519
3.29736
2.51463
2.85328
3.21727
4.14143
2.7132
3.31107
3.52263
3.60134
3.59856
4.25937
3.03916
3.08284
3.13554
2.85806
2.84794
3.14098
2.50793
3.26072
3.11191
3.38949
3.77811
2.92773
3.02772
3.44199
2.80866
2.95965
3.04788
3.17555
3.72484
3.57187
3.08861
3.24093
2.95766
3.16987
3.15892
2.97418
3.12791
3.01973
2.76306
2.58491
3.10428
2.73988
2.49516
2.7617
3.21093
2.92645
2.81006
2.97856
2.86619
2.60637
2.47538
2.9218
2.41924
2.68653
2.36755
2.69999
2.83981
2.63582
2.86785
3.43668
3.12633
4.11464
2.80372
3.00715
3.39443
3.22493
3.09098
2.83195
2.7756
3.67579
2.85364
2.64298
3.20076
3.26168
3.46662
2.90958
3.13806
3.61354
1.84069
2.7327
2.48437
2.08743
2.36385
2.6277
3.21423
2.9468
1.66302
3.24363
2.97007
3.03531
2.32689
2.32143
2.62305
2.49496
2.42626
3.16034
2.72244
2.9315
2.88126
3.08045
2.74825
2.88003
2.53556
3.27302
3.02672
2.80616
2.69424
3.01802
3.2476
3.24134
3.04497
3.76275
3.39608
2.46935
2.6031
2.90051
2.52434
3.19046
2.77389
2.35995
3.47634
3.46724
2.6137
2.5458
2.59246
2.33604
2.60831
2.37009
2.10901
2.48006
2.04566
3.08506
3.29225
3.39601
2.85991
2.74514
3.35609
3.31395
3.25909
3.32271
3.36097
2.88678
2.85477
2.9244
3.34847
2.76838
3.3424
3.18202
2.88365
2.94686
3.00944
3.06783
3.37064
3.29334
2.91712
2.92978
3.0467
3.07612
2.89687
2.69445
2.97084
2.87163
2.88987
2.47095
2.95847
2.97137
2.66344
2.86692
3.14063
3.01491
2.4807
3.21548
2.44035
3.11528
3.3033
3.27097
3.12298
3.5751
3.4299
3.3004
2.47166
2.75662
2.55111
4.02844
2.78489
3.23331
4.03407
3.84871
3.41746
4.35721
3.24498
3.09954
3.44179
2.73439
2.85299
3.57227
2.32335
3.27318
2.9564
3.92118
3.51226
2.52815
3.0012
3.66179
3.48063
3.0019
2.83507
3.20108
3.9477
3.57201
3.42415
3.41373
3.13415
3.03048
3.04903
2.93922
3.09004
3.16679
2.68407
2.69645
3.00139
2.87892
2.76026
2.909
2.86226
2.96536
2.86572
3.0746
3.15924
2.82556
2.45286
2.60071
2.86828
2.8633
2.87901
2.79499
2.58197
2.92163
2.92058
3.56476
3.55822
3.48159
2.42375
2.89396
3.43855
3.20374
3.56365
2.85043
2.59728
3.58518
2.71092
2.66026
2.84134
3.05082
3.00144
2.89998
3.47603
3.51788
