1.97312
2.69369
2.59701
2.25508
2.48057
2.81722
3.01168
2.75582
1.80167
2.58126
3.07869
3.11526
2.52858
2.42836
2.89959
2.71761
2.6888
3.0285
2.62364
2.77103
3.07783
3.07874
2.72427
2.94269
2.92229
3.31626
3.3003
2.80612
3.39677
3.08078
3.27609
3.9327
3.49186
4.12095
2.79338
2.89369
3.36798
3.27403
3.07261
3.31401
2.91581
2.63906
3.57274
3.10814
3.20057
3.0999
2.68759
2.8861
2.71107
2.71044
2.7091
2.62548
2.0106
2.84063
2.92447
3.31814
3.65465
2.66268
4.06581
3.20275
3.18277
3.2347
3.5887
2.71998
2.59689
2.62979
3.17989
2.94768
3.26332
3.63851
3.17536
3.14923
3.11244
2.98885
3.05416
2.97964
3.1613
2.89783
3.15375
2.95739
2.90877
2.74564
2.73519
2.99813
3.02335
2.89003
2.88559
3.45789
3.17897
3.22336
3.30334
3.0656
2.46856
3.03622
2.57536
2.95061
3.44425
3.12625
3.23257
3.18423
3.91492
3.27689
2.29251
2.74811
3.14562
4.11246
3.38481
3.42074
4.58187
3.47062
3.07879
4.29361
3.49968
3.28287
3.14037
3.21587
2.86885
3.34319
2.27155
3.26928
2.45997
3.65617
3.49344
2.87346
3.50927
3.5657
3.03228
3.26328
3.33397
3.23189
3.34862
3.52503
3.04589
3.27287
3.2108
2.66493
3.04653
2.7432
3.08571
3.10831
3.04534
2.88635
2.9818
2.87289
2.82493
2.69786
3.14351
3.10275
2.70926
3.20415
3.26381
2.55914
3.41118
3.09118
2.9587
3.1957
3.00935
2.39103
2.74307
2.52161
3.08888
3.21912
3.59646
3.74842
2.68183
2.94105
3.38271
3.38817
3.03377
3.21965
3.23421
3.70697
2.99866
2.79282
3.35806
3.71074
3.45244
3.27552
3.14567
3.3629
1.88842
2.71286
2.53531
2.16969
2.53696
2.78047
3.64819
2.86342
1.76649
2.80935
2.9192
3.05272
2.45417
2.55878
2.68464
2.71322
2.60821
3.41299
2.56131
2.91573
3.25607
2.65608
2.7286
2.67699
3.10261
3.63548
2.7663
3.25484
2.89642
2.97439
3.51569
3.65719
3.20325
3.92748
2.60672
2.90402
2.83923
3.1998
2.51948
3.08693
3.14566
2.68999
3.19327
3.30098
3.05592
2.76087
2.7317
2.82173
2.56646
2.68696
2.68218
2.55961
2.0269
2.84582
3.06299
3.21915
3.7969
3.09015
2.7199
3.35073
3.25107
3.31368
3.59093
3.11762
3.18633
2.79347
3.15716
2.95764
3.47281
3.55297
3.33093
3.19965
2.83588
2.80586
2.89099
3.18314
3.13468
2.78365
2.70616
2.77599
2.57198
2.62987
2.58751
2.87008
2.99057
2.79144
3.22098
3.64515
3.15332
3.26951
3.41808
3.11496
2.98467
3.27018
2.41002
2.98366
3.29413
3.02752
3.3251
3.08865
2.94575
2.83285
2.55905
2.87277
2.93621
3.39505
3.15415
3.07918
3.61156
4.18639
3.26625
4.1552
3.66947
3.03667
2.95686
2.72186
2.56372
3.20217
2.3034
2.89051
2.78261
3.53886
3.31683
2.95682
3.08195
4.15592
3.373
3.00532
2.86596
3.14087
3.28112
2.90234
3.41809
3.38071
3.03794
2.93658
3.43406
3.00911
3.03808
2.92543
2.72963
2.86329
3.17442
2.69683
2.96366
2.872
2.94291
2.81458
2.97229
2.82101
3.0038
2.77037
3.0729
3.2205
3.07857
3.31961
2.70765
2.86432
2.62264
3.20782
2.89634
3.51519
3.73045
3.55648
2.69398
2.87629
3.58666
3.19562
3.0207
2.72707
2.69268
2.614
2.64
2.5352
3.21204
3.04547
3.35013
3.32137
3.39685
3.0381
