1.87523
2.57495
2.17027
2.01461
2.27278
2.65923
2.84412
2.79384
1.60926
2.88545
2.92516
2.92535
2.23163
2.82756
2.46548
2.75286
2.44366
3.23349
2.67385
2.4506
2.72219
2.81983
2.36509
3.07985
3.25118
3.67508
2.75861
2.73334
2.89127
3.01142
3.31719
3.64565
3.63002
3.36641
2.95247
2.34659
2.44961
3.37637
2.65255
2.84882
3.05741
2.74428
3.28288
3.30201
2.6274
2.35604
2.66012
2.26056
2.24128
2.47378
2.54027
2.49587
2.13893
3.0282
3.06121
3.07383
3.47915
2.56238
3.50245
3.19565
3.4574
3.54117
3.53364
2.95374
3.25583
3.18815
2.9781
2.93079
3.1704
3.11423
3.03493
3.51322
2.81369
2.97226
3.36654
2.81599
3.21156
3.13405
2.96823
3.03753
2.72251
2.83004
2.9014
2.82516
2.97102
2.84249
3.13094
3.06975
2.8836
3.50451
3.67976
3.55377
2.45377
3.55411
2.81792
3.02042
3.00786
3.63622
3.15879
3.03066
3.49021
3.24176
2.63022
2.64486
2.69035
3.63496
2.89195
3.1927
3.2913
2.95067
3.1961
3.55355
2.88829
2.92055
3.0446
3.00285
2.72261
2.76972
2.77477
3.26926
3.04677
3.08464
3.49319
2.99025
3.25218
3.30451
2.9973
3.23231
3.09443
3.28512
3.32161
3.74661
3.29721
3.24561
3.43233
2.98572
3.19932
2.76712
3.00739
2.8982
2.85762
2.65582
3.02845
2.83432
2.77823
2.78574
2.94499
3.03314
2.79322
3.04866
2.7744
2.23228
3.18868
3.01113
2.63997
3.10115
2.59899
2.57135
2.61773
2.5473
2.51446
3.2845
3.55494
3.983
4.14817
2.84818
3.19071
3.19172
3.10167
2.83809
2.98543
3.57799
2.86325
2.69564
3.34453
3.43182
3.40335
2.60597
3.33577
3.27846
1.78979
2.54099
2.34581
2.06902
2.34114
2.62114
2.97504
2.72544
1.93909
2.96992
2.98689
3.04584
2.32814
2.83842
2.6583
2.27352
2.46441
3.38387
2.69879
2.49998
3.05697
3.51158
2.40195
2.98417
3.06971
3.44379
2.92369
3.14546
2.6731
2.99218
3.48137
3.73191
3.21341
3.20892
2.8079
2.20862
2.52726
3.0273
2.50091
2.75993
3.06184
2.41318
3.55574
3.01741
2.61437
2.50242
2.53225
2.42848
2.35049
2.56438
2.66047
2.5307
1.97369
3.00388
2.83855
3.43092
3.26465
2.5393
2.73369
3.2097
3.16819
3.07832
3.20482
2.68675
2.80541
3.06108
3.03055
2.91557
3.48262
3.53729
3.15339
3.16611
3.06155
2.97489
2.95701
3.27936
3.19549
2.96733
2.83423
2.96456
2.87219
3.11544
2.63775
2.88633
2.66604
2.76887
2.91275
3.1545
2.98411
3.11452
3.41819
3.20858
2.5274
3.37831
2.59439
2.9612
3.13743
3.10865
3.23312
3.04491
3.10992
3.29716
2.66386
2.92977
3.17324
3.42197
3.21118
3.0463
3.21826
2.58715
3.44943
3.4058
2.97281
2.80092
2.86812
2.80718
2.61546
2.88844
2.63489
3.29113
2.64181
3.14509
3.7373
2.86458
3.31181
3.71105
2.85546
3.0944
2.97693
3.40483
3.59836
3.61474
3.24624
3.09779
3.51297
2.90266
3.1407
3.00642
3.06638
2.87616
2.72381
2.89783
2.64348
2.76451
2.7042
2.75392
3.03863
3.04299
2.98229
2.78365
3.01226
2.44191
2.56597
2.81836
2.76719
2.76162
2.83467
2.69747
2.87036
2.95733
2.82757
3.17741
3.29743
3.98667
3.38355
3.24557
3.02901
3.27263
3.18634
2.78072
2.74364
3.23914
2.66143
2.99782
3.42581
2.99302
3.19198
2.79876
3.49288
3.07613
