1.88267
2.91534
2.62137
2.22812
2.56775
2.49371
2.61525
2.99136
1.69616
2.7903
2.57715
2.97023
2.33696
2.53642
2.93088
2.44131
2.76526
2.87121
2.40806
2.91999
3.56111
2.73998
3.15678
3.20294
3.38393
3.34445
2.73827
3.29644
2.96895
3.21223
3.3593
3.90555
3.47285
4.38289
3.35597
2.60571
2.55983
3.06117
2.60689
3.05757
3.13904
2.6587
3.33177
3.08784
2.88508
3.4301
2.9406
2.41639
2.81345
2.61122
2.54579
2.63629
2.10918
3.13332
2.90142
3.41993
3.4594
2.05413
3.54819
3.04828
3.19201
3.5655
4.12554
3.28372
2.87774
3.06665
3.26265
3.06863
3.62281
3.59272
3.0665
3.63423
3.08528
3.36486
3.12645
3.16718
3.23479
3.02242
3.36939
3.12689
3.03352
2.87749
3.15962
3.04385
3.01499
2.92018
3.27158
3.30359
3.08757
3.71621
4.01992
3.69074
2.73271
3.40996
2.72799
3.01532
3.28855
3.15086
3.21236
3.01513
3.17426
2.73351
2.59624
2.82343
3.10616
3.8499
3.55399
3.45589
3.95847
3.18742
3.0665
4.22552
3.38946
3.07352
2.96185
2.68622
2.76853
3.0715
2.2522
3.41546
2.82662
3.58008
4.0457
3.18807
3.42319
3.77113
3.20905
3.20635
3.05689
3.76211
3.92161
4.13158
3.62459
3.60724
3.29536
2.75528
2.95956
3.27079
3.37439
2.99125
2.79571
2.70851
2.8639
2.95994
2.83921
2.64007
3.28259
3.1074
3.06782
3.16967
3.44373
2.64265
3.12349
2.63795
2.90994
3.19407
3.05646
2.47383
2.63011
2.59666
2.88444
3.01155
3.54434
3.38077
3.81183
3.18673
3.76811
3.41196
2.84988
2.87181
2.94456
3.97785
2.99346
3.01573
3.3303
3.08891
3.77403
3.27867
3.45022
3.73299
1.87118
2.70655
2.25423
2.20391
2.50973
2.50863
3.30455
3.04023
1.78963
2.54869
2.93243
3.46825
2.46315
2.63978
2.74898
2.6842
2.49658
3.47689
2.52701
2.30122
2.67817
2.34186
2.78841
3.04632
2.70953
3.34391
3.01232
2.95562
2.87667
2.84942
3.38233
3.94866
3.53108
3.8197
2.93169
2.48474
2.5778
2.72393
2.35769
2.82489
3.26779
2.35361
3.38838
3.18613
2.67532
2.77183
2.8668
2.31346
2.5256
2.83036
2.70981
2.51961
1.98883
3.16966
2.78595
3.01591
3.48492
2.42151
3.48505
3.00237
3.08681
3.84225
3.78135
3.17097
3.27426
3.00543
3.38338
3.14899
3.51795
3.64494
3.21045
3.42831
2.87598
3.02509
3.08265
3.19215
3.40177
2.98029
3.08329
3.11887
2.9739
3.06704
2.79878
3.07477
2.99672
3.17665
3.04278
3.23961
3.26325
3.35684
3.56091
3.42976
2.48634
3.36873
2.39592
3.07424
2.99324
3.10098
3.0377
3.28377
3.5974
3.13207
2.71319
2.96091
3.05396
4.06847
3.6218
3.30793
3.54613
3.84175
3.23615
4.45708
3.26691
2.91847
2.97342
3.20992
2.75334
2.86021
2.46112
2.99585
2.59012
3.43549
4.34171
2.96127
3.5185
2.62317
3.02969
3.16129
3.07411
3.19399
3.70704
3.91385
3.38502
3.27972
3.64186
2.96559
3.09233
3.01053
2.87792
2.98812
3.06354
2.66081
2.94228
2.90938
2.77159
2.78254
3.00235
2.88744
2.99997
2.91484
3.2191
2.63931
2.63413
2.84876
2.79669
2.82578
2.79366
2.54615
2.96212
2.40612
3.00392
3.21565
3.1826
3.5532
2.71885
3.01822
3.15395
3.23233
3.10428
2.84455
2.89869
4.09187
3.12911
2.93916
3.55237
3.22479
3.69572
3.61341
3.5259
3.1835
