2.00915
2.70972
2.44778
2.32077
2.36909
2.60374
3.06993
2.8328
1.72804
2.70471
2.82188
2.83148
2.34227
2.58523
2.8378
2.75806
2.53585
3.2909
2.45765
3.40193
2.82433
2.68075
2.8722
3.24579
3.04236
3.2315
2.71744
3.21614
2.91389
3.02465
3.36853
3.2868
3.84513
3.7473
3.21408
2.41089
2.84662
3.06786
2.3899
3.15137
3.09361
2.36904
3.33139
3.67269
2.80177
2.63316
2.45814
2.56049
2.2332
2.49679
2.44233
2.49429
2.13446
2.81006
2.8666
3.39069
3.36121
2.36035
3.21003
3.0071
3.3716
3.2892
3.58596
2.73035
3.2999
3.17389
3.19784
3.15582
3.26166
3.62908
3.14955
3.35441
3.06868
2.8496
3.31387
3.53473
3.36798
3.07069
2.88907
3.09362
2.92124
2.71185
3.10751
2.84968
2.52564
2.74302
3.44013
3.41722
2.56938
3.03136
3.79747
3.41106
2.75107
3.60079
2.32442
3.03652
2.83
3.34218
3.17599
3.2214
3.09407
3.00577
2.4809
2.96826
2.92772
3.78469
2.99687
3.13346
3.07352
2.7818
3.61266
3.84108
3.10149
2.28062
3.22465
2.72563
2.81198
3.43807
2.61865
2.93452
2.70315
3.54816
3.27619
3.19835
3.55709
3.35676
3.15155
3.06608
3.29693
3.72723
3.72988
3.5572
3.41092
3.32071
2.9555
2.59259
3.55904
3.00711
3.22202
3.29176
3.36745
2.62785
3.32096
2.93086
2.82549
2.65844
3.17389
2.98156
3.05619
3.11736
3.21317
2.30285
3.45665
3.0388
2.63962
2.79291
3.00914
2.82005
2.77362
3.16374
2.88083
3.20097
3.40884
3.76819
2.81919
3.17321
3.55327
3.20481
3.36286
2.91682
3.10269
3.51558
3.11772
3.29891
3.43447
3.21206
3.32396
3.05387
3.31353
3.48226
1.9577
2.47428
2.52793
2.27712
2.63668
2.62825
3.12644
2.78383
1.72134
2.72
2.94719
2.95618
2.35537
3.05442
2.87152
2.46727
2.51327
2.9588
2.62934
2.64581
3.07843
2.72792
2.72697
3.39024
2.82224
3.86442
3.24789
2.97892
2.48671
3.08613
3.27964
3.67617
3.80295
3.54017
3.10163
2.42902
2.52972
3.07933
2.50832
3.25022
3.4162
2.16827
3.6454
3.29073
2.85476
2.96112
2.42585
2.54346
2.25334
2.69119
2.23937
2.34028
2.02101
3.14416
2.774
3.44596
3.5764
2.47406
3.11954
3.1691
3.35076
3.91976
3.70388
2.76801
3.12679
3.20536
3.37943
2.99462
3.70322
3.90565
2.94954
3.22111
3.11825
3.33398
3.20238
3.42118
3.2235
3.27858
2.93027
3.07111
2.89504
2.86451
2.83731
3.1044
2.8767
3.0045
2.86425
3.51101
2.89988
2.93459
3.68061
3.48761
2.6217
3.81571
2.7452
3.00228
3.02829
3.11376
2.94985
2.96184
3.2997
3.46428
3.01009
3.23806
3.02533
4.07008
3.73811
3.54337
3.81261
3.22375
3.75791
4.45714
3.1573
2.83741
3.29312
2.7224
2.91236
3.80351
2.43264
2.818
2.56584
4.24659
3.20344
2.86797
2.97071
3.42723
3.22416
2.84812
3.03186
3.07722
3.80422
3.60105
3.47073
3.21358
3.30161
3.21391
3.14292
2.7844
2.87058
3.06574
3.05102
2.63039
3.05682
3.01407
2.66804
2.76754
3.02386
3.04645
2.93465
3.12017
3.03468
2.49313
2.71795
2.86263
2.75103
2.82978
3.03007
2.69056
2.87836
3.10594
3.08853
3.01155
3.32135
2.94909
2.27656
3.25482
3.64956
3.50281
3.32166
3.42198
2.84805
3.95247
3.2785
3.12587
2.7151
2.96744
2.62613
3.12567
3.44376
3.30037
