2.16846
2.97244
2.50265
2.20116
2.55848
2.81773
3.0924
2.92974
1.85962
3.02597
3.13498
3.00215
2.67906
3.16383
3.04809
2.78947
2.81326
3.74583
2.6406
2.56536
2.77187
3.16722
3.02819
3.68286
2.73049
4.2204
2.92084
2.77707
3.07931
3.26279
3.16426
3.79203
3.18665
3.50526
3.64971
2.96299
3.04707
3.14236
2.74317
3.45285
3.18426
2.86602
3.50801
3.32947
3.23641
3.29103
2.89674
2.63332
2.89981
3.12919
2.89065
2.65179
2.2115
2.9078
3.01718
3.42236
3.99003
2.63125
2.96902
3.3264
3.29109
3.4846
3.83948
3.30041
2.8242
3.27941
3.16918
3.35431
4.01407
3.7938
3.1051
3.5845
3.04425
3.0158
3.13554
3.16378
2.93665
3.16298
2.97729
2.85443
3.00612
2.73892
3.03943
3.01129
2.9269
2.94916
3.1785
3.4192
3.21141
3.71353
3.82614
3.18617
2.52862
3.06495
2.68244
3.12003
3.16346
3.33245
3.57184
3.38225
3.1102
3.18652
2.82579
2.91071
3.07653
3.53581
3.30943
3.27268
3.71728
2.8612
3.63843
3.62281
2.79205
2.69072
3.08422
2.84801
2.96736
3.28732
2.0759
2.98964
2.65719
3.06718
3.77792
3.09533
3.84207
2.84738
2.73562
3.38218
3.27028
3.3612
3.61314
3.91097
3.24495
3.20498
3.4366
3.03231
3.19811
3.38043
3.26019
3.06455
2.75472
2.85772
3.17879
3.05167
2.69378
2.70196
3.71364
3.20892
3.20035
3.0541
3.14347
3.16535
2.85844
2.96277
2.65347
2.53114
2.87702
2.7248
3.16205
2.69083
2.87293
3.25991
3.35109
2.31258
3.04144
2.9602
3.02727
2.94168
3.13962
3.09117
3.38909
3.33844
3.28799
2.69615
3.74838
3.00926
3.22972
2.63505
3.65995
3.59477
2.17864
3.42094
2.59089
2.33153
2.68175
2.59168
2.87427
2.99104
2.01909
3.01462
2.61069
2.92184
2.64815
3.47563
2.70362
2.4894
2.82301
3.6509
2.74693
2.81314
2.9162
3.21785
3.0222
3.1191
3.12614
3.64443
3.13936
3.01097
3.09052
3.33207
3.19879
3.75755
3.20151
3.84027
2.8312
2.56899
3.0207
3.18496
2.77628
3.17091
3.5118
2.74948
3.55803
3.55908
3.09153
3.45132
2.90615
2.89509
3.1439
2.87747
2.94533
2.72147
2.18375
3.08866
3.19436
3.6325
3.82546
2.74416
3.69256
3.25422
3.31664
3.14826
3.88117
3.19404
3.03819
3.83854
3.22618
2.99539
3.52941
3.75284
3.34053
3.40598
2.78448
3.17674
3.04245
2.79311
3.01951
2.99683
3.03831
2.74953
3.21373
3.06051
2.97177
2.94073
2.96671
2.96349
3.44702
3.63655
2.8082
3.11416
3.65226
3.33718
2.73779
3.16441
2.90753
3.0553
3.26531
3.45883
3.3493
3.27083
3.47484
2.86274
2.85119
2.89012
3.34833
3.58024
3.64002
3.24573
3.29384
3.67193
3.5902
3.64864
3.27609
3.03875
3.20505
3.068
3.01432
3.42201
2.52966
2.71608
2.68137
3.68169
3.83152
2.84602
3.28542
3.52263
2.91202
3.09251
3.47827
3.16166
3.47773
3.76648
3.20147
3.34355
3.67822
3.08152
3.46756
3.05851
2.70842
2.96217
3.01203
3.054
3.14222
2.76302
2.75987
2.85528
3.32974
3.21395
3.27573
3.01396
3.38913
2.69783
2.44546
2.88275
2.96965
3.15063
3.0592
2.61281
3.04016
3.14498
3.02794
3.29483
3.25296
2.959
2.65361
2.84539
3.62202
3.54094
3.3402
2.91577
2.71544
3.5646
2.68912
2.80537
3.03557
3.33243
2.81515
2.43606
3.49478
3.17374
