1.86142
3.11039
2.50994
2.35483
2.5254
2.96005
3.0843
2.92068
1.71569
3.1368
2.99485
3.28138
2.64483
3.20831
3.03994
2.86929
2.91751
3.32135
2.77743
2.81694
3.43382
2.97782
2.8288
3.29523
3.45091
3.78084
2.87858
3.3694
2.69812
3.18812
3.48085
3.80584
2.94299
3.61933
2.95529
2.30227
2.91148
3.28721
2.48803
3.46409
3.32373
2.61417
3.34281
3.49152
3.00166
2.88887
3.07681
2.54373
3.03454
2.97147
2.78472
2.75671
2.0055
3.22843
2.92852
3.4091
3.67751
2.70633
3.67235
3.31867
3.22608
3.75597
3.83135
2.68275
2.99261
3.51223
3.37532
3.14192
3.59965
3.59149
3.42033
3.48064
3.10824
3.07331
3.4271
3.78041
3.42849
3.24924
3.10354
3.4533
2.99381
2.86116
3.12864
3.13141
3.29141
3.09965
3.51334
3.23219
3.05519
3.51012
3.81451
3.31733
3.07714
3.91606
2.55748
3.04336
3.41518
3.61422
3.24126
3.39844
3.69031
3.56434
3.09686
2.93029
3.14372
3.75626
3.52413
3.54432
4.26193
2.66254
3.71261
3.95583
3.30971
3.17683
3.25244
3.12103
2.99427
3.5199
2.2152
3.08607
2.89141
4.07208
4.10618
3.40378
3.61589
2.92093
2.89619
3.42093
3.20134
3.40253
4.16803
3.96573
3.63608
3.95699
3.28388
3.32664
3.60094
2.82239
3.13799
3.13933
2.89916
2.60474
3.55542
2.7934
3.37794
2.84476
3.37094
3.25858
2.84836
3.08947
3.49255
2.87936
2.76518
3.02612
2.45081
3.27077
3.22487
3.33254
3.24776
3.17109
2.82139
3.2565
3.40951
3.36296
2.6082
3.18537
3.88965
3.72991
3.10037
3.09994
3.25599
4.04448
3.06191
3.28996
3.75446
3.18903
4.00384
3.39357
3.49731
3.52953
1.85585
3.18182
2.58289
2.34379
2.5649
2.81407
3.01303
2.89719
1.7465
3.09795
3.26793
3.13433
2.71267
2.36214
2.78164
2.89469
3.00517
3.62747
2.76827
2.37173
2.97503
3.22578
3.37137
3.14625
3.16094
4.16368
2.88919
3.40856
3.2709
3.13731
3.38904
3.63109
3.46097
4.06069
3.0861
2.6001
3.15948
3.00007
2.71888
3.32227
3.68273
3.32847
3.80905
3.18017
3.26291
2.52321
3.17005
2.89594
2.97625
3.09511
2.96467
2.82291
2.23571
3.27752
3.26319
3.59409
3.88327
3.08189
3.65113
3.35562
3.47908
3.13437
3.79424
2.99415
2.90753
3.22495
3.37495
3.33049
3.71071
3.60057
3.60191
3.57318
2.90211
3.22146
2.93587
3.48646
3.3168
3.25243
3.28673
3.13887
2.79785
2.99068
3.11672
2.96307
3.33521
3.23935
3.50048
3.70672
2.96815
3.05972
3.6894
3.7268
2.99428
3.744
2.84372
3.28221
3.37749
3.81698
3.16804
3.58588
3.59452
3.70704
2.85206
3.26125
3.14545
4.22063
3.8611
3.52359
3.83935
3.43239
3.63299
4.37045
3.53246
3.18263
3.39872
3.06113
3.14546
3.57131
2.66574
3.32158
2.7234
4.04666
4.09289
2.96134
3.49416
3.74593
3.38797
3.33952
3.42603
3.60932
4.09961
3.68356
3.52683
3.65858
3.29144
3.2538
3.35912
3
3.36896
3.23198
2.98354
3.17953
3.19136
3.23397
3.11895
2.76575
3.32204
3.09995
3.21371
3.27181
3.12829
2.71567
3.19742
3.0566
3.02713
3.10021
2.84836
3.08081
2.8327
2.75979
2.95621
3.4486
3.53272
4.12809
3.07857
2.39408
3.94526
3.91067
3.32481
2.94166
2.91185
3.70374
3.41311
2.73081
3.66942
3.21016
3.83875
3.93795
3.34449
3.50451
