1.74001
2.90262
2.43108
2.09994
2.3363
2.60588
2.98407
2.77363
1.62334
2.95675
2.93705
3.06127
2.22352
2.83928
2.65332
2.27771
2.72608
2.94327
2.53439
3.30773
3.19664
2.44339
2.8931
3.06906
3.16826
3.27339
3.05277
2.66293
2.71372
3.06298
3.38944
3.81034
3.5686
3.78048
3.00654
2.13837
2.63733
3.11681
2.1632
3.06239
3.20015
2.27931
3.37349
2.91117
2.57328
2.44761
2.54714
2.09413
2.42785
2.59804
2.30486
2.54969
2.11454
2.79849
2.75821
3.02059
3.50648
2.48563
3.59277
3.33032
3.53815
3.6831
3.61378
2.85307
2.82866
2.95635
3.11678
2.95991
3.29886
3.18547
3.03887
3.28772
2.9654
3.16462
3.09435
3.34313
3.1067
2.89233
3.04616
3.22699
3.12042
2.56092
2.79591
3.02215
2.67517
2.80997
3.23751
3.13326
2.81075
2.9635
3.5394
3.02713
2.58494
3.6039
2.69345
2.92371
2.9589
3.45254
3.59887
3.34574
3.54956
3.09021
2.95455
2.89005
3.19703
4.24946
3.55534
3.25197
3.85226
2.68066
3.99074
3.54276
3.50364
2.96832
3.15541
2.95944
2.66581
3.54295
2.28034
3.23037
2.27485
3.25172
3.64848
2.91437
3.36325
3.33133
2.78729
3.33565
3.02209
3.27761
3.52106
3.74345
3.06006
3.32589
3.02363
3.24373
3.05718
2.85209
3.18533
2.87891
3.05947
2.57527
2.69144
2.68971
2.89286
2.7177
3.533
2.96707
2.94872
2.92437
2.88473
2.38278
2.83787
2.78922
2.56632
2.96766
2.73538
2.52726
2.80798
2.50156
2.83175
3.17724
3.22066
3.61285
2.65093
2.46362
4.03574
3.30743
3.24554
2.63707
2.90726
3.71507
3.1513
2.86157
3.45938
3.20674
3.65341
2.78591
3.39422
3.62521
1.71673
2.52175
2.2889
2.04129
2.30054
2.45187
2.9045
2.89394
1.80697
2.91995
2.96134
3.20867
2.18016
2.86386
2.69004
2.4547
2.42101
3.19761
2.68359
2.76573
2.86751
2.16846
2.93141
2.88811
3.02287
3.39164
3.21193
3.08346
2.54732
2.62173
3.30392
3.62808
3.59389
4.11734
3.13584
2.54895
2.7007
3.0144
2.27313
3.24914
3.13215
2.54774
3.30708
3.19939
2.81903
2.46262
2.42595
2.32991
2.5012
2.42814
2.67822
2.55191
2.17812
3.21293
3.08004
3.03179
3.0398
2.82725
3.65366
3.28796
3.37441
3.45868
3.61272
2.80817
2.7372
3.05135
3.08713
3.10221
3.42732
3.38203
3.11263
2.89186
3.05672
3.4263
3.19196
3.34697
2.93781
3.01297
3.04819
3.13685
3.03844
2.91491
2.81466
2.94733
2.4969
2.83577
2.81635
3.45249
2.78719
3.02617
2.99283
2.99004
2.84153
3.71532
2.61622
2.92403
3.07876
3.46122
3.04506
3.41165
3.56918
3.84005
2.47292
3.0867
3.14389
4.16678
3.53891
3.50104
4.03012
3.26357
3.97483
4.18746
3.01247
3.30854
3.56074
2.69411
2.79772
2.95901
2.48024
3.26081
2.9409
3.23544
3.7403
2.90444
3.19858
3.73484
3.09708
3.22512
3.11727
3.43384
3.59991
3.53898
3.3175
3.21478
3.06821
3.36903
3.23514
3.25496
2.82492
2.81387
2.60841
2.44752
2.75324
2.72876
2.88276
2.88617
2.96656
3.1242
3.20143
3.01585
3.09967
1.98071
2.85226
3.02055
2.62409
2.63721
2.87144
2.65623
2.79566
2.41466
2.84152
3.05478
3.45768
3.32472
2.78784
3.03085
3.37674
3.73745
3.52554
2.82158
2.7742
3.00563
2.66873
2.60905
2.96575
3.15092
3.52912
3.08227
3.14436
4.05128
