1.97139
2.94723
2.4042
2.33522
2.42596
2.86234
3.37387
2.89169
1.86009
2.91224
3.14182
2.998
2.49278
2.6001
2.49351
2.45078
2.46392
3.46109
2.51516
2.68162
3.05697
2.86174
2.50876
3.32033
3.42174
3.25141
3.39787
3.16466
3.02211
3.1671
3.75385
3.48245
3.73806
3.40897
3.05028
2.72494
2.69951
3.08759
2.89662
2.9623
3.28486
2.94918
3.60293
3.38356
2.93282
2.98166
2.63127
2.64408
2.70714
3.03611
2.47559
2.427
2.11508
3.27034
3.48875
3.16797
3.78617
2.93466
4.04299
3.12481
3.32171
3.4338
4.1514
3.62239
3.66389
3.34432
3.08909
2.98879
3.82331
4.22128
3.17117
3.53612
3.1733
3.22068
3.25915
3.21173
3.23455
3.01969
3.03744
3.08055
2.90599
3.15363
3.2243
3.21358
3.02751
2.99468
2.98121
3.73206
2.82895
2.8601
3.70888
3.19434
2.46363
2.89338
2.47979
3.00936
3.28973
3.41241
3.48168
3.99987
3.57798
3.67766
3.23924
2.92071
3.43668
3.99692
3.74366
3.37067
3.68206
2.35752
3.30777
4.15441
3.19026
2.88164
3.00123
2.69373
2.51569
2.83899
2.24056
2.99587
2.61638
3.04888
4.14827
3.83047
3.21362
2.94869
2.41857
3.00706
3.32385
3.60552
3.58303
3.68091
3.26617
3.02488
3.68808
3.3898
3.22044
2.84214
3.12129
3.05616
2.89244
2.71193
2.8239
3.16982
2.60183
2.42064
3.11015
3.15364
2.85947
2.70232
2.85559
2.46425
3.39893
2.86508
2.59644
2.83048
2.93197
2.6445
2.2297
2.82533
2.86808
3.08413
3.30598
3.68782
4.15332
2.68192
3.67775
3.55107
2.84565
2.75987
3.29097
3.55645
3.18887
3.18417
3.59109
2.79021
3.42718
2.53214
3.33709
3.63509
1.99824
2.62128
2.54004
2.14349
2.54369
2.75289
3.35223
2.97923
1.89926
2.96361
2.73953
3.06532
2.44253
3.15502
2.75734
2.26167
2.326
3.13669
2.37427
2.84392
2.55204
2.51902
2.49888
3.09382
3.31071
3.8309
3.04073
2.61648
3.40647
3.25102
3.74654
4.00914
3.26397
3.8983
2.92463
3.03451
2.64518
3.36259
2.96668
3.28259
3.34681
2.71567
3.70413
3.35373
3.42078
2.51696
2.95666
2.78402
2.9867
2.12864
2.31199
2.34094
2.20135
2.98302
3.11542
3.27163
2.63063
2.77939
2.51787
3.38758
3.15964
3.71077
3.91877
3.67209
3.51582
2.86572
3.20763
3.04451
4.03466
3.51457
3.48452
3.6676
2.93524
2.92317
3.59089
3.26683
3.14535
2.95624
2.71639
2.98736
3.18654
3.22703
3.1206
3.06081
3.46729
3.06769
3.42776
3.52959
3.22492
4.19463
3.71028
3.20402
2.68652
3.5395
2.58889
3.0176
2.93076
3.48454
3.45894
3.80919
3.90504
3.77169
3.42321
2.88287
3.20331
3.88305
3.51876
3.2032
3.33423
2.93247
3.32023
4.12413
3.29045
3.00985
3.35062
2.4045
2.7552
2.69829
2.79482
3.86553
3.22091
2.85979
4.01487
2.91817
3.66255
2.72444
2.94872
3.11256
3.15775
3.13472
3.88447
3.17196
3.11294
3.067
3.56479
2.96083
3.09739
2.63713
3.10729
3.12106
3.28798
2.73237
3.09539
2.78434
2.65022
2.28288
3.28273
3.09496
2.92301
3.11792
3.25408
1.87763
2.83256
2.6341
2.524
2.77707
3.0988
2.7328
2.56412
2.91657
2.72192
3.37397
3.6111
3.4101
3.19793
3.10737
3.77765
3.57406
3.14156
2.90787
3.26036
4.02434
2.91314
2.60346
3.29533
3.06933
3.46958
2.95679
3.38281
2.83673
