1.91222
2.74304
2.32925
2.43942
2.55154
2.76267
2.68641
2.90668
1.9621
3.01086
3.39821
3.42252
2.67859
2.89637
3.01808
2.92068
2.6744
3.27605
2.602
3.15056
3.29377
3.19947
2.50577
2.9548
3.29455
3.82382
3.63285
3.0326
2.9941
3.30012
3.57731
3.7868
4.04443
4.09829
3.49459
2.56536
3.174
3.23835
2.56093
3.20322
3.10464
2.71374
3.74531
3.31652
3.00932
2.55127
2.72132
2.42453
2.71914
2.711
2.44283
2.57058
2.17791
3.21971
2.97198
3.50856
3.56852
2.97088
2.95086
3.36527
3.27104
3.60314
3.44163
2.92902
2.96783
3.20616
3.16589
3.18709
3.46858
3.52465
3.32993
3.02465
3.25597
3.44301
3.18302
3.16529
3.24992
3.21634
3.20264
3.06707
2.99676
2.83587
3.13029
2.98857
2.94436
3.08755
2.94027
3.58468
2.64659
3.38595
3.53259
3.15056
2.64293
3.72771
2.91419
2.99915
3.05624
3.42617
2.94997
3.15908
3.23776
2.93717
2.78566
2.90629
3.00925
3.85591
2.83654
3.14284
3.73671
2.80363
3.6326
4.01591
3.3831
3.18259
3.3881
2.95505
2.94204
2.94276
2.08094
2.99764
2.74448
3.64623
3.39033
2.80259
3.21954
3.29936
2.88835
3.32263
3.16118
3.44462
3.64855
3.71676
3.16781
3.30474
3.01157
3.41471
2.87205
3.00567
3.07537
3.11066
2.72219
2.71274
3.25124
2.98197
3.02618
2.75159
3.62618
3.01657
3.26269
3.34246
3.05744
2.41426
3.49167
3.19491
2.70887
3.17575
2.72091
2.78283
2.78485
2.57571
3.06106
3.41595
3.1788
3.78998
3.20947
3.20547
3.25548
3.35167
2.73505
2.83838
2.78791
3.60349
2.84328
2.78091
3.29344
3.04473
3.26763
2.65996
3.38228
3.78547
1.95226
2.96811
2.75789
2.3354
2.54362
2.80606
3.11637
3.00034
2.0065
2.95208
3.1653
3.49374
2.53446
2.57456
2.71862
2.82546
2.74095
3.27774
2.68429
2.55808
3.53337
2.95304
2.39415
3.19489
2.84081
3.62167
3.01218
3.31264
2.91982
3.10187
3.3048
3.65416
3.61319
3.92774
3.10985
2.83235
2.86001
3.14091
2.6199
3.39098
3.12425
2.75726
3.6057
3.72376
2.79949
2.9505
2.82528
2.71491
2.77021
2.83703
2.81936
2.70924
2.19027
3.27833
3.03686
3.22461
3.40566
2.31469
3.80683
3.56048
3.51361
3.43384
4.00411
3.28405
2.97668
3.08201
3.34383
3.4335
3.27303
3.67634
3.44616
3.15351
3.07064
2.82012
2.8816
2.91147
3.40508
3.13163
2.98748
3.09814
2.68518
3.12832
2.90766
3.29522
2.90995
3.07595
3.12539
3.03204
2.68727
3.15991
3.23871
3.18792
2.6223
3.44325
2.63486
3.11168
3.12362
3.41607
3.2637
3.12228
3.44862
2.98729
2.62608
2.98907
3.558
4.47965
2.82853
3.45219
3.64867
3.39546
3.69751
4.19732
3.47881
3.10941
3.35989
3.1111
2.95446
2.86936
2.05844
2.75392
2.32039
3.76542
3.85366
2.82739
3.60702
3.24431
3.26092
3.33073
3.17805
3.04729
3.72968
3.69411
3.31209
3.33477
3.02556
2.97171
3.139
3.06547
3.02592
3.31789
2.70504
2.75525
3.0206
2.63016
2.8349
2.66361
3.04517
2.8209
3.00412
3.1376
3.10337
2.45344
2.72734
2.83385
3.07518
3.06436
2.75526
2.69516
2.72051
2.65655
2.95328
3.37867
3.55324
3.60493
2.97893
3.30865
4.30539
3.01675
3.02102
2.88771
3.01018
3.34378
2.94907
2.70658
3.19747
3.33006
3.49858
2.90236
3.51902
3.68441
