2.01582
2.845
2.54034
2.49518
2.66313
2.89628
3.43251
3.10479
1.76915
2.90797
2.93966
3.26269
2.49762
2.11545
3.20378
2.42919
2.76543
3.38911
2.68448
3.55394
3.60093
2.89058
2.68199
3.32586
3.5242
3.60111
3.37024
3.03877
3.11941
3.55876
3.34153
3.28065
3.64014
3.95607
3.35296
3.41636
2.61363
3.22022
3.02084
3.18459
3.55837
2.96222
3.88191
3.48183
3.3523
3.42074
2.90649
2.54354
3.49483
2.59833
2.89378
2.72056
2.31022
3.22006
3.43598
3.14924
3.5854
2.17282
3.89632
3.48842
3.51384
3.53524
3.85488
3.54562
3.04357
2.99358
3.43642
2.96261
3.69993
3.53772
3.06243
3.69134
3.03102
3.14454
3.38894
3.4222
3.02463
2.96679
2.99653
2.9882
2.78396
2.66957
2.80814
3.10187
2.87079
2.87988
3.25822
3.32769
3.46765
3.54465
3.71877
3.05549
3.21023
4.14605
2.85818
3.08405
3.12852
3.50901
3.77395
4.13764
3.34058
3.1328
2.61962
2.8899
3.05991
4.22462
3.49433
3.4666
4.08014
2.83262
3.7573
4.16247
3.63249
3.25511
3.38729
2.93601
2.93023
3.51964
2.44212
3.68029
2.20258
4.07284
3.98349
3.45592
3.60267
3.8379
3.05881
3.43071
3.39811
3.68178
3.82381
4.05426
3.35491
3.54369
3.3854
3.3632
3.9498
2.94787
3.33381
3.45322
3.02655
2.63019
3.93336
2.86246
2.82051
2.79532
3.38447
3.6362
3.16786
3.07635
3.74117
2.65688
3.31689
3.2083
3.04458
3.14903
3.73547
3.13264
3.66194
3.20214
2.92975
3.43814
3.82305
3.88259
3.20717
3.38437
3.10972
3.65437
2.94553
2.99007
2.82129
3.69337
2.97446
3.18093
4.06913
3.18903
3.33817
2.85895
3.31059
3.55067
1.8451
3.11564
2.48445
2.58755
2.73108
2.81917
3.56401
3.10659
1.79162
2.86297
3.07243
3.28562
2.84494
3.03074
3.11232
2.75636
2.55548
3.31734
2.99344
2.73617
3.08945
3.17597
2.85745
3.22028
3.06825
3.93389
2.88354
3.26907
3.08597
3.29431
3.31379
3.59317
3.51287
4.17749
3.20013
2.85905
2.82223
3.19527
2.77551
3.33952
3.21352
2.8025
3.57049
3.21482
3.10689
3.48978
2.64618
2.8249
3.16466
2.75255
2.59208
2.65202
2.35676
3.35623
3.29829
3.87882
4.22046
3.38163
3.60922
3.3359
3.82489
3.8469
3.97069
3.12429
3.96596
3.11047
3.29496
3.04814
3.6286
3.51736
3.11956
3.19188
3.26215
2.78377
3.17216
3.4684
3.34755
3.43571
3.11071
3.31715
2.77593
2.83825
3.02899
3.18757
2.91171
2.99944
3.21417
4.16208
2.84476
3.41486
3.84777
3.9648
3.22043
3.51443
2.85817
3.03714
2.90096
3.5918
3.56797
3.16108
3.56086
3.60667
2.91188
2.80897
3.01725
4.02751
3.92029
3.54107
3.74884
3.25022
3.82704
4.11007
3.47827
3.15402
3.70153
3.36926
3.00736
3.35133
2.23477
3.12815
2.69767
3.95745
3.9495
3.12721
3.42786
3.86831
3.42666
3.65148
3.28242
3.48608
3.95521
3.65677
3.65415
3.53844
3.30432
3.26075
3.16035
3.18242
3.34476
2.92111
2.8912
2.36693
3.47424
2.92587
2.8054
2.73097
3.17117
3.34343
3.25618
3.10889
3.54144
2.44537
2.94909
2.99512
3.5247
2.97274
3.05458
3.02838
2.84974
3.04972
3.15537
4.06906
3.56445
4.16832
4.46707
3.21443
3.46253
3.67303
3.19951
2.75973
2.75359
3.74926
3.09297
3.17736
3.65863
3.35537
3.81102
2.73496
3.62168
4.06819
