1.92963
3.16746
2.73223
2.34613
2.49748
2.67502
3.18051
2.96971
1.88507
2.96893
3.05488
2.94805
2.31108
2.69268
2.77579
2.48465
2.49439
3.70637
2.59233
2.4349
3.46796
3.57432
3.17368
3.44893
2.95699
3.80887
3.11834
3.3413
3.27813
3.1582
3.53102
3.36489
3.60571
4.17767
3.02871
2.48785
2.94826
3.17617
2.47183
3.35651
3.11557
2.67286
3.75615
3.71086
3.40827
2.23627
2.77699
2.49861
2.96267
2.48267
2.65784
2.51975
2.13036
3.15277
3.06147
3.28476
3.36643
2.02392
3.66781
3.73184
3.54202
3.68428
4.28128
2.90748
3.09921
3.06304
3.51121
3.12472
3.85561
3.6665
3.38829
3.70561
3.11471
3.37894
3.09116
3.74979
3.32119
3.15758
2.85629
3.25079
2.75565
2.70782
2.89495
3.20006
2.68145
3.18659
3.60797
3.39257
3.10945
3.2853
3.97431
3.31686
2.76577
3.78868
3.07828
3.16695
2.998
3.67557
3.22579
3.23186
3.3871
3.25853
2.76204
2.76016
2.93004
4.31229
3.0777
3.35672
3.7434
2.37837
3.86501
4.39839
3.33779
2.89609
2.94673
3.52814
2.93596
3.10611
2.19027
2.99906
3.05201
3.53912
3.73619
3.12189
3.55274
2.87495
3.24564
3.4148
3.38829
3.5653
3.76386
3.76372
3.12035
3.4648
3.44752
3.18439
3.24964
3.27582
3.06714
3.52608
3.07404
2.70058
3.1199
2.94102
2.95431
2.92814
3.55292
3.01809
3.22583
3.11862
3.08974
2.54346
3.09802
3.10396
2.77393
3.43868
2.94016
2.84587
3.09542
3.1662
2.76693
3.56378
3.60926
3.36092
3.45819
3.00499
3.75969
3.37923
3.24229
3.11901
3.44442
3.7616
3.12115
3.22581
3.49982
2.97896
3.5733
2.92655
3.43527
3.79069
1.9122
3.34796
2.48027
2.31321
2.46059
2.68981
3.33076
3.05713
1.83406
2.77131
2.78531
3.00617
2.45448
2.73453
2.9264
2.60766
2.63948
3.40932
2.79487
2.82524
2.86725
3.31453
2.97032
2.57646
3.00136
3.61803
3.23938
2.82167
2.75803
3.34261
3.346
3.36338
3.53176
3.84611
3.00538
2.46042
2.78351
2.95041
2.25786
3.25135
3.11577
2.62408
3.66616
3.47696
2.73193
2.57286
2.77124
2.53631
2.84206
2.86076
2.66474
2.67128
2.18267
3.33601
3.09988
3.22037
3.17116
2.23576
3.26619
3.37596
3.5138
3.51292
3.88599
3.35519
2.93094
2.95404
3.71292
3.08414
3.75795
3.85431
3.43528
3.35921
3.1076
3.25022
2.95581
3.57051
3.57035
3.04103
3.22262
3.13971
3.33054
2.9975
3.00906
3.16469
3.13325
3.17567
3.17721
3.592
3.04235
3.21695
3.82676
3.3889
2.82483
3.3901
2.97991
3.1218
3.06947
3.85973
3.17994
3.20605
3.62006
3.13773
3.16804
2.78949
3.2608
3.83881
3.4158
3.41246
3.77818
2.93155
3.71049
4.14108
3.22356
3.02012
3.18897
3.40431
2.98717
3.38221
2.1863
2.90081
2.69745
3.79222
4.33022
2.75139
3.02741
3.31588
3.0286
2.88294
2.80697
2.90775
3.90935
3.73166
3.14854
3.60622
3.30524
3.27974
3.51531
2.94121
3.22989
3.01729
3.46965
2.62357
3.06111
2.66943
2.8967
2.97027
3.56769
2.95749
2.90999
3.00391
3.29273
2.50275
3.12303
2.98109
2.66662
2.96965
3.14994
2.81405
2.82316
2.96395
2.94424
3.22234
3.43113
3.25953
3.24956
3.01221
3.78953
2.91953
3.16124
3.12459
3.00266
3.98256
2.95667
3.15528
3.11829
2.85509
2.86204
3.22318
3.7387
3.69996
