1.75115
2.58489
2.25474
2.24341
2.48446
2.69992
3.23758
2.85975
1.85124
2.99472
2.91368
3.16652
2.58523
2.65434
2.8801
2.77502
2.68213
3.51952
2.70267
3.03061
2.92484
3.1036
2.66338
2.93302
3.34689
3.94125
2.36647
3.15841
2.88276
2.85128
3.20738
3.80299
3.07912
3.85296
3.17496
2.71591
2.93186
3.48138
2.5798
2.87312
3.12406
2.14662
3.31371
3.23633
2.64913
2.77978
2.29664
2.36931
2.37431
2.6985
2.67129
2.56964
2.09198
3.42546
3.13771
3.31612
3.67009
2.64968
3.11827
3.16074
3.1247
3.2035
3.73804
3.36221
2.58745
2.78551
2.98251
3.08996
3.54576
3.43568
3.64972
3.39603
3.11862
3.00491
3.0221
3.20576
3.19094
3.29586
2.98498
2.94183
2.81381
2.99655
3.25983
3.04729
3.05395
2.91949
3.12644
3.25514
2.97697
3.27648
3.40658
3.60371
2.70554
3.3528
2.42348
3.03092
3.38589
3.19443
3.05999
3.25885
3.27496
3.30144
2.40274
2.93586
2.945
4.1627
2.96174
3.18119
3.48382
3.13039
3.50336
4.414
3.49059
2.95225
3.45354
2.85575
2.512
3.04252
2.27374
3.27112
2.69844
3.69716
3.50222
2.85234
3.24588
3.48986
2.88644
3.23958
3.42283
3.53556
3.66888
3.56337
3.3358
3.47102
3.2201
3.03123
3.21219
2.83757
3.12391
2.84682
2.7252
2.85363
3.16767
2.67067
2.79785
2.83455
3.23549
3.07406
3.04682
3.15216
2.95201
2.43415
2.87904
3.19267
2.57378
3.28846
2.8468
2.6535
3.02673
2.86413
2.74666
2.9017
3.50098
3.71381
3.12237
2.99663
3.25749
3.41989
2.7856
2.85387
2.6131
3.39529
2.71284
3.23706
3.28717
3.08153
3.4652
2.60873
3.39823
3.17828
1.75014
2.70588
2.38184
2.32858
2.42756
2.73261
3.12188
2.7785
1.88674
2.6825
2.74209
3.19897
2.41326
3.17913
2.68725
2.53526
2.378
3.47436
2.73742
3.04096
3.26536
2.78428
2.54375
2.70683
3.03317
3.75999
3.04215
3.12749
2.89609
3.17931
3.45791
3.38814
3.60885
4.18387
3.33424
2.45839
2.70555
2.90902
2.4557
3.43501
3.13354
2.55922
3.40747
3.06263
2.70918
2.85255
2.49624
2.35041
2.41644
2.47427
2.57977
2.65697
1.98349
3.22203
2.85764
3.40065
3.11275
3.05144
3.06526
3.12109
3.30462
3.55928
3.80016
3.2048
3.25711
2.59665
3.18287
3.17555
3.35215
3.59096
3.2597
3.66347
3.21397
3.00656
3.19082
2.92644
3.22793
2.85417
2.99504
3.01177
2.92116
2.87111
3.01877
2.80501
2.77033
2.83315
3.12156
3.61793
2.8474
3.56162
3.54498
3.32793
2.81168
3.39684
2.8216
2.86014
2.88309
3.06908
3.06183
3.08988
3.22636
3.01462
2.38994
2.90059
3.07761
4.01968
3.11
3.17535
3.4937
3.91469
3.40109
4.44919
3.31372
2.86907
3.33661
2.95257
2.73605
2.88917
1.85431
3.35581
2.45069
3.23205
3.85621
2.62627
2.97993
2.772
3.29917
3.20255
3.41575
3.23378
3.75103
3.56303
3.35561
3.37768
3.22636
3.11144
3.43075
3.00716
3.08931
2.95802
3.05467
2.67656
2.95679
2.62964
2.66542
2.84542
3.36997
3.06491
2.92006
2.83089
3.09436
2.65845
2.83538
2.85682
2.90972
3.29097
2.6592
2.91091
2.90901
2.86649
3.20151
3.18376
3.3374
3.53943
2.79047
3.11942
3.53963
3.10228
2.9723
2.77313
2.98553
3.79158
2.58451
2.5313
3.08817
3.08758
3.29291
2.66761
3.31445
3.28672
