2.00022
2.62736
2.28592
2.28453
2.25365
2.77574
2.75626
2.93732
1.71146
2.7759
2.95036
2.98601
2.29148
2.36167
2.74306
2.49172
2.51244
2.76164
2.77515
2.61388
3.2916
2.60598
2.55991
2.79825
2.92235
3.36818
2.51897
2.91074
2.59325
3.1698
3.16739
3.88272
3.24269
3.44755
3.09154
2.39468
2.55807
3.1088
2.32502
3.20993
2.9697
2.13577
3.60191
3.05178
2.79371
2.45582
2.30994
2.28652
2.58853
2.4379
2.4986
2.29926
2.05608
3.19379
3.11443
3.11021
3.08655
2.73685
3.54731
3.22802
3.07506
3.14923
3.4191
2.87177
2.68196
2.92376
2.71775
2.92276
3.1143
3.15921
2.66355
2.66217
2.73526
2.76662
2.79415
2.76382
2.84995
2.91084
2.80632
2.67534
2.59889
2.71679
2.61792
2.83093
2.81455
2.68815
2.55695
3.04534
2.52885
2.80811
3.13478
3.04892
2.49102
3.24451
2.58092
2.94288
2.85377
3.32409
3.27576
2.97688
2.85134
2.58849
2.74536
2.59929
2.554
3.12857
3.08314
3.13126
3.28113
2.16076
3.16133
3.92672
3.24244
2.94282
2.79714
2.77248
2.58062
3.41537
2.3915
3.17645
2.67621
3.36371
3.52566
2.75713
3.0815
3.69083
2.89932
3.12185
2.78135
3.18558
3.20219
3.83639
2.88309
3.3893
3.03189
3.38191
2.9865
2.90723
3.14893
2.88335
3.039
2.82065
2.70078
2.8843
2.68506
2.79276
3.1424
2.76226
2.80913
2.89491
2.73042
2.71468
2.70647
3.08828
2.70496
3.18477
2.63957
2.82134
2.46406
2.77946
2.87677
3.12222
3.20799
3.38485
2.5653
2.80117
3.44667
2.99406
2.81783
2.47991
2.72539
3.3705
2.91473
2.55425
2.81528
3.43037
3.07342
2.66618
3.00098
3.2174
1.92966
2.70873
2.28514
2.24422
2.28711
2.41143
2.84678
2.96678
1.85683
3.09214
3.08407
3.13272
2.0778
2.9296
2.56991
2.51962
2.47899
2.77995
2.42108
2.49201
2.82307
2.22645
2.19626
3.15291
3.01783
3.44067
2.58724
3.02257
2.70235
2.71728
3.39084
3.46129
2.62378
3.53248
2.64696
2.59664
2.45257
3.10216
2.34725
2.80397
3.33741
2.54646
3.08856
3.31348
2.65345
2.58242
2.2873
2.35034
2.6561
2.52887
2.59251
2.40279
2.1883
3.16001
3.13447
3.34641
3.5541
2.88777
2.64114
3.34015
3.52791
3.17077
3.31571
2.94708
2.65928
2.70103
3.19746
2.95037
3.1516
3.27652
3.08948
2.49172
2.92618
2.71212
3.08056
3.12711
2.93946
3.02181
2.97371
3.31578
2.69808
2.78779
2.69149
2.60196
2.72404
2.83971
2.78242
2.8384
2.87715
3.07947
3.25744
3.22478
2.51914
3.13556
2.66138
3.00175
2.855
3.17988
3.40129
2.93293
3.00054
3.11201
2.49123
2.92993
2.8985
3.8931
2.89028
3.48981
3.88065
2.76724
3.2959
3.81215
3.39268
2.95316
3.58291
2.89067
2.5045
3.38172
2.7191
3.04269
2.99315
3.66558
3.3528
2.94263
2.97907
3.66176
3.43315
2.81723
3.14618
3.00113
3.26148
3.11127
3.4047
3.45689
2.99787
2.95691
3.15479
2.8867
2.83377
2.8922
2.7701
2.70244
2.87689
2.65944
2.72763
2.71347
3.11585
2.68266
2.78733
2.9323
2.96847
2.45187
2.91369
2.79578
2.74604
3.09271
2.85997
2.78966
2.57353
3.00816
2.68697
3.25048
3.49019
3.39343
3.42906
2.91042
3.23399
3.31935
3.02819
2.74004
2.92311
3.52561
2.83834
3.42531
2.98687
2.87576
3.46901
2.65032
3.33664
2.93279
