1.76117
2.82581
2.46512
2.16415
2.40621
2.78356
2.67835
2.78085
1.92383
2.83797
3.07755
3.26331
2.4174
2.45753
2.45822
2.69166
2.57193
2.94687
2.46862
2.82995
3.13114
2.97309
2.82647
2.97476
3.16392
3.76847
2.71606
3.18068
3.42418
3.23479
3.07095
3.66788
3.37242
3.74723
2.94758
2.48262
2.85781
3.20129
2.7158
2.96636
3.75401
2.83237
2.90604
2.87561
2.70494
3.03753
2.57633
2.48378
2.89163
2.64315
2.80046
2.6513
2.09709
3.20149
2.85881
3.17686
3.71884
2.14376
3.57589
3.43392
2.92949
3.64806
3.79407
2.8406
2.49339
2.95264
3.21513
2.95354
3.31955
3.12645
3.10121
3.161
3.11486
3.35366
3.00515
2.98795
3.22754
3.06912
3.22826
2.97523
3.00203
2.85827
3.05045
2.90041
3.40708
2.8139
2.91455
3.10977
2.78068
3.33818
3.72685
3.12743
2.58936
3.18537
2.51753
3.04114
3.15014
3.20151
3.44262
3.56568
3.47033
3.85221
2.96741
2.98473
2.9968
3.7141
3.37392
3.78385
4.03041
2.60213
3.15365
4.44512
3.32469
3.08849
3.33155
3.16339
2.64316
3.3395
2.24536
3.25031
2.39946
3.48767
3.70227
2.88287
3.4736
2.99018
2.98358
3.23519
3.1007
3.54877
3.84409
3.70514
3.22917
3.24208
3.11348
3.32551
3.02004
3.22956
3.39454
2.93143
2.9745
2.89703
3.11234
2.74436
2.81198
2.64995
2.93799
3.3492
3.01565
3.02435
2.92387
2.11697
2.17194
2.75218
2.6693
3.05217
2.62388
2.7496
2.94605
2.51427
2.91322
2.8675
3.52345
3.34954
2.67199
3.35813
3.19203
3.49665
2.84278
2.92335
2.73687
3.64557
2.87884
2.56987
3.47072
3.14092
3.30354
2.84585
3.28457
3.71427
1.74032
3.04914
2.46318
2.09486
2.44916
2.55119
3.17474
2.85184
1.93398
2.82554
2.64595
3.36331
2.27615
2.58623
2.84413
2.59123
2.82042
3.16736
2.61615
2.69949
2.84453
2.53155
2.85846
3.33606
2.99043
3.2237
2.77463
3.13928
3.43856
2.9335
3.34964
3.7349
3.21413
3.90337
3.21435
2.24459
2.60973
2.97364
2.448
2.71481
2.99628
2.46851
3.01921
3.22761
2.79128
2.87703
2.76505
2.66221
2.75065
2.63161
2.73848
2.50817
2.051
2.8493
2.9725
3.19304
3.635
2.49708
3.26186
3.23204
3.45026
3.14321
3.64637
3.28943
2.63023
3.04138
3.03086
2.90205
3.49353
3.27564
2.67755
3.14668
3.01452
2.68785
2.79974
3.37272
3.04225
3.12917
2.90241
3.41946
2.62235
2.80413
2.93506
3.01485
2.75032
2.75584
3.07462
3.60233
2.60174
2.84286
3.46089
3.01189
2.6302
3.53609
2.41758
2.87888
3.03506
2.90904
3.44497
3.21451
3.361
3.59634
2.7535
3.12675
3.33147
3.71827
3.43364
2.96816
3.93944
3.61303
3.73469
4.36198
3.54121
3.33262
3.65983
2.9308
2.76339
2.98747
2.48555
3.20386
3.04523
3.24493
4.26506
3.22232
3.16739
3.4121
3.12119
3.14803
3.11254
3.49418
3.78821
3.59054
3.12239
3.00485
3.49039
3.2913
3.34737
2.9667
3.07877
3.11539
2.87544
2.71983
3.16143
2.94284
2.77635
2.92371
3.18147
3.19749
3.16176
3.01866
2.97329
2.52714
2.52132
3.40776
2.60302
2.74718
2.88098
2.89701
2.84531
2.65546
2.8562
2.94085
3.43642
3.32464
2.71788
2.9924
3.07395
3.43398
2.93559
2.77499
2.54904
3.84648
3.43343
3.10264
3.37947
3.29662
3.40657
3.1667
3.45299
3.69314
