1.97895
2.58907
2.93195
2.28087
2.49504
2.66012
3.16951
3.00269
1.82693
3.12278
3.02597
3.6217
2.3698
2.99675
2.56149
2.53868
2.87129
3.15368
2.38847
2.24785
3.13422
2.83811
2.62546
3.05125
4.02237
3.94917
3.21266
3.50624
3.33773
3.40777
3.43494
3.76023
3.91448
3.6863
3.24899
2.5628
2.7156
3.25898
2.68361
3.42653
2.95019
2.47683
4.00339
3.52856
2.82492
2.9482
2.94598
2.90224
2.65026
2.95968
2.70495
2.63085
2.1188
3.37861
3.15116
3.84945
3.48763
2.16164
3.67674
3.42946
3.41988
3.58688
3.99294
3.26161
3.08659
2.91506
3.37166
3.31602
3.79912
3.82126
3.48923
3.34398
3.38291
3.32767
3.37183
3.39643
3.5648
3.39018
3.56551
3.01963
3.03279
3.00497
3.01181
3.26836
3.20125
3.01567
3.64851
3.40661
3.06228
3.33842
3.52999
3.707
2.66719
3.40979
2.83783
3.15653
3.3544
3.53164
3.6956
3.01222
3.48376
3.61087
2.49087
3.17906
3.24976
3.7828
3.77916
3.67086
3.44863
3.42584
3.70039
4.25813
3.99312
3.06683
3.18199
3.30926
2.7873
2.96475
2.53503
3.18415
2.71788
3.4906
3.28074
3.41577
3.68985
3.48684
2.74664
3.20406
3.0321
3.27062
3.74984
3.53379
3.35076
3.17999
3.11562
3.05531
3.58214
2.83314
3.27287
3.06207
2.9929
3.02501
2.9951
2.88893
2.99263
2.42458
3.47347
3.39139
3.11225
3.31764
3.2252
2.47166
2.88153
3.27886
3.20579
3.01541
2.74748
2.96659
3.10905
2.76108
3.12517
3.33612
3.53897
3.72777
2.94995
2.94867
3.54154
3.36427
3.23355
3.34663
3.42728
3.5593
3.22738
3.32854
3.75175
3.04323
3.40259
3.16088
3.55775
3.54112
1.76803
3.08106
2.29036
2.26986
2.61555
2.67356
3.09287
3.099
1.81046
3.14198
3.09254
3.3622
2.70914
2.92883
2.61221
2.99048
3.05997
3.21728
2.53358
2.66967
2.94043
3.07218
3.06704
3.05807
3.31254
3.9237
2.94852
3.43524
2.61842
3.16428
3.42371
3.5711
3.86083
3.84707
2.79249
2.65827
2.78313
3.03383
2.76014
3.44071
3.49743
2.87214
3.51175
3.75865
2.93899
2.65121
2.9408
2.60211
2.96453
3.1828
2.65605
2.82255
2.32244
3.49247
3.28678
3.75392
3.51701
2.21816
3.41912
3.48574
3.71152
3.42943
4.14292
3.05122
3.24113
3.02369
3.56841
3.10494
3.59725
3.94316
3.38742
3.64718
3.3747
3.1813
3.08081
2.978
3.51832
3.27579
3.04559
3.5412
3.4523
3.00217
3.28188
3.03681
3.14477
3.45236
3.28726
3.27861
2.82581
2.94241
3.55863
3.65631
2.48624
3.37887
3.0875
3.20945
3.29986
3.71016
3.43248
3.27339
3.14358
3.68538
2.60489
3.34716
2.97766
4.26799
3.6757
3.56147
3.67677
3.12701
3.57474
3.79898
3.25618
2.92197
3.3153
2.8046
2.9018
2.85523
2.28612
3.08302
3.15115
3.31347
3.70883
2.91846
3.582
3.66866
3.33355
2.74637
3.04926
3.0525
3.73989
3.43317
3.44653
2.92326
3.3403
2.98265
3.09926
2.82516
3.13845
3.16953
3.11276
2.82374
3.18102
3.20894
2.92532
2.66124
3.64776
3.21745
3.5096
3.24153
3.28506
2.70053
3.14692
3.01918
3.1691
2.71164
3.40625
2.85752
2.96261
2.92178
2.90663
3.62885
3.7016
2.9692
2.89322
3.61033
3.52436
3.36827
3.22837
2.91223
3.21876
3.22471
3.24395
3.31997
3.43986
3.06782
3.21722
3.23473
3.69115
3.13387
