1.8435
2.87366
2.37146
2.206
2.48517
2.89092
3.73542
2.9676
2.12629
3.10602
3.07805
3.07235
2.19815
2.769
2.81804
2.352
2.55612
3.2411
2.55937
2.56409
3.3342
2.89301
2.91967
3.71475
3.82542
3.63694
3.00824
3.38253
2.9112
3.13524
3.60833
4.22133
3.4502
3.33066
3.12319
2.55641
2.77506
3.00846
2.99511
2.93506
3.23219
2.54383
3.60169
3.4859
3.35485
2.71178
2.75333
2.51106
2.67488
2.62443
2.79049
2.68853
1.97791
3.26674
3.83682
3.53417
3.66731
2.29363
3.66326
3.46771
3.49054
3.4946
4.04214
3.38848
2.57455
2.93521
3.60636
3.16061
3.9013
3.60292
3.55464
3.46911
3.28742
3.20503
2.90951
3.15925
3.39366
2.96019
2.96286
3.41425
3.17217
2.97324
2.81583
2.94921
3.01837
3.18498
2.92558
2.80684
3.01793
2.69057
3.29467
3.38252
2.79616
3.74057
2.63715
2.9701
3.42796
3.64733
3.42924
3.3861
4.01162
3.3833
3.03817
3.28091
3.37166
3.83413
4.00908
3.38351
3.5003
3.2018
3.58319
3.90402
3.71521
3.27134
3.26254
3.17847
3.01327
3.30674
2.4215
3.03329
2.64179
3.50103
4.08848
3.626
3.66837
3.33473
2.85488
3.33312
3.48629
3.85905
3.91617
2.90569
3.55354
3.58291
3.18409
3.24786
3.49812
3.2143
3.22055
2.97326
3.18147
2.6035
3.16557
3.0528
2.8025
2.56097
3.51777
3.29406
3.10933
3.14198
2.95819
2.70082
3.2971
3.48976
2.66912
3.0724
2.72668
2.88917
3.02437
3.24629
2.91933
2.79026
3.63128
3.36929
2.47847
3.01253
4.03212
3.49042
3.11017
3.03454
3.24807
4.01182
3.36798
3.51231
3.8855
3.54099
3.02641
3.38679
3.36218
3.91075
1.79581
2.39089
2.40611
2.38871
2.57578
2.76923
2.99607
3.21725
1.82983
3.3577
3.14321
3.56785
2.37325
2.91305
3.01903
2.68006
2.63049
3.42487
2.66208
2.59092
3.08986
2.53015
2.60652
3.27533
3.24422
3.91013
3.11583
3.56366
3.38843
3.13183
3.25021
3.83182
3.01794
3.80805
3.27103
2.65156
2.83175
3.42086
2.55587
3.32923
3.42197
2.63242
3.61009
3.598
2.88253
3.13061
3.02838
2.70215
2.64075
2.72016
2.88984
2.67927
2.1911
3.20088
3.38993
3.56595
3.36674
2.18144
2.92761
3.14248
3.44343
3.21021
4.0906
3.14098
3.1986
2.88199
3.37741
3.35369
3.92295
3.74406
3.30919
3.13822
3.11171
3.25499
3.16159
3.19187
2.84422
3.32464
3.07465
3.48707
3.24858
3.09045
3.0663
2.82929
2.95194
3.03417
3.09616
3.17373
2.72763
2.81471
3.18111
3.37617
2.74996
3.66176
2.76594
3.2349
3.22822
3.70059
3.4636
3.56117
3.60019
3.55029
2.84619
3.12296
3.63128
4.46362
3.74282
3.46719
3.91634
2.99474
3.55611
4.00188
3.3759
2.96111
3.57236
3.28202
3.01174
3.68893
2.36016
2.83291
2.74295
3.84208
4.07177
3.08108
3.61575
3.40576
3.31899
3.576
3.397
3.56908
3.94195
3.50069
3.47986
3.33647
3.25456
3.23863
3.30259
2.61189
3.49616
3.29402
3.1184
2.82474
3.00739
3.02946
2.96289
3.01769
3.42203
3.25227
2.98093
2.89984
3.40925
2.72336
2.91541
3.23144
2.70794
2.58532
2.72563
3.29599
2.96329
3.17407
3.17236
3.35954
3.81507
3.40175
2.81449
3.04642
4.14944
3.88117
3.15372
2.86724
3.01373
3.96426
3.30401
2.99737
3.6422
3.30583
3.06029
3.50992
3.2961
4.02031
