1.90977
2.54764
2.42384
2.24512
2.49288
2.72179
3.00801
3.04937
1.67655
2.93837
2.94556
3.46393
2.54655
2.54472
3.4111
2.62598
2.76072
3.20944
2.55039
3.35495
3.53036
2.94023
2.7636
3.04041
3.45429
3.61325
2.93372
3.02264
3.0815
3.33556
3.51511
3.83657
3.8971
3.86257
3.25497
2.66794
2.92228
3.40757
2.62149
3.40136
3.23947
2.46237
3.54509
3.25444
2.80247
2.87776
2.57643
2.36063
2.80062
2.49057
2.54562
2.53449
2.17806
3.3351
2.96218
3.63185
3.12598
2.34069
3.56563
3.24618
3.26662
3.62872
3.5386
3.05697
3.58407
3.27846
3.27903
3.1535
3.41243
3.5951
3.13634
3.33239
3.12602
3.25716
3.31277
3.44743
3.4817
3.09681
3.24129
3.24864
2.90371
3.16577
3.04229
3.27496
2.67532
3.08144
3.15796
3.05782
3.18604
3.28183
3.59547
3.17825
2.80464
3.4594
2.55531
3.31377
3.19397
3.34876
3.37067
3.36563
3.76617
3.18082
2.86332
2.93073
3.47349
4.03813
3.24179
3.79864
3.80717
3.52167
3.63822
4.12922
3.2962
3.4025
3.38958
2.77977
2.75872
3.01521
1.98859
2.71671
2.44713
4.06354
4.02544
3.05873
3.65774
3.42493
2.78644
3.06645
3.54828
3.93411
3.78284
4.03441
3.53188
3.36653
3.11418
3.38872
3.51115
3.00945
2.86042
3.14792
3.24762
2.85144
3.277
3.06562
3.01031
2.97495
3.6483
3.39054
3.11299
3.06308
3.27569
2.2017
3.07729
2.84945
2.77816
3.21639
2.78733
2.92618
3.22989
2.97699
2.95982
3.3526
3.3749
3.7648
3.52277
2.92785
3.51927
3.60756
3.054
2.89356
3.22358
3.76376
2.56832
2.81038
3.54031
3.36127
3.60237
3.5541
3.17343
3.58803
1.86424
2.39442
2.27087
2.19067
2.60625
2.83904
2.83267
3.05173
1.84098
3.08401
2.9528
2.8926
2.6754
2.39867
3.12238
2.75893
2.61062
3.37144
2.58214
2.99207
3.48473
3.26655
2.52922
3.00172
3.06666
3.80883
3.2322
3.25766
3.10753
3.44905
3.3347
3.89548
3.39407
4.01717
3.32109
2.848
2.75731
3.12195
2.56993
3.16812
3.57171
2.92462
3.52995
3.12009
3.01489
3.26407
3.00214
2.52463
2.72123
2.72544
2.5214
2.52858
2.25612
3.21217
2.97217
3.53828
3.32518
2.75962
3.00523
3.48313
3.19978
3.72308
3.88772
2.84537
3.31207
2.96018
3.43636
3.23193
3.51904
3.63737
3.28378
3.66423
3.23782
3.3585
3.19158
3.55507
3.49239
3.45532
2.93866
2.78242
2.83864
2.96358
3.41624
3.31688
3.31907
3.01151
3.30427
3.24873
2.91114
3.28341
3.32912
3.71442
2.75985
3.65972
2.68202
3.27958
3.57864
3.63159
3.27924
3.4313
3.42339
3.18418
2.77807
2.90269
3.01212
4.30145
3.73914
3.32956
3.4915
3.85584
3.88184
4.69205
3.31743
3.09688
3.07586
2.94643
2.91879
2.9457
2.31229
2.99619
2.34756
3.94672
4.18731
2.64606
3.27654
3.47478
2.99084
3.44848
3.02309
3.3391
3.7062
3.4013
3.70775
3.63954
3.11683
3.30785
3.29768
2.96089
2.68128
2.86254
3.13868
2.71522
3.27568
2.99855
2.75846
2.793
3.10088
3.11278
3.10684
2.98283
3.3886
2.56816
2.75341
2.66122
2.77342
3.11559
3.02855
3.02832
2.96088
3.18827
2.99392
3.57342
3.05126
3.15099
2.66303
2.82025
3.68746
3.62804
3.28661
2.78663
3.10353
3.70993
3.21971
2.57952
3.53699
3.19446
3.09644
3.38382
3.52662
3.79514
