2.16103
2.64245
2.68565
2.3971
2.46336
2.98377
3.33511
3.15305
2.24371
3.26968
2.7598
3.5478
2.58577
2.35325
3.06738
2.98859
2.71134
3.37265
2.85861
2.77977
2.62959
3.34817
2.96198
3.11976
3.36228
3.86274
2.77736
2.77357
3.22308
3.25337
3.35835
3.49606
3.87657
4.06502
3.17821
2.69484
3.10298
3.23779
2.86374
3.34617
3.67384
3.00742
3.61712
3.65908
3.22176
3.07265
3.27261
2.63133
2.81051
2.64572
3.19197
2.96665
2.25299
3.26516
3.36975
3.52455
3.53478
1.61532
3.12781
2.85423
3.53073
3.30976
3.6185
3.1114
2.9799
3.28803
3.30847
3.0622
3.56213
3.70352
3.45069
3.38417
3.10999
3.10546
3.29754
3.51646
3.26283
3.16277
3.03961
3.32149
2.76601
3.16467
3.07845
3.09816
3.20349
3.0149
3.18308
3.7646
2.98322
3.41327
3.56559
3.18525
2.84571
3.37565
2.53807
3.10623
3.42828
3.57575
3.61175
3.57054
3.26331
3.49627
3.00779
3.00226
3.39469
3.1752
3.38655
3.77213
3.52641
2.62838
3.8588
2.83654
3.55519
3.17255
3.56575
3.19466
3.21804
2.07554
1.88065
2.80708
2.50923
3.62155
3.97892
3.22768
3.96371
3.48975
2.95108
3.33855
3.58015
3.71796
3.98517
3.93466
3.5482
3.11309
3.04723
3.45318
3.47144
3.01427
3.16132
3.48437
2.64706
2.96029
3.49396
3.16262
2.83983
2.96267
3.36253
3.34367
3.34908
3.10661
3.12678
2.79957
3.20375
2.89714
2.77523
2.98242
2.77029
2.8967
3.10516
3.26677
3.00543
2.82087
3.84063
3.37349
3.14285
2.74289
3.13672
3.39824
3.20021
3.0516
3.34675
3.87583
3.02423
3.04481
3.76643
3.354
3.36845
3.38001
3.34845
3.72363
1.89123
3.18646
2.65196
2.3795
2.59473
2.72624
3.50763
2.93134
2.23546
3.05932
3.27199
3.25007
2.60583
2.63072
3.07222
2.9636
2.85608
3.23752
2.77878
2.7848
2.91464
2.991
3.06152
2.81623
2.8106
3.31969
3.25536
3.04427
3.04325
3.08307
2.92862
3.58601
3.26038
3.89528
3.14845
2.76757
2.83572
2.95634
2.81676
3.17272
3.07958
2.82655
3.47025
3.2188
2.99121
2.97358
3.30631
2.6986
3.23289
2.70352
2.92376
2.81597
2.21512
3.49353
3.33956
3.57927
3.79591
1.91446
4.02345
3.15417
3.49449
3.92819
3.75277
3.45373
3.26573
3.08535
3.11166
3.08756
3.54701
3.71054
3.43764
3.31669
3.07864
3.05647
3.13755
3.12847
3.15218
3.1904
3.00646
2.96803
2.96443
3.06918
2.98964
3.61322
2.93698
2.98657
2.96881
3.79456
3.22359
3.40781
3.5098
3.29763
2.57638
3.70915
2.709
3.02942
3.18314
3.73765
3.35255
3.52641
3.38769
3.63865
3.09025
2.8993
3.29157
4.01046
3.58019
3.27205
3.49424
2.88978
3.82595
3.56974
3.46907
3.18016
3.94323
2.89741
3.02735
2.9096
2.09163
2.77331
2.71214
3.43825
3.75435
2.77391
3.31946
3.37869
3.26797
3.23664
2.99784
3.34994
3.77287
3.67125
3.2917
3.50819
3.05621
3.21948
3.60227
3.15272
3.08245
3.56017
3.16543
2.91003
3.31323
2.96651
3.12004
2.95372
3.29526
3.20657
3.21803
3.14997
3.22634
3.14664
3.18193
3.03719
2.95952
3.0267
3.456
3.02706
3.56033
3.11443
3.06071
3.27818
3.21479
2.87762
2.60456
2.78977
3.13036
3.39923
3.2196
3.07349
3.07856
3.88891
3.1261
2.78232
3.04828
3.04674
3.50914
3.12641
3.01361
3.80066
