2.02837
2.57874
2.42946
2.11186
2.51959
2.70108
2.34305
2.91447
1.81845
2.93749
3.01477
3.4124
2.60362
2.2607
2.95311
2.88132
2.71091
3.22784
3.04067
2.46469
3.0286
3.40787
2.99651
2.95638
3.02466
3.90914
3.02586
2.49101
3.1335
3.07191
3.58944
3.92814
3.54633
3.56869
3.19138
2.67422
2.63621
3.22299
2.77907
3.29768
3.38772
2.86153
3.49508
3.46928
2.82667
3.14686
2.5846
2.92561
3.15903
2.73586
2.51513
2.71016
2.14914
2.9927
3.24999
3.16307
3.34095
2.55232
3.13056
3.29087
3.12808
3.82379
3.62355
3.38891
3.21144
3.10451
3.1652
3.21223
3.61234
3.61675
3.15871
3.44345
3.21637
3.21938
3.1659
3.38658
3.33762
3.072
3.28197
3.09068
2.79246
2.82432
3.2971
3.08277
2.73553
2.87755
3.20421
3.68758
3.14153
3.51695
3.84195
3.22275
3.00725
3.84081
2.82218
3.01756
3.47852
2.74733
3.16348
3.21004
3.40934
3.6665
2.68226
3.09783
3.09993
3.4978
3.02528
3.5086
3.85495
2.52691
3.72247
3.85665
3.26511
3.26737
3.23786
3.33305
3.037
3.53871
1.90325
3.14859
2.27827
3.60653
3.77093
3.23212
3.46407
3.26898
2.57057
3.37273
2.91358
3.46314
4.03138
3.87346
3.34355
3.10246
3.03593
2.91709
3.33807
2.98483
3.01896
2.75102
3.01497
3.00764
3.40496
3.28045
2.91587
2.92506
3.21041
3.08585
2.93568
3.14109
3.33526
2.42538
3.02038
2.95321
2.70527
2.45977
2.78544
3.23164
3.21266
2.32927
2.87785
3.12312
3.45964
3.26503
3.41424
3.26396
3.42993
3.66379
3.05916
2.99419
3.19175
3.57875
2.75556
3.41653
3.2314
3.20896
3.56947
3.11134
3.16727
2.74788
1.90094
2.93652
2.59821
2.2162
2.3188
2.67774
3.34287
2.92307
1.79991
2.95948
2.82339
3.40187
2.52954
2.33892
2.96417
2.80319
2.36611
3.41492
2.65002
2.76095
2.7044
2.38268
3.02093
2.88564
3.39712
3.48406
3.01499
3.02244
2.76148
3.02514
3.14081
4.06194
3.70445
3.6965
3.1717
2.49312
2.95813
3.00921
2.40171
3.21791
3.51789
2.48525
3.50879
3.26204
2.63962
2.85799
2.99528
2.77454
2.50413
2.53957
2.55862
2.6741
2.2713
2.91133
3.06867
3.39633
3.77362
2.80752
3.35101
3.50254
3.48926
3.76163
3.9882
2.99838
2.82777
3.40737
3.37908
3.08427
3.75033
3.86905
3.13299
3.1051
3.18699
3.16501
3.37572
3.1512
3.13112
3.10089
3.02889
3.26201
3.17472
3.12167
3.1491
3.01995
2.97108
2.95583
2.99986
3.50881
2.73561
3.03272
3.61154
4.0902
2.57412
3.41368
2.49075
2.97294
3.2483
3.45004
3.07794
3.50951
3.78032
3.85825
2.97602
2.57585
3.01444
4.17775
2.99329
3.56679
3.82252
3.81565
3.60005
4.12515
3.27904
3.22534
3.57618
2.9847
3.00164
3.40515
2.29442
2.85837
2.81744
3.55896
3.834
2.65548
3.00088
3.2365
2.96791
2.96562
2.85408
3.21036
3.8773
3.52577
3.46621
3.1748
3.50785
3.21454
3.44285
2.88323
2.98365
3.0531
3.1909
2.84289
3.06269
2.72311
3.24235
3.10278
2.92469
3.13275
2.92336
2.87525
2.87695
2.6642
3.04353
3.27783
2.65863
2.83826
3.12509
3.32973
3.14902
3.43321
2.84808
3.01162
3.74201
3.80063
3.79335
3.12536
3.62389
3.68968
3.26585
2.70091
3.11673
3.97076
2.47878
2.94205
3.26181
2.73652
2.77367
3.0992
3.14072
3.84849
