2.06361
3.00186
2.31598
2.28152
2.39739
2.7534
3.1485
2.92492
1.86331
3.16607
2.9387
3.10291
2.42269
2.88919
2.74398
2.63875
2.66263
2.849
2.53607
2.5985
3.01062
3.19158
2.91906
2.99104
3.51484
3.802
2.8295
2.96204
2.34293
2.90065
3.58117
3.64224
3.17436
3.50433
2.91117
2.80969
2.79947
3.23648
2.81045
3.07287
3.25734
2.71977
3.21698
3.804
2.75214
2.71808
2.88548
2.84999
3.01121
2.80058
2.75539
2.72661
2.13597
2.96346
2.96584
3.72687
3.55333
2.52341
3.61248
3.81903
3.52181
3.7512
3.92144
3.0743
3.00723
3.00683
3.39524
3.24675
3.70059
3.68044
3.52602
3.41807
3.18952
3.53675
3.25337
3.53633
3.70869
3.11344
3.37826
3.00496
3.08603
2.76582
3.10074
3.09875
3.11485
2.97868
3.10257
3.178
3.13127
3.39993
3.36717
3.23524
2.69505
3.70919
3.07065
3.02832
3.17323
3.35312
3.1538
3.14538
3.53646
3.12848
2.76144
2.99281
3.17859
3.97258
3.3686
3.32253
3.54967
2.41408
3.83334
4.02461
3.40112
2.85952
3.16428
2.90826
2.86055
2.80812
1.98708
3.09165
2.57717
3.63973
3.99021
3.3624
3.5881
2.92476
2.53224
3.22762
3.0356
3.06757
3.87311
3.26058
3.19795
3.18994
3.22741
3.45588
2.96924
3.05672
2.87529
2.63956
2.97604
2.54114
3.07774
2.97501
2.84488
2.6738
3.07683
2.9683
3.20929
2.9255
3.20401
2.65462
3.10459
3.18746
2.4942
3.20181
3.00734
2.73525
3.00922
2.8062
2.92164
2.84551
3.36309
3.5465
2.83695
3.01632
3.06659
3.2943
3.08579
2.91899
3.35668
3.94764
2.53765
2.88053
3.79596
2.95853
3.09614
3.0017
3.78422
3.33372
1.92571
2.66422
2.40567
2.35394
2.59229
2.72007
3.13008
3.0668
1.91344
2.98714
2.44923
2.95851
2.42668
2.92545
2.87574
2.81348
2.58738
3.48927
2.70407
2.56307
2.7504
3.11736
2.84823
2.91817
3.30912
3.83025
3.34295
3.24344
3.07053
3.06116
3.52602
3.45905
3.19099
3.63483
3.1778
2.80943
2.46648
2.93342
2.53849
3.45701
3.27052
2.74026
3.63535
3.35413
2.77112
3.07025
2.83113
2.7195
3.07508
2.88444
2.75156
2.59852
2.16901
3.09536
2.92589
3.37855
3.45426
2.38408
3.52078
3.51389
4.03898
3.70689
3.86054
3.53721
3.1376
3.28663
3.29557
3.09188
3.67015
3.85449
3.36079
3.19038
3.08436
3.06444
3.1158
3.16689
3.34953
3.00941
3.18869
3.15516
3.0335
2.88061
3.16811
3.16038
3.24908
3.05077
3.24405
3.45353
2.8172
3.24801
3.4498
3.38093
2.56181
3.43541
2.43378
3.02882
3.03935
3.6039
2.92846
3.18343
3.55937
4.01683
2.85454
3.05668
3.12268
3.74689
2.9305
3.35841
3.41823
3.50087
3.4791
4.06157
3.67141
2.88427
3.2379
2.92001
2.87605
2.78095
1.94451
2.83508
2.60217
3.58363
3.7858
3.08914
3.18383
2.53903
3.2236
2.74658
3.14788
2.86261
3.74712
3.6161
2.87731
3.20597
3.2131
3.02309
3.39557
2.97522
2.61314
3.41025
3.28554
2.57838
3.13947
2.66045
2.81726
2.99888
3.50384
2.95937
3.05211
3.40913
3.26855
2.70018
2.89511
2.97457
3.68269
2.95903
3.34091
2.87358
2.75287
3.13979
3.28009
3.10569
3.65124
3.66155
3.58069
2.38317
3.30937
3.56648
2.96468
2.92168
2.88411
3.36983
2.78237
2.99244
3.05353
2.88314
3.31488
2.96834
3.52635
3.77252
