1.95972
3.00388
2.44339
2.36634
2.63422
2.73302
3.40025
3.01071
1.86346
3.09606
2.67091
3.41185
2.77225
2.6427
2.84238
2.92843
2.73638
3.4075
2.85822
3.20854
3.02872
3.10786
2.75097
3.07738
3.47566
3.28462
2.85313
3.43383
2.84425
3.17089
3.30783
3.61153
3.84556
4.25556
3.35417
3.09566
2.55545
3.1107
2.73143
3.1727
3.09632
2.81579
3.165
3.16078
2.85862
2.5927
2.81208
2.50505
2.80862
2.97397
2.7595
2.67775
2.18096
3.0516
2.91824
3.42741
3.38565
1.86263
3.45865
3.1159
3.47588
3.29008
3.61806
2.80701
3.03
2.9051
3.06758
3.20363
3.45461
4.03125
3.5267
3.48547
2.79022
3.30392
3.35314
3.37896
3.09034
3.02758
3.41785
3.18538
3.21036
3.03104
3.02369
2.86832
2.88764
2.94994
3.16056
3.17682
2.96122
3.17273
3.14435
3.09636
2.63603
3.4302
3.1045
3.06568
3.05434
3.26873
3.40184
3.28563
3.71547
3.30868
2.94228
2.8121
3.19912
3.84939
3.34689
3.37497
3.89196
2.46812
3.86976
4.09717
3.6664
3.10733
3.10566
3.345
2.96452
2.96393
2.27751
3.21203
2.49564
3.68612
3.57609
3.4212
3.46947
3.42016
2.97345
3.53454
3.10571
3.26374
3.66559
3.6321
3.20135
3.063
3.05977
3.03505
3.51593
2.80332
3.32742
3.15948
2.6088
2.86813
3.17143
2.88789
3.01631
2.74992
3.52978
3.29289
3.05959
3.15943
3.33181
2.88963
3.25462
2.92864
2.62378
2.94827
3.19572
2.70253
3.11816
3.11801
3.10871
2.98046
3.2634
3.43493
3.28246
2.92108
3.52106
3.35425
3.29368
3.00493
2.9199
3.67759
3.01146
3.35401
3.53259
3.57782
3.29412
3.05926
3.38352
3.4929
2.11432
3.04795
2.71439
2.44062
2.43194
2.88251
3.07945
3.02928
2.08309
2.7899
2.75778
2.93197
2.45076
2.75465
2.99107
2.89118
2.93618
3.07573
2.93908
2.55567
3.07573
2.8589
3.21164
2.76621
3.24548
3.19828
3.18683
3.42772
3.49784
3.19851
3.33067
3.53929
3.60481
3.88439
3.20198
2.96949
2.70669
3.03772
2.85107
3.19667
2.97887
2.71288
3.61267
3.01768
2.8662
2.65227
3.05006
2.67948
3.11418
3.11397
2.82353
2.70094
2.18627
3.03735
2.8597
3.14177
3.2966
2.40043
3.35441
3.94203
4.00136
3.36358
3.47046
2.89959
3.16177
3.09314
3.11187
3.07012
3.62503
3.41549
3.43668
3.29919
3.02124
3.16084
3.07252
3.29882
3.24836
3.13825
2.77939
2.94256
2.98005
2.93237
3.08122
3.1383
2.99514
3.07788
3.26821
3.15068
2.84029
2.80833
3.33966
3.33248
2.47263
3.29566
3.1283
2.9076
2.82488
3.27164
3.06236
3.3698
3.71902
3.37677
2.80754
3.14945
2.97278
3.81008
3.17876
3.22031
3.56074
2.71752
3.55317
4.05301
3.49423
3.06694
3.20978
2.99544
2.98729
2.78115
2.19142
2.77429
2.72703
3.85974
3.43306
2.70006
3.27219
3.06199
3.31315
3.19707
3.16671
2.98332
3.70849
3.52256
3.20865
3.00454
3.07138
3.1357
3.54327
3.09857
3.38419
3.13918
2.6491
2.79402
3.05948
3.09212
3.20876
2.75859
3.4045
2.87407
3.19923
3.1946
3.11017
2.67909
2.81138
3.11014
2.60044
3.12922
2.71893
2.86199
2.91991
3.0457
2.92733
3.60528
3.10648
3.45379
4.06249
3.01143
3.57287
3.54213
2.95541
2.86597
2.83574
3.49237
3.08269
2.78121
3.20122
3.04184
2.94072
2.91754
3.26605
3.43542
