1.48678
2.39813
2.07227
1.83181
2.15598
2.30656
2.6133
2.48155
1.43173
3.00271
3.15415
3.31669
2.15001
2.65916
2.00633
2.0195
2.24317
3.04618
2.38787
2.37126
2.27569
2.63221
2.374
2.94339
3.00175
3.85967
2.67371
2.64151
2.90238
2.55752
2.80088
3.35787
3.43582
3.74264
3.38523
1.82206
2.5293
2.84956
2.61709
3.18471
3.71295
2.77932
3.17044
3.13771
2.52343
2.92159
2.21541
1.72504
2.45328
2.42563
2.00627
1.9422
1.91931
2.78898
2.6545
3.32459
3.44436
2.0954
3.46321
3.86478
4.15409
3.75981
3.53679
3.46279
2.91176
3.16386
3.40825
2.9241
3.83414
3.84194
3.70212
3.79563
3.11756
2.79274
2.86224
3.44344
3.27809
2.85365
2.7829
3.59987
2.74005
2.90505
2.83004
3.06119
3.22683
3.08396
3.17938
3.31471
2.77877
3.17247
3.54577
3.59367
3.03113
3.09615
2.47187
2.89056
3.09405
3.35167
2.92973
2.7844
3.38236
2.89104
2.20752
2.40478
2.75999
4.16987
2.91639
3.40498
3.61927
4.07139
3.26036
4.13532
2.89925
2.85771
3.13048
2.31505
2.42491
2.69659
2.46727
2.70695
2.62929
2.97408
3.50096
2.35005
2.9558
2.3595
2.45641
2.81488
2.86629
3.31148
3.54085
3.59127
3.67286
3.12638
3.07256
2.56883
2.51578
2.61016
2.84929
2.46181
2.38836
2.6293
2.67543
2.81574
1.96526
2.55363
2.82703
2.85446
2.84928
2.81299
2.99457
2.06483
2.14308
2.33172
1.96556
1.8599
2.34558
2.33189
2.58346
2.53165
2.66147
2.88816
2.71993
3.89926
2.92879
3.95536
3.1484
3.01562
2.96621
3.1141
2.65271
3.66768
2.46705
2.61282
2.96787
2.77818
3.45287
2.67872
3.58914
3.80201
1.49013
2.45401
1.88787
1.73412
2.04914
2.38995
2.61201
2.6876
1.60046
2.47883
3.03831
3.32847
2.1765
2.89553
2.73871
2.31886
2.59686
3.31922
2.42096
3.40492
2.57358
2.31433
2.16227
3.18766
3.0615
4.06124
2.45212
2.69321
3.3789
3.13497
2.99409
3.65115
3.30833
3.5763
3.0342
1.99917
2.36595
2.56247
2.26063
3.45276
3.19942
2.50581
3.58799
3.02404
2.72081
3.1081
2.4851
1.78368
2.90939
2.13697
2.11792
2.06311
2.0466
3.04248
2.85516
3.60823
3.45694
3.12737
3.6263
3.87343
4.01865
3.80985
4.31692
3.19112
2.99583
3.39789
3.57318
2.84441
3.7702
3.77169
3.35841
3.05203
2.90163
2.83969
2.83934
3.16199
3.11581
2.99804
3.08137
3.00999
2.85894
2.67062
3.10619
3.19011
2.96655
3.22962
3.04938
3.29589
3.27222
3.19274
3.54268
3.16138
2.98486
3.64971
1.8455
3.03719
3.36081
3.48318
3.43699
3.26385
3.30961
2.98602
2.5732
2.31417
2.7973
3.8884
3.28204
3.10919
3.44036
3.64666
3.59061
4.01247
2.82475
3.04904
3.07656
2.54439
2.37243
2.63521
2.41763
2.75007
2.49343
2.78482
3.90436
2.56893
3.01033
2.47416
2.84651
3.14218
2.95666
3.2344
3.16811
3.63536
3.65221
3.5948
3.17653
3.21466
2.50939
2.61267
2.81903
2.40575
2.38733
2.85093
2.55139
2.39431
2.63185
2.65315
2.84018
2.85917
2.6733
2.54746
2.76933
2.40822
1.9608
2.36897
2.36255
2.05845
2.37096
2.63691
1.87507
2.62339
2.66609
2.58948
2.81654
3.84307
3.12276
3.48965
3.26186
2.80464
2.94541
3.02666
3.34266
3.24566
2.86507
2.49546
3.42438
3.13016
3.98269
2.94588
3.36647
4.05504
