1.8075
2.55602
2.52273
2.13803
2.44728
2.67471
3.06051
2.74893
1.76981
2.81874
2.68768
2.94212
2.72142
2.76672
3.03777
2.49699
2.90363
3.18939
2.86715
2.70573
2.30389
2.80021
3.05589
2.75786
3.78999
3.96895
2.84558
3.01167
3.42034
3.08361
3.60147
3.57752
3.55359
3.59422
3.2698
2.96491
2.70104
3.08101
2.71189
3.04646
3.43912
2.79695
3.52685
3.66079
2.75366
2.84548
2.80708
2.63433
2.84606
2.61016
2.49625
2.4484
2.14968
3.1077
3.26615
3.32729
3.67393
2.42035
3.49547
3.18519
3.2003
3.19271
3.39498
2.94418
2.7006
2.70347
2.97298
3.0042
3.09586
3.6707
3.23449
2.88199
2.99884
3.08973
3.16752
3.46074
3.18155
3.00227
2.73726
2.76947
2.74167
2.68824
2.86555
2.96651
3.02732
2.75385
2.67398
3.10259
2.61757
3.0224
3.62529
3.80374
2.59702
3.1966
2.61351
3.219
3.22524
3.29121
3.69626
3.17121
3.27291
3.07626
2.57336
2.94801
3.0537
3.88209
3.01081
3.05108
3.80697
2.86373
3.56699
3.71087
3.08963
3.09197
3.40478
2.79455
2.72171
3.17198
2.20518
3.0034
3.06682
3.32815
3.64571
3.05632
3.11544
3.353
2.82782
3.13741
3.29104
3.83867
3.52934
3.54934
3.36771
3.10826
3.24684
2.74803
3.13578
2.79762
3.24519
2.89661
2.92784
2.97226
3.40071
2.82724
2.80675
2.70852
2.85688
3.09571
3.26399
2.86339
2.91
2.70233
2.9533
2.89523
2.63134
2.76748
2.76007
2.73524
3.26157
2.64474
2.71552
2.63989
3.35145
3.60092
3.00988
2.69624
3.30108
3.23702
3.11488
2.73588
2.98032
3.47541
2.4734
2.74403
3.42477
2.98952
3.5239
2.80063
3.03977
3.28962
1.76371
2.37915
2.54312
2.09724
2.4873
2.53067
2.80932
2.87245
1.83546
3.05327
2.42799
3.1757
2.65896
3.16627
3.1875
2.72692
2.60225
3.36184
2.73542
2.46455
3.0085
2.36383
2.71123
2.8451
3.01131
3.70792
2.84571
3.38018
2.6094
3.24161
3.34356
3.97838
4.10559
4.26984
3.16225
2.75274
2.69232
3.13284
2.66009
2.8717
3.16513
2.59022
3.32787
3.40992
2.78552
2.82344
2.6241
2.68361
2.5917
2.81027
2.59495
2.71878
2.0436
2.87317
3.19211
3.2313
3.32802
3.07972
3.42338
3.09696
3.3089
3.23064
3.88893
3.38858
2.76886
2.68018
3.24049
3.05737
3.49135
3.76726
3.40745
3.02271
2.91068
3.26741
3.15373
3.25321
3.22886
2.88435
3.05819
2.91072
2.6636
2.72978
2.91951
2.89053
3.07753
2.98899
2.82372
3.31274
2.60333
3.0136
3.34897
3.49573
2.52575
3.52087
2.55667
2.8462
3.06937
3.05701
3.04076
3.31104
3.1702
3.04907
2.67612
2.88297
2.8186
3.24561
3.06172
2.97378
3.34292
2.52564
3.41223
2.97752
2.97341
3.09684
3.30136
2.96943
2.79059
2.95125
2.53872
3.33948
3.0032
3.1331
4.03255
2.97103
3.20253
3.30273
3.13087
2.93288
2.91716
3.20525
3.76079
3.51769
3.19845
3.1834
3.40125
2.80501
3.45989
3.02523
3.01061
3.01958
2.79755
2.61775
3.24549
2.88045
2.82743
3.0645
3.32592
3.20945
2.98023
3.14975
3.23653
2.89758
3.0814
2.95253
2.85
3.29984
3.18269
2.84839
2.50679
3.08742
2.88972
3.40012
3.30956
3.1278
2.65908
3.15466
3.09886
3.02773
3.31074
2.67912
3.03575
3.31641
2.657
2.56107
3.37283
2.88555
3.6186
2.89949
3.28023
3.66542
