1.95459
2.78781
2.76797
2.33063
2.60258
2.74759
3.12832
2.86307
1.73668
2.91516
2.98699
3.22061
2.42518
3.14226
3.0136
2.96779
2.88857
3.08312
2.80865
3.04099
3.29272
2.71572
2.88758
3.04837
3.33037
3.66343
2.95897
3.19247
2.7249
3.20456
3.64862
3.6536
3.522
3.6593
3.09644
2.65067
2.69206
3.27788
2.66883
3.05411
3.09558
2.64745
3.20069
3.30154
3.21187
2.71195
2.74904
2.72686
2.58104
2.70236
2.59068
2.6715
2.14968
2.89897
2.81578
3.25028
3.38514
1.86376
3.39136
3.41424
3.86047
3.62837
3.42373
3.21969
3.155
3.06784
3.14761
3.09388
3.26855
3.4399
2.75795
2.66559
2.90639
3.21043
3.28086
3.82432
3.42896
3.13544
2.93739
3.46482
2.84339
3.0406
3.16149
3.0556
2.92968
2.89539
2.97399
3.18933
2.8392
3.06734
3.77614
3.24595
3.06923
3.76915
2.9454
3.02248
3.00413
3.80185
3.07928
3.63632
3.94366
3.35964
2.8641
3.45219
3.32678
3.53774
3.19217
3.45928
3.80164
2.5505
3.45115
3.63529
3.66041
3.08655
3.24105
2.78985
2.9019
3.04233
2.50147
3.30856
3.19704
3.49934
3.94407
3.06907
3.47016
3.32189
2.94108
3.3617
3.39066
3.71596
3.9136
3.81666
3.22865
3.24494
3.10407
3.40104
3.172
3.09256
3.30617
2.99014
3.0923
2.74355
3.1778
2.93245
2.7498
2.8459
3.14675
3.29977
2.90697
3.14548
3.38792
2.68919
3.02813
2.83171
2.75849
3.05976
2.64775
3.04544
3.01804
3.08688
3.16432
3.05809
3.23921
3.66744
3.42881
2.54616
3.50307
3.51089
3.34086
2.54663
3.09107
3.89263
2.75269
2.8664
3.05229
3.61757
3.24071
2.88724
3.43956
3.76215
1.88606
2.51489
2.59264
2.25285
2.53833
2.65052
3.05557
2.77572
1.83549
2.97546
2.55946
2.7629
2.28191
2.99468
2.8317
2.77983
2.8907
3.24659
2.99554
2.76332
2.95875
2.72407
2.85653
2.98564
3.14184
3.50734
2.98665
3.14862
2.86577
2.75121
3.45533
3.75885
3.27468
3.51873
2.9288
2.44292
2.88238
3.26056
2.67772
3.20488
2.95548
2.51254
3.14678
3.30833
2.87906
3.01059
2.72271
2.78537
2.8157
2.5433
2.73239
2.64133
2.00842
3.16208
3.00156
3.24051
3.37247
3.12559
3.56824
3.16898
3.49588
3.40882
3.81149
3.34731
3.12741
2.85701
3.46763
3.07323
3.47062
3.49649
3.04333
2.64811
3.03807
3.27083
3.41055
3.50331
3.17454
3.03561
3.16227
2.99239
3.215
3.2862
3.01865
3.25149
2.98477
2.68888
2.90929
3.05335
2.36679
2.52815
3.39605
3.15248
2.96661
3.58963
2.9151
2.91408
3.35562
3.69341
3.22909
3.13388
3.72463
3.53189
2.90461
3.15029
3.16344
4.21865
3.40283
3.23741
3.3775
3.68727
3.59213
4.41295
3.41834
2.86766
3.58335
2.9553
2.84444
3.07786
2.40906
3.39637
3.59699
3.6113
4.01014
3.1994
3.4244
3.55435
3.05758
3.28383
3.00352
3.38721
3.94353
3.74759
3.35312
3.4228
3.57779
3.47167
3.16021
2.9866
3.35306
2.8199
2.76884
2.79383
3.34418
3.02113
2.74793
2.92744
3.10255
3.13647
3.1458
2.89243
3.14641
2.70305
3.31916
3.07363
2.88155
2.74942
2.91096
3.31318
2.56896
2.9213
2.79152
2.95839
3.43625
3.62163
3.20377
3.04898
3.72896
3.57589
3.10632
2.72966
3.14954
3.63787
3.08625
2.83897
3.16517
3.27878
3.0616
3.44167
3.16769
3.70166
