1.65271
2.80624
2.465
2.11226
2.29075
2.42575
3.05281
2.99097
1.85841
3.23665
2.77409
3.04095
2.31639
2.15803
2.51572
2.43823
2.21709
3.42768
2.5803
2.88476
2.36451
2.38114
2.82079
3.52843
3.62601
3.56854
2.89992
3.13203
2.75316
2.99072
3.23326
4.04599
3.97558
3.82084
3.0669
2.71967
2.80277
3.03763
2.72167
3.18867
2.99189
2.54745
3.49138
3.1334
2.72019
2.9625
2.71049
2.421
2.74591
2.33351
2.90054
2.53529
2.01975
3.19641
3.28691
3.26198
3.56595
2.2263
3.53836
3.03562
3.33688
3.4294
3.506
3.10834
2.84029
2.82705
3.06273
3.13054
3.45031
3.39107
2.91893
3.25707
2.9754
2.79334
2.89829
2.93593
2.97232
3.04044
2.97579
3.03636
2.65986
2.67214
3.05818
2.8172
2.7308
2.65083
2.97226
2.86931
2.77138
3.06373
3.55231
2.7843
2.72419
2.96909
2.2618
3.02192
3.3906
2.9675
2.76052
3.40684
3.5415
2.97543
2.67095
3.01191
3.05164
3.06579
2.92851
3.21749
3.06589
2.69012
3.16346
3.87441
3.35825
3.29547
3.2203
3.01231
2.75587
3.49292
2.07608
2.6966
2.15942
3.19306
3.16771
3.32777
3.23629
3.3411
2.95829
3.02479
3.27637
3.27036
3.39053
3.9105
3.45703
3.24227
3.2208
2.8841
3.17693
3.08629
3.20861
2.8664
2.85026
2.79386
2.8767
2.90605
2.63267
2.42745
3.67487
3.34931
2.90422
3.16984
2.94812
1.99646
3.25105
2.66121
2.8093
3.11769
3.19719
2.77287
2.81744
3.19684
2.77491
3.17437
3.42255
2.98916
2.553
2.69809
3.38553
3.56154
3.12517
2.71525
2.92993
3.40853
2.97698
3.01432
3.59293
3.15274
3.40733
2.53124
3.34125
3.29142
1.57616
2.54002
2.54778
1.99393
2.38368
2.40568
3.01062
3.04888
2.07024
3.14011
2.63469
3.01836
2.20157
2.49613
2.60908
1.96309
2.48349
3.45942
2.64669
2.32292
2.99565
2.63841
2.82989
3.12889
2.84624
3.59429
2.90446
3.34153
2.8237
3.20179
3.29197
3.6503
4.07824
3.95459
3.26745
2.66604
2.60366
3.13588
2.7973
3.26599
3.60541
2.60291
3.47008
3.33599
2.58598
2.85394
2.54425
2.34175
2.99057
2.36139
2.91027
2.81156
2.17543
3.18508
3.32324
3.63324
3.39355
2.32925
3.03719
3.50307
2.99279
3.45118
3.5158
2.97155
2.51619
3.06889
3.27842
3.00325
3.52875
3.71524
3.07417
3.06993
2.99333
3.3645
3.01825
3.36196
3.16371
2.99619
2.80937
3.0772
2.75986
2.87627
3.11887
2.79626
2.95
2.91582
2.77447
2.75741
2.68969
2.94903
3.50173
2.93496
2.47753
2.90732
2.53571
2.97959
2.97827
3.27605
3.27434
3.01942
3.46773
3.04955
2.44705
2.89964
2.87657
3.55375
3.04384
3.16155
3.51704
3.18148
3.37741
3.60341
3.4528
3.01364
3.27928
3.40721
2.73366
3.42398
2.24296
2.8708
2.57943
3.45269
3.70544
2.93561
3.54113
3.35484
3.17015
3.18766
3.1499
3.46428
3.56068
3.79439
3.67543
3.24714
3.59032
2.97044
3.25752
2.88903
3.11048
2.91844
2.52467
2.82231
2.77505
2.6654
2.5319
2.69513
3.31582
3.4203
3.13046
3.07011
2.84094
2.10108
3.06983
2.92022
2.98643
3.26856
2.63747
2.6453
2.84377
3.05174
3.05329
3.03061
3.21938
2.95629
2.35606
3.00478
3.49552
3.39486
3.05188
2.75356
3.06704
3.27435
2.89364
2.67467
3.49413
3.28605
4.00607
2.68617
3.46253
3.48175
