1.92712
2.87901
2.24505
2.23048
2.5303
2.53467
2.93403
2.92011
1.70451
2.76445
3.24444
3.13162
2.41658
2.95092
2.64099
2.74124
2.71331
3.23044
2.73208
2.29202
3.07218
2.67458
2.67538
3.00462
2.97858
3.81166
2.87927
3.24514
2.53788
3.22466
3.48206
3.44598
3.12143
3.68177
2.90634
2.51794
2.6954
3.29421
2.31989
3.13038
3.19502
2.80729
3.10014
3.71641
3.22202
2.39743
3.00983
2.69045
2.38579
2.83096
2.45785
2.38102
2.12025
2.98843
3.05428
3.26558
3.53606
2.22211
3.9065
3.2949
3.28271
3.41333
3.89311
3.16988
2.90603
3.08347
3.1363
3.12447
3.29963
3.53158
3.24712
3.20514
2.96543
3.14948
3.09561
3.2207
3.14935
3.25886
2.85877
2.95398
2.82789
3.13827
2.85309
2.93891
2.85246
2.86531
3.04314
3.715
3.05301
3.38258
3.70071
3.76625
2.98417
3.68682
2.77041
3.0647
3.53279
3.41213
3.26009
3.47457
3.45723
2.97724
2.54098
2.95605
2.8302
3.93351
3.09877
3.47824
4.14509
2.11699
3.36991
4.24411
3.23389
3.27034
3.24261
3.3384
2.8204
3.51774
2.30563
3.05198
2.6294
3.97927
4.00213
2.71349
3.1347
3.31482
2.90177
3.27517
3.30337
3.49356
3.90597
3.63297
3.16463
3.49988
3.2052
3.35045
3.10276
2.86479
2.90112
3.03135
3.10209
2.63193
3.29371
2.94727
2.9158
2.81904
3.09425
3.00496
3.02855
3.02905
3.4426
2.41219
3.053
2.83789
2.54697
2.90274
2.79207
2.66898
2.73934
2.95767
2.97718
3.15911
3.64477
3.77636
3.18881
3.36819
3.06103
3.32776
3.38726
2.80782
3.01551
3.67896
2.5555
3.29868
3.17981
3.28508
3.23977
2.91108
3.23945
3.4678
1.74055
2.89495
2.37236
2.07576
2.45845
2.62005
2.67033
2.93723
1.83187
3.05344
3.03823
3.00893
2.65388
2.92205
2.74807
2.78251
2.63048
3.18397
2.63636
3.03293
2.56502
2.86453
2.48535
3.15536
3.26628
3.66725
2.58064
3.05946
2.68524
3.28733
3.3292
3.65541
3.18222
3.42338
2.99185
2.36724
2.63327
3.03247
2.31595
3.09547
3.23613
2.55828
3.2426
3.17864
2.58524
2.50244
2.47567
2.33065
2.69815
2.42194
2.69282
2.6017
2.03598
3.0288
3.01851
3.6687
3.70544
3.00969
3.79819
3.22922
3.16908
3.15915
3.71203
3.03917
2.92368
2.86874
2.87178
2.99011
3.30699
3.26526
3.08194
2.98947
2.93875
3.12046
3.14308
2.95186
3.43283
3.13071
3.12104
2.99868
2.84681
2.80776
3.07654
2.9462
2.74908
2.99383
2.96545
3.50959
2.84723
2.93591
3.28457
3.89144
2.63427
2.9904
2.63965
3.03411
2.87388
3.17143
3.25168
3.22586
3.68047
3.73848
2.5105
2.88486
3.06251
4.03936
3.16843
3.17022
3.68548
3.16452
3.43377
4.17128
2.95012
3.07732
3.19594
2.9691
2.64323
3.07929
2.41968
3.07652
2.78966
3.85084
4.33174
2.69723
3.29036
3.55018
3.2671
3.20391
3.07978
3.27028
3.79519
3.54148
3.25166
3.24777
3.13921
3.14901
3.19165
3.11976
2.98084
3.02348
2.61866
2.68639
3.21013
2.70367
2.87223
2.71339
2.92758
2.97369
2.78945
2.93267
2.98734
2.28447
2.44392
2.88017
2.90278
2.68025
2.75919
2.60413
2.66419
2.63222
2.89829
3.23647
3.5388
3.81908
2.56667
3.2086
3.3906
3.24861
3.21142
2.81755
2.84342
3.63772
2.54616
2.56252
3.22477
2.95561
3.19701
3.11952
3.14066
3.87848
