1.65591
2.76057
2.3494
2.0055
2.1224
2.44994
2.77948
2.91294
1.51978
3.02918
2.62405
3.22184
2.16308
2.53295
3.0827
2.57842
2.58704
3.38134
2.58241
3.11591
2.74217
2.55448
2.69801
2.93813
3.37486
3.50777
3.06688
3.13883
2.56089
2.9938
3.26638
3.59233
3.83109
3.68793
3.18873
2.23052
2.4721
2.98454
2.37635
2.93941
3.21687
2.55003
3.38429
3.39666
2.68013
2.88643
2.69825
2.64222
2.72545
2.54505
2.32914
2.46039
2.06749
3.08331
3.20575
3.20395
3.8388
1.90551
3.81674
3.26997
3.7564
3.57906
3.87337
3.16385
2.71585
2.50895
3.40876
3.04587
3.6776
3.72707
3.23343
3.32332
3.00355
3.05333
2.91818
3.33552
3.09066
3.05291
3.05246
2.99216
2.79834
2.67851
2.82555
2.91801
2.71256
2.75963
2.9144
3.30952
3.09173
3.13845
3.38935
3.18933
2.45068
3.56736
2.8615
2.99019
3.31227
3.50628
2.99266
3.46783
4.03761
3.49086
2.37722
2.81254
3.03873
3.75461
3.23872
3.41308
3.59151
3.40716
3.57998
3.89389
3.23302
3.02148
3.09773
2.78382
2.78155
3.21374
2.36315
3.17238
2.53901
3.78504
3.55256
2.75954
3.13423
3.2541
2.61628
3.1133
3.18175
3.44593
3.50808
3.35603
3.10994
3.32852
3.33411
2.75528
3.32777
2.88658
3.01295
2.92903
2.67077
2.60711
3.01813
3.02059
2.82244
2.6468
3.34444
2.96918
2.93039
3.0272
3.28306
2.36753
2.30856
2.51306
2.35217
2.62737
2.53769
2.67024
2.93073
2.70318
2.85388
3.21066
3.28224
3.95802
4.08285
3.08828
3.31525
3.23143
2.88447
2.85677
2.8326
3.57512
2.57073
3.04217
3.22497
3.24762
3.6318
3.11865
3.47818
3.43116
1.61649
2.73547
2.02757
1.92554
2.30575
2.46565
2.7114
2.89417
1.64548
2.71998
2.99461
3.01192
2.30218
2.96952
2.77091
2.22765
2.36002
2.91227
2.32349
2.82043
3.1323
2.75738
2.66734
2.56668
3.18409
3.42053
2.80838
3.03644
2.75721
2.88047
3.13623
3.47615
3.36238
3.58063
2.9964
2.46055
2.46924
3.11044
2.36804
3.12921
3.18129
2.56596
3.56467
3.17129
2.79527
2.87346
2.53572
2.57676
2.55135
2.44729
2.54254
2.43761
2.14019
3.00422
3.15999
3.41644
2.8051
2.62075
3.40792
3.0839
3.31439
3.53598
3.65766
3.25397
2.89404
2.46335
3.08511
2.94623
3.39434
3.44332
2.99148
3.20562
2.84682
3.27184
3.13049
3.01383
3.08039
3.00803
2.93415
3.11362
2.53595
2.66628
2.91557
2.82102
2.94257
2.78148
2.73969
3.18598
2.82487
2.83325
3.44828
2.87174
2.37313
3.2662
2.48981
2.80624
3.60844
3.13382
3.20221
3.57528
3.43468
3.16754
2.54967
2.60596
2.82082
4.13929
3.32121
3.31159
3.67926
3.61513
3.08201
3.39488
4.36667
3.2748
3.45429
2.78273
2.75067
3.16447
2.63862
3.12657
2.82305
3.53963
3.70875
2.55865
3.13682
3.10237
3.26799
3.05094
3.21954
3.37698
3.41623
3.35988
3.12214
3.16944
2.99003
2.66765
3.04585
2.48437
2.99963
2.92873
2.66588
2.7239
2.78086
2.87919
2.48181
2.45478
3.43837
3.0085
2.88142
2.95493
3.00244
2.50208
2.30466
2.61622
2.6919
3.01359
2.58412
2.62642
3.28404
2.59823
3.03893
3.061
3.34659
3.38531
2.78782
2.92937
3.04964
3.15914
3.15085
2.99459
2.77757
3.48241
2.47642
2.52146
3.18869
2.89078
3.40814
2.79386
3.26774
3.91017
