1.78655
3.03504
2.76026
2.33188
2.25368
2.45455
3.07256
2.5435
2.25559
2.84963
3.10943
3.09086
2.24603
2.58462
2.68182
2.31532
2.95342
3.5523
3.17005
2.86535
3.12174
3.4863
2.93971
2.43512
2.37814
3.1332
3.27526
2.21142
3.00346
3.17379
3.70667
3.7791
3.58197
4.33281
3.82576
2.46092
2.80127
3.40895
2.37148
3.39345
3.84622
2.57975
2.92503
3.17579
2.89768
2.17717
2.698
1.95011
2.36867
2.77795
2.31285
2.4577
2.31362
2.95795
2.9316
3.02352
4.20375
2.39306
4.1464
3.75483
4.18354
3.91285
3.83253
3.20069
3.58261
3.23507
2.81484
3.88916
3.87635
3.47617
3.7264
2.87935
2.79952
3.74154
3.19607
3.74601
3.3404
3.01623
3.11875
2.96843
2.93997
2.77371
2.94388
3.10462
2.53149
3.06518
3.04773
3.52319
2.92097
3.07599
3.29806
3.15884
3.3334
4.09889
2.8505
3.34363
3.63011
3.32969
2.86699
3.17842
2.98944
3.83664
2.65314
2.41971
2.57881
4.61721
3.68151
3.32912
3.49834
3.24301
3.61231
4.39795
2.82199
3.06972
3.17891
2.83771
2.87656
3.29001
2.31411
3.25495
2.6451
4.04722
3.52166
2.42979
3.00457
4.34976
2.84055
3.02519
3.11125
3.20148
3.48539
3.83464
3.57081
3.34251
3.1804
2.88462
3.2742
2.83489
2.97944
3.15234
2.5698
2.6321
3.73707
2.60647
3.01067
3.09673
2.96396
3.02773
2.99273
3.26645
3.46706
2.97394
3.83967
3.05129
3.00933
2.56817
3.21048
3.54884
3.0685
2.88181
2.89136
3.94006
3.53513
3.99386
3.95767
3.78241
4.48928
3.81228
3.13852
2.78114
2.62279
3.7006
2.58369
2.35229
2.95883
2.88425
3.00739
3.18694
3.35349
3.51773
2.02331
2.23176
2.37206
2.21837
2.33456
2.54606
3.00828
2.37398
2.15108
2.67852
2.69269
2.39789
2.73738
2.50156
2.61568
2.24581
2.31991
2.99297
3.03241
2.60249
3.25535
3.236
2.2613
1.86868
2.60163
3.51425
3.08614
2.65386
3.50831
3.5542
2.9753
3.25022
3.40668
4.01946
3.10016
2.30434
2.29415
2.98934
2.31329
3.00621
3.07506
2.39531
3.49553
3.04484
2.88777
2.3928
2.53644
2.75423
2.37673
2.35559
2.49947
2.56095
2.1458
2.90602
3.11774
2.79341
3.3761
2.12239
4.14035
3.30818
4.29368
4.11953
3.92663
3.71739
2.96222
3.42021
2.77818
3.07157
3.70306
3.65418
3.47752
3.20256
2.45217
2.79492
2.94754
3.37084
3.31409
2.40009
2.50641
2.7191
2.63557
2.52304
2.91138
3.25468
3.26044
3.28022
3.11893
3.94588
3.46123
3.68306
3.74559
3.69179
3.47252
3.81897
2.60437
3.26504
3.1449
2.97451
2.65077
2.74376
2.14346
2.7285
2.23788
2.16198
2.0931
4.59054
3.04779
3.12262
3.72374
3.6399
3.40464
4.60176
3.19644
2.99717
3.15886
2.52039
3.05356
3.5876
1.77965
2.64099
2.29129
4.16567
3.53637
2.28958
2.89867
3.59572
3.02264
3.05246
2.60595
2.71051
3.57504
3.42109
3.26601
3.29289
3.11574
2.76294
3.40979
2.83185
2.60625
2.60467
2.76891
2.59367
3.6472
2.38893
2.93331
2.83837
3.20864
2.83656
2.93271
2.57749
2.99345
2.49387
2.45714
2.88924
3.22267
2.99218
2.8251
2.66395
3.29755
2.96487
3.37748
3.62153
3.24389
4.05981
3.39539
3.6486
3.0952
3.24905
3.09812
3.1664
2.56522
3.7653
2.33806
1.92244
2.80311
2.96417
3.2066
2.76113
3.85978
4.29305
