1.9869
2.77121
2.54047
2.23495
2.36651
2.65867
2.85137
2.72149
1.36579
3.01995
2.91946
3.25061
2.13298
2.65929
2.65932
2.51407
2.62937
3.33623
2.58635
2.7991
3.08041
3.44054
2.98526
2.95555
3.26104
3.32655
2.80303
2.76984
2.82466
3.00829
3.4903
3.61895
3.90098
4.13165
3.23869
2.38373
2.47001
2.87097
2.30599
2.73619
2.81537
2.37802
3.11458
3.06714
2.54048
2.65401
2.43471
2.43765
2.63341
2.63771
2.11719
2.30744
1.93142
2.42443
2.8121
2.93046
3.1862
1.97953
3.0764
3.10689
3.40069
3.3621
3.52263
3.06254
2.73434
3.06693
3.03156
2.9499
3.27535
3.47825
2.93768
3.15507
2.90261
2.91274
3.10366
3.20736
3.21769
2.8196
2.7593
3.18003
2.88756
3.099
2.75983
3.02467
2.79992
2.95806
2.93883
3.48055
2.91709
3.09662
3.72547
2.85063
2.85354
3.30402
2.87548
2.94225
3.13495
3.13191
2.87962
2.87598
3.36525
2.8636
2.82576
2.72673
3.43268
4.07901
3.36464
3.10539
3.75544
2.8539
3.02918
3.83528
3.05446
2.97013
2.99317
3.11282
2.76274
3.47865
2.35513
3.05573
2.80177
3.66555
3.85967
3.29164
3.35304
3.4427
2.9465
3.20017
3.06345
3.39372
3.61852
3.97996
3.47672
3.26424
3.35294
3.29647
3.33808
2.77303
3.03968
3.17638
2.57277
2.81397
3.21365
2.68196
2.97887
2.69597
3.02342
3.01926
2.97251
3.03534
3.01089
2.43542
2.83039
3.21089
2.53786
2.45458
2.8992
2.85611
2.37618
2.70452
3.10136
3.12156
3.36347
3.842
3.37497
3.42709
3.84883
3.45184
3.06671
2.68663
2.92038
3.76942
2.66521
3.12839
3.57763
3.25193
3.63871
2.9471
3.13313
3.2724
1.96783
2.92899
2.27643
2.1937
2.40323
2.5246
2.77292
2.79914
1.51974
2.7269
2.68653
2.83872
2.12776
2.8189
2.75711
2.46817
2.44106
3.1722
2.56464
2.71477
2.93961
2.80839
2.71102
2.77624
2.96137
2.97881
2.8687
3.05608
2.46382
2.96231
3.32962
3.35783
3.87693
3.75179
2.98694
2.33987
2.43942
2.68059
2.316
2.96616
2.82007
2.40543
2.97242
3.154
2.61297
2.46815
2.66071
2.4401
2.36829
2.66671
2.42846
2.29894
1.83463
2.90349
2.85309
3.21697
3.42681
2.03809
3.4308
3.73833
3.35364
3.12429
3.43623
3.2528
2.90218
3.1851
3.05369
2.9469
3.36327
3.33302
3.29486
3.01036
3.0065
3.16802
2.96547
2.95525
2.98617
2.85357
2.92491
3.04537
2.77479
2.8691
2.93796
2.61741
2.98763
2.79367
2.94635
3.38534
2.83153
2.95752
3.5199
3.23777
2.82698
3.18233
2.70059
2.78158
2.74276
3.05522
2.96318
3.23473
3.53729
3.10679
2.51837
2.96578
3.51053
4.13504
3.41321
3.06739
3.98179
3.55588
3.19172
3.86641
3.04711
2.89941
3.25948
2.96888
2.56263
3.46182
2.6855
3.01347
2.94648
3.28999
4.01784
2.90061
3.09718
3.74382
2.96808
3.06751
3.10648
3.35784
3.62191
3.62859
3.26662
3.29553
3.27433
3.0869
3.08751
2.96966
2.86149
2.83055
2.83875
2.50616
3.40641
2.76313
2.95512
2.95975
2.97546
2.98907
3.18685
3.26453
2.91457
2.22744
2.85188
2.82977
2.77565
2.88145
3.14267
2.95326
2.74676
2.74009
2.73948
3.31499
3.48306
3.24042
2.89574
3.34021
3.64537
3.45103
2.89562
2.71985
2.8772
3.37221
2.982
3.05179
3.06281
2.86348
3.29725
2.62924
3.15678
3.23549
