1.7578
2.65088
2.48424
2.28122
2.4779
2.67512
2.7295
2.83797
1.645
2.92721
2.99745
3.18654
2.46003
3.25338
2.55867
2.43626
2.37552
3.53567
2.60339
3.01022
3.304
3.21371
2.89632
3.17945
3.4112
3.19104
2.74606
3.25247
2.51166
3.37717
3.83943
4.01838
3.95655
3.20038
3.13268
2.2738
2.57287
3.28078
2.35247
3.12758
3.27112
2.42426
2.89325
3.04088
2.3556
2.34598
2.32989
2.45919
2.29545
2.49731
2.45069
2.33421
2.12656
2.97463
2.80633
3.26605
3.2711
2.73878
3.80825
3.53921
4.21859
3.44311
3.61701
3.14656
2.90896
2.85814
3.14932
2.65819
3.64946
3.6224
3.06909
3.77348
2.77896
3.07646
3.60703
3.59914
3.42125
3.04311
2.87823
3.17094
2.58072
3.18883
2.87888
2.94085
2.63147
2.87088
2.65901
3.48168
3.16944
3.1602
3.39653
2.97623
2.58679
3.40972
2.75076
3.09326
2.91822
3.40425
3.05666
3.13812
2.9791
2.87473
3.07204
3.06223
2.96654
3.6742
2.99308
3.24052
3.71543
2.01884
3.33319
3.78566
3.18456
3.23094
2.83373
2.74533
2.8229
3.05442
2.64981
3.11655
3.31769
3.31673
3.6937
3.19036
3.6171
4.11711
2.80497
2.88375
3.26548
3.50717
3.15022
3.40285
3.63001
3.5378
3.55089
3.16863
3.2989
3.46047
3.37242
3.27266
2.49718
2.54552
3.11621
3.12059
2.94762
2.88936
3.35503
2.97062
2.96315
3.16366
3.07967
2.23041
3.41514
2.79397
3.3142
2.96588
3.05568
3.0306
2.73198
3.34992
2.66336
2.7836
3.35494
3.81029
3.61766
2.27687
3.62602
3.31592
3.00898
3.06465
2.88973
3.5112
2.59793
2.70243
3.64864
3.12499
3.28713
2.72239
3.28014
3.74896
1.82899
2.93626
2.49895
2.08602
2.6403
2.6352
3.21725
2.88903
1.60695
2.68132
2.97778
3.37588
1.88611
3.40313
2.61821
2.44608
2.47448
3.05322
2.27627
2.72437
2.50269
2.95619
2.76523
3.2256
3.21506
3.34247
2.67778
3.20104
2.82026
3.06766
3.96618
3.97209
3.99972
3.6854
3.07836
2.15444
2.86848
3.57099
2.61626
3.25289
3.1817
2.24618
2.97413
3.21995
2.67322
2.75287
2.29202
2.5448
2.50771
2.57793
2.62438
2.45732
2.20836
2.9406
2.97274
3.19258
3.75889
3.46584
3.8123
3.39964
3.7495
3.51532
3.76174
3.35972
3.38167
2.60694
3.10227
2.92397
3.638
3.56064
3.1328
3.48839
2.84722
3.22382
3.07957
3.59336
3.00958
3.08676
2.95212
3.07168
2.90121
2.79454
3.03645
3.26207
2.94488
3.03708
3.06926
3.64869
2.69773
3.59178
3.49233
3.01219
3.35863
3.3742
2.59532
2.89716
3.15573
2.77218
2.98708
3.21269
3.58376
3.36742
2.78744
3.18083
3.19388
4.15287
3.06432
3.41664
3.92993
3.1509
3.45632
3.8533
3.26278
3.08073
3.27493
3.37317
2.76647
3.5717
2.48015
3.19865
3.24623
3.50049
3.355
2.85118
3.0886
3.84412
3.06544
2.89104
3.03104
3.20694
3.49414
3.50083
3.49635
3.54817
3.38243
3.60767
3.21792
3.41277
3.07557
3.18485
3.20859
2.6855
2.95061
2.60672
2.69689
2.58429
3.52102
2.95808
3.14377
2.84512
2.90486
2.37421
2.87528
3.1766
3.11145
2.97751
2.49257
2.87019
2.6247
3.33782
2.72644
3.21883
3.61639
3.98233
3.60586
3.20407
3.69974
3.46062
3.20968
3.32021
2.84915
3.42519
2.99308
3.32411
3.48921
2.85538
3.36328
2.71962
3.30623
4.02793
