2.07819
3.32413
2.60949
2.36094
2.53392
2.74949
2.78987
3.11074
2.04934
3.30331
3.18172
3.0356
2.72143
2.40031
2.97393
2.62992
2.75832
3.47414
2.64871
2.76843
3.22884
2.94528
3.07756
3.01664
3.457
3.82785
3.13728
3.04864
3.00194
3.31675
3.27074
3.65896
3.23038
3.22683
3.04878
2.72018
2.55814
2.90724
2.80811
2.79878
3.2242
2.87113
3.34968
3.20043
2.7449
3.17718
3.26229
2.82936
3.07364
2.91638
2.89361
2.8251
2.22648
3.25322
3.18165
3.18089
3.89919
2.30844
3.61757
3.63111
3.61514
3.60277
3.94779
2.73681
2.89734
3.12426
3.22808
3.01829
3.68741
3.5053
3.26007
2.86069
2.88775
3.15949
3.09037
3.51182
3.20654
3.09099
2.85369
2.95625
3.00577
2.67304
2.87201
2.91166
2.79285
2.80126
3.07002
3.35263
2.68706
3.48303
3.80747
3.58609
2.92281
3.73097
3.0739
3.14609
3.54247
3.56045
3.34124
3.49574
4.32601
3.98452
3.23623
3.01072
3.27586
3.81344
3.62707
3.3084
3.96913
3.08886
3.72471
4.11194
3.70835
3.39486
3.43101
2.97507
3.11465
3.39548
2.25048
3.16218
2.34613
4.00987
4.05044
3.15394
3.92059
3.70319
2.74566
3.31373
3.37145
3.32788
4.05567
3.75177
3.38315
3.50369
3.35222
3.43654
3.74926
3.34119
3.22056
2.98632
3.19248
2.67091
3.17133
3.23573
2.99827
2.84926
3.38855
3.2827
3.1551
3.33481
3.65578
2.70358
3.14977
3.19155
2.90217
3.48046
3.48103
2.80369
3.09899
3.07244
2.69914
3.26842
3.32815
3.26811
2.8217
2.88505
3.60336
3.75781
3.04045
2.62893
2.8656
3.77939
3.09202
3.10855
3.75597
3.3653
3.64481
2.93033
4.02072
3.84763
1.97903
3.07848
2.45185
2.30098
2.64188
2.74835
2.83298
3.18257
1.90114
3.4364
3.59314
3.30637
2.72948
2.84749
2.73029
2.74256
2.98284
3.33633
2.84272
2.74221
3.26779
2.89978
2.76595
2.97698
2.84708
3.72602
3.15526
3.08244
2.92569
3.2531
3.26195
3.73671
3.23224
3.5714
3.12485
2.54811
2.64856
2.97092
2.53229
3.36549
3.62863
2.70304
3.66294
3.1595
2.8529
3.07097
3.08749
2.6072
2.99715
3.1651
2.79989
2.81864
2.42995
3.10412
3.22337
3.32303
3.71283
2.27835
3.22271
3.32442
3.32553
3.3001
3.81666
3.37477
3.08738
3.43414
3.19159
3.18937
3.68694
3.80085
3.40448
3.30446
3.00551
3.14375
2.9757
3.40398
3.12365
2.96422
2.79019
2.99625
2.71516
2.89681
2.82522
3.00185
2.83306
2.84628
2.95462
3.63905
2.57209
2.93422
3.3349
3.26146
2.85167
3.64153
2.97963
3.16993
3.20863
4.03606
3.23286
3.64172
3.64615
3.89715
3.29498
3.3079
2.98714
3.80582
3.80001
3.52227
4.3716
3.40371
3.55313
4.13619
3.5246
3.4613
3.34627
3.09808
2.91962
3.42693
2.51022
2.97737
2.86764
4.04835
4.0583
3.21913
4.04124
4.0664
3.34363
3.46292
3.07672
3.0355
3.85491
3.86141
3.01894
3.45297
3.22908
3.07429
3.31688
3.36295
3.02582
3.10778
3.03112
2.71501
2.82588
3.05102
2.90932
2.74722
3.40868
3.18641
3.3343
3.03622
3.32886
2.97266
2.78375
3.10464
3.25988
2.95845
3.14988
2.80841
2.84337
3.34005
3.09583
3.12136
3.48968
3.73196
2.82248
3.17961
3.82119
3.38836
3.01092
2.68898
2.83826
3.60645
3.41421
2.94428
3.46228
3.17665
3.53426
3.14135
3.89175
4.0086
