1.75849
2.90723
2.45012
2.28334
2.51576
2.68432
2.8444
3.08463
1.94292
2.71458
3.04595
2.8397
2.15313
2.47073
2.67723
2.67394
2.4865
3.25253
2.55418
3.03968
2.86574
3.13852
2.69619
3.19367
3.20142
3.45109
3.00876
2.82622
3.02655
3.02041
3.39548
3.19205
3.3641
3.93156
3.56727
2.60542
2.70993
3.00305
2.52938
3.31209
3.00242
2.36386
3.31936
3.06812
2.71977
2.69209
2.48537
2.3716
2.44368
2.38826
2.56093
2.47764
2.04551
2.96258
3.02089
3.27619
3.39914
2.25086
3.17531
3.06172
3.04438
3.67449
3.39368
3.01335
2.71224
3.37399
3.12771
3.10129
3.44029
3.41039
3.04318
3.21398
2.9608
3.35168
3.27448
3.47153
3.04645
3.03403
2.99425
2.88301
2.89849
2.96652
3.06355
2.88673
3.01468
2.82963
2.92488
3.78827
3.26456
3.17495
3.53823
3.65505
2.55065
3.90622
2.476
2.86226
3.02997
3.17803
3.19711
3.57053
3.46714
3.57601
2.93373
2.76511
3.23231
3.9641
3.01226
3.39847
3.99498
3.08736
3.66679
4.31258
3.53387
3.51754
3.41888
2.72568
2.7635
3.17665
2.16387
3.07424
2.75723
3.84196
3.87746
3.28839
3.22934
3.78816
2.73433
2.89028
2.85005
3.24305
3.77258
3.76225
3.14049
3.28267
2.89
3.38515
2.96205
3.21942
3.08874
3.09193
2.81549
2.5889
3.06621
2.78283
2.53714
2.93845
3.13027
3.16459
2.7826
3.0072
3.08332
2.5476
3.47062
2.97269
3.03572
2.67123
2.66427
2.86979
2.93354
2.58143
2.79783
3.18061
3.32554
3.85823
2.55496
3.49268
3.75423
3.60389
3.19544
2.9772
2.78224
3.61123
3.39723
3.02858
3.63996
3.03349
3.11949
3.32067
3.1759
3.38378
1.70653
2.72813
2.38834
2.16886
2.54086
2.63413
2.98492
2.93708
1.87206
3.02101
3.08984
3.03416
2.22298
2.91413
2.6031
2.5573
2.65918
3.29034
2.51475
2.83821
2.94176
2.76422
2.58051
2.83566
3.34048
3.39782
3.05959
3.03537
2.86509
2.82191
3.25604
3.35891
3.27539
3.56865
2.82175
2.93813
3.14327
3.19762
2.44758
3.4994
3.05836
2.48588
3.49479
3.33398
2.46099
2.59388
2.60673
2.38038
2.91074
2.69763
2.63821
2.47727
2.2206
3.13934
3.20081
3.19896
3.17471
2.58813
3.22702
3.15104
3.18051
3.75897
3.28038
2.78954
3.03344
3.36586
3.14897
3.14256
3.20153
3.54255
3.02401
3.00619
3.13416
3.36921
3.07328
3.33419
3.03404
2.96354
2.97958
2.85987
2.70913
2.83796
3.07577
2.93876
2.68261
2.76503
2.96635
3.42979
2.80171
2.77112
3.68328
3.91009
2.63499
3.35829
2.88176
3.02771
3.27354
3.23076
3.36693
3.24857
3.58432
3.79278
2.97333
2.71046
2.9294
3.95166
3.46639
3.39272
4.06917
4.18122
3.44299
4.22784
3.31845
3.4864
3.42078
2.74761
2.64085
3.29469
2.03593
2.78128
3.03972
3.74967
3.77826
3.00741
3.12345
3.13145
3.05559
2.98741
2.72901
3.15219
3.6567
3.43209
3.03912
3.12506
3.03713
2.83937
3.09817
3.02696
3.0786
3.11451
2.50124
2.68725
3.23906
2.69819
2.87983
2.85319
3.11973
2.9552
2.91285
3.00357
3.18855
2.47616
3.39979
2.60004
2.40049
2.98111
2.96321
2.6269
3.02612
3.07975
2.71001
3.09549
3.49441
3.68144
2.57452
3.5426
3.87551
3.15913
3.2225
2.71105
2.60354
3.7201
2.92679
3.09957
3.38327
3.21142
3.1039
3.3768
3.52262
3.58624
