1.75707
2.74693
2.41654
2.06338
2.23372
2.66087
3.06064
2.85941
1.65103
3.2767
2.7088
2.93038
2.41037
2.51072
2.74999
2.67321
2.4286
2.79701
2.42712
2.56164
3.00457
2.779
2.54258
2.82086
3.08372
3.85422
2.66803
2.79908
3.23522
2.95245
3.04939
3.40297
3.47806
3.42782
2.90737
2.30339
2.60109
3.09639
2.51153
3.14347
3.30127
2.61265
3.28779
3.33239
2.55069
2.88645
2.56931
2.29036
2.58961
2.48675
2.56376
2.39216
2.03392
2.92559
2.90918
3.3342
3.05293
2.91024
3.78535
3.32837
3.49208
3.29294
3.62004
3.00579
2.97333
3.00642
3.11767
2.96899
3.41318
3.47846
2.90977
3.16762
2.94259
3.31104
3.25852
2.95249
3.31211
2.88492
3.0433
2.99667
2.85308
2.65774
2.96355
2.86092
2.84543
2.84201
2.78863
3.17527
2.71341
3.11613
3.4635
3.25525
2.84648
3.4018
2.11977
2.88456
3.25454
3.20574
3.05488
3.30631
3.51161
2.89908
2.41277
2.63066
3.04274
3.74211
3.57114
3.17031
3.55483
3.07475
3.71079
4.26253
3.19385
3.00649
3.16664
2.68668
2.73241
3.18771
2.12591
2.75845
2.63543
3.49893
3.54114
2.80894
3.32689
3.51029
2.64703
3.27479
3.09295
3.09918
3.52785
3.69459
3.31557
2.90258
3.27872
3.66088
3.08909
2.66873
3.28649
2.92774
2.67884
2.63262
3.24131
2.94667
2.57098
2.73067
3.41333
3.27773
3.03504
3.04219
2.99611
2.63512
2.85714
2.87465
2.49933
2.57793
2.76664
2.49626
2.79745
2.56611
2.69682
2.95308
2.77713
3.62732
2.59477
3.12714
3.44869
3.2618
2.78804
2.75054
2.59299
3.48952
2.56566
2.93814
3.47961
2.75838
3.47798
2.74108
3.22529
3.55151
1.77493
2.52791
2.28987
2.13851
2.34273
2.60316
3.25721
2.76075
1.71869
3.02112
2.59899
3.05616
2.40578
2.62644
2.68607
2.66937
2.53572
3.22162
2.63001
2.20323
2.74206
2.74011
2.51772
2.70972
2.91348
3.68872
2.62501
2.81903
2.46393
3.04129
3.27635
3.3151
3.2506
3.25661
2.79738
2.55981
2.74934
2.94392
2.52123
3.40561
3.14065
2.67578
3.70661
3.58104
2.72926
2.70798
2.79309
2.81291
2.46618
2.4033
2.63215
2.55311
1.91552
3.07596
3.0652
3.47046
3.2475
2.92092
3.42565
3.11901
3.50832
3.22039
3.37046
2.70732
2.90237
2.76376
3.18952
3.18074
3.30384
3.59908
3.01941
3.2516
3.21738
3.0894
3.11917
2.96582
3.01964
3.09616
2.86628
3.18454
2.9979
2.57485
3.07412
2.95083
3.24567
2.79222
3.05276
3.48963
3.2015
3.19286
3.03433
3.2807
2.4578
3.59958
2.90869
2.89591
3.15061
3.61143
3.00787
3.11683
3.13485
3.33121
2.75843
2.85135
2.74995
4.32302
3.22232
3.01029
3.50716
3.50727
3.55812
4.42048
3.43409
2.8804
3.45192
3.02945
2.74636
3.3109
2.26043
2.6252
2.93735
3.62844
3.82644
2.70121
3.22528
3.19438
2.8151
3.42821
2.86129
3.07555
3.5874
3.26678
3.11872
3.08966
3.4182
2.99961
3.39058
2.96939
2.6498
3.37137
3.31197
2.44326
3.02819
2.68804
2.67017
2.55671
3.36166
3.16621
2.94358
3.05882
2.93826
2.47401
2.28093
2.86904
2.71346
2.38623
2.51967
2.79409
2.51747
2.75679
2.67647
3.32494
3.27606
3.91483
3.02362
2.92154
3.43728
3.23653
3.01309
2.79284
2.97356
4.02087
3.01663
2.62646
3.14657
3.37614
2.8255
2.79302
3.2629
3.56417
