1.88235
2.40038
2.39328
2.18667
2.55484
2.618
3.153
2.76572
2.01649
3.05711
2.71969
3.20174
2.37919
2.82667
3.21642
2.57289
2.53832
2.89757
2.69056
3.0006
3.26706
2.70383
2.51117
3.20266
3.28047
3.41014
3.56581
3.23927
2.99702
3.50305
3.73278
3.35054
3.44675
3.86415
3.27425
2.39666
2.95796
3.18445
2.47311
3.51807
3.1953
2.53707
4.0724
3.16572
3.10351
2.55579
2.7015
2.84531
3.14975
2.94676
2.91713
2.53651
1.99694
3.18509
2.87677
3.64986
3.66744
2.17426
3.48568
3.15333
3.88651
3.37708
3.88522
3.30271
3.27498
2.7958
3.20258
3.18942
3.76655
3.74315
3.19263
3.36395
3.14883
2.9068
2.78151
3.10724
2.93966
3.10389
3.5789
3.14787
3.01111
3.08374
2.86722
2.8914
2.64716
3.12384
3.82636
3.65274
3.83194
3.56986
3.50731
3.00325
2.7439
3.80151
2.99578
3.28714
3.11007
3.40337
3.5967
3.50455
4.00363
3.32764
2.74625
2.98701
3.26417
3.77155
3.11889
3.41059
4.19046
2.84774
3.46751
4.02238
3.16381
3.24451
3.72262
3.00903
2.74845
3.2859
2.44557
2.59016
2.77737
3.69137
3.27103
2.81636
3.09827
3.28661
3.00818
2.96243
3.18554
3.68038
3.50025
3.6305
3.45509
3.25682
3.21169
2.85342
3.36066
2.99368
3.32101
3.41904
2.99552
3.17454
3.08177
2.71044
3.06943
2.9729
3.21018
3.43923
3.31313
3.16649
3.32084
2.32734
2.73183
2.96069
2.54799
3.22343
3.0835
2.84298
2.64208
2.88497
3.05342
3.83094
3.24883
3.81137
3.15353
3.59488
3.95504
3.76098
2.94315
2.81174
3.0119
3.40204
2.96945
2.69576
3.29557
3.00083
3.52961
2.71732
3.68492
3.58135
1.83226
2.50529
2.31975
2.11419
2.23857
2.3204
2.44986
2.7519
1.86429
3.13924
3.51065
3.05475
2.21842
3.0622
2.78323
2.36364
2.6756
3.35034
2.45462
2.82234
3.08627
2.38456
2.95195
2.72751
2.72407
3.37393
3.43505
3.2583
3.01154
3.53082
3.05273
3.5246
3.31619
3.79592
3.13883
1.9019
2.83709
3.27251
2.29692
3.53487
3.14747
2.79759
3.29282
3.83686
2.84643
3.07339
2.75404
2.67392
2.81888
2.60329
2.9545
2.60227
1.92572
3.29891
3.17384
3.79678
3.54353
2.65703
3.01525
3.12203
4.40506
3.54503
3.80261
3.28452
3.11038
3.27846
3.24843
3.22818
3.6522
3.67218
2.97566
3.31689
3.15598
2.75895
2.96063
3.50127
3.20246
3.16095
3.33086
3.22396
3.43278
2.96221
2.82588
2.82594
2.82231
2.94912
3.04735
3.25551
3.38697
3.02185
3.57122
3.08691
3.1722
3.47461
2.64818
3.43197
3.14235
3.55014
3.36845
3.62507
4.21891
3.27914
2.7583
2.81184
2.88186
3.75163
2.78732
3.32738
3.7151
3.3681
3.67954
4.42571
3.16806
2.79985
3.33016
3.37645
2.85293
2.96073
3.03684
2.52055
2.87735
3.25331
3.52681
2.43327
3.10294
3.33703
3.35003
3.0254
2.97897
2.94945
3.65243
3.54665
3.3998
3.86567
3.44307
2.96682
3.18813
2.95677
2.85124
2.84638
3.27908
2.82453
3.16386
2.5836
2.94207
2.80085
3.39748
3.40835
3.16157
3.28122
3.25719
2.40151
3.47521
3.09064
3.05131
3.34961
3.07585
2.70159
2.80327
2.46086
3.04291
3.1192
3.62373
4.23409
3.02899
3.48292
3.56553
3.42266
3.13869
2.7278
2.91054
3.88845
2.72891
2.5201
3.21009
2.84978
3.45159
2.80183
3.6176
4.41058
