1.93426
2.7079
2.20184
2.14509
2.49909
2.71813
3.30761
2.98613
1.95192
2.76784
2.57483
3.0296
2.70187
2.41372
2.99103
2.66566
2.6527
2.85077
2.81294
2.63744
3.13583
2.76288
2.80192
2.73207
3.30009
3.74276
2.92711
2.93278
3.11271
3.12701
3.02278
3.76594
3.40273
3.09175
2.82529
2.36851
2.88941
3.24928
2.50888
2.98833
3.02516
2.80515
3.54522
3.35094
3.02993
2.53819
2.57701
2.46677
2.3573
2.65613
2.57527
2.7819
2.11701
2.92904
3.13925
3.09823
3.54064
1.94557
3.71455
3.1729
3.99774
3.51071
3.91557
3.31074
3.80753
3.62802
3.40059
2.933
3.55335
3.80676
3.45226
3.27988
3.03133
3.19642
3.21057
3.22979
3.2989
3.03047
3.09396
3.05673
3.04232
3.15628
3.14118
3.33081
2.74857
2.86175
3.30762
3.39966
3.11515
3.39795
3.68408
3.55902
2.76867
3.10272
2.61299
3.04912
3.38668
3.46157
3.23575
3.22301
3.36515
3.16657
2.98833
2.82721
3.14424
3.54084
3.17467
3.6057
4.00386
2.88502
3.56063
4.42741
3.16323
2.93065
3.15854
3.15508
2.83723
3.10781
2.35892
3.04152
2.29931
3.77333
3.87283
3.22764
3.60201
3.35468
3.22726
3.43794
3.25416
3.44089
3.78362
3.75098
3.19813
3.05723
2.99893
2.92489
3.23243
2.79427
3.13872
2.7609
2.66371
2.48619
3.64654
2.79257
2.77013
3.0945
3.24876
3.06987
2.84303
2.94371
3.47816
2.44255
2.94233
3.07873
2.60266
2.71709
2.84264
2.70993
3.09793
2.95403
2.89317
3.07525
3.54911
3.97348
4.60116
3.14073
3.94729
3.45885
3.26406
2.84114
2.9895
3.78159
3.09007
2.86158
3.28698
3.40976
3.37899
3.13478
3.22495
3.35467
1.83038
2.38603
2.72876
2.3246
2.51894
2.64518
3.18198
3.14869
1.88827
2.95527
2.6778
3.31542
2.26003
2.39971
2.69198
2.74133
2.61039
2.96923
2.80809
2.45828
2.71694
3.17605
2.6426
2.99341
3.10584
3.81802
3.24968
3.31105
3.38458
3.01452
3.32285
3.96719
3.95424
4.07736
3.1646
2.69042
2.89094
3.1122
2.65457
3.36213
3.22813
2.53359
3.86377
3.47143
2.98882
2.75455
2.54148
2.67513
2.68673
2.47405
2.55485
2.5524
2.38599
2.92791
3.43698
3.24984
3.53144
2.38023
3.56471
3.57694
3.48828
3.59766
4.16326
3.47558
2.87386
3.26377
3.3059
3.02417
3.71778
3.91066
3.23411
3.54065
3.26785
3.77434
3.1383
2.83288
3.38906
2.95321
3.10172
2.9729
3.00429
2.9253
2.91751
3.24354
2.9378
3.09874
3.41709
3.54197
3.08119
3.28607
3.35666
3.40199
2.68835
3.16547
2.7702
3.01054
2.97138
3.26233
3.34559
3.52877
3.29136
3.55953
2.64569
2.57851
3.24475
4.07544
3.23967
3.43315
3.84189
3.47978
3.49507
4.35306
3.38192
2.75053
3.20631
2.70203
2.73597
3.72049
2.38469
3.00471
2.45618
4.35084
3.84175
3.16696
3.1243
3.57384
3.40003
3.06855
2.82089
3.27541
3.77125
3.49033
3.21132
3.21271
3.33566
3.00171
3.25833
2.98592
2.90406
3.08555
2.90022
2.90304
3.21355
2.85708
2.88514
2.64545
2.99681
3.05483
3.13283
3.14882
3.40669
2.59967
2.78327
2.59499
3.4573
2.80562
3.1839
2.80256
2.61779
3.00979
2.52923
3.16532
3.32861
3.23447
2.64872
3.08641
3.22752
3.76208
3.42578
2.81532
2.91672
3.34179
3.4241
2.73441
3.44728
3.01866
3.694
3.04369
3.27817
3.75094
