1.95957
2.81565
2.40756
2.15386
2.4026
2.77715
2.94565
2.95228
1.7937
3.19179
2.9584
3.5787
2.42955
2.57976
2.72634
2.72582
2.75172
3.15129
2.48923
2.95375
2.88608
2.71191
2.28434
3.09458
3.43196
3.7897
3.29896
2.90793
3.02524
3.64655
3.43762
3.69259
3.30119
3.93879
3.20632
2.94779
2.662
2.91644
2.52602
3.07091
3.26492
2.80609
3.72095
3.27555
2.95687
2.68195
2.80703
2.88942
3.00645
2.90269
2.82259
2.72071
2.10132
3.05485
3.12192
3.76931
3.38545
1.87013
3.71032
3.52374
3.04953
3.60464
4.13408
2.60671
2.87867
2.86998
3.2522
3.03246
3.57618
3.6173
3.29534
2.9585
2.84538
3.27095
3.52985
3.37172
3.32362
3.17856
3.03205
2.98264
2.89553
3.02123
2.98718
3.11903
2.86278
2.99228
3.04954
3.33695
2.75836
3.35634
3.38431
3.38138
2.71785
2.96155
3.13666
2.98673
3.21824
3.4947
3.71707
3.38344
3.8269
3.40819
2.75211
2.83038
3.13582
3.46379
3.05739
3.6436
3.85679
2.95575
3.52631
4.50948
3.18953
3.08917
3.21928
3.12114
2.77622
2.48164
2.11472
3.10833
2.64889
3.60544
3.75025
2.93067
3.21554
2.8003
3.12521
2.97516
3.38718
3.31968
3.56629
3.83779
3.36536
3.57128
3.06948
3.27031
3.94002
3.48475
3.21547
3.22979
3.02778
2.62886
3.11184
2.79181
3.17474
2.86976
3.1964
3.35998
3.16712
3.06108
3.051
2.69247
2.66879
3.60576
2.75384
2.88866
3.09351
2.85617
2.82
2.67933
2.65403
3.44472
3.53378
3.22774
2.62477
2.82911
3.21096
3.40365
3.29606
3.0426
3.34992
3.91121
2.61395
2.52075
3.47208
3.49702
3.58148
2.78297
3.59001
3.21993
1.87887
2.9155
2.04217
2.09053
2.36744
2.74852
2.68778
3.0406
1.92773
3.0816
2.72582
3.05361
2.19922
2.34514
2.80845
2.43135
2.59083
3.52529
2.59266
2.56251
3.09387
2.6944
2.73012
2.84765
2.99641
3.65817
3.01758
3.29061
3.27592
3.09328
3.52995
3.83539
3.05087
4.06265
3.06461
2.47723
2.57919
3.13125
2.6488
3.53213
3.32742
3.033
3.63816
3.48293
3.23676
2.77107
2.40701
3.06877
2.99626
2.74247
2.89829
2.71953
2.13574
3.20746
3.19598
3.29122
3.58162
2.35353
3.31377
3.54266
2.8615
3.9849
4.11567
3.22907
2.50682
3.50574
3.37859
3.14907
3.51193
3.52408
3.17765
3.08123
3.12838
3.08697
3.32746
3.72648
3.50149
3.1594
3.34675
3.22679
3.1793
3.57921
3.0047
3.42442
2.79133
2.92762
3.08857
3.16346
2.90447
3.28451
3.52487
3.5014
2.50865
3.47531
2.56721
3.01592
3.19481
2.76194
3.44682
3.31061
3.36924
3.52455
2.73886
3.00803
3.25447
2.84034
3.48834
3.11257
3.33647
3.92434
3.62722
4.48437
3.528
3.11473
3.1951
3.02547
3.0809
2.33297
2.35686
2.82244
2.816
3.49572
4.33432
2.67327
3.6754
2.91862
2.90552
3.2073
3.27175
3.26787
3.73226
3.73312
3.39644
3.3844
3.2169
3.26945
3.42358
2.9883
3.07123
3.1749
3.14786
2.56565
3.2393
2.69469
2.9277
2.90812
3.47291
3.22511
3.10245
3.09268
2.98622
2.35523
2.46109
2.87706
2.81869
2.6081
2.87873
2.70923
2.67047
2.81248
2.78539
3.9076
3.31943
2.95166
2.31971
2.96386
3.08422
3.04527
3.24399
3.01529
3.22007
3.95444
2.73398
2.2752
3.43805
3.20866
3.52752
2.27897
3.3826
3.17645
