2.30936
2.61143
2.46176
2.65634
2.54666
2.95438
3.5489
2.91525
1.8177
3.68199
2.85869
3.47076
2.68581
2.76494
3.10046
3.25937
2.57129
3.71555
2.68285
3.53855
3.23334
3.03734
3.05289
3.2962
3.27176
3.93924
3.28457
3.33973
3.59812
4.09229
3.66188
4.18866
3.84523
4.03757
3.47447
3.06275
3.27883
3.5501
2.97034
3.43365
3.36777
2.35902
3.85835
3.52969
3.36812
2.82864
2.73391
3.16687
3.56789
3.17613
2.54546
2.62933
2.37452
3.11502
3.09602
3.65198
3.45117
2.20656
3.62222
4.05207
3.27993
3.87188
4.01968
3.44952
3.13878
3.52489
3.53529
3.4045
3.95815
4.11667
3.44532
3.89395
3.3577
3.55792
3.65256
3.85234
3.83729
3.57709
3.44722
3.08659
3.31695
3.14725
3.25539
3.48729
3.61411
3.47314
3.69717
2.31402
3.36835
3.03803
3.02498
3.28461
2.92347
3.97952
2.80088
3.15273
3.29904
3.4796
3.91006
3.50778
3.67548
3.62179
2.95968
2.87677
3.08865
3.67332
3.42712
3.50463
4.01539
2.69891
3.49049
3.60529
3.68879
2.98061
3.22913
2.90135
2.9976
2.95452
2.19489
2.89162
2.75005
3.87812
3.97024
2.83516
3.59819
3.99401
2.95502
3.20693
3.35142
3.38264
3.82118
3.83033
3.86492
3.23669
3.26775
3.37066
3.80466
3.07652
3.19032
3.25173
3.09956
3.08134
3.40269
2.70588
3.01773
2.90104
3.81557
3.40726
3.17604
3.40717
3.2168
2.95534
3.45355
3.39435
2.95369
3.08903
2.90085
2.91609
2.85421
3.22206
3.11145
3.75452
3.67572
3.00478
3.25188
2.25668
3.59323
3.93594
3.23449
3.29278
2.95541
3.81407
3.06421
3.29881
3.5466
3.20092
3.83099
3.15355
4.07218
3.08364
2.32176
3.33644
2.78119
2.60529
2.58707
2.64491
2.44676
3.04947
1.89082
3.10053
3.3844
3.82224
2.58115
3.12931
2.88454
2.58414
3.32205
3.24679
2.61389
2.96217
3.22031
3.59197
3.07978
3.22458
2.81743
4.27052
2.65003
3.21646
3.28471
3.66736
3.51963
3.78718
3.71793
3.73535
3.30984
2.75341
2.95673
2.94976
2.5785
3.71735
3.58946
2.65195
3.83001
3.84963
3.35551
2.81135
2.80557
2.96311
2.5176
3.06896
2.45349
2.80762
2.28123
3.18251
3.50009
3.58595
3.90447
2.35937
3.3684
3.7219
4.58388
3.57694
4.02319
3.58214
3.84799
3.96929
3.46815
3.456
4.09204
4.05447
3.28941
3.99126
3.62772
3.16665
3.56875
3.72452
3.88818
3.19961
3.21719
3.21595
3.02405
3.28594
3.57024
3.72475
3.25448
3.16895
3.10509
2.72683
3.35143
3.16548
3.81854
3.17114
3.27235
3.66612
2.96408
3.21237
3.34708
3.6045
3.13477
3.82676
3.34208
3.64726
3.07876
2.7685
3.07406
3.43951
3.63306
3.66132
4.07593
2.99547
3.63608
3.15074
3.36829
3.31952
3.63936
3.09211
3.00835
2.89424
2.56848
2.73178
2.83677
3.84017
4.38443
3.40067
3.81633
4.07062
3.57039
3.23931
3.09443
3.48788
3.6682
3.3902
3.6697
3.26636
3.23884
3.42177
3.61733
3.52262
2.83545
3.14525
2.89297
2.6319
3.37
2.99175
3.12394
3.52438
3.76933
3.29252
3.25852
3.17782
3.27894
2.70844
3.3851
3.10912
3.44929
2.78828
3.7008
3.63775
3.15048
2.88706
3.15482
3.17119
3.44078
3.68471
4.42782
2.78724
3.64762
3.7034
3.4433
3.19218
3.40798
3.993
3.33048
3.74919
3.49329
3.1974
3.61037
2.56046
3.71736
4.00423
