1.99516
2.98977
2.93067
2.12974
2.49836
2.74416
3.13571
2.74433
1.68047
2.76202
2.72176
3.34386
2.54994
2.11809
3.11641
2.7775
2.90471
3.34223
2.58251
3.10127
3.70463
2.81973
3.06414
3.31653
3.36296
3.47931
2.82918
2.9948
3.31351
3.20477
3.48466
3.89898
3.18806
4.10527
3.12425
2.81062
3.00509
3.00305
2.80751
2.87551
3.12228
3.05364
3.39921
3.35021
2.96632
3.08223
2.91929
2.69773
2.55458
2.81498
2.64861
2.52278
2.11036
3.00491
3.032
2.90272
3.63502
2.21695
4.09522
3.34615
3.06726
3.08512
3.76375
3.0446
2.75505
3.38135
3.30505
3.13159
3.37789
3.61548
3.31509
3.33841
3.01897
3.17293
3.00407
3.54704
3.25865
3.08158
2.93998
3.11785
3.10644
2.93336
3.05045
3.23921
3.17215
3.10889
3.10152
3.62237
2.67758
3.2385
3.39591
3.48342
2.69813
3.38636
2.99618
2.98322
3.09158
3.42085
3.14272
2.99327
3.13359
2.91764
2.7988
3.02762
3.38235
3.70787
2.8751
3.28997
4.06353
2.59723
3.56358
4.27664
3.28926
3.04722
3.30631
2.9332
2.80876
3.0051
2.68751
3.18756
2.9328
3.82655
3.23452
3.00189
3.35186
3.32509
2.80338
3.07001
3.34647
3.86414
3.73668
3.8627
3.1541
3.25188
2.94385
2.88102
3.16436
3.14664
3.10298
3.00947
2.88256
3.07433
3.31188
3.18171
3.19767
2.70526
3.05404
3.1639
3.05167
3.14094
3.17892
2.69475
3.37167
3.02247
2.67138
2.97026
3.24715
2.87539
3.09633
3.37075
2.77476
3.3678
3.29998
4.11674
3.59997
3.11667
3.69191
3.55587
3.23947
2.89083
2.82794
3.55197
2.74946
3.05424
3.26247
3.23585
3.33935
2.80444
3.28828
3.36985
2.07802
3.32757
2.72087
2.43821
2.52004
2.75278
2.61118
2.81751
1.83377
2.96191
3.51365
3.38596
2.53596
3.02399
3.14624
2.82897
2.666
3.36897
2.82229
2.64368
2.40928
3.10797
3.02859
2.83323
3.39916
3.6871
2.94857
3.09467
2.90117
3.02783
3.2214
3.99609
2.68448
3.53612
3.02264
2.53311
2.83052
3.00668
2.66347
3.274
3.2228
2.67281
3.20539
3.34511
2.63247
3.01649
2.75236
2.75249
2.82398
2.97447
2.63062
2.59365
2.21855
3.26666
2.85912
3.53914
3.47015
3.23678
3.99764
3.23311
3.29941
3.16038
3.37739
3.31132
3.28197
3.23982
3.34647
3.09819
3.41565
3.45805
3.24543
3.13001
3.1142
3.13995
3.28994
3.23136
3.54984
2.9741
3.41986
3.34604
3.37211
2.93534
2.89738
3.15016
3.03003
3.02732
3.33501
3.28183
2.86908
3.46561
3.58948
3.29742
2.9182
3.51161
2.97553
3.10654
3.07566
3.60397
3.09885
3.19058
3.66296
3.1906
2.61675
2.97226
3.22037
4.07534
3.2176
3.32267
3.92912
3.9162
3.55285
4.55836
3.08567
2.74844
2.82858
3.25663
2.86763
2.62385
2.21834
2.71535
3.05479
3.61595
3.31263
3.24897
2.80654
3.26458
3.09974
3.08549
2.71253
3.30929
3.60972
3.52385
3.41467
2.90206
3.24121
3.20264
3.22785
3.00657
2.78998
2.98297
3.22497
2.65033
3.22474
2.95472
2.97345
2.94173
3.18855
3.24059
3.35363
3.32757
3.41454
2.87039
3.09184
3.41317
2.65459
2.68672
2.80531
3.23335
2.75402
3.18199
3.00836
2.76684
3.70996
3.86078
2.90629
3.61491
4.02144
3.23547
3.13347
2.91326
3.12288
3.1758
2.69252
3.08257
3.12287
2.95228
2.90579
2.95068
3.27676
3.7192
