1.86117
2.70638
2.40783
2.23859
2.51655
2.92762
2.4548
2.9902
1.98377
2.95574
2.88283
3.49086
2.85724
2.64302
3.11949
2.58236
2.89192
3.02088
2.66413
3.12485
2.74737
2.8654
2.87608
3.12291
3.183
3.57481
3.04539
3.18641
3.39773
3.03936
3.6594
3.56145
3.63645
3.56827
3.32114
2.41598
3.34583
3.01511
2.99653
3.19264
3.18937
2.91711
3.71902
3.43602
2.97363
3.14967
2.95136
2.3257
3.02874
2.92155
2.68924
2.69618
2.38926
2.93158
3.17699
3.32223
3.28782
2.05337
3.77787
3.46733
3.51317
3.26842
3.83809
3.07689
3.0403
3.05419
3.10678
3.11122
3.6687
3.68479
3.0432
3.45731
3.22833
3.08586
3.28688
3.52821
3.3536
2.93061
3.4979
3.14173
3.51479
2.93144
2.85692
3.02038
3.00303
2.90662
3.41368
3.26742
2.65694
3.12902
3.44148
3.29272
3.0625
3.46606
2.66466
3.0725
3.1015
3.05846
3.04732
3.05852
3.24993
3.3521
2.74536
3.09329
3.25517
4.00547
3.45405
3.3352
3.59871
2.67302
3.50857
4.22745
3.2227
3.02997
3.28679
2.90704
3.00907
2.60353
2.20587
3.14714
3.0228
3.30142
3.45941
2.58398
3.22008
2.98887
2.78287
3.28969
3.16085
3.23768
3.66116
3.39113
3.16481
3.27789
3.27735
2.86557
3.11679
3.16757
3.31018
3.10463
2.96543
2.74437
3.50472
2.88941
2.72351
2.82973
3.23693
2.90071
3.19896
2.96617
3.04771
2.63949
2.88871
3.46322
2.50962
2.39756
2.83641
3.07274
3.01717
3.14093
2.99892
2.91888
3.16751
2.98688
3.33828
3.13565
3.74409
3.24236
3.25538
2.97264
2.83489
3.47593
2.95225
2.67357
2.95457
3.03401
3.26846
2.9415
3.21912
3.36386
1.89706
2.72192
2.35783
2.3012
2.44107
2.66239
2.4449
2.9921
1.95921
2.84344
2.99938
3.14947
2.42437
2.75237
2.93721
2.69777
2.6073
2.99123
2.70709
2.45072
3.28074
2.48065
2.93921
2.77706
3.10691
3.33074
3.34381
3.28344
3.09352
2.97983
3.70579
3.49332
3.13144
3.82877
3.10929
2.94449
2.98427
3.17169
2.88219
3.30199
3.11017
2.88846
3.18603
3.35583
2.90136
3.08336
2.92039
2.70588
2.74629
2.82296
2.64824
2.54295
2.2258
3.05217
3.08191
3.4691
3.90668
2.08282
3.38451
3.33186
3.18276
3.87836
3.65021
3.22582
3.14926
3.02535
3.07455
3.16752
4.00009
3.77959
3.05574
3.32289
3.09095
2.83781
2.98232
3.35002
3.21271
2.92102
2.96833
2.91564
3.14115
2.99445
3.0325
3.02
3.01341
3.08141
2.90161
3.21534
2.9202
3.00244
3.34373
3.30787
3.01662
3.6469
2.82458
2.99476
3.29162
2.89868
3.09737
2.78346
2.87977
3.03663
2.64898
2.78133
2.87151
3.85908
3.19766
3.24267
3.55618
3.65843
3.51582
4.65
3.0583
2.9271
3.26455
2.94649
2.80319
2.74439
2.1967
3.18053
2.91553
3.25527
3.70081
2.87378
3.00194
3.04039
3.03703
2.94635
2.9039
2.94926
3.58446
3.49915
3.23774
3.11147
3.44525
2.91726
3.04072
2.93741
3.24262
3.13884
2.82499
2.79308
3.32379
2.97711
2.81658
2.88208
2.94542
3.05294
3.18072
3.20797
3.16711
2.73001
2.64641
2.92133
2.88094
3.10807
3.11312
3.18057
2.75586
2.76678
3.40004
3.53826
3.47955
3.1876
2.56754
3.12009
3.29362
3.12307
3.10926
2.74055
2.64526
3.57993
2.85545
2.84612
3.3255
3.04307
3.20053
3.00839
3.13157
3.09242
