1.94064
2.67932
2.23583
2.36569
2.57235
2.71468
3.26982
2.87887
1.81833
3.02819
2.79224
2.75565
2.50589
2.36084
2.54435
2.88344
2.63804
3.09852
3.05303
2.99161
3.08356
3.2953
2.67484
3.12561
3.48441
3.46162
2.79171
3.05399
2.49772
2.80851
3.50294
3.79468
3.48844
3.85386
3.31727
2.50502
2.69571
3.3833
2.18225
3.06907
3.10767
2.5139
3.04006
3.06783
2.48769
2.4683
2.52713
2.30826
2.40592
2.40588
2.51057
2.46203
2.0135
2.87196
2.76362
3.11097
3.38711
1.98314
3.64076
3.13866
3.58772
3.57594
3.65232
3.08098
2.92123
3.24642
3.09471
3.17502
3.41634
3.68586
3.47503
3.4431
3.09999
3.2581
3.14803
3.27088
3.40127
2.94346
2.5956
2.87422
2.92707
3.02751
3.28469
3.14147
2.72094
2.86095
3.30403
3.41585
2.73198
3.74138
3.93282
3.42319
2.92721
3.36429
2.60473
3.19125
3.28566
3.27733
3.55817
3.46465
3.40021
3.36472
2.82202
2.85754
2.96003
4.4244
3.56172
3.32438
3.91161
3.73048
3.76692
4.67894
3.86846
3.15034
3.50281
2.62776
2.61358
2.75144
2.4321
2.8852
2.78279
3.51875
3.53745
3.30534
3.5716
3.44891
3.25955
3.33042
3.49685
3.44528
3.80995
3.81339
3.51024
3.36633
3.33737
3.30907
3.51527
2.99089
3.0303
2.99411
2.8929
2.6692
3.47415
2.82818
3.02911
2.80807
3.24707
3.01455
2.94788
2.92184
3.09949
2.51461
2.58197
3.32076
2.98868
3.19317
2.85941
3.01046
2.88875
2.8196
3.46189
3.34125
3.61652
4.25141
3.34494
3.89087
3.7232
3.76328
3.02669
2.98439
2.78586
4.01734
3.10219
2.94276
3.36583
2.93757
3.21155
3.64244
3.27415
3.45861
2.03022
2.71837
2.40441
2.38159
2.49698
2.76826
3.06542
2.94405
1.83119
3.00839
3.05987
2.99387
2.7618
2.5282
2.54306
3.13371
2.46168
3.12298
2.94749
2.59062
2.92359
2.88041
2.94754
3.01122
3.09537
3.40739
2.70332
3.57482
2.95806
3.07684
3.60919
4.00683
3.66509
3.55558
2.93236
2.66035
2.65261
2.84965
2.10126
3.07627
3.17433
2.36723
3.14044
3.29533
2.70057
2.48149
2.59336
2.31246
2.49851
2.56784
2.41982
2.4284
2.09355
3.23819
2.78033
3.45474
3.34039
2.58291
3.65347
3.34978
3.36462
3.77142
3.56817
3.27689
3.56562
3.43704
3.14029
3.33829
3.6216
3.70647
3.09484
4.20293
3.02637
3.08704
3.06277
3.27549
3.65708
3.20885
3.05309
3.21651
2.77349
3.24704
3.1854
3.05818
2.89766
3.19355
3.3358
3.68041
3.14166
3.38076
3.46931
3.4863
2.93231
3.40011
2.90215
2.99253
3.12914
3.00712
3.34135
3.21821
3.2057
3.58138
2.97142
2.59237
2.77393
4.24426
3.66256
3.45314
3.85933
3.88216
3.72252
4.38569
3.65027
3.13303
3.41504
2.76708
2.829
3.2116
2.61512
3.05062
2.95263
3.40464
4.14164
2.7945
3.50573
3.07088
3.236
3.56607
3.19164
3.4422
3.85062
3.55208
3.3501
3.33326
3.53202
3.04909
3.28619
2.89539
3.0631
3.29891
2.95732
2.7743
3.20607
3.00863
2.66661
2.74605
3.05023
2.86853
3.18498
3.26353
3.28525
2.66359
2.99032
3.11555
2.74531
2.74436
2.75684
2.79361
2.70733
2.87825
2.82855
2.86159
3.83891
3.65827
2.90257
3.57582
3.65665
3.67561
3.55199
3.03019
3.39522
3.61185
3.09685
2.46929
3.4925
3.12891
3.47056
3.55607
3.39127
3.76486
