1.94307
3.00976
2.24773
2.24844
2.44031
2.76479
3.342
3.09961
1.76371
2.99531
3.13997
3.41356
2.19464
2.73833
2.99406
2.34838
2.49453
3.44658
2.54431
2.60411
3.32615
2.88576
2.75952
3.07519
2.9335
3.75967
2.85921
3.15974
2.70712
3.47879
3.63505
4.18257
3.74769
3.15746
3.02701
2.8093
2.83605
3.46818
2.83267
3.10099
3.12092
2.56167
3.57181
3.53374
3.19293
3.07704
2.82027
2.75486
2.76307
2.65361
2.53155
2.67249
2.05747
3.53015
3.60357
3.73949
3.9349
2.13641
3.7566
3.43696
3.65397
3.36735
3.54443
3.26698
2.85367
3.06589
2.98525
3.34992
3.43032
3.82692
3.31788
3.17538
3.0832
3.19133
3.42373
3.49666
3.44654
3.19775
3.39503
3.06027
3.05448
2.89783
3.16884
3.29218
3.09446
3.14928
3.13382
3.98662
2.95761
3.58648
3.87249
3.48033
2.89466
3.42845
2.53207
3.18189
3.22912
3.43366
3.49479
3.47246
3.5683
3.05112
3.28971
2.94797
3.28097
3.5678
3.26876
3.23927
3.80422
2.01829
3.39188
3.54753
3.50289
3.00454
3.12918
3.33266
2.81786
3.02732
2.59296
3.40941
3.12147
3.16255
3.75011
2.82768
3.86863
3.21401
3.14204
3.21786
3.51171
3.88111
3.8984
4.01521
3.71787
3.37163
3.49985
3.13382
3.70224
2.98189
3.52657
3.13893
2.94952
2.73594
3.27628
2.85715
2.97386
2.70577
3.45467
3.34469
3.35622
3.18877
3.50404
2.82067
2.44615
2.86332
2.61514
3.28585
3.57871
2.64758
3.01835
2.74955
2.88766
3.00531
3.26606
3.3342
2.84421
3.15737
3.97016
3.70804
3.0011
2.83198
2.88498
4.2268
2.80843
3.20388
3.51322
3.21505
3.87452
3.18374
3.36733
3.4934
1.85285
2.92503
2.52198
2.09991
2.48138
2.60148
2.71129
3.02783
1.7941
2.72429
2.91254
2.97772
2.4469
3.22897
3.08746
2.48845
2.69713
3.15016
2.60115
3.00499
3.16452
3.13815
2.71225
3.06244
3.21852
3.73712
2.97325
3.15717
3.04872
3.3446
3.77576
4.09214
3.33112
4.21225
3.35391
2.71878
2.98762
3.45624
2.64482
3.36998
3.53502
2.87273
3.75281
3.49333
2.92753
3.02509
2.69075
2.65261
2.81342
2.37094
2.58893
2.60203
2.10807
3.22408
3.19243
3.89684
3.9989
2.48221
3.53949
3.19119
3.24695
3.11018
3.88455
3.67533
2.45526
3.54007
3.77474
3.09201
3.56737
4.02287
3.56091
3.66212
3.39617
3.41283
3.45129
3.32699
3.44309
3.14137
3.18037
3.5608
2.88273
2.86682
3.22821
3.20719
3.2113
3.31151
3.1608
3.56
3.09428
3.67129
3.93334
3.31475
2.68428
3.47104
2.83646
3.11997
3.37862
3.77216
3.78846
3.711
3.30523
3.33778
2.99457
2.7702
2.87875
4.43737
3.56602
3.36189
4.06549
2.59081
3.73325
3.53462
3.24377
3.19784
3.45529
3.27634
2.77379
3.06443
2.84256
3.5745
3.37248
3.36322
3.84501
2.98946
3.18239
3.06086
3.27658
3.11087
2.85186
3.33986
3.81535
3.81065
3.8815
3.46935
3.4967
2.98715
3.37362
3.08337
2.90419
3.1164
2.74578
2.7238
3.05584
3.24883
2.8296
2.67845
3.7778
2.94329
3.15305
3.22756
3.27347
2.64374
2.84298
2.85781
2.69
3.2139
3.31041
2.58472
2.77711
3.00938
3.12784
3.98153
3.56394
3.27661
2.73714
3.58961
3.76014
3.05354
3.35306
3.2539
3.49705
4.07944
3.09341
2.87841
3.49493
2.993
3.70296
2.83212
3.78076
3.86176
