1.91847
2.99583
2.751
2.36935
2.51082
2.62309
3.12349
2.98593
1.86344
2.87731
2.98538
3.26602
2.72343
2.98659
2.43284
2.63652
2.54111
3.26747
2.76208
2.71988
3.0287
2.92205
3.04771
3.33664
3.31233
3.29703
3.20392
2.91331
2.80704
3.30336
3.38678
3.75018
3.48814
3.82011
3.09798
2.5736
2.57399
3.0957
2.05365
3.20089
3.35449
2.51371
3.02531
3.05858
2.48977
2.5519
2.84614
2.40122
2.52633
2.73569
2.5337
2.56988
2.24276
2.93196
2.99866
3.02412
3.57751
2.07334
3.41677
3.28694
3.13089
3.20221
3.56065
3.35289
2.58929
3.15529
2.92717
2.94076
3.23663
3.51086
3.27784
3.18541
2.99438
2.96431
3.07438
3.44316
3.18465
2.80102
3.01555
2.76952
2.74366
2.9086
2.76216
2.73105
2.65479
2.83644
2.97074
3.24555
2.98729
2.97422
3.18386
3.36801
2.65556
3.65713
2.53485
2.97969
3.06539
2.8882
3.18468
3.26516
2.87332
3.15214
2.90393
2.92342
3.44984
4.26657
3.76098
3.67193
3.61754
2.79274
3.53495
4.30423
3.30593
3.29984
3.30681
3.34463
3.02106
3.17339
2.24329
3.09769
2.75607
3.53774
3.81376
2.96876
3.40398
3.08939
3.30405
3.23738
3.1339
3.59848
3.85393
4.10695
3.44136
3.30965
3.33109
2.92053
3.71864
3.07917
3.11243
3.31756
2.94781
2.79407
3.06804
2.70942
2.74269
2.7095
3.43357
2.93175
3.10703
2.97314
3.33024
2.35463
3.3249
3.06844
3.12519
2.81795
3.12286
2.83078
2.81257
2.93292
2.95251
3.16108
3.36896
3.32325
2.68478
3.53402
3.59352
3.31548
3.02978
2.90955
3.16367
3.65759
2.96179
2.95685
3.48114
3.10743
3.33353
2.80547
3.10956
3.60347
1.93645
2.76483
2.38015
2.47047
2.49364
2.5811
3.10815
2.91507
1.85424
2.929
2.80274
2.85071
2.30166
3.04742
3.00863
2.78999
2.62317
3.10793
2.8851
2.50181
2.97704
2.34697
2.69498
3.25898
3.11503
3.25306
2.84801
3.16075
2.8707
3.20664
3.17315
3.6683
3.70755
3.95379
3.10253
2.6562
2.56862
2.86693
2.44475
3.24375
3.0718
2.45829
3.35835
3.06967
2.68858
2.46387
2.83331
2.59678
2.62087
2.79581
2.45125
2.58474
2.23018
2.86044
2.97851
3.11957
3.42878
2.94238
3.01389
3.14017
3.29651
3.3808
3.55566
3.27778
2.93312
3.08479
2.98104
3.21128
3.3943
3.16485
3.18687
3.07825
3.07698
2.85225
2.88255
3.34785
3.18815
2.84152
3.17531
3.41476
2.9348
2.83085
3.07535
2.80395
3.11977
2.93606
2.9615
3.11357
3.23177
2.73616
2.89083
3.78365
2.65481
3.36318
2.80433
2.99997
3.03529
3.40341
2.90058
3.23994
2.84743
3.80322
2.76421
2.9628
3.23748
4.36644
3.04664
3.52624
3.62787
3.43634
3.57303
4.24628
2.92913
3.08848
3.18177
3.00198
2.86724
3.11426
2.23715
3.03173
3.10492
3.57495
3.5448
2.84109
3.00261
3.23887
3.11959
2.95629
3.17976
3.20341
3.63023
3.74414
3.46724
3.33394
3.29161
3.26995
3.23379
3.01196
3.05904
3.02234
3.02035
2.7519
3.02363
2.7352
3.1643
2.90686
3.27163
3.02403
2.90914
3.17952
3.07904
2.32252
3.25623
3.01468
3.08429
2.68673
2.89171
2.73772
2.74284
3.05925
2.95628
3.92847
3.5459
4.04412
2.74698
3.5769
3.68564
3.64889
3.19157
2.86799
3.01148
3.6358
2.87113
2.77933
3.25513
3.15534
3.37904
2.96788
3.36929
3.28458
