2.06046
3.18585
2.75142
2.36043
2.59231
2.83531
3.1521
2.8765
1.87603
3.17209
3.14219
3.37989
2.81476
2.50551
2.65496
3.58822
3.43021
3.98383
2.55293
2.91894
3.1662
3.12266
2.59061
3.21542
3.10767
4.02134
3.29936
2.66148
2.59439
3.44653
3.21343
3.94998
4.2795
3.90522
3.35751
2.40542
2.85508
2.91323
2.38308
3.08826
3.40368
2.75654
3.51773
3.16164
3.04125
2.26946
2.91239
2.41904
2.39647
2.67339
2.77337
2.82408
2.03505
3.23111
2.97024
3.43285
3.28374
2.45344
3.28206
3.36909
3.69215
3.68719
3.7407
3.84508
3.54083
3.05783
3.28203
3.09663
4.2812
4.00458
3.5266
4.10078
3.03643
3.13853
3.4621
3.45268
3.64126
3.24082
2.80118
3.19455
3.10384
3.19443
3.41434
2.87006
3.44207
3.0718
3.63519
3.43577
3.07311
3.92697
4.04051
3.67045
2.64876
3.24249
2.79995
3.18322
3.30956
3.46506
3.73665
3.98077
3.97124
4.00727
3.17597
2.93292
2.94258
3.88698
3.71467
3.51922
4.1414
2.75758
3.79154
3.56419
3.56261
3.15685
3.50878
3.66718
3.08488
3.27575
2.38034
2.96326
3.00018
4.06888
4.46746
2.97822
3.39484
3.29302
2.87342
3.28729
3.06874
3.44912
4.09495
3.97936
3.43696
3.43683
3.16124
3.65604
3.55691
3.4387
3.1555
3.41864
2.76588
2.71334
3.41989
2.98596
2.86228
2.90525
3.07415
3.30357
2.99245
3.16463
3.46581
2.64859
2.79398
2.97449
2.61474
2.48686
2.95113
2.84567
2.81385
3.02979
3.15075
3.81226
3.16564
3.94592
3.46205
3.35938
3.77414
3.6159
3.61263
2.94511
3.49737
3.73446
3.10938
2.65406
3.62694
3.24264
3.46247
3.17733
3.31277
3.7697
2.13764
2.87377
2.28841
2.38764
2.56671
2.74525
3.10073
2.93472
1.7339
3.10612
3.27038
3.42857
2.79962
2.48076
2.93181
2.91991
2.73199
3.33406
2.87834
3.09204
2.73503
3.09077
3.05451
3.82371
3.4055
4.1388
2.88771
3.60491
3.4019
3.48393
3.44428
3.60473
3.91056
4.2394
3.5365
2.47445
2.55438
3.22102
2.23962
3.27633
3.34188
2.63027
3.8306
3.48475
3.02646
3.02774
2.98059
2.47178
2.38919
3.06149
2.80529
2.68904
2.05243
3.20998
3.12231
3.68999
3.30652
2.18659
3.60099
3.20321
3.57529
3.77075
4.1183
3.62123
3.15294
3.22295
3.25394
3.18305
3.79239
3.94965
3.23546
3.79524
3.28503
3.4435
3.33786
3.28157
3.6122
3.26259
3.2906
3.30641
3.17033
2.73206
3.02726
3.14013
2.99032
3.13308
3.27359
3.65448
3.01313
3.44519
4.06154
3.44728
2.66962
3.25083
2.70061
3.24361
3.06047
3.59071
3.42752
3.54175
3.55671
4.10196
2.99369
3.09415
2.88101
3.81908
3.13084
3.6902
3.44482
3.77352
3.48186
3.37783
3.72656
3.2335
3.52402
3.5529
3.16477
3.12296
2.43262
3.08699
3.45124
3.99068
3.89422
2.95812
3.43888
3.53436
3.84129
3.69394
3.07559
3.47822
4.03111
3.81505
3.41205
3.13188
3.32856
3.48809
3.52083
3.17423
2.99801
3.3672
3.44457
2.75119
3.16352
3.12677
2.92448
2.9427
3.78039
3.29084
3.28893
3.41759
3.3593
2.78557
2.70063
2.96706
3.16036
2.45379
2.92377
2.89347
3.60919
3.2933
2.85548
4.65003
3.66034
3.9579
3.6539
2.98469
3.51518
3.75172
3.60643
3.18483
2.6232
3.95102
3.2646
3.08778
3.66058
3.07202
3.32075
2.73531
3.71071
4.44103
