2.04407
2.94915
2.73568
2.28245
2.48165
2.81662
3.485
3.1102
1.84184
2.88181
3.04461
4.0691
2.44048
2.2544
2.84441
2.85957
2.9112
3.11203
2.87618
2.81132
3.01241
3.32004
2.76343
3.15459
3.34639
3.739
3.01735
3.23904
2.78284
3.45687
3.83563
3.42808
3.62884
4.13003
3.48774
2.81471
2.97718
3.2843
2.64646
3.25867
3.06201
2.74069
3.75359
3.55846
2.85909
3.08078
2.77097
2.13349
2.55824
2.89774
2.84489
2.58349
2.30383
3.49988
3.47331
3.44852
3.57993
2.70499
3.51785
3.5444
3.70512
3.56556
3.97531
3.20776
3.06352
2.95724
3.39197
3.05343
3.89934
3.68867
2.91882
3.53629
3.22455
3.04735
3.67798
3.65157
3.25936
3.18763
2.99442
3.19057
2.8158
2.85936
3.10196
3.18542
3.06623
3.15518
3.11571
3.36196
2.95242
3.10522
3.60049
3.62919
2.74915
3.6843
2.62089
3.17391
3.18198
3.39836
3.74132
3.81937
3.86405
3.62016
2.59037
2.95962
3.11476
4.01695
3.34739
3.38089
3.8752
2.59074
3.96548
3.87395
3.38048
3.33805
3.32518
2.95452
2.94351
3.36498
2.2691
3.49189
2.84969
4.01522
3.97123
3.05886
3.52557
3.32106
2.88875
3.32766
3.16666
3.27832
3.77703
3.99388
3.28787
3.3344
3.01768
2.91831
3.07288
2.71283
3.03311
2.94955
2.87321
3.01195
3.65934
2.97845
2.96077
2.95748
3.54804
3.02753
3.10481
2.96749
3.27513
2.69325
2.98371
3.00846
2.47397
2.73023
2.64607
3.14974
3.028
2.60075
2.41957
3.05714
3.64589
3.93721
3.00645
3.58696
3.85279
3.46979
3.89064
2.975
3.07609
3.59749
3.24243
2.92283
3.66914
3.13163
3.70165
3.18531
3.6287
3.84515
2.12391
3.12288
2.44062
2.37151
2.57527
2.72791
3.18586
3.07276
2.04506
2.91898
2.82164
3.16948
2.58251
2.28551
2.72872
2.91361
2.72252
3.36014
2.71617
2.86377
2.98913
3.3995
3.4529
3.00489
3.3782
3.703
2.7992
3.58925
2.79613
3.27599
3.3966
4.16118
3.91258
4.12999
2.89393
2.72649
2.89595
3.11073
2.85788
3.27404
3.27137
2.71193
3.57552
3.36194
2.6115
3.04529
2.7376
2.32896
2.9212
2.69074
2.81673
2.67507
2.26566
3.32913
3.33617
3.41063
3.51995
2.31229
3.2218
3.60032
3.73301
3.92478
3.85611
3.39141
3.20509
3.31802
3.24154
3.12612
3.62915
3.32137
3.03977
3.34257
3.27365
3.07138
2.99597
3.40484
3.3888
3.003
2.93429
3.18525
2.88757
2.88117
3.12252
3.20034
3.01777
3.08368
3.02351
3.38893
2.99416
3.32062
3.40234
3.54526
2.84041
3.49436
2.73091
3.24626
3.13649
3.30041
3.47178
3.09738
3.33571
3.32538
2.8008
2.91977
3.07876
4.06358
3.42487
3.51126
4.18365
3.06841
3.96468
4.3907
3.50624
3.08128
3.59749
2.89366
3.17095
3.35849
2.4306
3.28712
2.96082
4.2966
3.74803
3.12717
3.41786
3.43064
3.128
3.25287
3.03027
3.26428
3.84963
3.57294
3.00065
3.3698
3.02231
2.92013
3.02719
2.78809
3.20402
2.79995
2.87259
2.83688
3.40731
3.07865
2.85143
2.77244
3.16127
2.99052
3.17959
3.06003
3.05507
2.80831
3.13243
2.885
2.92927
2.98415
2.90219
2.98782
2.9243
2.77487
2.64396
3.37402
3.72325
3.65448
3.31315
3.32283
4.13761
3.29676
3.2587
3.10376
3.09883
3.56107
3.38999
3.08029
3.41169
2.9514
3.1511
3.23731
3.46319
3.89882
