2.08197
2.76385
2.51158
2.35223
2.55928
2.78094
3.16477
3.04115
1.97992
2.87585
3.15479
3.42434
2.52975
2.58327
2.87412
2.54882
2.55063
3.14429
2.60196
3.13475
3.07042
2.81705
2.76065
2.99378
3.27279
3.91354
2.9033
2.98743
3.16668
3.18738
3.39914
3.68157
3.29287
3.87916
3.13236
2.82268
2.76045
3.22774
2.86559
3.0879
3.53972
2.75595
3.1489
3.52646
3.14869
2.58327
2.89851
2.33615
2.81024
2.96139
2.71628
2.71332
2.28344
2.84291
2.80731
3.2415
3.39456
2.40962
3.94379
3.65599
3.24682
3.76586
4.11764
3.21179
3.55654
3.23728
3.28196
3.23446
3.46901
3.80209
3.31982
3.70638
3.19565
3.22742
3.39066
3.44726
3.65759
2.87964
3.25271
3.36062
3.21241
3.21571
3.17322
3.23942
3.39504
3.28905
3.64104
3.7557
3.79537
3.81764
4.11124
3.51296
2.57055
3.58665
3.02402
3.02553
3.38406
3.60648
3.12411
3.43319
3.37684
3.08052
2.60367
3.23766
3.25182
3.73264
2.92044
3.35268
3.39223
2.93673
3.52379
4.21592
3.20494
3.11088
3.32686
3.18706
2.831
1.78822
2.40158
3.19205
3.53451
3.62079
3.49939
2.91616
3.35595
3.74873
3.06297
3.04375
3.41243
3.73842
3.64311
3.80091
3.38688
3.36438
3.02532
2.88477
3.19819
3.24065
3.23951
2.83332
3.14021
2.8218
3.33253
2.95831
3.05339
3.04136
3.62374
3.3685
3.1994
3.19736
3.21926
2.63004
3.09284
3.11348
2.77228
2.96264
3.05005
2.93647
3.25645
2.88249
2.83236
3.94602
3.77507
3.01849
3.75262
2.98396
3.8877
3.38629
3.17867
3.14914
2.919
3.65681
3.10786
3.20958
3.09132
3.58788
3.51513
2.92738
3.54298
3.63256
1.90821
3.01319
2.60408
2.36721
2.7128
2.8662
3.12067
3.04241
2.12282
3.10478
2.93295
3.04072
2.56038
2.9518
2.9626
2.59569
2.57067
3.40766
2.6282
2.99621
2.50484
3.3255
2.9979
2.9229
3.05227
3.93209
3.10812
3.3112
2.67555
3.13304
3.45298
3.78285
3.42479
3.57942
2.86909
2.68314
2.99551
3.11476
2.6436
3.09668
3.46775
2.82939
3.42111
3.42949
3.15588
2.86472
2.68267
2.94785
2.55941
3.01364
2.82615
2.63127
2.47698
3.10169
3.04134
3.62171
3.60333
3.3178
3.26835
3.53432
4.03549
3.55299
3.96399
3.24173
3.09417
3.26206
3.4023
3.10845
3.70696
3.68002
3.13384
3.63179
3.18714
3.41417
3.20634
3.62711
3.87769
3.38295
3.35098
3.38482
2.87572
2.97266
3.23133
3.29833
3.31548
3.16854
3.20275
3.68869
3.17191
2.98859
3.42211
3.57815
2.55332
3.56965
3.06153
2.96534
3.31127
3.02143
3.35844
3.42016
3.23753
3.30025
2.71413
3.03632
2.88798
4.33596
3.9854
3.49317
3.4652
3.74144
3.52686
4.49059
3.30666
2.94219
3.44769
2.73233
2.73356
3.16849
2.25403
3.02599
3.13264
3.59067
3.89544
2.93416
3.49545
3.72906
3.30484
3.14704
3.25012
3.48099
3.67123
3.54604
3.25247
2.96768
3.39604
3.38162
3.28162
2.93263
3.02069
2.97665
2.93412
3.05357
3.23799
3.10902
3.19989
2.8539
3.11152
3.19342
3.03958
3.2231
3.18671
2.74027
3.12216
2.91989
3.11784
2.97719
2.94884
3.36418
3.19658
2.93453
2.72365
3.47624
3.46634
3.75081
2.78814
2.07849
3.97767
3.41875
3.22861
3.06201
3.10113
3.65396
3.36961
2.76405
3.39435
3.18355
3.38637
3.26747
3.34112
4.08747
