1.80506
2.73314
2.34582
2.27091
2.52732
2.59966
3.51102
2.68592
1.56778
3.1215
2.93551
2.97489
2.39542
2.62037
2.88209
2.86829
2.3914
3.29651
2.44181
2.55044
2.87515
2.93094
2.6203
3.33883
2.76636
3.8649
2.5317
2.44534
2.57354
3.13735
3.65911
3.55587
4.19825
3.63663
3.14361
2.6224
2.55918
3.24276
2.09952
3.08087
3.26366
2.33356
3.17283
3.37033
2.19286
2.64544
2.52045
2.31972
2.14979
2.43449
2.18132
2.23476
1.91025
2.86561
3.28385
3.15731
3.68572
1.97426
3.05306
3.58161
3.57272
3.74071
3.87491
3.52138
2.95775
3.41679
2.96233
3.05957
3.65349
3.88976
3.20779
3.58599
3.45947
3.34794
3.40701
3.32939
3.61648
3.04133
3.36386
3.79694
2.96131
3.13647
3.09604
3.06205
3.26564
3.10677
3.94402
3.64931
3.2439
3.47788
4.36144
3.51921
3.24591
4.17688
2.863
2.94962
3.65102
2.83708
3.45804
3.31617
4.24766
4.14425
2.38842
2.87005
3.61101
4.03869
3.0362
3.56146
4.15284
2.37003
3.9847
3.96096
3.42684
3.30823
3.58137
2.57054
2.82124
3.01276
2.11697
2.97445
2.51593
3.57199
3.8989
3.13311
3.73838
2.82805
2.96383
3.21061
3.37455
3.43523
3.8551
3.83732
2.95563
3.36882
3.24586
2.94674
2.55404
3.04613
2.79892
2.79218
3.1517
2.45072
2.99534
3.027
2.52536
2.78122
2.88154
3.36617
2.75569
3.06421
3.17542
3.14059
3.1441
2.73385
2.3396
3.13612
2.77388
2.98118
3.05425
2.65792
3.04131
3.06854
3.33462
3.68979
2.8358
3.13911
3.17305
3.48624
3.21805
3.69709
2.97917
3.67158
2.5947
2.9376
3.50781
2.96955
3.16881
2.78114
3.32345
2.94671
1.67248
2.5605
2.49301
2.22489
2.37936
2.70661
2.66415
2.43238
1.64633
3.0452
3.03739
2.95042
2.25787
2.96244
2.62473
2.48024
2.55828
3.19346
2.24256
2.58959
3.34112
3.04278
2.78931
2.75493
2.64677
3.83669
2.71305
2.97478
2.45664
3.32555
3.38106
3.94763
3.57463
4.07448
2.94597
1.96608
2.44912
3.23991
1.87497
2.97268
2.90217
2.22069
3.26935
3.1067
2.34601
2.59138
2.54936
2.01333
2.73236
2.36391
2.15718
2.27159
1.854
2.84717
2.78753
3.20766
3.31145
2.21275
3.48877
3.79835
3.53624
4.00407
4.19124
3.55904
3.94034
3.30642
2.94723
3.04837
3.95849
3.37877
3.10578
3.58482
2.90467
2.94909
3.27434
3.61814
3.35292
3.00385
3.22932
2.68599
3.03003
3.00193
2.69727
3.01802
3.08133
2.85807
3.28066
3.469
2.7552
3.38866
3.70042
3.16102
2.83697
3.68408
2.29535
3.01356
3.04731
3.59518
3.17118
3.26553
3.26115
3.28048
2.50351
2.8205
2.8028
3.70937
3.28715
3.47997
4.10363
3.39512
3.83289
3.75366
3.41586
3.00653
3.26016
2.86871
2.87914
2.90604
2.13359
2.9638
3.101
3.21958
3.61505
2.87568
3.46057
2.86883
3.46567
3.2657
2.82025
3.08277
3.87635
3.44212
3.24911
3.14049
3.09914
3.31959
2.9095
3.0545
3.11951
2.94625
2.8306
2.52805
3.01644
2.70705
2.48436
2.81602
3.14326
2.90754
3.08208
3.33895
3.40582
2.41791
2.78565
2.91987
2.41806
3.3008
2.92457
2.67445
2.82256
3.45646
3.16867
3.94872
3.56295
3.73513
4.07875
3.24309
3.16566
3.58308
3.07715
2.9227
3.34695
3.75423
2.43521
2.5168
3.21476
2.9963
3.59424
2.55959
4.0476
3.78951
