1.95211
2.88569
2.27117
2.32404
2.38608
2.47768
2.93586
2.85338
1.62992
3.02889
2.79511
2.8571
2.48059
2.1606
2.6693
2.41493
2.27732
3.14764
2.59904
2.43766
2.27301
2.31845
2.90634
3.26707
3.02536
3.50664
3.10513
3.28249
2.96304
3.5229
3.24713
3.24799
3.4247
3.51522
3.35139
2.54657
2.73317
3.25568
2.42535
3.12768
3.76934
2.36459
3.50326
3.30093
2.94299
2.55497
2.70594
2.53092
2.66565
2.79986
2.294
2.35735
2.02506
3.12426
3.01749
3.07479
3.52762
1.75612
3.2952
3.23145
3.52996
3.26731
4.26075
3.04737
3.24921
3.2175
3.22578
3.12408
3.42783
3.44014
3.2511
2.93256
3.00122
2.87161
3.206
3.34544
3.31776
3.01594
3.0498
2.92876
2.77517
2.75745
2.94936
3.15696
2.89684
2.96093
3.00233
3.42478
2.9682
3.55736
3.38739
3.73584
2.65408
3.82367
2.83687
2.79258
2.93943
3.43487
3.23964
3.36028
3.72066
3.44195
2.57976
2.60526
2.84613
3.58002
3.24343
3.37142
4.08258
2.39269
3.40715
3.98167
3.21395
3.54173
3.09171
2.90738
2.78615
3.01396
2.48658
3.45579
3.04017
3.61206
3.78527
3.33186
3.41639
2.93732
2.90468
2.91378
3.526
3.38374
3.52576
3.85413
3.28621
3.36896
3.3104
3.07188
3.0783
2.90175
3.09937
3.24571
3.14503
2.65203
3.07765
2.69481
2.89181
2.81564
3.18647
2.81752
3.09133
3.0902
3.03
2.69665
2.62045
2.84643
2.6603
3.13411
3.04395
2.79737
2.6186
2.68134
3.04475
3.25074
3.19044
3.89255
2.80705
2.93043
3.6034
3.34169
3.08774
3.02832
3.17842
3.57439
3.07186
3.00881
3.60655
3.2204
3.18698
2.61084
3.67754
3.27679
2.00367
2.59315
2.45531
2.26831
2.34129
2.48608
3.12465
2.78754
1.64575
3.01117
2.86218
3.18258
2.33728
2.53514
2.8521
2.50998
2.55144
2.93033
2.68301
2.43843
2.80795
2.71487
2.79226
2.9059
2.99726
3.28573
3.07412
3.38569
2.64489
3.28342
3.34855
3.60737
3.32486
3.4798
3.20854
2.32405
2.74916
3.08993
2.22923
3.01662
3.2034
2.32879
3.42838
3.18723
2.50584
2.39712
2.32327
2.67823
2.6319
2.69009
2.23977
2.08678
2.16719
3.0655
3.09774
3.32925
3.52902
1.90382
3.0636
3.19517
3.22569
3.03238
3.64567
2.87332
2.82846
3.13096
3.08808
2.99786
3.55708
3.54275
2.95522
3.27324
2.94555
2.80914
3.11094
3.16304
3.2087
3.02333
2.86422
3.2329
2.94457
2.86024
3.02836
3.02238
2.80705
2.78956
2.94995
3.02718
3.15527
3.76588
3.67006
3.57153
2.52116
3.26594
2.70537
3.02178
2.74425
3.24261
3.07038
2.99454
3.29798
3.53544
2.81469
2.77822
2.90134
4.0824
3.29701
3.42928
4.05277
3.38304
3.39638
4.56421
3.35066
3.09759
3.34401
2.68371
2.57702
2.14068
2.18055
3.09895
3.00831
3.11264
3.39345
2.86891
3.24757
3.17574
3.06967
3.08607
3.04824
3.36602
3.46641
3.35556
3.20405
3.0721
3.39162
3.24992
2.9478
2.87617
3.10662
2.90072
3.3139
2.65967
2.9015
3.00804
2.53902
2.83776
2.76462
2.96562
3.1882
2.88954
3.06633
2.76628
2.68737
2.8216
2.94845
2.52828
2.86414
2.73153
3.15365
2.82836
3.02278
3.00781
3.31394
3.45919
2.95721
2.76685
3.90422
3.47038
2.93211
2.81761
3.09599
3.21409
3.0451
2.76363
3.30581
3.02185
3.2273
3.01631
3.50447
3.73219
