1.88761
2.76164
2.00435
2.29608
2.398
2.62559
2.70039
2.81189
1.62065
2.84418
3.16391
2.93163
2.4698
2.57913
2.62884
2.5634
2.6259
3.07727
2.66227
2.27586
3.25549
2.89014
2.48687
2.96053
2.94972
3.5962
2.53648
2.61103
2.89608
2.92858
3.111
3.48116
3.22053
3.62786
2.94621
2.3659
2.58445
3.08567
2.3676
3.14579
3.25856
2.26028
3.34903
3.19475
2.43721
2.09453
2.42578
2.08076
2.3834
2.44213
2.66903
2.46467
2.08061
2.92003
3.08938
3.29766
3.7955
3.44197
4.03865
3.66639
3.49045
3.3238
3.22227
3.04805
2.97468
2.81551
3.00299
2.76995
3.15593
3.21941
2.59354
2.98331
2.85749
2.74013
2.8795
2.74832
2.86412
2.67314
2.96322
2.98539
2.82254
2.79077
2.76858
2.95038
3.12176
2.85609
2.66175
3.28469
2.8466
3.34112
3.38178
3.167
2.25963
4.02605
2.41655
2.99871
3.0593
2.91472
2.92634
3.07799
3.44936
3.23726
2.49175
3.12308
3.04275
4.33677
3.2419
3.04031
3.71923
2.67314
3.21091
3.84885
3.22593
2.95839
2.9568
3.21725
2.49013
3.53976
2.29784
3.30097
2.75925
3.61784
3.37086
2.97589
3.02249
3.772
3.04656
2.54282
2.79322
3.4135
3.53908
3.55242
3.13688
3.39021
2.97241
3.05168
3.07167
2.62883
2.96409
3.16033
2.59916
2.56907
3.14834
2.80172
2.64076
2.64309
2.91985
3.16739
2.84097
2.96266
3.07711
2.27505
3.47138
2.95069
3.06267
2.75844
3.10971
2.50963
2.21812
2.81913
2.59561
2.8985
3.25767
3.42522
3.43348
3.18923
3.6084
3.26734
2.86111
2.81853
2.66801
3.23473
2.65719
2.58962
3.17874
3.46721
3.24083
2.8816
3.38878
3.68469
1.71036
2.7006
2.55188
2.48605
2.47432
2.62351
2.70082
2.84306
1.61885
2.8878
2.74535
3.1148
2.21961
2.83113
2.37729
2.38448
2.52573
2.89657
2.6235
2.3879
3.01972
3.1674
2.48494
3.28844
2.79658
3.34852
2.69264
3.134
2.74639
3.14608
3.19261
3.53043
3.14487
4.0827
2.83214
2.25706
2.37702
2.74726
2.60538
3.06588
2.89475
2.35203
3.20901
3.11872
2.8572
2.46648
2.54251
2.30383
2.4756
2.34971
2.53725
2.39206
1.93762
2.66261
2.83036
3.30523
3.47523
2.88158
3.64931
3.33107
3.13422
3.4726
3.3518
3.11871
3.2525
2.65847
3.09246
2.9737
3.07216
3.46411
2.63562
3.06059
2.95656
2.65626
2.73213
2.84557
3.11351
2.75177
2.80458
3.10857
2.64259
2.7039
2.66818
3.20848
2.9909
2.74849
2.79525
3.10101
2.80164
3.09381
3.34632
3.41449
2.15559
3.29633
2.72692
2.98939
2.91143
2.98551
2.97109
3.29244
2.99288
2.90382
2.53728
2.76443
2.56184
4.22269
2.95061
2.97514
3.75206
2.90082
3.08911
4.11889
3.39548
2.88231
3.13042
2.69236
2.31033
2.97719
2.2742
3.10358
2.84015
3.30382
3.43771
2.72989
3.25316
3.88098
3.3782
2.67312
2.94684
3.12082
3.33795
3.56475
3.27205
3.21226
2.78093
3.34416
2.89715
2.98517
2.5818
2.9595
2.90111
2.67684
3.12747
2.69533
2.96074
2.43753
2.73616
3.09667
2.88969
3.15535
2.99251
2.21404
3.44001
2.80792
3.0547
3.05954
2.71901
2.88089
2.44325
2.66965
2.74049
3.66171
3.22038
3.21383
3.1557
2.92324
3.29647
3.29058
2.66426
2.70421
2.49124
3.92616
2.8023
2.79251
3.05363
2.64503
3.64513
2.71454
3.2331
3.43679
