1.83744
2.62493
2.23526
2.2742
2.4379
2.55427
2.69244
2.91997
1.64447
3.11186
3.03767
3.23788
2.21289
2.32516
2.82722
2.77616
2.59347
3.16539
2.86629
2.51582
2.58317
3.02944
2.67306
2.92793
3.16442
3.58536
3.15798
2.64876
3.22452
3.28955
3.10098
3.72189
3.82406
3.59036
2.95176
2.68802
2.55177
3.0627
2.37694
3.07812
3.07529
2.40607
3.55146
3.39388
2.70104
2.3217
2.52577
2.4663
2.4834
2.59832
2.72558
2.41701
2.12481
3.18475
3.0971
3.22046
3.23437
2.25541
3.45398
3.50441
3.28382
3.30079
3.58442
3.2568
2.82642
3.37683
3.33923
2.9724
3.57508
3.82669
3.39608
3.41313
3.14098
3.03818
3.54664
3.60149
3.33915
3.11042
3.33876
3.16447
3.278
3.00768
3.07895
3.06636
3.00974
3.06929
3.54501
3.22033
2.95438
3.37226
3.78909
3.0882
2.86673
3.45103
2.77142
3.04759
3.03973
3.51476
3.08655
3.43606
4.06065
3.50923
2.54471
2.87384
3.22005
3.57707
3.4586
3.51785
3.92717
3.2786
3.80768
4.15298
3.151
2.91662
3.39101
3.07877
2.64145
2.66987
2.08548
3.17277
2.47303
3.90343
3.60234
3.37433
3.41946
3.07209
2.6853
3.00602
3.14088
3.13843
3.7507
3.42874
3.41233
3.37494
2.85483
2.98107
3.11091
2.94226
3.03418
2.9353
2.53267
2.56008
2.93567
2.77319
2.67233
2.66505
3.33527
2.9983
2.96592
2.94561
2.91766
2.53954
3.04995
3.42468
2.52034
2.96733
2.93226
2.66591
2.88718
2.67836
2.9076
2.96922
3.32869
3.46774
3.61624
3.35812
3.37623
3.13792
3.29265
2.98048
3.02876
3.76925
2.90374
2.91709
3.36043
3.26244
3.16082
2.61472
3.31502
3.1693
1.85683
2.48292
2.58448
2.36527
2.6079
2.66019
2.46062
2.81798
1.81696
2.86558
2.88426
3.27103
2.38059
2.41906
2.95962
2.53027
2.76634
2.79237
2.6421
2.57595
3.3472
3.17634
2.74201
3.02803
2.78548
3.71346
2.85422
3.01499
2.98251
3.21516
3.23123
3.74373
3.55276
3.85317
2.8994
2.61344
2.74092
3.015
2.6627
3.46242
3.30413
2.4246
3.79359
3.36101
2.69365
2.39865
2.59363
2.70961
2.35209
2.61722
2.50012
2.30794
2.05673
3.13968
2.90225
3.15989
3.05189
2.48111
3.12417
3.5253
3.84952
3.13767
4.07895
3.5581
3.76144
3.39855
3.3721
3.15296
4.03427
3.83583
3.38709
3.59523
3.15828
2.90763
3.25747
3.16399
3.55673
2.90083
2.85712
3.08835
2.69074
2.79343
3.14968
3.1216
3.15335
2.94889
3.44824
3.64991
2.83119
3.61348
3.44506
3.77034
2.50317
3.35001
3.11423
3.19568
3.06682
3.35236
3.02274
3.09074
3.13543
3.01876
2.34347
2.69406
2.7005
4.14418
3.48044
3.4826
3.74677
3.16534
3.44893
4.4196
3.6591
2.81252
3.68552
2.87072
2.80996
3.29628
2.67012
2.78402
2.26055
3.66137
4.04613
2.86038
3.31306
3.0466
3.14013
3.57338
2.9996
3.23348
3.78069
3.45583
2.98161
2.72047
3.10306
3.04952
2.91177
3.28632
2.93497
2.73651
2.8153
2.64081
3.15545
2.95226
3.05596
2.78117
3.06167
2.8316
2.85206
2.76609
3.17487
2.64398
3.10466
3.13568
2.70459
2.71315
2.72717
2.73092
2.57416
2.74557
3.23487
3.51773
2.91569
3.42879
3.0756
3.98746
3.08756
3.26302
3.22187
2.96831
3.11427
3.62958
3.24608
3.02189
3.42853
3.32591
3.32421
2.68975
3.16724
3.54365
