1.76673
2.84486
2.3012
2.3326
2.59127
2.86525
3.0706
3.05819
1.6785
3.07469
3.11273
3.16122
2.55895
2.77063
3.09399
2.70908
2.83902
3.1566
2.76686
2.3982
3.22385
3.29779
3.15605
2.99123
2.86184
3.87599
2.91994
3.03399
3.55325
3.26294
3.59033
3.52225
4.11776
3.90219
3.28537
2.55711
2.83123
3.28987
2.88672
3.60554
3.45339
3.07647
3.52264
3.54222
3.23121
3.1768
3.17772
2.66235
2.81186
2.89892
2.63215
2.51684
2.30608
3.3994
3.30756
3.56557
2.97687
3.60202
4.07624
3.26963
3.47944
3.4561
3.86485
2.88568
2.89651
3.13528
3.45001
3.07674
3.63396
4.09458
3.19549
3.19435
3.08507
3.36582
3.1199
3.10984
3.25364
3.05621
2.94968
3.31301
2.65984
3.01955
3.25958
3.06923
3.20305
2.96114
3.14273
3.25123
2.89943
3.15263
3.25478
3.71707
2.8555
3.33949
2.69048
3.11646
3.01182
3.58062
3.69148
3.44339
3.54959
2.70707
2.7329
2.87825
3.1171
3.70432
3.50736
3.35979
3.80781
2.4678
3.62814
3.23983
3.15856
2.73081
2.92234
2.91345
2.86467
3.45737
2.45197
3.0976
2.82082
4.04172
4.25516
3.13307
3.72506
3.72079
2.92314
3.38782
3.15452
3.2436
4.09958
3.73291
3.38562
3.51948
3.38285
3.34641
3.29638
3.14122
3.07907
3.18016
3.12954
2.96894
3.565
2.85633
2.86952
2.95347
3.10318
3.53889
3.07987
3.28488
3.84453
2.45339
2.54152
3.00017
2.76615
3.40349
3.20494
2.955
3.03315
3.21213
3.00779
3.4025
3.59325
3.48606
3.05061
2.97971
3.48083
3.25841
3.14962
2.71528
3.04514
3.77823
3.02217
3.00331
3.62293
3.26516
3.46589
2.94464
3.17736
3.41483
1.77676
2.75269
2.48387
2.25489
2.40377
2.64221
2.75344
2.99128
1.77113
3.2309
2.9439
3.52686
2.2486
2.86213
3.05433
2.61094
2.63259
2.99101
2.90553
2.59055
2.74429
2.43584
2.90508
3.15079
3.05151
4.02136
3.31781
3.39391
3.34719
3.36291
3.52872
3.94302
3.66118
4.21678
3.21187
2.59266
2.72543
3.16408
2.63627
3.42521
3.66999
2.71393
3.75101
3.63239
3.11629
2.80039
2.8259
2.97391
2.94361
2.72714
2.67561
2.56617
2.24701
3.11031
3.32897
3.85329
3.71667
3.01585
3.37502
3.55328
3.49885
3.42116
4.09612
2.90347
2.93857
3.02127
3.20788
3.36737
3.45979
3.58719
3.43297
3.33644
3.23289
3.75907
3.28926
3.81938
3.27738
2.97707
3.29969
3.07007
2.89853
2.84195
3.05403
3.14288
3.31211
2.91749
3.12343
3.46666
3.28618
3.19482
3.81503
3.45825
3.02438
3.96312
2.98441
3.23813
3.67538
3.46854
3.35889
3.28079
3.51473
3.0975
2.67293
2.97633
2.92692
4.334
3.75051
3.32949
3.53941
3.33754
4.0791
4.44168
3.32382
2.64636
3.30392
2.99828
2.91387
2.90578
2.49408
2.84658
2.89985
3.80825
4.17701
3.15346
4.09347
3.75273
3.18776
3.80932
3.0189
3.40781
4.08721
3.70008
3.45035
3.41253
3.85299
3.21251
3.19203
2.80094
3.01729
2.97755
3.32244
2.56502
3.29177
3.04964
3.11928
2.93673
3.05015
3.00955
3.246
2.96649
3.26969
2.28183
2.71727
2.84773
3.36947
2.69537
2.85168
3.0319
3.90011
3.12237
2.94566
3.77224
3.54547
3.93222
3.20176
2.926
3.60928
3.15143
3.46995
3.12877
2.82536
4.16722
3.23783
3.12275
3.53758
3.42615
3.27949
3.24334
3.47617
3.9878
