1.80997
2.85001
2.19307
2.0412
2.15956
2.40619
2.8809
2.79236
1.64218
3.03855
3.14869
3.09386
2.29768
2.74142
2.89558
2.77366
2.949
3.1224
2.49863
2.54055
2.71888
2.67231
3.08593
2.55903
3.20226
3.97627
2.88831
3.08049
2.93958
3.49929
3.40548
3.2105
3.58614
3.71058
3.25473
2.5555
2.80925
2.73577
2.45772
2.84052
2.78966
2.5754
3.54553
3.51678
3.07378
2.41302
2.90797
2.67739
2.76068
2.71629
2.51648
2.576
2.07812
2.87352
2.94927
2.89293
3.36503
2.32592
3.61197
3.07727
3.50779
3.46787
3.61693
3.04476
2.73634
3.30459
3.2633
3.12562
3.41673
3.57508
3.76381
3.13199
3.00106
2.95252
3.1165
3.41095
3.73566
3.11209
2.87218
3.08905
3.03077
3.04704
3.13928
3.04107
3.06442
2.98331
3.5227
3.35879
3.06213
3.61814
3.65101
3.35957
2.90272
3.48032
2.71367
2.93718
3.16771
3.49394
2.99659
2.93741
3.49277
3.36885
2.48995
2.78486
3.17253
3.3806
3.137
3.36571
3.96293
2.5715
3.69932
3.97328
3.21407
3.28483
3.15835
3.05976
2.9766
3.09847
2.47443
2.75996
2.36323
3.92963
4.25347
2.98518
3.30998
3.75732
2.96747
3.41775
3.0351
3.50777
3.58408
3.82681
3.56719
3.45017
3.20845
2.78693
3.28828
3.11562
3.00962
2.99312
3.24928
2.71807
3.18018
2.82943
2.67362
2.68751
2.92262
2.90802
2.96914
2.94094
3.07072
2.44723
3.0818
2.63563
2.85095
2.59545
2.90253
2.87128
2.90785
2.73485
2.91126
3.36981
3.58966
3.65361
2.79642
3.46107
3.18483
3.18331
2.79192
2.944
3.06685
3.52018
2.75573
2.62704
3.13204
2.98511
3.69317
2.73018
3.33321
3.44
1.74826
2.90809
2.36415
2.03759
2.27199
2.6451
2.77173
2.85154
1.69064
2.74902
2.5429
3.02208
2.34881
2.79608
2.76821
2.63723
2.64743
3.01595
2.4891
3.10944
3.02174
3.0551
2.68209
2.98745
3.46127
3.42236
2.61115
3.28442
2.60624
3.01828
3.22979
3.05974
3.04738
3.81489
3.25918
2.93193
2.74406
2.77617
2.56134
3.11246
3.29143
2.57334
3.22631
3.36979
2.89178
2.54425
2.82712
2.34581
2.92424
2.71197
2.47997
2.57646
1.96537
3.0257
3.12722
2.88301
3.41193
2.69506
3.03908
3.25932
3.50942
3.31882
3.81152
2.99612
2.69842
3.36168
3.33168
2.88701
3.58512
3.77254
3.32218
3.17299
3.04006
2.78299
3.07949
3.11621
3.18933
2.98181
3.06327
2.89016
2.85133
2.89628
3.12427
3.11814
3.09834
3.0618
3.15772
3.43593
2.96718
3.27602
3.34061
3.38155
2.75102
3.25645
2.59781
2.97314
2.87529
2.81206
2.9605
3.14815
3.4249
3.29686
2.84281
2.93016
3.01695
4.01448
2.997
3.3288
3.45723
3.77983
3.43449
4.62788
3.12879
3.22915
3.22313
3.0093
2.83652
3.02509
2.63597
2.94053
2.30809
3.52266
3.71911
2.78467
2.74215
3.84318
3.34421
2.78509
2.65457
3.03901
3.43112
2.92591
2.90911
3.04394
3.20432
2.51055
3.31874
2.7216
3.12331
3.06342
3.32425
2.86018
2.7206
3.03794
2.69476
2.5579
2.9955
2.72441
3.0033
3.1572
2.9774
2.29804
2.62845
2.6174
3.11296
2.69933
2.79959
2.74469
2.62342
3.00788
2.80024
3.87079
3.24849
3.3691
2.74201
2.85175
3.06579
3.19601
3.01638
2.90304
2.93502
2.9632
2.76487
2.49761
3.15521
2.96689
2.82617
2.8701
3.58124
3.09762
