1.84673
2.60605
2.01318
2.12519
2.37981
2.56668
2.63459
2.99581
1.85352
2.76633
2.98869
2.85584
2.51946
2.1681
2.74876
2.37793
2.67869
2.94443
2.29983
2.48613
2.93185
2.99558
2.73683
2.87417
3.17277
3.43548
2.99765
2.89568
3.40957
3.14257
3.38826
3.62895
3.33417
3.88685
2.92421
2.47845
2.5344
3.02078
2.31838
3.40595
3.30571
2.42724
3.45499
3.07396
3.14807
2.21096
2.49319
2.19247
2.6765
2.55192
2.45713
2.35836
2.09682
3.15947
2.87092
3.43575
3.27037
1.99722
3.26972
3.21327
3.27485
3.10785
4.02278
2.94114
2.65021
2.59773
3.29234
3.06531
3.16703
3.2658
2.9605
3.41736
3.01499
3.08347
3.0413
3.29028
3.01352
2.79528
3.05209
2.86082
2.66902
2.91552
2.76254
2.85555
2.74366
2.7178
2.9918
3.10805
2.72117
2.87272
3.23148
2.95175
2.78064
3.2915
2.49167
2.96736
3.27223
3.00311
3.33533
3.54735
3.77364
3.46127
2.51636
2.8438
2.92275
4.26179
3.39442
3.30577
3.58127
3.41709
3.45927
3.93142
3.31862
3.164
3.27373
2.87238
2.70204
3.38406
2.17379
3.06148
2.39712
3.49468
3.56003
2.74998
3.18942
3.37743
2.6394
3.19211
3.11065
3.54506
3.51608
3.63827
3.01449
3.07283
3.10832
2.92055
3.2476
2.97863
3.00407
2.91578
2.78658
2.53556
2.90069
2.91559
2.81384
2.61337
3.21462
3.29397
2.91165
2.90971
3.27656
2.43871
3.28466
2.64715
2.57415
2.81383
2.727
2.86748
2.63548
2.55953
2.89645
3.37629
3.30775
3.56624
2.22725
3.09199
3.38736
3.51769
2.99975
2.80797
3.0434
3.53719
2.81658
2.857
3.53397
2.80448
3.28203
3.00633
3.53824
3.47148
1.79943
2.64389
2.20108
2.17297
2.38322
2.47121
2.97554
3.02809
1.86603
2.91749
2.68024
2.97388
2.33628
2.48884
2.85635
2.47969
2.69022
3.14174
2.62343
2.20372
3.05767
2.83801
2.54945
2.49759
3.44808
3.40145
2.91846
3.05852
3.22705
3.00753
3.02221
3.53701
2.96884
3.94956
2.81635
2.71788
2.68066
2.78578
2.4998
3.17879
3.3069
2.70333
3.54317
3.3907
3.25254
2.31316
2.22694
2.45964
2.8108
2.67471
2.68303
2.59387
2.13768
3.01391
2.92265
3.46512
3.45468
1.78314
3.41634
3.34143
3.47699
3.32324
3.74284
2.7937
2.64468
3.01533
3.23106
3.07557
3.26253
3.28151
3.09415
3.0355
3.12725
3.1633
3.36936
3.29269
3.2035
2.96941
2.94295
3.16218
3.13541
2.98426
2.8815
2.93236
3.01288
2.96859
2.77446
3.26292
2.95276
3.236
3.4448
3.83575
2.45901
3.31327
2.48518
3.04894
2.92703
3.29665
2.97748
3.44972
3.48141
3.5031
2.76466
2.94643
3.06787
4.28131
3.13104
3.64986
3.92402
4.05031
3.53905
4.26089
3.16911
3.17589
3.1369
2.99945
2.7109
2.88473
2.37849
2.91556
2.3925
3.41736
3.71957
2.74015
3.0675
3.1583
2.8065
3.10937
2.92061
3.10058
3.67848
3.2837
3.05577
2.97276
3.25675
2.76649
3.17514
3.10248
2.96402
3.0166
2.58211
2.55774
2.75512
2.67931
2.89287
2.78428
3.34677
2.94623
2.9747
2.77098
3.07813
2.4961
3.12812
2.68581
2.49617
2.89126
2.75205
2.5692
2.58256
2.71304
2.79939
3.28736
2.85991
3.25806
2.58706
3.87849
3.29991
3.26762
3.22981
2.94077
2.85088
3.47102
2.78769
2.58622
3.34732
3.01021
2.99809
2.86006
3.49675
3.23175
