1.86453
2.88391
2.64111
2.37289
2.40806
2.64436
2.71558
2.92743
1.79026
2.93064
2.67038
3.07236
2.66219
2.70366
2.78601
2.68313
2.64855
3.18368
2.68359
2.73684
3.00721
2.97462
3.11662
2.74808
3.19942
2.84538
3.28412
2.87304
2.61351
3.19329
3.89587
4.00924
4.02209
3.83149
3.63831
2.81019
3.04727
3.44112
3.09513
2.9708
3.61116
2.75121
3.77091
3.09281
2.77648
3.2194
2.68154
2.73458
2.94625
2.60448
2.36601
2.61961
1.89746
3.16608
3.09956
3.32138
3.83048
1.67939
3.17626
3.37499
3.55965
3.74761
3.72524
3.62348
3.33685
2.77016
2.95975
3.02394
3.75046
3.3694
3.35141
3.33977
3.14387
3.13094
3.11264
3.0387
3.30289
2.87313
2.9482
3.33884
2.92729
3.17471
3.14841
3.28397
3.40313
3.03501
3.1433
3.49242
3.19506
3.23767
3.3696
3.23406
2.59872
3.72972
2.7849
3.05002
3.34666
3.17675
2.95329
3.34554
3.6476
3.05132
2.5022
3.07448
2.94611
3.80881
3.14338
3.27858
3.27823
3.61062
3.34566
4.27164
2.96514
2.95913
3.17287
2.97711
2.73788
3.50528
2.79196
3.20775
2.70222
3.13729
3.76153
2.99488
3.17812
3.77226
2.92372
3.26028
2.78584
3.41861
3.73882
3.88004
3.36664
3.1519
3.32942
3.45766
3.04892
3.01561
3.11528
3.08471
3.00383
2.89809
3.09081
3.0896
2.90243
2.8757
2.9532
3.08989
2.94399
2.96871
3.25135
2.6951
3.23914
2.96976
3.02987
2.64996
3.02426
3.00556
3.2256
2.77789
3.05001
3.16368
3.52342
3.56113
3.93348
3.16066
3.36266
3.47338
3.22014
3.37567
2.66986
3.67487
2.87104
3.21953
3.17385
3.57229
3.45667
2.71995
3.36063
3.57793
1.78654
2.84162
2.49878
2.21379
2.49301
2.69968
2.95057
2.24709
2.68133
2.24191
2.19649
2.28619
2.34906
2.47227
3.07543
2.583
2.50119
3.42956
2.72617
2.99825
2.67656
2.96429
2.69561
3.19938
3.05865
3.32381
3.11186
3.47182
2.56245
3.05372
3.20071
3.56346
3.36333
3.98745
3.20525
2.72178
2.9102
3.25842
2.81629
3.18015
3.10265
2.82691
3.70135
2.76424
2.70416
3.40565
2.53611
2.63592
2.83761
2.70868
2.70588
2.81584
2.60648
1.57203
2.33683
1.88767
3.44074
2.03304
3.48109
3.93073
3.74317
3.97981
3.31328
3.29533
3.09401
2.72212
3.01088
3.16216
3.44548
3.42387
3.28776
3.45968
3.18607
3.01086
3.25973
2.90541
3.17068
2.95882
3.16197
3.23968
2.88853
2.68026
3.21877
3.3612
2.94473
3.05952
3.09792
3.33947
2.93815
3.0266
3.51388
3.27844
2.67322
3.43231
2.84607
2.86087
3.2605
3.28605
3.03673
3.52002
4.17511
3.02253
2.23922
2.77714
3.23243
3.91226
3.12633
3.20475
3.53381
3.41527
3.57677
3.86361
3.41406
2.66627
3.58366
3.16609
2.93073
3.832
2.26578
2.85471
2.53788
3.27146
3.34831
3.12366
3.1493
3.3771
2.92712
2.78629
3.09635
3.25464
3.74347
3.56989
3.33629
3.43875
3.16002
3.1598
3.04394
2.72264
2.94278
2.68135
2.6932
2.9026
3.05474
2.80425
2.89946
2.78701
3.42346
3.152
3.05086
2.96
3.15452
2.85587
2.87152
3.12021
2.75944
2.73027
2.89525
3.07391
2.8076
2.79393
2.67455
3.02483
3.31217
3.81362
3.01097
3.45579
3.34867
3.07984
3.33951
2.95806
3.19368
3.60259
2.77712
2.92369
3.35838
2.92956
4.07769
2.77953
3.59915
4.1562
