1.71883
2.8576
2.15135
2.08108
2.15187
2.17781
2.84183
2.96168
1.56422
2.95848
3.07052
2.78247
2.16558
2.49928
2.7794
2.45335
2.7123
3.36307
2.72249
2.42927
3.07397
2.96343
2.69107
2.86426
3.5146
3.60322
2.78768
3.08502
2.91544
3.02606
3.22381
3.57929
3.34882
3.83997
3.01146
2.22264
2.40095
2.61595
2.381
3.16808
3.20882
2.42207
3.81883
3.33317
3.01497
2.50757
2.49763
2.29672
2.69576
2.45914
2.10786
2.32832
2.00172
2.58706
3.33286
3.41047
3.09905
2.42432
3.58908
3.00453
3.15374
3.51795
3.76246
2.88556
2.82769
2.68494
3.30477
3.05308
3.70179
3.74892
3.23424
3.00356
3.13991
3.45242
2.96501
2.91571
2.89117
3.06884
3.5246
2.7072
2.80005
2.76154
3.26596
2.93782
3.13212
2.98964
2.88426
3.32415
2.8506
3.252
3.32127
2.991
2.54895
3.57532
2.68228
3.24134
3.41784
3.71545
2.98856
3.24646
3.61497
2.9715
2.59762
2.5229
3.03433
4.3356
3.39105
3.46232
3.82631
3.24656
3.53955
4.09445
3.28495
3.13594
3.40105
3.05302
2.55172
3.05429
2.205
2.82471
2.67827
4.00192
3.70321
2.92466
2.9864
2.65864
2.97876
3.02858
3.23011
3.32113
3.70459
3.6282
3.52728
3.3154
3.34451
2.92625
3.04617
2.90631
2.98415
3.12681
2.76182
2.37306
3.29029
2.8754
2.78201
2.81968
3.07527
3.10699
3.26872
2.82597
3.10262
2.31366
2.80479
2.57624
2.73127
2.74984
2.96315
2.46839
2.60213
2.92741
2.60726
3.29124
2.92826
3.25066
2.5672
2.76378
3.77349
3.0477
2.97484
2.83817
2.58257
3.61514
2.92809
3.21964
3.54176
3.02279
4.0105
3.16967
3.15546
3.66091
1.77946
2.67766
2.45893
1.97715
2.11561
2.23016
3.36688
2.86537
1.48388
2.5575
2.62261
3.06102
2.13522
2.58241
2.7999
2.78177
2.72538
3.38303
2.76454
2.51028
3.06144
2.61462
2.46825
2.73942
3.20972
3.76196
2.89676
3.1872
2.92076
2.84392
3.12603
3.19617
2.83802
3.3354
2.77603
2.1002
2.50814
2.6051
2.26481
3.19696
3.28954
2.52239
3.18125
3.38713
2.73699
2.67871
2.90834
2.70433
2.49365
2.41274
2.15885
2.35215
1.89068
2.66107
3.1566
3.32649
2.78354
2.77895
2.86819
3.56148
2.92863
3.31029
3.51129
3.21038
2.96642
2.77234
3.02818
3.24281
3.47662
3.6513
3.2773
3.26137
3.08737
3.38586
3.0147
3.33902
3.35116
2.91656
3.07867
2.8132
2.75509
2.94213
3.20389
3.2288
3.01645
2.99784
2.87682
3.06494
2.73351
3.16782
3.60383
2.71852
2.64379
3.39015
2.73936
2.9276
3.58246
3.77059
3.07592
2.96206
3.54209
3.33444
2.74507
2.7454
3.0089
4.49709
3.45225
3.37594
4.13715
3.64404
3.21833
3.97556
3.7749
3.11076
3.47505
3.0381
2.52739
2.80373
2.03737
2.49728
2.43616
3.97774
3.8712
2.63517
3.59317
2.99695
3.15299
3.20197
3.14784
3.11825
3.62946
3.85926
3.24172
3.36357
3.35833
3.09047
3.48877
3.15945
3.06997
3.15206
2.80873
2.53275
3.02529
2.64408
2.71092
3.06097
3.13362
3.04686
3.11558
2.99718
3.20213
2.45379
2.05323
2.95991
2.84418
3.0861
3.00236
2.81271
2.68482
2.99795
2.79712
3.01711
2.98457
2.95571
2.32559
3.14856
3.62223
3.45454
3.00773
2.89101
2.81987
3.18809
2.79093
2.50198
3.41101
3.16823
2.95419
3.52505
3.63461
3.4012
