1.85171
2.9575
2.22121
2.19084
2.43212
2.80583
3.10957
2.88114
1.86936
3.15901
3.63668
3.43409
2.81425
2.6583
2.75844
2.7707
2.6128
2.69552
2.63013
2.70139
3.31183
3.10672
2.75868
2.89195
2.62739
3.65096
3.15024
2.69154
2.63293
3.36429
3.2588
3.71009
3.44727
3.64774
3.24876
2.77797
2.73063
3.30113
2.67803
3.19827
3.59549
2.79194
3.67037
3.29273
3.30608
2.73034
2.7131
2.64225
3.07595
2.63196
2.40951
2.45048
2.0883
2.86766
2.96631
3.34015
4.21834
3.55016
3.73265
3.05313
3.48548
3.44695
4.1246
3.15229
2.66324
2.83005
3.36332
3.08219
3.42594
3.74713
3.08323
3.64654
3.04351
3.50791
3.55139
3.48961
3.48527
3.02201
3.04747
3.00268
2.93835
2.7527
2.9265
3.01668
2.8979
3.01626
3.32485
3.48869
2.96293
3.44029
3.81636
2.86339
2.66173
3.52566
2.88123
3.13734
3.27218
3.30067
3.21221
3.55262
3.33113
3.19689
2.68883
2.76548
2.83021
4.083
2.98142
3.43504
3.54146
3.51974
3.51195
3.96314
3.09994
3.18597
3.1703
3.26197
2.76316
2.86313
2.3455
3.10621
2.82261
3.16022
3.78549
2.8189
3.36644
3.86261
2.94528
3.20261
3.26765
3.22783
3.41194
3.85334
3.33366
3.36737
3.18852
3.14867
3.10445
3.13229
2.84309
2.85803
3.13329
2.67929
3.22146
2.92668
2.8453
2.94866
2.71741
2.89482
2.94442
3.16469
3.53731
2.64062
3.49487
3.14397
3.03025
2.60226
2.91068
2.91584
2.87963
2.52063
2.82759
3.76377
3.24394
3.99871
2.83881
3.30535
3.39859
3.1542
3.2706
3.13906
2.90259
3.63152
3.04908
2.358
3.20167
3.09853
3.77556
3.29531
3.1251
3.49325
1.7498
2.57769
2.52608
2.27214
2.66504
2.78553
3.12723
2.99908
1.96913
3.00956
3.19116
3.38979
2.45104
2.62443
3.17566
2.59977
2.72907
3.35022
2.98254
2.80483
3.23473
2.51691
2.64175
2.72113
2.99632
3.58424
3.09081
3.31927
3.1104
2.97863
3.25796
3.45171
3.40391
3.9733
3.04886
2.89317
2.8667
2.93865
2.89156
3.16107
3.13476
2.65354
2.95287
3.46699
2.88243
3.32468
2.91895
2.52037
2.72299
2.83313
2.66111
2.69408
2.1598
3.1068
3.03415
3.45359
3.96812
3.71731
3.2207
2.86784
3.29845
3.72842
3.84866
2.61313
3.2271
2.86031
3.27925
3.09159
3.56967
3.51753
3.32133
3.16968
3.01643
3.5025
3.4598
3.43126
3.01207
2.93522
3.26582
3.27099
2.81955
2.80625
2.90759
3.04966
2.85083
2.87306
3.18367
3.37071
2.73763
3.57316
3.32811
2.85789
2.83054
3.22913
2.787
3.17979
3.17389
3.46803
3.22149
3.27598
2.79066
3.28464
2.88734
2.76988
3.19043
4.24776
3.22913
3.31386
3.77491
4.0271
3.24066
3.92837
3.36513
3.19827
3.59475
3.0136
3.07657
2.61138
2.36161
3.19531
3.04805
3.07283
3.82401
2.7163
3.29281
3.42262
3.00835
3.25791
2.93507
3.13786
3.48381
3.36559
3.26416
3.72063
3.17368
3.38677
3.08086
2.98032
2.98686
3.36221
3.15664
2.66337
3.22012
3.25793
2.63329
2.78455
3.45594
3.07837
3.18812
3.08619
3.109
2.76858
2.90894
2.93591
2.66278
2.61161
2.918
2.9085
2.80694
2.80555
2.88022
3.56176
3.65833
3.65369
3.59925
3.55938
3.3365
3.50347
3.13717
2.56477
2.69255
3.84676
2.99429
2.55453
3.35335
3.0672
3.19605
3.01831
3.21698
3.98432
