1.73856
2.56003
2.25513
2.03698
2.2058
2.52128
2.81128
3.04257
1.58307
2.75312
2.92862
3.09216
2.36029
2.86609
2.72307
2.67755
2.8705
3.1489
2.55897
2.36189
2.71625
2.65693
3.13389
3.09149
3.16522
3.51508
2.92051
2.74382
2.70054
2.90011
3.49044
3.70361
3.86303
3.49304
3.14223
2.61169
2.72458
2.78052
2.47928
3.24503
3.39429
2.30515
3.67051
3.49242
2.83897
2.58332
2.86402
2.3115
2.64741
2.85665
2.45164
2.58589
2.19082
2.94365
3.21629
3.31387
3.41427
2.42401
2.82862
3.13465
3.30841
3.60961
3.85248
3.17191
3.15515
2.71544
2.96622
3.20655
3.63819
3.38837
3.06747
3.18959
3.09068
2.69821
3.38348
3.6993
3.20945
3.12861
2.83349
2.83839
2.63862
2.9369
2.79243
3.04166
3.00368
3.0299
3.11773
3.3537
3.09564
3.0851
3.62583
2.89008
2.63098
3.58281
2.58701
2.87814
3.0434
3.00015
3.27787
3.53356
3.92139
3.3152
2.46289
3.14727
2.90118
3.61839
3.48876
3.41359
3.86996
2.44574
3.36878
3.55936
3.73742
3.306
3.45076
2.8527
2.8526
2.93752
2.5578
3.13715
2.95638
3.6722
3.77439
2.92931
3.42223
3.5963
2.98845
3.28018
3.02924
3.16023
3.48143
3.54421
3.14921
3.25095
3.1712
2.91086
3.36525
2.93972
3.0221
2.70477
2.9707
2.60206
2.86982
3.08948
2.77088
2.90961
3.47577
3.0198
2.9413
3.0323
3.04069
2.69277
3.07733
2.71994
2.72489
2.48991
2.72824
2.71563
2.54664
2.91249
2.90767
2.77135
3.28764
3.22881
3.25079
3.02054
3.06635
3.42864
3.16373
2.77318
2.97448
3.27888
2.89155
2.83686
3.44758
3.14714
3.47533
2.92988
3.45745
3.36775
1.68325
2.55576
2.30993
2.00055
2.29314
2.53969
3.06725
3.03397
1.70338
2.90739
2.45859
2.62292
2.10113
2.99293
3.01298
2.67677
2.65645
2.86481
2.73817
2.21707
3.05289
2.57338
2.67331
3.19835
2.99428
3.38987
2.85144
3.68627
2.62636
3.10579
3.76412
3.32022
3.67135
3.65559
2.91686
2.49422
2.65725
3.03281
2.3441
3.43223
2.8891
2.49638
3.28619
3.27569
2.4997
2.75627
2.74014
2.73966
2.55117
2.52468
2.64772
2.55598
2.13404
2.91527
2.97281
3.39908
3.25366
2.36685
3.20535
3.48458
3.70612
3.58065
3.85229
3.14829
2.91198
2.63087
3.06577
3.10233
3.48267
3.48192
3.25411
3.15608
2.97062
2.85715
3.0222
3.20702
3.24848
2.96731
2.99823
2.90451
2.85482
3.25837
2.97568
3.14215
2.79284
2.9486
3.06662
3.31385
2.80591
2.8605
2.94868
2.9272
2.68877
3.24151
2.82007
2.91422
2.9842
3.40508
3.32559
3.70461
3.54869
3.30161
2.60797
3.11455
3.0251
3.68627
3.06555
3.46051
4.09852
2.89215
3.53033
3.6273
3.69812
3.09867
3.33632
2.75685
2.64183
2.57223
2.5375
2.87622
3.08563
3.51335
3.15613
2.67445
3.4361
3.52042
3.01317
3.19817
3.16235
3.3657
3.53507
3.65361
3.36196
3.02752
3.24418
2.96966
3.2135
2.86126
2.9073
2.76159
2.65454
2.62941
3.13248
2.76165
2.83178
2.77155
3.03518
3.07197
3.00345
2.87424
3.2374
2.80055
2.55943
3.26688
2.64972
2.82603
2.62601
2.55535
2.79768
2.84705
2.82171
3.46698
3.43008
3.47766
2.7357
2.83251
3.40508
3.24594
3.24428
3.20453
2.89088
3.10291
3.01183
2.55577
3.13101
3.14364
3.33553
2.90737
3.50448
3.83837
