2.07971
3.29467
2.65307
2.30447
2.44839
2.59028
2.79864
2.97063
1.78299
3.09601
3.23927
3.08346
2.51022
2.66186
3.29649
2.81258
3.13409
3.37994
2.74571
2.95608
3.41134
3.17576
2.90676
3.40232
3.44741
3.94285
3.42618
3.16675
3.31652
3.72743
3.70308
3.87706
3.41787
3.72717
2.91748
2.67832
2.80055
3.25115
2.69301
3.02209
3.4405
2.63994
3.32505
3.36367
3.11636
2.9888
3.10513
2.80088
2.8088
2.81217
2.75435
2.68286
2.12552
3.27299
2.98027
3.3721
3.5601
2.62362
3.52423
3.38824
3.52124
3.87111
4.00634
3.07732
3.31749
2.91419
3.19838
2.94176
3.65099
3.60969
3.40811
3.21384
3.0813
3.3813
3.52293
3.46138
3.33729
3.1567
3.15262
3.09224
2.87354
3.31137
2.97934
2.91748
2.97642
3.00397
3.38098
3.70917
2.72605
3.38285
3.67309
3.64883
2.66884
3.5477
2.85134
3.20634
3.34543
3.56708
3.44047
3.02591
3.75811
3.11198
2.85419
3.00174
3.39247
3.46041
3.10361
3.50664
3.69072
2.23538
3.48092
3.80504
3.41382
3.01039
3.29566
3.17492
2.79698
3.0846
2.34232
3.77424
2.93172
3.87039
4.08579
3.0846
3.72901
3.45209
2.90798
3.36482
3.31887
3.56624
3.75666
4.01755
3.81765
3.41071
3.17753
3.13118
3.59145
3.32877
2.74489
3.25255
3.03922
3.0174
3.46841
2.98007
3.08441
2.79017
3.57829
3.52906
3.06714
3.0079
3.2014
3.05143
3.4494
2.7536
2.77308
3.51087
3.15802
2.87562
3.14522
2.95425
2.92969
3.05488
3.44446
2.92399
3.39912
2.31671
3.59156
3.78763
3.05398
2.98355
2.99721
4.09181
3.07521
3.20751
3.58385
3.35637
3.72969
2.52166
3.29656
3.75042
2.07342
2.71504
2.38323
2.45671
2.42452
2.76252
3.19291
3.13466
1.68951
2.76994
2.95882
3.10451
2.41882
2.91597
3.17713
2.92523
2.83393
3.22148
2.61359
3.23831
2.86702
2.89798
2.64951
3.0409
3.2001
3.66006
2.92062
3.86069
3.75699
3.54107
3.46594
3.86478
3.36057
4.26302
3.02138
2.5983
2.80901
3.27848
2.4072
3.44971
3.55216
2.92776
3.74843
3.48413
2.99588
2.88234
2.89257
2.45021
2.78027
2.88611
2.50859
2.50395
2.2594
3.09608
3.14842
3.38224
3.85632
3.413
3.47399
3.13615
3.96719
3.69475
3.82946
3.16093
3.4095
3.57302
3.32676
3.3239
3.64501
3.55731
3.37436
3.24742
3.14153
3.2516
3.25035
3.49999
3.09943
3.16834
3.29346
2.91354
3.13653
2.85362
2.93908
3.0643
2.9788
2.91905
3.12303
3.61172
3.09661
3.29688
3.5843
3.48683
2.68839
3.52334
2.75793
3.08149
3.03099
3.58378
3.29999
3.1344
3.65115
3.108
2.68921
2.88505
3.574
3.01969
2.90445
3.5049
3.70401
2.9985
3.67601
2.99859
3.28494
3.12286
3.37363
2.93622
2.78075
3.29303
2.15758
3.40625
2.79424
4.04742
3.77189
2.77955
3.46349
3.95221
3.48912
3.23859
3.05975
3.18807
3.74984
3.82742
3.72718
3.48801
3.0889
3.32419
3.33948
2.83794
3.16464
2.96752
3.03323
2.91952
3.4104
2.99914
3.02892
2.89959
3.26994
3.35513
3.31091
3.07355
3.31242
2.87211
3.29275
3.27984
3.69451
2.93676
2.93331
3.01118
2.95993
3.0821
3.1335
3.79316
3.80368
3.29356
2.65461
3.1204
3.25951
3.61701
3.31734
3.04691
2.81308
3.85777
3.06529
3.04123
3.54917
3.04702
3.57019
2.6061
3.5953
4.02942
