1.69852
2.79452
2.2679
2.01981
2.60957
2.54567
3.22103
2.90811
1.93915
3.15739
3.14658
3.19535
2.40277
2.47682
2.79635
2.83286
2.80057
3.61384
2.55079
2.52839
3.06476
2.71345
2.70332
3.04707
3.57837
3.21247
3.16091
2.75861
2.91316
3.14105
3.19707
3.44124
3.19106
3.9338
2.88239
2.459
2.82841
3.12064
2.89919
3.47453
3.09005
2.53173
3.40241
3.25894
2.78342
2.65201
2.50734
2.41909
2.76356
2.76053
2.72714
2.66769
1.98893
3.05871
3.33437
3.42401
3.18365
2.71114
3.52616
3.55014
3.53647
3.43602
3.86732
3.42179
2.72483
2.92974
3.35951
3.15244
3.53088
3.61099
3.76509
3.58602
3.01896
2.91909
3.17572
3.32831
3.42008
3.21485
2.81291
3.1391
2.68619
2.72176
3.01605
3.36312
2.97478
3.15622
3.48495
3.66184
2.87935
3.77601
3.74135
3.5081
2.5373
3.40859
2.43756
3.04452
3.08062
3.45774
3.19995
3.12991
3.49542
3.0631
3.13811
2.94429
3.15512
4.26849
3.17686
3.46143
4.13636
2.47146
3.71332
4.15061
3.47842
3.26703
3.02309
2.91506
2.69753
3.01356
1.84487
2.7556
2.05652
3.73444
3.73694
2.87927
3.09015
3.46364
2.96494
3.05168
3.13925
3.37392
3.80295
3.60396
2.98766
3.1036
3.16035
3.04568
2.90076
2.99899
2.83352
2.86959
2.86022
2.59525
3.24055
2.69924
2.69393
2.83854
2.79447
3.10136
3.09729
3.00808
3.4909
2.80568
2.41918
2.48076
2.89028
3.00518
2.79777
2.90487
2.88512
2.94692
2.90678
3.39438
3.03065
3.46892
3.34657
3.43217
3.63679
3.57297
3.1516
3.07306
3.29363
3.73324
2.86894
2.5362
3.24666
3.0494
3.25208
2.97462
3.46513
3.50869
1.88731
2.86191
2.14159
2.15254
2.52764
2.63328
3.29388
2.90451
1.9587
3.01838
2.95044
3.35331
2.27465
2.79238
2.81429
2.68947
2.84573
3.41605
2.48614
2.82718
2.46218
2.57285
2.85482
2.6776
2.97002
3.76654
2.88333
2.81496
2.98666
3.20375
3.1621
3.65781
3.19806
3.65232
3.12027
2.88058
2.63847
2.98706
2.79585
3.20289
3.43011
2.63021
3.39428
3.45648
2.95385
2.53969
2.72037
2.28185
2.46652
2.47051
2.75299
2.69349
2.15176
3.17017
3.11032
3.45766
3.31614
2.90269
3.56132
3.37879
3.53364
3.5664
4.13136
2.94089
2.73397
3.77049
3.29216
3.32997
3.44312
3.5394
3.27128
3.38308
2.91271
3.25555
2.97782
3.13101
3.30436
3.17004
2.94108
3.30209
2.68355
3.04537
3.18827
3.2565
3.00099
3.03574
3.02513
3.37175
2.88984
3.10917
3.50057
3.5923
2.58106
3.18596
2.55521
3.10581
3.39761
3.4183
3.19212
3.16713
3.30533
3.11834
2.84278
3.16476
3.2818
4.401
3.31133
3.47246
3.80944
3.17236
3.41328
4.04865
3.4652
2.93391
3.30846
2.59075
2.63675
2.71721
1.77243
2.71902
2.32637
3.6291
3.63866
2.59772
3.46359
3.40814
3.13351
3.31006
3.17734
3.0308
3.8643
3.28214
3.17214
3.13292
3.65205
3.09259
3.12641
2.90165
3.06141
3.09839
2.76436
2.66727
2.74538
3.03262
2.90519
2.61881
3.2705
3.18995
3.09617
3.00733
3.22251
2.8505
2.47777
2.84306
3.44094
3.00902
2.8343
2.83789
2.54701
3.12974
2.84511
3.54287
3.37704
3.22798
2.85844
3.24401
3.94359
3.25191
2.82924
3.16436
2.96129
3.70428
3.0277
2.664
2.9502
2.88164
3.19085
3.42067
3.32472
3.65436
