1.85183
2.94786
2.23212
2.11407
2.39244
2.77109
3.08116
2.69009
1.69006
3.12486
2.81953
2.90832
2.0594
2.54163
2.47243
2.34254
2.55726
3.00559
2.66232
2.98447
2.93518
3.05581
2.51671
2.93702
2.78148
3.33787
2.79455
3.03589
2.74457
2.73372
3.25394
3.49981
3.26544
3.91301
2.99052
2.35475
3.03421
3.21506
2.85361
3.04666
2.95157
2.79068
3.22411
3.3088
2.75716
2.42326
2.33269
2.6075
2.47939
2.66697
2.2186
2.56767
2.05959
2.93525
2.90967
3.33446
3.29863
2.69196
3.69203
3.02549
3.4207
3.20856
3.45915
3.05594
2.56855
3.31248
2.8878
3.01165
3.2543
3.28784
3.08055
2.75977
2.85879
3.0448
3.03619
3.29823
3.05629
3.16821
2.8128
2.90942
2.84148
3.06298
2.83375
2.90946
2.97789
3.10286
3.00287
3.27875
3.06446
3.15842
3.45628
3.12039
2.57049
3.25879
2.89963
2.86708
3.19096
3.24153
2.89712
2.86
2.95129
3.17231
2.92556
2.87668
3.2372
3.92303
2.8494
3.39535
4.10385
2.37152
3.57872
4.30264
3.20091
3.26012
3.23965
2.83999
2.53459
3.12898
2.42973
3.17175
2.26218
3.59427
3.14308
2.79858
3.00717
3.0739
2.87084
3.24299
2.9351
3.28232
3.52227
3.57964
3.02728
3.50049
3.14774
3.23273
3.55745
2.67181
3.08099
3.13089
2.94236
2.43678
2.98277
2.78422
2.72306
2.70421
2.81438
2.96934
2.81831
3.22138
3.11935
2.07961
2.91216
3.07813
2.42312
3.24175
3.00072
2.88524
2.80558
3.15719
2.94047
2.85722
3.40772
3.66194
2.12012
3.26199
3.95781
3.65242
2.99636
2.87288
3.20879
3.55415
2.86942
2.63803
2.99932
3.24914
3.38522
2.6204
2.92249
3.54265
1.92897
2.92364
2.10235
2.28648
2.31674
2.77371
3.17042
2.7778
1.92117
2.82169
2.92408
2.96333
2.21293
2.77288
2.57604
2.4286
2.48871
2.72709
2.48766
2.77165
2.92787
2.83159
2.63789
2.8691
3.35984
3.40267
3.22584
3.27489
2.65086
3.28115
3.42747
3.57827
3.53828
3.85952
2.94473
2.8834
2.84201
3.07693
2.84189
3.40714
2.89086
2.61233
3.61872
3.40518
2.94549
2.40184
2.78592
2.64088
2.58351
2.78654
2.41407
2.54293
1.96478
2.87937
3.11738
3.11637
3.21947
2.12521
3.46926
3.09164
3.44738
3.52404
3.99533
3.24213
3.06403
4.17056
3.0462
3.08475
3.42343
3.78299
3.11232
2.91966
2.98574
2.80176
2.91984
3.12474
3.23723
3.23097
2.85768
3.1971
2.63792
3.04063
2.80978
3.18696
3.16916
2.95453
3.14018
3.10811
3.14503
3.17057
3.66318
3.57601
2.69088
3.17541
2.57438
3.05245
2.89403
3.29335
2.81013
2.76617
3.00609
3.04306
2.89644
2.78613
2.98012
4.05921
2.77947
3.53589
3.65865
3.14728
3.6495
4.20982
3.35322
3.50965
3.42685
3.07273
2.56621
2.88848
2.4083
3.09176
2.44509
3.60876
3.2865
2.49631
3.03042
2.79656
3.2794
2.89344
2.62926
2.94297
3.45197
3.39399
2.93046
2.99226
3.30047
2.85205
2.85577
2.89761
2.68514
2.71475
3.0231
2.68724
2.98573
2.55852
2.82815
2.66177
2.8366
2.75971
2.87741
3.01147
3.01426
2.2903
3.12821
3.37539
2.79863
2.57559
3.02946
2.70595
3.07303
2.4137
2.79461
2.6789
3.60472
3.42
3.01982
3.33282
3.54835
3.39228
3.45509
2.80585
3.12653
3.46127
2.70254
2.60296
2.93067
2.89629
3.26823
3.02707
3.54613
3.68132
