2.2795
3.26173
2.83261
2.59384
2.70029
2.92806
2.74767
2.937
1.77816
3.03247
3.45978
3.08385
2.91534
2.09925
2.99128
2.68503
2.92711
3.0978
2.98672
3.11262
3.60846
3.51278
2.97623
3.13522
3.6038
3.56948
3.0866
3.25814
3.15974
3.60583
3.79642
4.28141
3.73692
4.02608
3.30666
3.03052
2.79423
3.21608
2.7097
3.05329
3.56565
2.71315
3.61819
3.45365
3.38714
2.56688
2.66638
2.4613
2.7126
2.8175
2.30859
2.57414
2.24594
2.7242
3.00405
3.82904
4.02895
2.49895
3.81892
3.35883
3.83719
3.99241
4.06261
3.00253
3.74789
3.09023
3.46854
3.15628
3.69786
3.7614
3.46349
3.29537
3.45435
3.21209
3.46417
3.33081
3.31821
3.17123
3.15197
3.26044
2.8246
2.96649
2.9283
2.95899
3.03702
3.02716
3.2776
3.80164
3.03821
3.4888
3.9015
3.33458
3.31727
3.66282
2.82468
3.10947
3.13676
3.35746
3.24573
3.76627
4.33443
3.61821
3.28953
3.31477
3.63498
3.83329
3.58772
3.21847
4.0852
4.09553
4.12478
4.34651
3.70324
3.24759
3.07584
3.14447
2.99587
3.2613
2.62234
3.50136
3.05289
3.95525
3.51912
3.12611
3.7112
3.88055
3.43519
3.24361
3.38726
3.68455
3.66549
3.96472
3.39854
3.5389
3.44918
3.72578
3.28147
3.29556
3.41251
3.43569
3.37801
3.26362
3.23279
3.1053
2.91498
2.89386
2.91248
3.70522
3.34462
3.06031
2.92445
2.69184
3.48599
3.29354
2.81651
3.08131
3.19644
3.13424
3.22411
2.63836
3.02943
3.75369
3.5287
3.78405
2.82624
3.39831
4.08443
3.46374
3.29422
3.06214
3.23916
3.76988
2.91784
2.90368
3.88123
3.32653
3.68379
2.96903
3.53252
3.6481
2.2559
2.85605
2.72417
2.64206
2.87093
2.87825
3.05332
2.86428
1.71621
2.9323
3.05424
2.88583
2.99864
2.44947
3.10953
2.86141
3.07855
3.10281
2.88404
3.02618
3.01766
3.33132
3.14615
3.3677
3.47562
3.58466
3.06472
3.3735
3.42697
3.53062
3.53247
3.77226
3.23306
4.08383
3.28009
2.84351
2.85321
2.96812
2.64619
3.02697
3.22134
2.77232
3.7128
3.26213
3.27187
2.72164
2.65618
2.75704
3.25663
3.04958
2.26094
2.75344
2.33077
2.07592
2.91467
3.9588
3.36061
2.66909
3.52547
3.23756
3.33941
4.01605
3.96004
3.11558
3.07866
3.15269
3.23185
3.21195
3.71183
3.18065
3.33697
3.30277
3.11537
3.25108
3.8624
3.86065
3.06857
3.22005
3.27059
3.21825
3.05726
3.09813
2.98044
3.07601
2.98095
3.08938
3.18816
3.26128
3.04346
3.09002
3.31874
3.26346
3.39787
3.4786
2.73762
3.02339
3.06862
3.29624
3.47445
3.59718
3.71114
3.4469
3.05368
3.16527
3.40628
4.33199
3.29613
3.39344
3.75096
3.22
3.71158
3.80389
3.8103
3.09893
3.36773
3.28636
2.96453
2.99867
2.28408
3.59273
3.2643
3.85287
3.86604
3.49684
3.20877
4.09352
3.69439
3.15196
2.92022
3.23345
3.4594
3.57475
3.69781
3.635
3.17379
3.49281
3.38117
3.35119
2.98273
3.18021
3.84515
2.88507
3.60443
3.03794
2.99635
3.14092
3.58786
3.26135
3.32856
3.22273
3.2693
2.96564
2.65282
2.81185
3.73315
2.83629
2.94551
3.30698
2.84781
3.123
3.03583
3.62039
3.59353
4.24885
3.28509
3.32083
3.73635
3.29544
3.31926
2.64602
3.24651
4.02345
3.02467
3.32441
3.11948
3.37149
3.38842
3.1538
3.36942
3.90645
