1.93896
2.65272
2.26913
2.41791
2.55017
2.86331
3.02381
2.6645
1.64072
2.91191
2.52777
3.11449
2.69155
3.03584
2.75429
2.42766
2.50747
3.25311
2.79264
2.62064
3.56315
3.64366
2.87245
3.15318
3.4275
3.11586
2.54154
2.97096
3.17381
3.19118
3.30615
3.74936
3.903
4.28463
3.24976
2.04052
2.50595
2.94893
2.45991
3.21288
3.07644
2.19577
3.22833
3.11106
2.63647
2.41507
2.54638
2.17402
2.62056
2.47367
2.57167
2.58083
1.97579
2.72148
2.95922
3.00534
3.50207
2.79893
3.81423
3.26047
3.83987
3.16939
3.32354
3.12203
2.87486
3.12855
2.7797
3.06523
3.32132
3.09138
2.97256
3.18953
2.7432
2.96602
3.25566
2.96223
3.18232
2.84024
2.91929
3.21318
2.97442
2.71392
3.0194
2.93938
3.23544
2.71048
2.76999
3.36456
2.79118
3.09142
3.54314
3.49225
2.47065
3.53175
3.05019
3.00854
2.96717
2.8094
3.11471
3.57942
3.72792
3.42663
2.73207
3.08862
2.86127
4.34576
2.88349
3.81429
4.13512
3.07871
3.32104
3.70791
3.51653
3.48505
3.40324
2.98559
2.83438
3.10356
2.25593
2.70456
2.40754
3.88288
4.10715
3.50003
3.38331
3.90824
3.09682
3.55664
3.24796
3.35445
3.52302
3.88951
3.35789
3.3484
3.46771
3.34695
3.88507
2.98373
3.43235
3.18502
3.04693
2.56222
3.34251
2.5951
2.72284
2.77302
3.4711
3.03713
3.19317
3.12065
3.03786
2.39462
3.86111
3.16239
3.12272
2.88358
3.00346
3.07915
2.81993
3.27314
2.85436
3.17809
3.81197
3.25008
3.02933
3.21093
3.39551
3.72708
3.04253
2.80909
2.80745
3.82135
3.12363
2.8245
3.98484
3.25143
3.32736
2.59854
3.47503
3.41357
1.67937
3.3983
2.69834
2.38037
2.67406
2.90524
3.05528
2.79489
1.71696
2.70754
3.0921
3.2046
2.46469
2.94566
2.73101
2.15607
2.52963
3.48945
2.81307
3.14584
2.77881
3.84719
2.76972
3.69656
3.70794
3.57973
3.10884
3.28927
3.36642
2.87844
3.39431
3.89087
4.39241
4.11871
3.221
2.23483
2.46625
3.25107
2.27238
3.22361
3.32485
2.59962
3.44502
2.85121
2.48293
2.4637
2.71702
2.17513
2.73373
2.68633
2.8964
2.58925
2.03104
2.92097
3.19618
3.51788
3.87195
2.48276
3.39627
3.16034
3.51149
3.59874
3.60321
3.37051
2.77466
2.61697
3.28452
3.22087
3.45804
3.56076
2.95191
3.53269
3.16847
3.32234
3.5989
2.92684
3.03406
2.89392
3.0225
3.15929
3.16953
3.01695
2.95931
3.23974
2.78352
2.98582
2.84796
3.12116
3.1137
3.28909
3.66005
3.92246
2.81258
3.57249
2.72784
3.04807
3.48472
3.40569
3.42731
3.3385
3.57191
3.70776
2.51159
3.47522
3.22031
4.33419
3.14038
3.57146
4.10002
3.46624
3.40566
4.07304
3.78083
3.2153
3.85447
3.15744
2.9336
3.5416
2.68473
2.89953
2.4663
3.70417
3.98785
3.28822
3.38815
3.99845
3.30407
3.24931
3.3659
3.5225
3.92843
3.89837
3.51119
3.46543
3.38116
3.33295
3.48565
3.09977
3.16475
2.84205
3.07098
2.28316
3.32615
3.0277
2.60627
2.71055
3.52354
3.13274
3.20873
2.99224
2.86374
2.24332
3.5081
2.84793
3.13175
2.6773
3.317
3.06534
3.56378
3.31914
3.06702
3.68541
3.56573
2.9354
3.20977
2.78765
3.89699
3.70697
3.19148
3.02321
3.32739
3.1332
3.15742
3.20505
3.81601
3.44744
3.62574
3.1307
3.19466
3.7873
