2.07971
2.99083
2.76806
2.25184
2.55806
2.77273
2.99358
2.86022
1.73533
2.90235
2.61573
3.37593
2.53211
2.29881
2.68499
2.81398
2.71541
3.29206
2.71038
2.44073
2.99332
2.57759
2.6606
3.46079
3.10095
3.56434
2.86656
3.09356
3.11613
3.33762
3.53992
3.60262
3.64128
3.79123
3.51305
2.58305
2.98534
3.07187
2.61882
3.16421
3.62975
2.66082
3.40454
3.30047
3.06289
2.62239
2.90009
2.52137
2.93472
2.88853
2.77552
2.64543
2.03626
2.91259
3.36483
3.03606
4.1605
1.78553
4.10759
3.39198
3.45711
3.21352
3.93977
3.46939
2.99479
3.17814
3.53672
2.97825
3.7259
3.85635
3.67946
3.54338
3.11192
3.15395
3.48919
3.70885
3.16619
3.11891
2.88629
2.69301
2.85785
2.93007
3.04511
3.23541
3.07479
3.34725
3.35498
3.42813
3.07698
3.53861
3.67989
3.50371
3.27898
3.57994
2.66982
3.20092
3.24144
3.51536
3.18593
3.84646
3.94667
3.89411
2.96753
3.11836
3.36884
4.02718
3.63022
3.46366
4.2657
3.5949
3.80051
4.48325
3.5751
3.36907
3.46232
2.96093
2.91883
2.398
2.24603
3.2238
2.98641
3.37577
3.93913
3.28685
3.83081
3.33246
3.43973
3.27847
3.86494
3.73877
3.87434
3.93105
3.04891
3.08049
3.38084
2.98802
3.74601
3.08798
3.1781
2.82398
2.81099
2.86841
3.1974
2.72645
2.86962
2.81987
3.24723
3.32952
3.09217
3.27042
3.09023
2.59286
2.45786
2.72561
2.75668
2.88528
3.27465
2.82849
3.07043
2.60334
2.85475
3.30202
3.48514
3.81822
2.9841
3.84937
3.61849
3.59449
3.19629
3.10413
2.94571
3.81141
3.08208
3.00103
3.79185
3.30208
3.3175
3.32613
3.21896
3.9913
1.99678
2.89809
2.34267
2.24459
2.59846
2.81998
3.46631
2.82962
2.00685
2.96729
2.72107
2.93358
2.81389
2.70042
2.70735
3.44008
2.73436
3.24331
2.63629
3.1072
2.88635
2.6018
2.72907
3.33047
3.9965
3.49265
2.60709
3.96719
3.12605
3.1548
3.28521
4.08651
3.54601
3.64544
3.08142
2.62937
2.70209
3.21783
2.53713
3.07757
3.3931
2.90707
3.3875
3.21383
2.97741
2.60064
2.75489
2.49071
2.61763
2.82488
2.94215
2.72529
2.00217
3.26466
2.96342
3.57879
3.97056
2.25887
4.08488
3.15048
3.7659
3.54728
3.84447
3.2596
2.73679
3.42173
3.54684
3.14166
3.57599
3.94099
3.27849
3.34287
2.90699
3.84914
3.35596
3.35418
3.62892
3.37879
3.60299
2.90349
2.9325
2.81102
3.26168
3.3225
3.27284
3.2382
3.28718
3.76222
3.20049
3.3188
3.9885
3.62642
2.9649
3.63271
2.85514
3.27441
3.11526
3.03022
3.29558
3.84797
3.80917
3.69527
3.195
3.33391
3.36579
3.92248
3.1472
3.457
3.86667
4.2702
3.81824
4.61733
3.4112
2.98596
3.30742
3.20091
2.79203
3.01793
2.4233
3.19764
3.29172
3.32389
3.89955
3.06408
3.40359
3.83257
3.44006
3.43197
3.21374
3.60816
3.72328
3.69655
3.31943
3.59517
3.61505
3.39121
3.49115
2.73875
3.69966
3.18378
2.99172
2.88887
3.22242
2.81818
3.11135
2.84621
3.2875
3.22205
3.26067
2.95317
3.60121
2.42383
2.77644
3.32596
2.95501
2.88267
2.90005
3.05106
3.12469
2.99279
2.76657
3.19067
3.31401
3.55177
2.9441
3.40262
4.23769
3.32692
3.30227
3.18101
3.04159
3.86943
3.15044
2.95686
3.76984
3.11969
3.84698
3.46352
3.35363
3.54661
