1.81053
2.53933
2.04331
2.1302
2.1723
2.41216
3.02292
2.90269
1.74297
3.02725
3.09756
2.92619
2.52718
2.60379
2.89309
2.55549
2.38282
3.0693
2.3937
2.12877
2.64057
3.11237
2.80348
2.26665
3.23963
3.51347
3.02976
2.72193
2.64696
3.25491
3.25101
3.77361
3.13437
4.13609
2.96176
2.48365
2.75021
3.20581
2.3366
2.97998
3.11552
2.39286
3.41119
3.18773
2.92449
2.44627
2.61481
2.14023
2.55383
2.6626
2.54927
2.49328
2.02938
2.94281
2.64047
3.65686
3.62095
2.55166
3.89126
3.11315
3.17247
3.3803
3.42839
3.51292
3.14167
3.07802
3.10249
3.22541
3.56879
3.50568
3.36397
3.33665
2.95611
3.24801
3.32598
3.60305
3.19977
3.13642
3.15962
2.90689
2.92048
2.9479
2.96687
2.98377
2.76937
3.05496
3.49772
3.36228
3.32017
3.16126
3.6916
3.22508
2.89338
3.51133
2.3851
2.81649
2.77403
3.5768
3.66602
3.31895
2.89292
3.35656
2.86472
2.73646
2.93948
3.94187
3.5804
3.5769
4.0809
3.67467
3.59281
4.41521
3.49064
3.62674
3.53011
2.77243
2.6912
3.154
2.28472
3.22585
3.15116
3.55878
3.62208
2.7926
3.29958
3.29234
2.7383
3.09904
3.18889
3.35335
3.49829
3.80282
3.39694
3.5582
3.21429
2.9939
3.22168
2.66924
2.99591
2.94538
2.82613
2.50992
3.05729
2.5963
2.80142
2.64136
3.26524
3.09562
2.8775
2.85147
3.09786
2.513
2.95021
2.82026
2.36133
2.31276
2.50721
2.29761
2.71944
2.91681
2.62385
3.31911
3.81674
3.30767
2.56233
2.83844
3.50452
3.70293
3.27416
3.06341
3.06363
3.53386
3.03106
2.61011
3.38637
3.26373
3.51722
3.25193
3.32226
3.72814
1.84229
2.40971
2.19693
2.04928
2.36389
2.45565
2.8942
2.79974
1.70356
2.97597
2.49185
3.09023
2.29509
2.95354
2.65085
2.51697
2.57409
3.07703
2.49619
2.62883
2.76983
2.74251
2.4488
3.19658
2.84642
3.63733
3.06854
2.55175
2.91728
3.44424
3.43565
3.60534
3.27441
3.90241
2.98576
2.53603
2.76124
3.22308
2.40511
3.01782
3.16126
2.49109
3.15292
3.29059
2.83137
2.48277
2.69492
2.14591
2.89851
2.58647
2.35546
2.40144
2.00776
3.01948
3.03195
3.36899
3.11942
2.86238
3.41928
3.16543
3.86855
3.337
3.48281
3.16684
3.54824
3.61291
3.16708
3.14257
3.48774
3.51072
3.19543
3.26727
2.99065
3.20947
3.04354
3.20088
3.21765
3.08226
2.77584
2.74328
2.89052
3.05001
2.87843
2.88943
2.78554
2.91853
3.1613
3.51236
3.11564
3.27894
2.96052
3.1656
2.67758
3.76583
2.61976
2.78022
3.21855
3.05611
3.14494
3.35377
2.95571
3.01494
2.74968
2.71106
2.67219
4.25238
4.05584
3.58056
3.72616
3.15774
3.91162
4.62448
3.53119
3.15978
3.46755
2.89065
2.91865
3.04432
2.16941
2.86319
3.09433
3.40989
3.544
2.79135
3.24775
3.09184
3.00834
3.19367
3.26041
3.15716
3.57499
3.05883
3.45856
3.49005
3.13832
3.37376
2.9244
2.81177
3.33121
3.05331
2.76423
2.38942
2.89067
2.79198
2.57725
2.78738
3.07023
3.16404
2.71906
2.8846
2.97648
2.21421
2.8634
3.05391
2.34173
2.69783
2.65282
2.42735
2.62737
2.37031
2.7173
3.08505
3.69698
3.82034
3.7656
2.9535
3.34426
3.44903
3.1126
2.63129
3.00003
3.82875
3.5989
2.72104
3.26953
3.30026
2.62495
3.42308
3.19664
3.63432
