1.97396
2.7166
2.36742
2.33339
2.39968
2.61526
3.19015
2.99404
1.77781
3.17049
3.11597
3.18755
2.29551
2.74145
2.68065
2.83882
2.87409
2.93495
2.5491
2.67164
3.04932
3.0349
2.70156
3.5729
3.52947
3.69308
3.08107
3.84788
2.59115
3.05635
3.34999
3.6404
3.58037
3.62097
2.88606
2.36627
2.69438
3.08265
2.63153
3.42758
3.4366
2.77863
3.68239
3.36781
2.89944
2.71701
2.68316
2.59751
2.44131
2.53752
2.56798
2.81034
2.23558
3.13301
3.12291
3.17459
3.85151
2.53103
3.88495
3.33062
3.61787
3.5456
3.78779
2.964
2.73364
2.89145
3.09613
2.99653
3.48825
3.75005
3.09504
2.80577
3.23124
3.36615
3.38776
3.08075
3.2547
3.08868
3.17735
3.51548
2.99223
3.0584
2.99292
3.06053
2.87252
2.75073
2.83567
3.49372
2.75172
2.90418
3.0697
2.88755
2.22255
3.50082
3.01218
3.11282
3.30627
3.32673
3.52004
3.69351
4.01859
3.53574
2.70618
3.30591
3.67013
3.55909
3.92905
3.62695
3.78577
2.46803
3.66919
4.13035
3.17031
3.04405
3.50356
3.01871
2.86662
3.2276
2.29639
3.9255
2.57571
3.55234
4.2831
3.28042
3.52157
3.97979
3.34722
3.07758
3.17794
3.15868
3.72765
3.87309
3.23823
3.60253
3.14845
2.90677
2.99984
3.01702
3.52349
3.32523
3.00036
2.63619
2.98489
2.84597
2.75592
2.71159
3.263
2.97217
3.06073
3.2072
3.21277
2.33082
3.49738
3.09947
3.13244
3.08334
2.6539
2.73751
2.67465
3.23509
3.09417
3.07333
3.22523
3.68125
3.54315
3.22505
3.55257
3.49971
3.37335
2.61951
2.75727
3.27973
3.18641
3.64101
3.65194
2.85238
3.51666
3.17471
3.24706
3.58745
1.82973
2.29438
2.49325
2.32836
2.41615
2.68788
3.04124
2.94606
1.7812
2.90486
3.11695
3.09906
2.42153
2.79536
2.80186
2.57496
2.73706
3.29478
2.73436
2.68205
3.27655
3.00122
2.73178
3.19837
3.53057
3.78506
2.7947
3.5428
3.07788
3.27947
3.21
2.99417
3.59898
3.80308
3.21953
2.21865
2.64881
2.89558
2.32519
3.59686
3.18506
2.57423
3.60443
3.23928
2.83272
2.33777
2.5819
2.66414
2.51939
2.77718
2.67033
2.73589
2.14267
2.95205
3.09693
3.32279
3.46622
2.6384
3.71911
3.5573
3.34236
3.88735
3.93718
3.18672
3.03895
2.82806
3.2038
2.97548
3.4061
3.65922
3.03744
3.25035
3.25764
3.15756
3.08189
3.36555
2.99516
2.90463
3.15695
3.25814
3.17191
2.90797
3.28408
2.90493
2.92889
2.90885
2.7678
2.88564
2.56252
2.6679
3.1742
2.91691
2.2646
3.51389
2.80092
2.91285
2.99922
3.46099
3.05734
3.15549
3.58371
3.18567
2.86507
3.37843
3.73751
4.17067
3.53865
3.36284
3.36702
3.83131
3.47319
4.06195
3.36335
3.34845
3.32591
3.24767
2.68952
3.4006
3.06279
3.33204
2.61523
3.13708
4.0068
2.90896
3.73196
3.32244
3.07948
3.03926
3.45399
3.01213
3.57689
3.72504
2.88026
3.55466
3.38972
3.05765
3.05399
2.87639
3.02851
3.21504
2.84128
2.59386
3.3089
2.64412
2.98485
2.69478
3.30599
3.29277
3.16058
3.121
2.81803
2.75815
2.74877
3.13249
2.75231
2.5093
2.47248
2.99979
2.95469
2.64172
3.14164
3.2239
3.10252
3.72234
4.01999
3.40294
3.62971
3.26938
3.31946
2.64894
2.81458
3.58416
3.07772
3.13374
3.35798
3.69923
3.03477
3.43384
3.48759
3.61111
