1.97435
2.76507
2.28572
2.32483
2.48516
2.65185
2.97744
2.91499
1.75431
2.79221
2.89788
3.19762
2.49688
2.35476
2.77073
2.42216
2.73967
3.49775
2.67805
3.11249
3.14569
2.58696
3.02479
3.05123
3.14445
3.11605
3.08017
3.4457
2.99758
3.18889
3.36213
3.46757
3.41682
3.31539
3.06576
2.43827
2.67456
2.86736
2.59715
3.28113
3.28403
2.66269
3.42032
3.016
2.66985
2.55589
2.58952
2.60494
2.9335
2.67474
2.6464
2.58777
2.12691
3.05697
2.93089
3.20989
3.32745
2.03836
3.53698
3.22021
2.85351
3.67824
3.82998
2.99537
2.86892
3.69941
3.18296
2.88549
3.17963
3.22691
3.36407
3.19242
3.07243
2.92336
2.95939
3.43126
3.02851
3.05057
2.89937
3.18275
2.74316
2.73344
2.88295
2.88533
3.38998
2.90227
2.75782
3.1006
2.61957
3.03293
3.12761
3.45598
2.84989
3.24998
2.81915
2.89124
3.22119
3.09133
3.00694
3.43296
3.81983
3.83226
2.45818
2.85731
3.31243
4.27686
3.49372
3.29762
3.75837
2.92767
3.78239
4.48012
2.98752
2.93987
3.03976
2.98144
2.6578
2.46267
2.08567
2.84324
2.84554
3.86312
3.13334
3.47842
3.44823
2.86701
2.57267
3.27039
3.24409
3.04878
3.40436
3.19935
3.29101
2.86866
3.23577
2.90209
3.15774
3.35796
3.0666
3.05488
2.81555
2.47818
3.3092
2.94287
3.06219
2.83251
2.97241
3.18429
2.99923
3.0637
3.24173
2.52237
2.76208
2.75348
2.32815
2.80941
3.29157
2.94681
2.97984
2.67234
3.00202
2.74713
2.94461
3.99995
3.24517
2.94344
3.71493
3.45138
2.91592
2.5966
2.8088
3.31135
2.87258
2.92596
3.55814
2.69184
3.26141
2.64071
3.29954
3.26325
1.99846
2.60416
2.18319
2.32051
2.56158
2.68214
3.00522
2.84579
1.66698
2.86491
2.61251
3.14186
2.27889
2.93429
2.8508
2.86379
2.66886
2.98331
2.36019
2.58901
2.94649
3.17658
2.6316
3.15246
3.10047
3.45752
2.79079
3.69101
3.28811
3.07467
3.27241
3.70704
2.95687
3.47571
3.09605
2.39759
2.67141
2.88066
2.3586
3.22224
3.20746
2.60321
3.78285
3.23681
2.88697
2.88799
2.75357
2.86517
2.87989
3.01422
2.46227
2.66635
2.2488
3.05696
3.14392
3.46836
3.442
1.97955
3.09959
3.12172
3.12727
3.57752
3.68817
2.98001
3.23311
3.18482
3.20594
3.02706
3.17677
3.40191
3.08045
2.88636
3.21933
3.13365
2.64558
2.9128
3.06294
3.03515
2.96865
2.98413
2.88393
2.75564
2.7472
2.94015
3.06626
2.79059
2.65705
3.18846
2.78235
2.84601
3.43929
3.56212
2.59924
3.1618
3.18691
3.00304
3.04865
2.99008
2.76837
3.14265
3.14934
3.02003
2.65315
3.17256
3.24901
3.8579
3.14124
3.12765
3.42803
3.42429
3.4622
4.23307
3.20981
2.82831
2.98534
2.98399
2.84834
2.5002
2.24013
2.5894
2.895
3.58862
3.68442
3.51881
3.21487
3.07908
3.11932
2.98035
3.12579
3.32687
3.71023
3.62453
3.41686
2.99124
3.08687
3.07315
3.07146
3.0217
2.9774
2.99713
2.97906
2.79663
3.03394
3.17807
3.09433
2.91342
3.32844
3.23484
3.24919
3.0375
3.11838
2.87932
2.68641
2.83346
2.92067
2.62455
2.78793
2.67327
2.7907
3.17176
2.97067
3.35481
3.38325
3.49552
2.50952
3.23666
3.56461
3.37166
3.10751
2.55423
2.69024
3.54739
2.81994
3.15175
3.24971
3.15106
2.57465
3.31773
3.23817
3.35863
