1.85873
2.69111
2.2523
2.19727
2.37556
2.44574
2.99494
2.80735
1.53394
2.55965
2.7221
3.11698
2.43988
2.37256
2.5999
2.57748
2.60075
3.04088
2.3714
2.79697
2.49824
2.62166
2.49777
2.66797
2.59835
3.40838
2.99953
3.40313
2.93149
2.82213
3.48453
3.17992
3.36135
3.69979
2.95765
2.29979
2.63577
2.98439
2.47715
3.19456
2.97973
2.80571
2.99225
3.01664
2.67307
2.44913
2.75911
2.26508
2.39682
2.66209
2.64798
2.38853
2.03426
2.74359
3.06604
3.35289
3.10655
1.89757
3.02124
2.77259
3.35867
3.33374
3.74106
3.06631
2.67727
2.36226
2.93971
2.57569
3.32088
3.45369
2.80159
3.26552
2.64413
2.99582
3.08021
3.1025
2.95252
2.86797
2.89026
2.56177
3.15819
2.64125
2.55488
2.69105
2.55439
2.6933
2.85319
3.3209
2.11162
2.79172
3.24402
3.27435
2.43457
3.59331
3.00803
2.6197
2.55657
2.92646
3.20557
2.98545
3.13673
2.93336
2.56701
2.8688
3.08408
4.54488
3.12939
3.05156
3.7633
3.15843
3.16761
4.68528
3.25475
2.69701
3.19531
2.71123
2.49411
3.87386
2.39266
3.29401
2.70612
3.86533
4.1298
2.47627
3.44225
3.47351
3.1056
3.39428
2.93108
3.25878
3.72158
3.55958
3.43715
2.89781
2.96453
2.79262
3.26635
2.9927
2.81605
2.70901
2.57042
2.71542
2.96465
2.79737
2.79281
2.48725
2.87217
3.18844
2.84005
2.95319
3.21603
2.23221
3.30833
2.85748
2.70079
2.91562
2.8797
2.66366
3.01026
3.44425
3.03447
3.02311
3.08879
3.81997
3.28817
3.56763
3.71852
3.44837
2.81613
2.9172
2.79482
3.67334
2.95617
2.37848
3.31197
3.08254
3.37261
2.80639
3.17407
3.07255
1.79502
2.51542
2.50713
2.3482
2.46146
2.57301
2.53067
2.8777
1.58745
2.9783
3.11924
2.80095
2.32288
2.55401
2.50741
2.30351
2.80747
2.95904
2.4563
2.78284
3.19999
2.70191
2.62499
2.83807
2.96279
3.71207
3.02666
3.39447
3.13471
3.07708
3.44489
3.40061
3.57319
3.80091
3.01107
2.22856
2.67134
3.20297
2.46726
3.03586
3.15792
2.7372
3.28666
2.89296
2.79646
3.07146
2.60522
2.70226
2.56642
2.68057
2.68182
2.30892
2.1955
2.71102
2.7137
3.44754
3.50885
2.6003
3.08488
3.10045
3.33676
3.57364
3.53652
3.12069
2.99874
2.52184
3.05647
2.73831
3.42426
3.79109
3.07252
2.84425
2.74321
2.81952
3.17178
3.7484
2.9301
2.89297
2.94025
2.83491
3.20634
2.87466
2.84393
2.62525
2.72944
2.79032
2.96973
2.82836
2.80608
3.14534
3.03377
3.04926
2.77561
3.63146
2.82151
2.87487
2.96884
3.1936
2.82492
3.32644
3.23583
3.34855
2.88462
2.80135
2.96818
4.22491
3.17002
3.10807
3.49816
3.50706
3.07507
4.47573
3.38167
2.55957
3.21733
2.92501
2.66637
3.97872
2.48427
2.90923
3.55482
3.85515
4.37475
2.84531
3.25104
3.41085
3.06607
3.59476
3.06552
3.06916
4.20129
3.59524
3.28446
3.36808
3.05415
3.10466
3.26795
2.89328
2.86886
2.74222
2.7313
2.77374
3.11979
2.65871
2.75059
2.5495
3.3044
3.07888
3.12709
2.84577
3.14416
3.02204
2.66
2.73798
3.00208
2.70554
2.49035
2.3484
3.03676
3.12912
2.94497
3.19092
3.18273
4.51589
2.99254
3.67807
3.38837
3.3994
3.0775
3.0976
2.65249
3.82573
3.16589
3.05164
3.18722
3.17618
3.33651
3.14772
3.30803
3.39919
