1.90614
3.03982
2.65072
2.43276
2.66789
2.64473
2.96849
2.76583
1.77348
3.04421
2.83642
3.81682
2.53961
2.29792
2.80973
2.64612
2.55675
3.25762
2.52356
2.51881
3.30455
3.5339
2.95962
3.02878
3.7063
4.31944
3.11081
3.32285
3.11223
3.5076
3.47451
3.63387
3.54129
3.71311
3.29295
2.85916
3.17264
3.27475
2.82131
3.46354
3.33927
2.52466
3.62611
3.43884
3.09972
3.41701
2.85245
2.29261
2.89363
2.86061
2.51169
2.44287
2.13693
3.2358
2.89249
2.99424
3.82326
2.21456
3.19724
3.96887
4.19854
3.58631
3.94837
3.98822
4.11599
3.83722
3.37991
3.00881
4.07398
3.89928
3.44597
4.20681
3.25727
4.28873
3.35262
3.53562
3.41681
3.53911
3.00902
3.27865
2.77661
2.9604
3.18834
3.24553
3.55637
3.14368
3.62576
3.99007
2.9301
3.16814
3.77956
3.64983
3.21586
4.05473
2.72278
3.21011
3.23022
3.68054
3.51681
3.95124
4.08773
4.29561
2.91907
3.19312
3.23044
4.56206
3.08753
3.68137
4.23182
3.11698
3.3776
4.73073
4.06846
3.36005
3.55454
2.64905
2.72512
3.53968
2.1271
3.3523
2.32908
3.96397
4.1611
2.90963
3.39036
3.37896
2.69376
3.53151
3.17246
3.43967
4.09989
3.95784
3.79378
3.57323
3.5437
2.95939
3.47241
3.00235
3.18069
2.77721
2.90649
2.86706
3.11566
3.10426
3.04353
2.55238
3.17437
3.20787
3.14217
3.28985
3.13002
3.02878
3.1918
2.61621
2.87623
3.01668
3.32557
2.74182
3.14089
3.39491
2.81719
2.98818
3.08158
4.15938
4.60117
3.80811
4.18813
3.93798
3.38672
2.96873
2.78879
3.98353
2.81447
3.504
3.69187
3.12641
4.16309
3.39643
3.59445
3.17197
1.86383
2.79044
2.30771
2.30456
2.52156
2.61166
3.47654
2.84562
1.72616
3.05308
3.04074
3.46787
2.57898
2.34596
2.38748
2.58042
2.22284
2.91153
2.38424
2.92289
2.70814
2.81379
2.65453
3.12089
3.389
4.07835
3.1884
2.81105
3.65061
3.17431
3.01544
3.90088
4.16314
4.14839
3.65483
2.31136
2.64318
3.2679
2.39323
3.17964
3.70576
2.44816
3.92829
3.54443
2.66296
3.08256
2.9081
2.46767
3.04435
2.77573
2.68179
2.61849
2.27163
3.33068
3.43289
3.76336
3.46523
2.40791
3.1936
3.63227
4.06251
4.18947
4.55542
3.75976
3.53441
4.25139
3.51523
3.34633
3.91
3.92283
3.33153
3.62523
3.28292
3.62097
3.24595
3.1828
3.58886
3.06371
2.85557
3.15037
2.84654
3.04761
3.2985
3.54632
3.50067
3.18861
3.69076
3.73898
3.02029
3.1887
3.8572
4.20429
2.80613
3.64441
2.38165
3.19403
3.23488
3.7523
3.60317
3.97922
3.74856
3.50732
3.3597
3.1098
3.11583
4.5287
3.3641
3.54188
3.75098
3.46553
3.57688
4.16845
3.1527
2.99951
3.38058
3.43769
2.78943
3.10539
2.03094
2.97409
1.84085
3.38039
4.03945
2.97689
3.46737
3.08245
3.23258
3.36801
3.11383
3.52132
4.26699
3.54659
3.43075
3.55056
3.63108
2.86444
3.02228
2.91276
2.83436
2.81182
2.73802
2.51055
3.41457
3.11294
2.62501
2.4114
3.76669
3.24743
3.19991
2.97861
3.30771
2.62958
3.17504
2.66656
2.76548
2.80003
3.09951
2.61697
3.56633
2.88057
2.9025
3.75394
3.82494
3.56969
3.78522
4.12992
4.27568
3.83732
3.33775
3.51755
2.76275
3.80177
2.94755
3.40073
3.42179
3.49027
3.94283
3.69295
3.79479
3.48713
