2.08927
2.8243
2.4651
2.3012
2.41807
2.62002
2.91493
2.73926
1.64601
2.65916
3.03653
3.14753
2.5303
3.21064
2.81883
2.89315
2.65489
3.16561
2.59865
2.56046
2.80483
2.89138
2.41313
2.60565
3.43983
3.82677
2.93342
3.58206
2.96703
2.89259
3.52959
4.07331
3.42712
3.39168
2.89114
2.26024
2.60807
3.26562
2.62202
2.7671
2.99698
2.77594
2.7536
3.59207
2.55415
2.49654
2.64647
2.59363
2.76033
2.73585
2.34676
2.50197
1.89293
3.40576
3.07944
3.24245
3.70135
2.9885
2.37676
2.88938
3.42545
3.1311
3.06583
2.65689
2.71084
2.72176
2.91608
2.89355
3.06479
3.62353
3.0858
2.79759
2.734
2.78703
2.74489
3.29438
2.95368
2.8383
2.80979
2.86209
2.80357
2.80062
2.73672
2.75204
2.8256
2.72617
2.84617
3.02188
2.96728
3.03151
3.49326
3.2865
2.83681
3.42883
2.51277
2.99988
2.99075
3.43546
3.07508
2.90205
3.27083
2.9516
2.1736
2.62848
3.01752
4.23216
2.84363
3.1499
3.99245
3.10495
3.32573
4.32173
3.40155
2.94344
3.52067
2.60746
2.47011
2.97049
2.5168
3.09359
2.55249
3.70567
3.31376
2.88064
3.31322
3.19412
3.07114
3.07237
3.2861
3.52666
3.27197
3.77255
3.49941
3.44661
3.19822
3.02118
3.31928
3.01015
3.1077
3.03409
3.20804
2.69245
3.16247
2.83338
2.53055
2.92335
2.99498
3.19556
3.09312
3.18636
3.16123
2.95823
2.52367
3.14502
2.68985
2.91269
2.67194
2.64315
2.76428
2.72544
2.91704
2.83771
3.25986
3.80957
3.13206
2.71197
3.32792
3.32272
2.47722
2.80281
2.71941
3.91825
2.37288
2.67238
2.95101
3.03214
3.61959
2.58721
2.72269
2.24913
2.0099
2.58956
2.36143
2.21057
2.44963
2.56737
2.62581
2.97751
1.70142
2.7134
2.56098
3.12291
2.30124
3.55366
2.81384
2.59392
2.36551
3.12004
2.68706
2.76843
3.07619
2.7661
2.91701
2.75931
3.19153
3.39084
2.42319
3.2495
2.29171
2.7296
3.46767
4.01381
3.33967
3.35462
2.95811
2.42921
2.55697
3.12691
2.66724
3.02407
2.77717
2.5539
3.0292
3.35878
2.5763
2.80164
2.49307
2.62769
2.68624
2.70176
2.68982
2.54797
1.84088
3.09939
2.95948
3.16087
3.16072
3.17193
2.66526
2.80803
3.27409
3.40757
3.27118
2.82906
2.82587
3.24991
3.11978
2.95124
3.19606
3.61244
2.90038
3.00585
2.8502
3.01031
3.19479
2.99971
3.03697
2.81391
2.71064
2.8912
2.81526
2.70495
2.86361
2.89735
2.74931
2.83618
2.83065
3.21808
3.00387
2.80187
3.35779
3.36081
2.88725
3.3909
2.41486
3.04819
3.17741
3.06973
2.81392
3.05778
2.96405
2.90538
2.52713
2.81882
3.05538
4.13645
3.03822
3.30357
3.72304
4.02036
3.56238
4.49662
3.40387
2.89591
3.25537
2.82128
2.62173
3.23823
2.40124
3.27545
3.23552
3.77007
3.07391
2.5746
3.15048
2.94921
3.27401
2.75104
3.11658
3.42811
3.42334
3.28525
3.20843
3.27036
3.10033
3.31567
3.20303
3.07381
2.9621
3.20824
2.6794
2.73989
3.14307
3.06797
2.74463
2.97668
3.13023
3.11605
2.8416
2.96378
3.02789
2.93056
2.80391
2.90273
2.60989
2.63075
2.67822
3.02408
2.36838
2.73426
2.78762
2.85534
2.94468
3.63397
2.87076
3.41529
3.25988
3.41854
2.77732
3.20019
2.87322
3.89899
2.6504
2.36544
3.05126
2.974
3.58964
2.7651
3.15914
3.09649
