1.91451
2.95403
2.3321
2.25943
2.56642
2.7546
2.65918
2.80967
1.87447
3.02515
3.12127
3.00623
2.79924
2.53265
3.18735
2.9466
2.8376
3.12988
2.66147
2.88226
2.50505
2.81205
3.1279
3.1518
2.97439
3.70007
3.04556
2.65142
2.601
3.19965
3.4509
3.83673
3.33804
3.99584
3.06304
2.64723
2.8219
3.14071
2.82245
3.37555
3.22438
2.58331
3.92994
3.23424
3.17445
2.88439
2.9143
3.12178
2.95385
2.84468
2.47562
2.83252
2.01155
2.89058
3.21832
3.05725
3.52184
2.16058
3.28976
3.28858
3.0948
3.58073
3.97296
3.28304
3.30446
3.42174
3.38033
3.17321
3.53025
3.3921
3.16457
3.13866
2.97183
3.16712
2.99547
3.3939
3.36111
3.05285
2.87343
2.78946
2.87207
3.05989
2.8321
3.07685
2.97107
2.82359
3.39118
3.61
2.96791
3.14296
3.58397
3.49735
2.83649
3.73114
2.98687
3.12563
3.07085
3.12173
3.16641
3.62342
3.67314
3.83229
3.12497
3.11791
3.10172
3.95817
3.2992
3.63972
4.0569
3.68948
3.79113
4.42829
3.78574
3.03806
3.3945
2.99062
3.11017
3.12928
2.31643
3.06116
2.47088
3.57256
3.84274
2.91601
3.35869
3.6535
2.91497
3.17064
3.35181
3.38183
3.83296
3.55894
3.22881
3.46096
3.09296
3.27207
3.2029
3.18851
3.14939
3.41265
3.20205
2.6806
3.199
3.21122
3.01535
2.77687
3.16053
3.16557
3.00558
3.28964
3.07593
2.67579
2.94102
3.01601
2.80521
2.80505
3.26166
2.85575
2.8174
2.92843
2.94985
3.2094
3.25473
3.71631
3.62448
3.47021
3.71067
3.92403
3.21329
2.93474
2.87941
3.60834
2.68621
2.96115
3.58086
3.01922
3.12593
3.00486
3.53869
3.71999
1.98896
2.74007
2.87772
2.37015
2.58005
2.79192
3.23228
2.87972
1.93075
3.05728
2.66376
3.3445
2.47196
2.19069
3.01344
2.65073
2.78843
3.2243
2.91235
2.61116
3.28941
2.86019
2.94677
3.17997
2.97691
3.21024
3.20085
3.24316
3.1104
3.08019
3.63552
4.03671
3.21857
3.71606
3.11206
2.55469
2.70084
3.07474
2.44655
2.93874
3.15002
2.67688
3.34905
3.46308
2.92383
2.47134
2.77362
2.52944
2.73128
2.61968
2.77308
2.68422
2.18237
3.09477
3.22148
3.11334
3.51832
2.52691
3.35045
3.02176
3.5277
3.42148
3.59276
3.2481
3.21417
2.76614
3.24309
3.05982
3.37173
3.34941
3.34196
3.16308
2.96569
2.93833
2.92812
3.21578
3.11507
2.94887
2.74463
3.0039
3.13104
2.86448
2.77533
2.83289
2.87701
3.08485
3.29676
3.31764
2.87372
2.93765
3.53429
3.66354
2.78301
3.15156
2.60661
3.06502
3.0965
2.82772
3.15186
3.36851
3.20881
3.5184
3.04406
3.17717
3.14274
4.52091
2.91439
3.41767
3.93632
3.90265
3.53659
4.28373
4.16814
3.16658
3.43994
3.14931
2.88051
3.06986
2.51826
2.9198
2.96917
3.83536
3.80806
2.60264
3.1768
3.53716
3.3646
3.22977
2.82809
3.09262
3.73779
3.32419
2.97575
3.30351
3.20195
3.26838
3.14747
2.96212
3.30913
3.14133
3.40367
2.99423
3.33543
2.9613
2.94203
2.78846
2.7817
2.78465
3.40199
3.12829
3.10773
3.08965
2.64817
3.46997
3.4733
2.8377
2.64692
2.71469
3.12673
3.01187
3.00142
3.75324
3.3594
3.71379
2.75379
3.40787
3.92444
3.2671
3.2041
2.98195
3.0726
3.82954
2.83502
2.77077
3.23133
3.26393
3.17227
3.02508
3.23619
3.89107
