1.71598
3.05849
2.4004
2.1725
2.25991
2.52019
2.88712
2.97313
1.802
2.95361
3.2758
3.49918
2.51233
2.38785
2.80819
2.60036
2.56405
2.9632
2.53847
2.41602
3.02413
3.0855
2.53798
3.19265
3.10877
3.46614
3.47586
2.99917
3.35262
3.15993
3.18132
3.8916
3.26904
4.17857
3.44689
2.87584
2.85025
3.18006
2.50723
3.37732
3.12
2.79461
3.2611
3.26756
2.88983
3.00043
2.56705
2.53172
2.79036
2.6813
2.57468
2.42831
2.02083
3.03784
3.52373
3.41825
3.69834
2.13759
3.97012
3.69392
3.40267
3.12681
3.7905
3.23943
3.3224
3.07404
3.0621
3.05154
3.66137
3.41657
2.81858
3.26489
3.0796
3.01627
3.3398
3.15819
3.05445
3.10874
3.07865
3.16461
3.10192
2.78229
2.89139
2.99542
2.69766
2.7233
2.9711
3.06592
2.74369
3.28388
3.18867
3.2518
2.68446
3.77121
2.61054
2.87946
3.17828
3.16942
3.22421
3.03541
3.43314
3.37645
2.64755
2.89809
3.20463
4.13621
3.47434
3.32888
3.57367
3.01502
3.37442
4.39269
3.42305
3.12592
3.13502
2.89484
2.95926
3.37941
2.23442
3.37926
2.38528
3.60555
3.45552
2.94583
3.23573
3.64816
2.99507
3.028
2.99979
3.22517
3.64835
3.7401
3.09826
3.18887
3.07372
3.39557
3.3266
3.09504
2.8239
2.8018
3.39167
2.61153
2.98378
3.0462
2.80046
2.6772
3.21455
3.30275
2.9656
3.08162
3.46603
2.51846
3.06881
3.41382
3.01228
2.6686
2.94684
2.58047
2.79692
2.35562
3.13455
3.51282
3.2973
3.90279
3.22037
2.824
3.59851
3.52999
3.03199
2.67587
2.99268
3.48519
2.94278
3.10162
3.34875
3.32538
3.59326
2.80233
3.28187
3.61008
1.87839
2.87955
2.42827
2.26
2.48265
2.74759
2.54312
2.96268
1.89349
2.94532
2.78547
2.82311
2.55508
2.66094
2.77693
2.39633
2.50035
3.08941
2.55279
2.79833
2.76917
2.34593
2.64315
2.79815
3.0292
3.29513
3.38057
3.56463
2.65798
3.02086
3.30745
3.64298
3.21281
3.80175
3.06173
2.72534
2.7333
3.1247
2.48142
3.15106
3.35229
2.52614
3.19878
3.05425
2.66303
2.51752
2.95707
2.2563
2.676
2.65434
2.69931
2.52314
2.05331
3.2202
3.0772
3.15529
3.57156
2.27847
3.16249
3.30693
3.74346
3.50871
3.62702
2.91616
2.69297
2.55472
3.02569
3.06402
3.32324
3.23348
3.13832
3.31825
3.30854
2.99632
3.13642
3.2253
3.21136
2.83318
3.41671
3.32678
2.72657
2.74541
2.93789
3.03704
2.99485
2.80625
2.92423
3.29093
2.88012
2.94884
3.5228
3.33223
2.75595
3.19716
2.57821
3.16586
3.07427
3.20913
3.05768
3.15683
3.51593
3.16322
2.55076
2.89327
3.0109
4.3553
3.3282
3.38252
3.90522
3.90056
3.24388
3.93474
3.15498
3.09771
3.12011
2.82368
2.94686
3.77434
2.51126
3.35458
2.36226
3.94301
2.99341
2.74887
3.33975
3.67459
3.41373
2.95197
3.06668
3.25846
3.4247
3.46519
3.20536
2.93341
2.95869
3.11547
2.68914
3.12022
2.98749
3.07812
2.97168
2.56978
3.07721
2.94874
3.06237
2.76129
2.68901
3.02476
3.05253
3.19529
3.28485
2.50689
3.24576
3.26547
3.81936
2.96302
2.69038
2.84175
2.66233
3.02566
3.07789
3.54058
3.58461
3.16992
2.85286
3.03507
3.12145
3.56908
3.10923
2.96148
2.69379
3.54771
2.80656
2.58789
3.36589
2.88452
2.9019
2.73779
3.14019
4.26478
