1.90808
2.72348
2.38182
2.3148
2.31659
2.48944
3.48261
2.74774
1.72161
2.9826
2.57711
2.77273
2.26959
2.72602
2.44052
2.46433
2.39569
3.31759
2.5694
2.64916
2.71146
2.55701
2.82978
2.95609
3.03984
3.67759
2.8737
3.0056
2.68623
3.24186
3.36939
3.67241
3.4918
3.1123
2.86507
2.4972
2.54136
2.93718
2.58061
2.85553
2.85425
2.45054
3.37885
3.08205
2.65437
2.6965
2.50802
2.34929
2.33418
2.61401
2.55968
2.36495
2.15783
2.88361
2.74121
3.02532
3.36393
2.7145
3.4124
2.99859
3.12677
3.19148
3.31191
2.78181
2.64598
3.12026
3.02141
3.06223
3.21227
3.1871
3.06935
3.01419
2.942
3.14587
3.05174
3.08734
3.2458
2.82639
3.02306
2.97858
2.79488
3.01409
2.96552
2.82763
2.82692
2.68185
2.59202
3.29195
2.49868
3.19275
3.77391
2.62509
2.61878
3.18358
2.73294
2.86091
3.07694
2.81674
3.34659
2.87378
2.88777
2.98052
2.48717
2.70328
2.75639
4.13402
2.97544
3.20282
3.97519
3.71061
3.265
3.78794
3.25025
2.85212
3.22675
2.91349
2.61039
2.79399
2.60121
3.02434
2.9444
3.21729
3.31464
3.1212
3.58085
2.91299
2.79193
3.23367
3.47395
3.48306
3.33129
3.79246
3.34246
3.40335
2.94574
3.09051
3.5179
2.69946
3.19853
3.03783
2.72888
2.78915
3.22166
2.52633
2.58248
2.65756
3.02697
2.92504
2.90186
2.95926
2.93891
2.26279
2.53854
2.76295
2.40133
2.43707
2.82351
2.62394
3.05541
2.67363
2.64392
2.80923
3.51619
3.71747
2.62622
2.98288
2.71251
3.41206
2.7755
2.70179
2.92371
2.63288
3.12473
3.08593
3.6127
3.0369
3.39684
2.79168
3.20718
3.59856
1.75797
2.76126
2.37655
2.04058
2.47704
2.47456
3.03388
2.71576
1.73137
2.9331
2.34657
3.2284
2.36915
2.56774
2.76213
2.69767
2.55353
3.07418
2.80943
2.94144
2.96239
2.70652
3.07725
2.928
2.66303
3.54163
2.62972
2.82254
2.75918
3.32456
3.48831
3.04818
3.54272
3.75589
3.03683
2.30796
2.81922
3.07385
2.05337
3.18937
3.22998
2.47449
2.90627
2.88172
2.45601
2.43483
2.51666
2.35078
2.63254
2.41857
2.53492
2.47948
2.08924
2.68365
2.80352
2.99764
3.10639
2.37339
2.88425
3.26525
2.93667
3.27515
3.33721
3.18599
2.38323
2.68177
3.02745
2.91377
3.28104
3.27246
2.81851
3.00879
3.21307
2.74525
3.15806
2.91108
2.98772
2.98357
2.81721
2.71099
2.60713
3.04281
2.93942
2.98179
2.83948
2.9295
3.02172
3.13068
2.56483
2.74008
3.26136
2.77084
2.81835
3.2633
2.29811
2.79852
2.88726
3.22296
3.58518
3.18025
2.93628
3.02915
2.47766
2.50775
2.50705
4.38987
3.15926
3.19546
3.46517
3.32491
3.328
4.17602
3.39993
2.93213
3.352
2.91745
2.68127
2.40695
2.33344
3.31754
2.62886
3.0531
3.47731
2.7814
3.4974
2.72892
3.05794
3.1534
3.21283
3.21278
3.27731
3.67193
3.37064
3.06559
3.45651
2.85683
2.84467
2.97744
2.93371
2.84564
2.93367
2.7363
3.01696
2.55673
2.43863
2.80397
3.2484
2.89096
2.91448
2.80425
2.91276
2.7654
2.91445
2.613
2.5946
2.53279
2.50204
2.83133
3.24948
2.56153
2.61529
3.30062
3.11047
2.67159
2.40632
3.17198
2.92786
3.02347
3.19456
2.79836
2.562
3.17853
2.83566
2.69789
3.29136
2.89869
3.67001
2.70404
3.44175
3.38018
