1.70092
2.90859
2.39692
1.96025
2.08379
2.44272
2.67173
2.9178
1.84786
2.89929
3.0393
3.17492
2.16916
2.87001
2.84508
2.2912
2.71503
2.88715
2.36222
2.59727
2.87903
2.72715
2.88825
3.09038
3.11351
4.02038
3.23794
2.70952
2.72839
2.86854
3.15156
3.94643
3.36865
3.98274
2.86962
2.61025
2.75003
3.24784
2.83149
3.18743
3.20654
2.65913
3.72947
3.28137
2.92825
2.79547
2.97711
2.69844
2.72501
2.68954
2.71005
2.72837
2.24551
3.32646
3.19261
3.41541
3.66967
2.14253
3.77841
3.20844
3.08399
3.47299
3.95569
3.34426
2.62452
2.97451
3.02402
3.06639
3.635
3.88829
3.08815
3.40057
2.96102
3.27501
3.09442
3.39228
3.06897
3.09833
3.123
2.79388
2.87747
3.00849
3.0046
3.06787
3.15841
2.91599
3.09623
3.48623
2.69456
3.26921
3.48224
2.95376
2.26408
3.6766
2.56837
3.04798
3.26607
3.47262
3.43228
3.78437
3.7043
3.86665
2.30113
2.81244
2.93856
3.76478
3.32433
3.35225
4.15555
3.4175
3.12157
4.39913
3.47605
3.61621
3.20091
3.00817
3.05393
3.64392
2.54874
3.08591
2.66746
3.69184
3.59298
3.03386
3.17653
3.19544
3.20855
3.19249
3.17361
3.28304
3.43877
3.47176
3.27617
3.34929
2.95392
3.33909
3.03466
2.8878
2.9496
2.75865
3.04962
2.70224
2.91657
2.95182
2.57231
2.85277
3.22053
3.27683
3.05617
2.9709
3.32548
2.28043
3.14363
2.77059
2.63855
3.31998
2.63973
2.53573
2.83069
2.72095
3.01829
3.17721
3.35909
3.56731
2.7471
3.25162
3.65403
3.3053
2.99046
2.76225
3.04082
3.59645
2.99227
2.64628
3.27206
3.05562
3.15032
2.78857
3.25148
3.76146
1.69639
2.42763
2.29355
1.88796
2.15443
2.2823
2.99531
2.94923
1.78345
2.75928
3.09298
3.20121
2.25442
2.80285
3.01792
3.02247
3.09729
3.45136
2.54418
2.31258
2.32012
2.19803
2.46031
2.83494
2.75482
3.66109
3.36977
3.27769
2.70788
3.3649
3.36577
3.61143
3.43403
3.86813
3.26557
2.5334
2.78533
2.98091
2.71593
3.39219
3.0348
2.85208
3.44465
3.40438
2.97955
2.7264
2.80595
2.61515
2.41536
2.64008
2.69098
2.66977
2.20485
3.37971
3.31637
3.71786
3.12846
2.58986
2.7536
3.25564
3.14191
3.55225
3.88637
2.58879
3.19841
2.69054
3.13286
3.01798
3.68343
3.59826
3.35816
2.9977
3.05877
2.90077
2.90195
3.64754
3.45897
3.14162
2.96171
3.26549
2.90831
2.97159
3.15517
2.90523
2.94872
2.95642
2.9896
3.06061
3.04415
2.86546
3.24729
3.14268
2.14166
3.65213
2.71838
3.12798
3.02603
3.46809
2.79871
3.29922
3.19382
3.04744
2.41404
2.99094
2.96337
3.87166
3.25686
3.1259
3.75743
4.15685
3.31383
4.32168
3.12045
3.07436
3.33405
3.15689
2.6867
3.68514
3.22438
3.0302
3.05717
3.73664
3.91581
2.71841
3.37731
3.22087
3.37835
3.4684
3.02596
3.01312
3.39548
3.71117
3.37829
3.52948
2.77359
2.98236
3.16106
2.89376
2.6946
2.87116
2.51103
2.79677
3.0551
2.83011
2.65776
2.58557
3.06007
3.21451
3.22593
2.98588
3.06937
2.76877
2.51294
3.20298
3.1236
2.83951
2.61802
2.7334
2.60006
2.3365
3.07515
3.20313
3.25093
2.96149
2.87131
3.08953
3.76257
3.31203
3.48134
3.12643
2.91979
3.60607
2.63218
2.49969
3.10558
3.22409
3.84235
2.60105
3.85709
3.50613
