1.70832
2.84922
2.48122
2.07518
2.54419
2.81344
2.94043
2.66018
1.75767
3.06105
3.5118
3.12167
2.59096
2.53086
2.72954
2.95622
3.15127
3.3884
2.46689
3.57421
3.68969
3.0095
2.63172
3.18412
3.36209
3.94179
3.10037
3.28771
3.28416
3.68586
3.43093
3.41862
3.53386
4.05625
3.6404
3.09482
3.07705
3.23204
3.1146
3.2599
3.54303
2.46228
3.28273
3.20601
2.8525
2.43708
2.82621
2.60878
2.48048
2.71857
2.44511
2.38533
2.06159
2.8549
2.93735
3.39767
3.36889
2.92606
2.85239
3.22366
2.99707
3.3352
3.46198
3.38331
3.08193
3.18961
3.24935
2.97212
3.4226
3.93956
3.31535
3.3186
3.01638
3.10361
3.36922
3.14918
3.64402
3.21298
2.84182
3.31703
2.57182
2.62314
3.25681
3.06765
3.15022
2.92456
3.533
3.14218
2.45547
2.73787
3.78057
3.26464
2.85323
3.23524
2.82974
2.88185
2.87551
3.38724
3.24111
3.59959
4.15854
3.00679
2.62175
2.53591
2.80496
4.14134
3.4063
3.51387
4.08746
3.28686
3.38649
4.68995
3.4444
3.30979
3.77814
2.65358
2.47466
3.55531
2.44841
2.99547
2.66389
3.93519
3.66495
2.55575
3.30252
3.32432
2.4053
3.23609
3.23535
3.87421
3.90507
3.55404
3.34433
3.55481
3.21451
2.89933
3.92501
3.05596
2.99041
3.24465
2.90129
2.6061
3.23407
2.65664
2.75756
2.77229
3.54243
3.22028
2.91699
3.16579
3.61493
2.49059
2.938
2.56853
2.39451
2.83548
3.06755
2.77631
3.10317
2.85635
3.11645
3.25075
3.10898
3.53643
2.84401
2.96229
3.24409
3.43014
2.98546
2.83882
3.06949
3.48478
2.78122
3.24371
3.40988
2.82387
3.36724
2.64555
3.58392
3.12641
1.69178
2.68207
2.65878
2.21146
2.41915
2.66105
2.74714
2.86994
1.55829
3.17969
2.44004
3.06992
2.31952
2.34202
2.52111
2.41089
2.68966
3.60003
2.31391
3.03989
3.34962
3.18478
2.86511
2.88631
2.72148
3.67179
2.7232
3.70742
3.27165
3.28247
3.32719
3.57944
3.77902
4.20909
3.04771
2.53963
2.88039
3.21546
2.45005
3.00957
3.11115
2.43817
3.75147
3.3501
2.99591
2.34025
2.36579
2.48532
2.58096
2.21671
2.41334
2.38153
2.11322
2.82596
3.28308
3.32079
3.7659
3.23187
3.50923
2.94504
3.66432
3.42442
4.01086
2.9449
2.98471
3.02126
3.49834
3.02218
3.54687
3.71434
3.41241
3.53587
3.1695
3.21243
3.21024
3.3196
3.34534
2.86862
3.06907
3.53278
2.98875
2.81123
3.02761
3.22402
3.09583
3.08239
3.42832
3.31417
2.74893
2.90913
3.86019
3.36675
2.64666
3.63736
2.60022
3.11728
3.40506
3.388
3.4273
3.71797
3.96456
3.29203
2.8514
2.82553
3.29876
4.16457
3.34975
3.31021
3.68038
3.78198
3.75593
4.28176
3.19844
2.75014
3.60192
3.05387
2.78019
2.5741
2.29968
3.06972
2.42285
3.72718
3.73742
3.10659
3.27695
2.97156
2.7482
3.05947
3.10228
3.25466
3.83202
3.50573
3.61526
3.27164
3.27033
2.96925
3.1927
3.0856
3.19311
2.91343
3.01744
2.70533
3.74697
2.66225
2.62716
3.02104
2.94963
3.07049
3.21844
3.371
3.13576
2.84155
2.54386
2.51602
2.32663
2.65536
2.82542
2.77199
2.53915
2.47097
2.92904
3.74938
3.22871
3.76988
3.27634
3.38648
3.20169
3.28068
3.0084
2.76478
2.93726
3.76392
2.53318
3.25307
3.37097
3.05097
3.61084
3.2819
2.99811
3.93851
