1.87828
3.20208
2.33154
2.2785
2.34257
2.66619
3.08972
2.79238
1.78976
3.03119
3.11806
3.01809
2.48008
3.30606
2.62279
2.73819
2.45134
3.14915
2.47334
2.44267
3.3171
2.76448
2.96582
3.07429
3.00535
3.80396
2.86763
3.05902
2.92186
3.25626
3.73126
3.89742
3.87975
3.61314
3.47681
2.57445
2.79722
3.21381
2.67956
3.14979
3.06291
2.32527
3.49433
3.40475
2.89822
2.63778
2.56181
2.25842
2.50691
2.78016
2.4582
2.56543
1.97381
3.01373
2.90054
3.33954
3.79848
3.68891
3.96343
3.15192
3.49219
3.57361
3.73711
3.35251
2.51422
3.09889
3.17948
3.04394
3.68719
3.60354
2.93124
3.15402
3.03585
3.0573
2.86087
2.85009
2.79209
2.82862
3.06308
3.14154
2.75443
2.85219
2.88763
2.84121
2.68532
2.99806
2.93816
3.3239
2.81275
3.01815
3.19534
3.35229
2.90422
3.28673
2.66687
2.86612
3.37082
3.32791
2.98165
3.0731
3.90344
2.89796
2.20203
2.72144
3.0423
4.01332
3.07701
3.24122
3.98494
2.89277
3.39687
4.33623
3.44442
2.99579
3.22271
2.85797
2.75008
2.79496
2.42687
3.29019
2.68702
2.95062
2.8031
2.88453
3.08455
2.91411
3.05207
3.01436
3.22264
3.40011
3.31029
4.00488
3.44489
3.24697
3.26205
3.01211
3.33415
3.09643
3.39508
3.10586
3.02603
2.66792
3.09898
2.81773
2.75796
2.90369
3.3002
2.95784
2.85406
3.16702
3.15159
2.73036
3.07145
2.97958
2.33494
3.04383
3.04903
2.65188
3.22195
2.99756
2.83448
2.80739
3.80383
3.86227
3.38861
2.94494
3.38036
3.2908
2.8989
2.91353
2.65957
3.39706
2.57756
2.92656
3.59371
3.1668
2.88136
2.50385
3.40067
3.83924
1.83644
2.66305
2.4929
2.17245
2.48972
2.64296
3.02173
2.70315
1.84981
2.88635
2.68596
3.23744
2.21652
3.34728
2.87785
2.71567
2.63056
3.6717
2.83261
2.98309
2.63142
2.64519
2.75619
3.11194
3.47165
3.5109
2.74906
3.66856
2.69362
3.21191
3.47912
4.23456
3.4218
3.35024
2.8773
2.47161
2.73446
2.95815
2.63778
2.86986
3.11181
2.96753
3.323
3.30495
2.80353
2.7555
2.78722
2.45832
2.7736
2.7715
2.6339
2.67463
1.97336
2.94932
2.91727
3.32876
3.52898
3.17456
2.89777
3.13346
3.32289
3.69893
3.63343
3.14331
2.78661
3.17077
3.28727
2.94414
3.51938
3.29501
3.33529
2.90196
3.06354
3.00449
3.10574
3.19901
2.95298
2.8834
3.38276
3.60019
3.09179
2.97591
2.94193
3.08688
2.96807
2.95668
3.19916
3.12648
2.81521
2.96654
3.12968
3.2184
2.7208
3.11667
2.78918
3.18787
3.29802
3.25783
3.10289
2.95752
3.36311
3.08934
2.57124
2.63008
3.33137
4.07164
2.85394
3.49572
4.3855
2.9942
3.38768
3.89679
3.63169
3.08518
3.14409
3.10935
2.87674
2.79657
2.54388
2.96402
2.88076
2.89967
3.61309
3.03819
3.26882
2.81561
2.77495
2.94477
2.68893
2.88024
3.38147
3.29744
3.35181
3.21631
3.3148
2.99019
3.2941
2.92883
2.85242
2.96695
2.6637
2.83604
3.27425
2.74871
2.96037
2.99848
2.99852
3.18292
2.84285
3.06754
2.95441
2.63185
3.22096
2.94385
2.34117
3.11567
2.97338
2.8353
2.69985
2.69083
2.91496
3.0076
3.64733
3.69461
2.85543
3.22017
3.35976
3.46539
3.29385
3.06545
2.77999
3.42179
2.76316
3.11082
3.33077
2.88392
3.35715
2.10145
3.13072
3.14322
