1.96868
2.74112
2.17884
2.31846
2.53532
2.80354
3.38714
2.80163
1.74273
2.84436
2.86734
2.95349
2.64837
2.39575
2.75726
2.82578
2.60421
3.83289
2.52945
2.33917
3.15298
3.18967
3.33724
2.94363
3.33737
3.136
2.89174
2.82625
2.45892
3.07197
3.40734
3.51471
3.41431
3.89488
2.98917
2.50437
2.48891
3.01861
1.96335
3.04959
3.42323
2.34359
2.99129
2.97609
3.00465
2.36088
2.49947
2.22091
2.44179
2.49071
2.53229
2.43383
2.1344
2.73122
2.71482
3.13374
3.2626
2.81413
3.32912
3.52888
3.75464
3.14897
3.20227
3.13938
3.20126
3.09256
3.08614
2.95375
3.10773
2.98237
2.86641
2.97018
2.97465
3.326
3.0158
3.43957
3.20133
3.02568
3.14406
2.78875
2.60029
2.9781
2.95992
2.84952
2.55754
2.70417
2.50745
3.34248
2.85721
2.81803
3.93561
3.68878
3.00565
4.00739
2.74943
3.04405
3.09959
3.18851
3.36954
3.28711
2.97957
3.50275
2.31465
2.91446
2.82927
4.49175
3.05175
3.28762
3.57741
2.55988
3.5608
3.63232
3.23637
2.8028
3.037
2.73698
2.723
3.63663
2.21441
2.83082
2.27804
3.75917
3.69944
3.1461
3.3506
3.62306
2.76908
3.14285
2.95185
3.33616
3.84039
3.67507
3.23692
3.20472
3.19894
3.45739
3.21268
2.95081
3.15802
2.97241
2.85616
2.34314
3.10528
2.85298
2.8122
3.05653
3.28939
3.12975
3.03139
3.01168
3.05125
2.35691
2.91989
3.0261
2.63663
3.13205
2.69315
3.0666
2.89601
2.74111
2.81899
2.88965
3.70355
3.23465
3.53486
2.71058
3.69398
3.49577
2.96287
2.62686
2.50833
3.78946
2.82276
3.00673
3.38549
2.93275
3.38938
2.88824
3.43148
3.34667
1.96538
2.6184
2.30739
2.15923
2.39152
2.63727
2.82277
2.77418
1.83772
2.77585
2.58482
2.91381
2.28923
3.15506
2.79461
2.51982
2.8401
3.16733
2.5912
2.90895
3.4304
3.30863
3.07655
3.10081
2.77335
2.98281
2.93692
2.94223
3.04942
3.02099
3.68329
3.70226
3.38733
3.72374
3.21208
2.3679
2.43895
2.86235
2.17698
3.20161
3.42981
2.44991
3.08902
2.72417
2.56583
2.5474
2.39
2.60614
2.64671
2.69983
2.66896
2.4565
2.00887
2.64612
2.78251
3.12793
3.38244
2.6588
3.60327
3.36888
3.47365
3.53694
3.14273
3.1928
2.8726
3.2069
2.98016
2.9745
3.17881
3.05986
3.10995
2.82592
2.91059
3.18804
3.00548
2.94837
3.03934
3.24923
3.41396
2.96268
2.66376
2.76821
2.95206
3.20153
2.87985
2.90026
2.77767
3.31195
2.82991
2.96841
3.29034
3.12412
3.20159
3.62874
2.6819
2.89218
2.99708
3.13781
3.02641
3.12831
2.93672
3.66357
2.72434
2.92984
2.6633
4.38403
3.37325
3.2513
3.55165
3.44273
3.31902
4.23814
3.27456
2.80729
3.42383
2.89576
2.74202
3.64811
2.40371
2.95618
2.73941
4.0361
3.49801
2.64616
3.08626
3.87567
3.51425
2.9521
2.71813
3.0978
3.6803
3.23943
3.2371
2.79341
2.97017
3.49077
3.11769
2.86745
3.25552
3.77939
3.11186
2.7031
3.30605
2.87261
2.80612
2.92801
3.23419
3.14842
3.42185
3.15994
2.94204
2.57586
2.89187
2.7358
3.37514
3.32031
2.75865
3.15785
2.64837
2.68278
3.09398
3.1458
3.81156
3.63185
2.73162
3.43615
3.95901
3.48262
3.00912
2.83946
2.77243
3.8619
3.14653
3.30914
3.16285
3.01293
3.0075
3.47079
3.35866
3.71915
