2.06151
2.76697
2.59108
2.26328
2.32468
2.47739
2.59689
3.16774
2.17561
2.96342
3.16482
3.45494
2.26204
2.9428
2.86514
2.61281
2.55299
3.27294
2.51963
2.43029
2.31981
2.82857
2.74001
2.84513
3.00403
3.62039
3.35113
3.79737
2.5659
3.13051
3.24482
3.68384
3.2514
3.69281
2.7785
2.96488
2.81413
3.05386
2.84875
3.40392
3.03596
2.86004
3.50757
3.70596
3.38491
2.99881
3.09092
2.63275
3.20107
2.71731
2.9461
2.6808
2.3422
3.35438
3.40841
3.72334
3.49145
2.50558
3.07022
3.61612
3.26315
3.55628
4.15219
2.78536
2.83703
2.69955
3.38901
3.24653
3.48434
3.71371
3.14831
3.09913
3.24148
3.21555
3.31407
3.13967
3.26357
3.21807
3.22142
3.38374
2.91352
2.93466
3.13528
3.10235
3.2305
2.99127
3.04065
3.18848
2.79472
3.63324
3.25417
3.10585
2.788
3.42411
2.81856
3.00445
3.24113
3.62766
3.49659
3.91936
3.62026
3.28437
2.52538
2.83512
3.01004
3.43061
3.66688
3.1178
3.71459
3.23071
3.27651
4.2868
3.4899
3.07844
3.40903
3.10955
2.73691
3.32001
2.6855
3.52064
3.25745
3.82463
4.15631
2.97983
3.5341
3.47307
2.81889
3.32692
3.29681
3.44677
3.66919
3.94052
3.40221
3.77959
3.10612
3.40259
3.46414
2.98371
2.99461
3.20093
2.79459
2.79076
3.01742
2.95745
3.11213
2.64199
3.5567
3.16547
3.36619
2.9829
3.08524
2.62562
2.92447
3.09285
2.68178
3.14794
3.04882
2.75471
2.61188
2.49595
2.95543
3.245
3.44069
3.64552
2.75722
3.18826
3.72271
3.56278
2.87596
3.05894
2.8538
3.6962
3.31872
2.8653
3.35214
3.40271
3.72289
2.80568
3.1957
3.50688
1.91355
2.90461
2.46543
2.1613
2.23446
2.61142
2.73393
3.02922
2.29994
3.09945
3.40304
3.70056
1.95798
3.03504
2.59209
2.5607
2.6115
3.54008
2.85499
2.22083
3.14835
3.30381
2.84735
3.137
3.1489
3.75368
3.34291
3.31679
2.82364
3.2764
3.56133
3.25187
3.682
3.71677
3.10088
2.77662
2.94481
3.13542
2.77349
3.3464
3.25188
3.07392
3.3664
3.53113
3.05677
3.19649
3.03284
2.56576
3.11974
2.75347
3.15639
2.9814
2.2031
3.14774
3.48113
3.7735
3.47883
2.60177
3.59689
3.68606
2.99551
3.48746
3.94372
2.85421
2.95803
2.85788
3.32341
3.06743
3.57938
3.67598
3.147
3.20592
3.10425
3.30067
3.26926
3.29376
3.26453
3.30841
3.14655
3.06384
2.85362
3.09109
3.12832
3.19356
3.09274
3.10554
3.09715
3.50215
2.88559
2.93115
2.88801
2.70732
2.73139
3.26539
3.24147
3.09569
3.12504
3.14962
3.49914
3.91563
3.30643
3.42531
2.5513
2.93851
3.26391
4.06239
3.49369
3.31041
4.08215
3.34542
3.59287
4.08027
3.81182
3.46815
3.58345
3.68995
2.99088
3.09358
2.46716
3.17468
2.98728
3.31527
4.11091
2.71782
3.43528
3.46996
2.94685
3.04984
3.07757
2.91735
3.8255
3.53991
3.63386
3.45643
3.54373
3.45035
3.3862
2.97253
3.12354
3.25427
3.23981
2.72955
3.09719
2.99388
2.76699
2.83299
3.73224
3.32026
3.48741
3.05504
3.28355
2.04626
2.96593
2.9798
2.63192
3.22529
3.48404
3.00722
2.64827
2.7688
3.07371
3.28473
3.49561
3.12069
2.83584
3.07167
3.70921
3.72038
3.30919
2.81206
3.12013
3.90866
3.05032
2.60815
3.24721
2.99468
3.59589
3.0473
3.34327
3.49567
