1.83646
3.20136
2.41797
2.21383
2.61312
2.64664
2.76649
3.06675
2.00015
3.13626
2.96935
2.70184
2.47395
3.03524
3.19873
2.63005
2.64246
3.21851
2.66369
2.44028
2.86275
2.89078
3.00202
3.4366
2.94429
4.05303
2.80919
2.74437
3.46049
2.86783
3.53289
3.4715
3.50887
3.46538
3.46846
3.01303
2.74034
3.09606
3.04866
2.94647
3.23294
2.3725
3.77165
3.68402
2.76255
2.6113
2.32797
2.67352
2.62516
2.7973
2.76665
2.42795
2.03576
3.05408
3.35185
3.51964
3.76331
2.39204
3.75754
3.25859
4.02684
3.77104
3.75353
3.64507
3.59705
3.24084
3.42483
3.09853
3.7726
3.90392
3.27613
3.8154
3.02543
3.39579
3.55433
3.4607
3.20149
3.15329
3.11196
3.39987
2.94021
3.02658
2.9883
3.51276
3.05501
2.98576
3.39254
3.46802
2.73994
3.53426
3.52646
3.73042
3.076
3.60075
2.84616
3.07433
3.69833
3.96618
3.34876
3.75878
3.84685
3.40532
2.5926
3.06422
2.87426
4.22906
2.97425
3.59098
3.91066
4.02414
3.57797
4.46296
3.30032
3.21494
3.12241
3.2886
2.77924
2.83322
2.32766
2.81476
3.04444
3.83427
3.8909
3.38213
3.42917
2.95022
3.01795
3.10829
3.28098
3.42219
3.88144
3.75943
3.57229
3.25152
3.20943
3.07971
3.28357
3.26807
3.01483
3.17305
3.03879
2.65884
3.26812
2.79271
3.22074
2.88799
3.09597
3.16621
2.96014
3.31805
3.49291
2.59855
2.50932
3.1701
2.54769
2.8141
3.17586
2.7321
3.07571
2.88206
3.15777
3.04047
3.73621
4.39212
3.43363
3.01829
3.69271
3.38935
2.98518
3.0621
2.84075
3.66069
3.00066
3.17231
3.52307
3.20803
3.96918
3.08233
3.36907
3.6781
1.97832
2.95625
2.33132
2.24167
2.56388
2.74263
2.83753
2.81334
1.73063
3.23235
2.71607
3.07422
2.52711
2.80323
3.11625
2.85229
2.53622
3.48874
2.5927
2.32188
2.39015
3.36289
3.13595
2.79568
2.72405
3.61172
3.20591
3.27657
3.14618
3.32595
3.39075
3.62584
3.58295
3.78149
3.08914
2.76099
3.03849
3.46591
2.86749
3.28842
3.14625
2.54322
3.57818
3.29728
2.78818
2.8496
2.90337
2.7126
3.09474
2.89475
2.66356
2.54527
2.0591
3.07775
3.28052
3.18671
3.3348
2.63131
3.28314
3.30749
3.45555
3.404
3.98777
3.54882
3.04917
2.97164
3.50526
3.17098
3.82552
3.96897
3.40605
3.85037
3.4431
3.14012
3.20156
3.48409
3.20799
3.01925
2.94861
3.05803
2.99387
3.04244
2.85858
2.94138
3.14487
3.05066
3.55985
3.74616
2.98029
3.48429
3.91519
3.28882
3.3342
3.51505
2.95077
3.22438
3.17246
3.63253
3.31998
3.21899
3.26677
3.18912
2.68367
2.88783
2.90607
4.47329
3.25751
3.4568
4.28252
4.07984
3.66392
4.7373
3.11436
3.05161
3.34102
3.36183
2.79898
2.84251
2.27416
2.42176
3.29735
3.65128
4.07626
2.76736
3.2512
2.70767
2.94951
3.24505
2.97915
3.44367
4.08171
4.07598
3.54593
3.32304
3.55985
3.62016
3.25554
3.28984
3.20019
3.19406
2.97879
2.74656
3.09727
2.81532
3.1869
2.92455
3.28484
3.00572
3.27495
3.1267
3.32906
2.84678
2.48102
2.6405
2.47891
3.17816
2.96459
2.80556
3.10593
2.71081
2.75613
3.68934
3.20225
3.646
3.04325
3.5717
3.70533
3.62055
3.28075
2.92999
2.72482
3.50888
2.92523
2.84461
3.22545
3.38723
3.95233
2.95386
3.56737
4.31868
