1.96239
2.59373
2.53545
2.36474
2.39807
2.72411
2.94424
2.81032
1.77625
2.90425
3.14709
2.92639
2.34108
2.65337
3.04182
2.62736
2.46674
3.14303
2.64037
2.77554
2.82998
3.05304
2.5975
3.01171
3.32668
3.67871
2.80634
2.75024
3.26769
3.14286
3.65305
3.69614
3.90925
3.97345
2.93388
3.18122
2.9699
3.27396
2.99755
3.00465
2.96549
2.65672
3.44119
3.41337
2.99703
3.54691
2.64004
2.50803
2.93662
2.74919
2.65414
2.45638
2.22144
3.04761
3.19094
3.49297
3.55779
2.58821
3.48457
3.01982
3.30759
3.25127
3.90236
3.36127
3.00174
2.84382
2.95621
3.29398
3.36907
3.55623
3.14492
3.31633
3.2053
2.66472
2.89855
2.82224
3.18244
2.91505
2.97433
2.75221
3.21851
2.79777
3.11726
3.09919
2.64274
2.77207
3.23615
2.99224
3.02862
3.47079
3.74704
3.26588
2.35773
3.71251
2.55471
3.27386
3.25074
3.53221
3.07731
3.45192
3.35598
3.07738
2.49668
2.62594
2.7406
4.05217
3.20236
3.08595
3.37488
2.01861
3.12909
3.57384
2.77258
3.08942
2.77211
2.72799
2.6989
3.58188
2.1366
3.17753
2.60272
3.75015
4.09424
2.72312
3.453
3.65581
2.93415
3.16912
3.1494
3.81233
3.84377
4.03588
3.34705
3.55943
3.12049
3.04369
3.2367
2.67911
3.06238
3.06634
3.02797
2.82733
3.40545
2.95696
2.67755
2.56043
3.46674
3.09656
3.07734
3.01789
3.48409
2.65736
2.63666
3.56662
2.71738
3.12618
3.27626
2.63446
2.90266
2.77096
2.81567
3.29891
3.67422
3.14035
2.93649
3.26173
3.19411
3.20098
3.0193
3.123
2.94647
3.52059
2.76599
3.05129
3.42504
3.42113
3.41989
2.97414
3.3705
3.29166
1.79553
2.68923
2.40083
2.28138
2.63304
2.74982
2.85404
2.94879
1.81529
2.86009
3.04247
3.20823
2.39969
2.81436
2.90582
2.28734
2.36208
3.01077
2.53249
2.10332
2.69165
3.13329
2.78844
2.7796
3.13752
4.07544
3.23208
3.54979
2.98912
2.92403
3.38453
3.55023
3.50321
3.85385
2.88078
2.7774
2.5612
3.17696
2.68473
2.95132
3.3562
2.65669
3.53731
3.7033
2.9971
3.30748
2.4428
2.12644
2.43628
2.50711
2.66736
2.53734
2.21455
3.08872
3.67981
3.46741
3.73456
2.53671
3.07398
3.36426
3.08935
3.7918
3.44706
2.69375
2.85743
3.15539
2.98292
3.3944
3.55455
3.93092
3.2743
3.39649
3.17207
3.2626
3.1802
3.30168
3.27571
2.72528
3.01639
2.83112
2.80792
2.84083
3.11692
3.07682
2.86022
3.20692
3.06204
3.50437
2.89807
2.89912
3.62074
3.24116
2.2909
3.34993
2.70279
3.19951
3.25968
3.787
3.28393
3.40083
2.93923
3.47636
2.22438
2.55071
2.66222
4.04016
3.23012
3.3521
3.78146
2.98015
3.45677
3.96302
3.68333
3.09267
3.72893
3.02565
2.83584
3.33581
2.61694
3.01073
2.62822
3.73794
3.92497
2.62054
3.33469
3.82809
3.44079
3.73296
3.01704
3.14487
3.53744
3.57753
3.66869
3.46068
3.04439
3.36013
3.49125
2.77717
2.96207
3.07364
2.53292
2.63079
3.00161
2.88709
2.76875
2.61441
3.16478
3.20009
2.99151
2.83846
2.91781
2.40276
2.3559
3.01141
3.0473
2.94757
3.0352
2.63026
2.72526
2.57232
2.56785
3.26942
3.56578
3.40082
2.52743
3.29303
3.5461
3.35007
2.96753
2.79506
2.92195
3.46659
2.84225
2.58527
3.19848
3.48072
3.30867
2.84709
3.38798
3.41742
