1.80279
2.70316
2.3786
2.24425
2.23371
2.63964
2.84948
2.69309
1.62984
3.03715
2.82956
2.73829
2.18254
2.46765
2.7126
2.27194
2.54462
2.96741
2.31057
3.27736
3.09223
2.28949
2.82743
2.76603
3.13037
3.37097
2.70176
3.05142
2.67024
3.07386
3.46736
3.63261
3.52019
4.10133
3.16019
2.66238
2.68044
3.27756
2.23892
2.96953
3.07284
2.14569
3.41463
3.22792
2.49097
2.7133
2.58587
2.43685
2.89111
2.61747
2.24859
2.48388
2.21249
2.96257
3.14465
3.14175
2.87622
2.0461
3.11998
3.38637
3.46196
3.39567
3.80119
3.23354
3.22574
2.90336
3.20542
2.90178
3.42986
3.20443
3.14299
3.00636
3.01694
3.16531
3.17642
3.35178
3.19693
3.07062
2.99233
3.59225
2.85794
2.90732
2.92446
2.91756
2.7489
2.84919
2.88551
2.91348
2.69592
3.13914
3.64403
3.19964
2.84862
3.9812
2.55956
2.79313
3.05952
3.1894
3.05184
3.09437
3.27468
3.21838
2.76831
2.84908
3.54207
4.07034
3.44538
3.16575
3.70381
2.68586
3.36004
4.23296
3.11254
2.74069
3.03544
2.72587
2.79671
3.56407
2.31681
2.89385
3.2142
3.3644
4.19185
2.90844
3.33052
3.7814
3.72151
3.25217
3.12834
3.47809
3.99532
3.62141
3.18074
3.26247
3.47318
3.37418
3.07271
2.8057
3.10864
3.19406
3.21481
2.81489
3.04888
3.15142
2.91746
2.71028
2.84135
3.12647
3.28969
3.09384
3.11718
2.03446
2.49449
3.0901
3.09213
2.84443
2.94988
2.7384
2.97051
2.70367
2.92122
3.68264
3.30589
3.60915
3.06419
3.28214
4.12607
3.31837
3.08592
2.79661
3.01402
3.71696
2.73995
2.98706
3.35651
3.11338
3.51887
2.97704
3.71721
3.32056
1.79492
2.65091
2.18265
2.05935
2.50238
2.50091
2.81903
2.6476
1.59925
3.0101
2.54892
2.85634
2.23606
2.59817
2.91076
2.61761
2.62269
3.05054
2.47386
2.5434
2.91032
2.8955
2.6211
2.82006
3.21849
3.11174
2.93889
3.51785
2.58527
2.93036
3.41119
3.37264
3.89519
3.79861
3.13784
2.31114
2.63671
2.98293
2.47691
3.00827
3.17166
2.58603
3.36967
3.12938
2.63612
2.7121
2.70865
2.78311
2.75829
2.92732
2.14039
2.46441
1.92516
2.60875
2.85371
2.78189
3.20424
2.38704
3.59852
3.64267
3.10797
3.82691
3.60892
2.6115
2.56231
2.9504
3.21922
3.00191
3.37288
3.35955
2.84039
2.93465
2.96232
3.13435
3.23352
3.22173
3.14235
2.87817
2.75484
2.82422
2.74843
2.91725
2.94916
2.82196
3.23125
2.92396
2.90717
3.46446
2.9942
3.59867
3.6791
3.17532
2.69927
3.50651
2.5738
3.03233
2.91759
3.23238
2.70854
3.47522
3.81101
3.1591
2.82354
3.13365
3.50982
4.30375
3.45387
3.16227
3.82646
3.60706
3.49743
4.13151
2.39398
3.25029
3.17693
2.71186
2.76899
3.26478
2.34975
2.77984
3.13729
3.21383
3.47585
2.95235
3.17179
3.33248
2.92787
3.10011
2.88837
3.01536
3.69537
3.44804
3.47824
2.97362
3.35189
2.92391
2.93369
2.92408
2.97069
3.15766
2.96211
2.90361
2.90534
2.99405
2.57627
2.95587
2.98279
3.2967
3.00271
3.30125
3.07737
2.67799
2.4381
2.43781
2.91627
2.7356
2.45198
2.90809
2.6132
2.76481
3.05922
3.66864
3.15726
3.69163
2.37879
3.23732
3.8047
3.37835
3.15807
3.0203
3.13104
3.63142
2.9183
2.91767
3.20871
2.91988
3.40909
2.89365
3.27408
3.82921
