1.95193
2.79989
2.40122
2.27371
2.41455
2.60732
2.62177
2.93401
2.03278
2.797
3.02922
3.33356
2.41114
3.30007
2.91679
2.49604
2.53994
2.87442
2.57826
2.54141
2.94635
3.14821
3.06915
2.95692
3.31866
3.48204
3.35201
2.81684
3.14741
3.19718
3.67397
3.28437
3.19033
3.496
3.27532
2.70836
2.97977
3.29292
2.85639
3.19769
3.43781
2.72956
3.22432
3.52029
2.70436
2.65733
2.52372
2.69037
2.69923
2.81591
2.83528
2.75675
2.18785
2.99028
3.06881
3.52791
3.7938
2.52837
3.72418
3.59857
3.33832
3.67779
3.59943
2.98374
3.18915
3.22077
2.85931
2.81982
3.23614
2.99194
2.58584
3.53287
2.97474
3.3082
3.42563
3.70922
3.52238
3.14101
3.16494
3.4263
3.14817
3.02273
2.91907
3.11301
2.79377
2.81108
2.59809
3.34872
2.81763
3.35558
3.69089
3.49785
2.69778
4.0579
2.65457
2.87913
2.93359
2.97683
3.46854
3.51588
4.24007
3.26614
2.5402
2.83411
3.02478
3.85828
2.88882
3.3917
4.33765
2.55798
3.5323
4.10201
3.72892
3.43081
3.60215
3.25406
2.74642
3.38303
2.39175
3.15471
2.97174
3.91587
3.55899
2.7664
3.54896
3.31688
3.12435
3.08703
3.43678
3.50581
3.78975
3.80754
2.93351
3.38021
3.09982
3.24053
3.10961
3.25061
2.9967
3.22806
2.92025
2.56241
3.10479
2.87464
3.06229
2.69361
2.96938
3.26194
3.20655
3.028
3.33744
2.58045
3.46294
2.93366
2.75062
2.78973
2.94422
2.81043
2.97197
2.9985
3.00162
2.91104
3.50119
3.60175
3.01662
3.18736
3.79862
3.45548
3.16947
3.05064
3.21593
3.85278
2.99577
3.02256
3.11446
3.51465
3.49534
2.89392
3.34552
3.27469
1.73352
2.78212
2.29066
2.20042
2.40588
2.79387
3.16711
2.87429
1.95258
2.87671
2.82133
2.96854
2.1873
2.85144
3.0394
2.58358
2.33203
3.05041
2.91427
2.66041
3.19641
2.86078
2.68557
3.17894
2.93528
3.67352
3.15478
3.27073
3.01817
2.86123
3.48034
3.27592
3.16889
3.52329
2.93953
2.49518
2.87311
3.31501
2.62829
3.40592
3.40728
2.72292
3.46735
3.07659
2.70115
2.88568
2.89125
2.86961
2.52025
2.85694
2.73435
2.54096
2.03406
3.10943
3.1079
3.3439
3.16274
2.90104
3.3334
3.59462
3.18473
3.46915
4.14358
2.78067
2.8389
2.92909
3.017
3.07256
3.42385
3.28361
2.66003
3.22354
2.78985
3.44739
3.2998
3.28607
3.21254
2.94232
2.8756
2.96062
2.87262
2.82906
3.31533
2.9044
2.88453
2.83077
2.61194
3.03547
3.01769
2.86564
3.51778
3.63683
2.80414
3.4451
2.66804
2.86909
3.01694
2.94892
3.48617
3.50542
3.64882
3.29229
2.98083
3.23155
3.34938
3.64612
3.25113
3.36433
4.10803
3.56585
3.42848
3.85802
3.40854
3.22419
3.33811
2.96798
2.74835
3.15751
2.32539
3.13326
3.11088
3.83685
3.94409
2.82256
3.2706
3.36779
3.18913
3.23997
2.92311
3.14308
3.85282
3.59807
3.2711
3.19491
3.11714
3.27323
3.02199
2.94882
3.03884
3.09252
2.86834
2.62232
3.30697
2.77095
2.84383
2.95877
3.75836
3.26941
3.16967
3.06642
3.19616
2.21105
3.45474
3.2158
2.7747
2.77182
3.25365
3.11126
2.62801
2.94612
3.17065
3.28414
3.71139
3.68055
2.81359
3.10588
3.90615
3.34602
3.14811
2.49703
2.72563
3.54021
3.11004
3.08124
3.52455
3.15166
3.53916
3.09473
3.09157
3.67631
