1.93663
2.67287
2.39012
2.1576
2.39688
2.53368
3.28923
2.94671
1.75096
2.75231
3.23401
2.99625
2.68565
2.63965
3.13304
2.6335
2.70858
3.13213
2.88017
2.42862
2.85945
3.24629
2.75562
2.79315
3.60477
3.65893
3.30236
3.07118
3.01827
3.37071
3.47719
3.71022
3.51643
3.88995
2.91848
2.42944
2.9273
3.02542
2.52816
3.23095
3.37732
2.55713
3.27997
2.82304
2.69721
3.14404
2.88721
2.42353
2.77862
2.64442
2.69226
2.61315
2.00068
3.04231
3.04992
3.3762
3.63977
2.25026
3.68329
3.31218
3.22271
3.68853
3.71381
3.28639
2.81236
3.43142
3.23401
3.16422
3.65433
3.16808
2.92807
3.20678
3.00003
3.22055
3.20689
3.40941
2.97967
2.9989
2.9644
3.06842
3.0095
3.09962
2.80549
3.03136
2.93784
2.95399
3.19277
3.58709
2.96032
3.24738
3.54919
3.444
3.15465
3.71635
2.66329
3.11282
3.06034
3.35855
3.32486
3.49188
3.81725
3.45035
3.12785
3.20981
3.24596
3.38812
3.18262
3.56035
3.66153
2.77291
3.4727
3.21607
3.47078
3.09155
3.22689
2.85701
2.91844
2.75035
2.52123
3.1195
3.50996
3.55394
3.81853
2.77226
3.40391
3.30268
2.89397
3.16992
3.15198
3.72739
3.53181
3.9867
3.44326
3.391
3.48797
3.11257
3.60121
3.08421
3.14442
3.34799
3.06502
2.80488
3.18886
3.22025
3.01937
2.75794
3.4121
3.33161
3.16585
3.03668
3.12035
2.68278
3.39227
3.19181
2.60318
3.05093
2.96917
2.93781
2.53951
3.13959
3.22406
3.133
3.82449
3.62395
3.10053
2.75847
3.48588
3.4856
3.19929
2.78233
2.95985
3.48092
3.11727
3.13259
3.3576
3.24989
3.30989
2.87184
3.33016
3.47341
2.04168
2.55737
2.26392
2.30207
2.57458
2.74017
3.29567
3.06635
1.83099
3.02582
3.01523
3.11581
2.63841
2.76001
3.25132
2.64403
2.68791
3.18182
2.97943
2.72166
2.78192
3.07196
2.96775
2.91872
3.48814
3.3462
2.75051
3.2959
3.04726
3.17971
3.65956
3.40153
3.60171
3.76495
2.88243
2.41474
2.76939
3.23032
2.69972
3.35416
3.15318
2.71678
3.23367
2.98704
2.98984
3.06913
2.86839
2.45336
3.02624
2.80621
2.68658
2.6198
1.93685
2.97769
2.78259
3.22316
3.70411
3.16958
3.80101
3.33681
3.51008
3.66213
3.81099
3.04693
2.82151
2.99558
2.86114
3.02539
3.43807
3.31227
3.04275
3.00052
2.77169
3.12781
3.09517
3.5557
3.27406
2.98779
3.28962
2.87915
2.86116
2.66657
2.58477
2.73172
2.79639
2.87853
2.97606
3.14476
2.69811
2.79688
3.40209
3.41647
2.84659
3.56599
2.56256
3.01784
3.09528
2.92247
3.4604
3.43591
3.33458
3.5336
3.00725
3.11956
2.93745
4.33788
3.22887
3.1898
4.1613
3.50926
3.57034
3.79624
3.90021
3.21995
3.50516
2.94965
3.02963
2.15794
2.18422
2.98594
3.10967
3.22793
3.78702
2.85049
3.18189
3.00938
3.08564
3.08212
2.83774
3.11661
3.62361
3.09591
3.23833
3.34059
3.48288
3.76185
3.32001
3.03535
3.05474
3.3589
2.78428
2.63299
3.07894
3.1404
2.74549
2.95544
3.65346
3.06856
3.28422
3.12175
3.40462
2.76992
3.34605
3.30834
2.51303
3.19282
3.14
2.60429
2.9743
3.17795
2.98626
3.50118
3.81661
3.79317
3.12935
3.22023
3.56818
3.41607
3.22945
2.664
3.00199
3.69994
2.69712
2.95014
3.2673
2.97805
3.37139
2.85942
3.37252
3.93186
