1.89424
2.8287
2.52005
2.4034
2.64383
2.79231
3.31923
3.1762
1.80004
3.15864
3.08924
3.04491
2.51491
2.20798
2.88024
2.82797
2.75662
3.23817
2.52657
3.01637
3.16823
3.02896
2.69377
2.92349
3.41015
3.64191
2.92289
3.44309
3.36898
3.24155
3.13082
3.66559
3.5947
3.64354
2.98271
2.5966
2.87737
3.13968
2.71506
3.39707
3.29298
2.7349
3.85775
3.42332
3.14484
2.78541
2.89783
2.86161
2.49566
2.84521
2.67426
2.6019
2.21164
3.11245
3.23248
3.76501
3.53885
2.05745
3.87622
3.24213
3.55366
3.62651
4.036
3.47196
3.18647
3.3409
3.22935
3.22427
3.59388
3.68772
3.26725
3.08721
3.19309
3.49174
3.29349
3.40826
3.33279
3.07807
3.00051
3.12249
2.84007
3.01705
3.16916
3.22465
3.0201
3.18637
3.41601
3.28688
2.95538
2.941
3.89627
3.55658
3.06132
3.55148
2.59389
3.0033
3.05956
3.73828
3.62628
3.69521
3.75961
3.41887
2.52363
2.95371
3.20946
3.79878
3.01392
3.62488
3.97102
2.438
3.38948
3.93986
3.60197
3.04921
3.3039
3.07587
2.97755
3.02891
2.32182
2.6866
2.60255
3.71473
4.05773
3.36866
3.35845
3.36671
2.61656
3.51004
2.74314
3.0761
3.81283
3.7652
3.86982
3.28037
3.5401
3.60194
3.21227
3.19263
2.95662
3.18872
2.91849
2.75895
3.43338
2.98211
3.21234
2.67563
3.45178
3.12684
3.32492
3.00549
3.10074
2.45137
2.72243
3.28657
2.44674
2.45857
3.08182
2.85981
2.99056
2.62976
2.88732
3.41257
3.05421
3.40265
3.25163
3.27461
3.33665
3.49602
3.16231
2.68086
3.56655
3.7755
2.84716
3.51331
3.7304
3.39419
3.93105
2.70426
3.68978
3.49886
1.87634
2.6303
2.64726
2.35035
2.63614
2.82538
2.92962
3.01509
1.87146
2.9369
3.22134
3.27818
2.66148
2.46763
3.01243
2.5749
2.92316
3.4206
2.69477
3.11155
2.62015
2.81316
3.04087
3.15144
3.10909
3.64237
3.20772
3.02589
3.41871
3.42434
3.35039
3.96723
3.77245
3.81862
2.86227
2.4826
2.58431
3.16109
2.41665
3.51341
3.43181
2.86626
3.48544
3.48887
3.43993
3.28562
3.19163
2.56258
2.47184
2.79739
2.81534
2.75631
2.27171
3.32189
3.25288
3.71874
3.76201
2.29024
3.67815
3.00455
3.68994
4.00748
4.02015
3.14015
3.6296
3.57455
3.46555
3.38394
3.80184
4.1083
3.63282
3.50127
3.16263
2.83166
3.07005
3.25777
3.23902
3.31239
2.94502
3.50583
2.7887
3.06873
2.95999
3.22347
3.23886
3.18903
3.23006
3.62073
2.67819
3.43586
3.47674
3.66868
2.6607
3.79474
3.08598
3.16561
3.14879
3.61424
3.3309
3.2481
3.38649
3.69727
3.19715
2.98329
3.06113
3.90331
3.18021
3.55101
3.97584
3.08769
3.95857
4.03284
2.9256
3.16956
3.01395
3.22925
3.33016
3.17822
2.01483
2.54747
3.40401
3.69527
4.0021
2.82228
3.31006
3.11963
3.20792
3.36011
2.99405
3.10281
3.7652
3.90667
3.41212
3.63744
3.33334
3.3915
3.56064
3.10291
2.85943
3.14477
3.0546
2.88032
3.07496
3.40278
2.72881
2.92554
3.35221
3.08616
3.16386
3.23158
2.87346
2.78586
3.24168
3.18886
2.84618
2.6596
2.90005
2.85879
2.87968
3.15908
2.89133
3.2709
3.78373
3.37866
3.05476
3.61198
3.30125
3.43549
3.36641
3.57446
2.91549
3.79289
3.38235
2.77642
3.34948
3.21903
3.2665
2.79442
3.43897
3.99803
