1.83177
3.16814
2.18035
2.2934
2.48352
2.68536
2.76178
2.94603
1.87535
2.89771
3.14854
3.57532
2.38541
2.522
2.59416
2.48693
2.61644
3.26772
2.54793
2.52951
3.21713
3.22373
3.24704
2.8445
3.30634
3.4701
3.38008
3.16402
2.87768
3.05712
3.70986
3.54231
3.47074
3.42806
3.06826
2.7364
2.63003
2.89575
2.36916
2.82971
3.03441
2.48187
3.12455
3.41881
2.57224
2.68923
2.72176
2.55663
2.79956
2.874
2.75279
2.66674
2.0577
3.05079
3.55615
3.29118
3.51609
3.05
3.46404
3.27789
3.23519
3.35418
3.63059
3.15558
3.10951
3.01297
3.13333
3.09179
3.40024
3.69885
3.18023
3.04822
3.18912
2.86974
3.34496
3.18008
3.3447
2.88682
3.25695
2.99884
2.95741
3.0711
3.22243
2.96227
3.04135
2.89838
2.94665
2.95977
3.23516
3.26238
3.15169
3.34155
2.61841
3.70471
2.75305
2.95711
3.21489
3.39025
3.01288
3.19363
3.43096
3.28756
2.87367
3.12781
3.15108
4.33295
3.01398
3.46035
3.74093
2.85489
3.51957
4.19551
3.58394
3.17941
3.57257
3.35773
2.85339
3.06885
1.59414
3.48733
2.78979
3.27203
3.72687
3.12126
3.34601
3.26248
3.20073
3.449
3.20916
3.58517
3.53493
3.39657
3.16101
3.443
3.12847
3.10419
3.6089
3.21949
3.0462
3.24251
3.01694
2.51582
3.02152
2.55361
2.86091
2.66002
3.3675
3.14585
3.11785
3.12585
3.28583
2.34247
2.75655
2.85687
2.96436
2.98951
3.49918
2.62474
2.98156
2.92321
3.18394
2.83751
2.78782
3.30407
2.67671
2.88124
3.3151
3.53873
3.11479
2.83827
2.9419
3.63916
3.00734
2.99212
3.3216
3.05891
3.31667
2.88831
3.19382
3.52111
1.92175
2.93939
2.27338
2.12514
2.40112
2.55455
2.75147
2.99283
1.8959
2.88178
3.16121
3.23147
2.42244
2.75379
2.62808
2.81024
2.5661
3.09975
2.48914
2.40833
3.06062
2.99343
2.72544
2.7262
3.1551
3.36311
2.76346
2.67456
2.70961
3.37762
3.06753
3.4502
3.10838
3.75936
2.99314
2.29974
2.81835
3.03681
2.60054
3.17134
3.19826
2.55023
3.07844
3.30844
2.80511
2.44705
2.72227
2.57645
2.83954
2.83371
2.69194
2.62121
2.23565
3.29145
3.0615
3.32179
3.45541
2.49566
3.75598
3.17282
3.10071
3.45531
3.64254
2.83072
2.73864
2.88054
3.34832
2.96258
3.6288
3.58689
3.175
3.34828
3.20194
3.05438
3.05646
3.17056
3.20441
3.27426
2.86008
3.0645
2.87286
2.70008
2.97749
3.20801
3.04861
2.97703
2.98089
3.51573
2.72765
3.08634
3.38863
3.43278
2.67609
3.39966
2.75969
3.02426
3.05491
3.2964
2.89203
3.21464
3.38405
2.97391
2.94887
3.04709
3.20599
3.8104
3.3065
3.34607
3.19931
3.55211
3.21929
3.75377
3.42588
2.71608
3.31666
2.87584
2.82468
2.845
1.9935
2.99562
2.94882
3.45536
3.20096
2.84643
3.33742
3.34883
3.03017
3.11719
2.94251
3.34962
3.34628
3.30246
2.99503
3.46052
3.10295
2.96958
3.1419
2.92016
2.83057
2.93372
2.98532
2.56324
3.11949
2.88549
2.64539
2.89246
3.21875
3.30265
2.98437
2.92793
3.06837
2.84639
3.13526
2.68603
2.98535
2.9607
3.10893
2.83527
2.6141
3.12806
2.75444
3.4389
3.15683
3.23377
2.56206
2.73999
3.83904
2.97129
2.97534
3.13979
3.08836
3.57177
2.90543
2.8557
3.38947
3.29131
3.12927
2.88076
3.09991
3.41032
