1.9623
2.58655
2.67243
2.40174
2.43342
2.79012
2.81432
2.81853
1.86754
2.80213
3.71487
3.21662
2.4324
2.7747
2.9129
2.22768
2.79499
3.12174
2.3905
2.63956
2.71419
3.07199
2.98894
3.16243
2.94264
3.51379
3.44662
2.94754
3.14662
3.58667
3.51196
3.80184
3.53992
3.61785
3.15361
2.84483
2.60803
3.06055
2.67562
3.00632
2.99687
2.39977
3.34317
3.29243
2.79832
2.50353
2.58633
2.66616
2.62051
2.60263
2.76469
2.74521
1.98461
3.15827
2.98246
3.71857
3.48275
2.56488
3.67535
3.05968
3.28756
3.31905
3.88796
2.95025
3.13284
3.01619
3.21186
3.17031
3.89576
3.70061
3.44264
3.3019
3.00382
3.35413
3.42058
3.625
3.38119
3.24447
3.154
3.18389
2.65343
2.85517
2.97122
3.28651
3.11841
3.07561
3.63403
3.4925
3.35147
3.85724
3.95877
3.42079
2.70056
3.55909
2.86878
3.14217
3.13437
2.91474
3.11501
3.23929
3.93301
3.08678
2.75493
2.96161
3.18793
4.06379
3.50337
3.5098
4.06829
2.5768
3.47537
3.37698
3.13084
3.14006
3.24647
3.08076
2.74263
2.45438
1.71895
2.79714
2.47571
3.89458
3.876
3.55999
3.45087
3.12617
2.81392
3.2527
3.00294
3.09217
3.80632
3.66249
3.21158
3.75235
3.27007
3.09562
3.60647
3.03195
3.09286
3.14415
2.77218
2.8194
3.12331
2.85349
2.68404
2.72462
3.03237
3.20076
3.2731
3.11886
2.99971
2.39877
3.36642
3.07048
2.30374
3.16192
2.85978
2.58638
2.98109
3.10895
2.92547
3.37245
3.34284
3.61066
2.95809
2.87198
3.47977
3.50733
3.20686
3.17714
3.11328
4.08689
3.11676
3.22167
3.51428
3.10208
3.43935
3.01163
3.17316
3.39714
1.93535
2.85043
2.50222
2.33769
2.40217
2.56133
2.89458
2.94842
1.91119
2.93381
2.74427
3.24155
2.34096
2.67181
2.95315
2.91056
2.61723
3.14713
2.56603
2.33464
2.77272
3.04493
3.09647
2.92925
3.28385
3.70263
2.98824
3.01999
2.9565
3.21719
3.35832
3.95902
3.63633
3.97299
3.08357
2.56193
2.64406
2.88352
2.59676
3.07975
2.8594
2.59068
3.53549
3.02692
3.0203
2.54673
2.63051
2.4146
2.79452
2.68848
2.90993
2.59444
1.91395
3.31561
3.0796
3.47815
3.81649
2.33602
3.43457
3.15122
3.20402
4.12064
3.70525
3.32023
3.20938
3.05618
3.14316
3.13546
3.9623
3.76216
3.06238
3.58679
3.08287
3.27341
3.16872
3.59458
3.55214
3.02265
3.12434
2.94464
2.96578
3.06238
3.03641
3.28088
2.83492
3.05792
3.03867
3.57249
3.31827
3.17568
3.76403
3.35611
2.63523
3.53208
2.88165
3.03627
3.22355
3.6412
3.0868
3.07875
3.43113
3.55096
2.99711
3.03778
3.25131
3.81058
3.83988
3.44806
3.6703
2.55067
3.79814
3.72833
3.2769
2.98615
3.39831
2.99672
2.79569
3.20683
1.77811
3.03468
2.7276
3.9183
3.9701
3.15789
3.22948
3.7319
3.41353
3.06391
3.20635
3.03179
3.92787
3.50368
3.36932
3.17317
3.20304
3.10815
3.30878
2.86863
3.17127
3.22125
2.70841
2.86619
2.95677
2.80195
2.78105
2.77586
2.88836
3.11767
3.26882
3.32671
3.0251
2.79007
3.53758
2.77728
3.48781
2.74197
2.97439
2.73516
2.76193
2.77323
2.95591
3.73365
3.27077
3.53752
2.77223
2.73509
3.6413
3.74456
3.13835
3.09704
2.78022
3.66947
3.47687
2.67951
3.3328
3.12444
3.37796
3.4827
3.45562
3.57182
