2.55884
2.04527
2.99108
2.94536
3.07963
3.08552
3.15292
2.09434
1.81119
2.28317
2.78694
2.88841
2.85427
2.61084
3.3872
3.56673
3.16815
2.71509
2.80272
2.93282
2.3858
2.78133
2.43674
1.88936
2.6912
3.42274
3.16707
2.29797
3.32213
3.92094
3.25353
3.495
3.99576
3.67561
3.19254
2.11695
2.60691
2.85219
2.61428
2.90587
3.22745
3.31022
3.63752
3.20152
3.12739
2.96417
2.35276
2.65319
3.64209
2.82223
1.91531
2.19328
1.72201
2.3938
3.12408
2.7419
3.80135
1.7832
2.72353
2.66689
2.55075
2.77397
3.17264
2.9881
2.25989
2.46358
2.8244
2.45856
3.00392
3.11823
2.87151
3.40195
2.56058
2.67581
2.81523
2.97619
2.616
2.55456
2.17895
2.63555
2.24051
2.42001
2.56396
2.78791
2.62751
2.43677
2.83465
3.11156
2.76481
3.05169
2.83697
2.75406
2.87855
3.33391
2.12159
2.51026
2.88472
3.00587
2.62785
2.6575
2.44071
1.85189
2.53543
1.95663
2.19574
3.24982
2.64803
2.75125
3.45748
2.49685
2.7174
2.9379
2.89261
2.96159
2.54064
2.59787
2.13375
2.58017
1.71069
2.73885
2.29175
3.28918
3.49903
2.42588
3.0712
2.73494
2.14643
2.75504
2.7346
2.94264
3.10412
3.16666
2.43065
2.6698
2.61138
2.685
2.83253
2.38976
2.21481
2.08147
1.89636
3.07713
2.77795
2.80224
2.23795
2.84818
2.56652
2.57235
2.65659
2.34087
2.43087
3.30635
2.7892
2.41277
1.79202
2.39027
2.38916
2.91411
2.40132
2.24588
3.36276
2.52234
2.7402
2.75489
2.55257
3.4136
3.2237
2.44619
2.47539
2.92902
2.81654
3.15385
2.19274
2.08662
2.69857
2.9734
2.90539
2.48427
2.44602
2.86748
1.83493
2.53183
2.61288
2.34406
2.43238
2.48829
3.46274
2.92833
1.95709
2.76779
2.67742
2.97538
2.43874
2.5906
2.78666
3.12697
2.8061
3.14672
3.04116
3.05867
2.41327
2.67726
2.65519
2.70781
3.27231
3.35832
3.07954
2.79016
2.85609
3.33008
3.28204
3.57813
3.65933
3.95215
3.50424
2.46763
2.82154
3.13556
3.03328
3.27563
3.06353
2.76546
3.10428
3.63933
2.86028
3.05271
2.65279
2.63311
3.00175
2.92305
2.62931
2.61623
2.25907
2.8766
3.39323
3.76357
3.07913
2.23234
2.24941
2.59058
3.1613
2.1944
2.4283
2.25987
2.1694
3.29095
3.41556
2.84725
2.56848
2.72193
2.69029
2.99345
3.19517
2.90713
3.13885
3.65018
3.15011
3.23717
2.8812
3.2468
2.70002
2.95246
2.78568
3.32986
2.87296
2.65787
2.66126
3.2312
2.64346
2.53008
2.85004
3.24163
2.16122
3.19493
2.65582
3.13635
3.46122
3.27352
3.21761
3.12132
3.24718
2.87415
2.83909
2.68882
3.11089
3.94486
2.75172
3.39519
4.12131
3.27265
3.79192
3.89193
3.12089
3.13279
3.22252
2.70314
2.61796
2.83025
2.19868
3.08433
3.06242
2.93967
3.10166
3.08162
3.43056
2.56538
2.87183
3.25341
3.12346
3.25591
3.40239
3.13704
3.24495
3.2052
3.2265
3.0181
3.43078
3.2417
3.09337
2.76964
3.09061
2.95235
2.90776
2.72848
2.70271
2.94312
2.78057
3.06791
3.10474
2.8516
3.09677
2.96158
2.55407
3.32945
2.39828
3.0262
2.82782
3.05074
2.74891
2.54497
3.26213
3.21377
3.30144
2.91106
2.00638
3.26926
3.59251
3.59811
3.57319
2.57989
2.81407
3.32015
3.02022
2.59927
3.40745
3.08191
3.14686
2.87302
2.64123
2.68683
