1.97322
3.12366
2.42
2.48622
2.78891
2.93292
3.19536
3.12275
1.77341
2.94378
3.2785
3.17538
2.84935
2.72661
3.18731
2.949
2.95239
3.3663
2.52481
2.99237
3.0411
3.21206
3.17493
3.44214
3.69992
3.71952
3.15092
3.68296
3.11475
3.28751
3.73504
3.82942
3.41432
3.71564
3.0365
2.76374
3.04365
3.26164
2.6886
3.06338
3.51368
2.55439
3.10979
3.25564
2.95147
3.03486
2.66358
2.79572
2.75823
3.12583
2.78405
2.79077
2.25213
3.27294
3.30316
3.49632
3.98372
1.98242
3.70686
3.5275
3.48493
3.8588
3.85611
3.22083
2.85684
3.21055
3.4019
3.43374
3.42504
3.70833
3.43252
3.57985
3.32475
3.03636
3.55239
3.59531
3.35922
3.14031
2.97879
3.19957
3.15525
3.38432
3.03519
3.27041
3.20178
3.16957
3.33272
3.70243
3.31218
3.49221
3.38067
3.69011
2.77555
3.75321
2.84459
3.19052
3.329
3.40497
2.98222
3.53416
4.20575
3.61345
3.36826
3.18773
3.43262
4.12407
3.68422
3.29395
4.00176
3.02108
3.89383
4.51208
3.06793
3.34075
3.59156
3.16583
3.06757
3.24182
2.52847
3.24233
2.88261
3.85202
4.14163
3.33783
3.77002
3.244
2.8342
3.656
3.6457
3.80265
3.90002
4.03001
3.21404
3.2007
3.1078
2.97411
3.14807
3.03382
3.47511
3.14375
3.23818
2.83381
3.36723
3.18466
3.53478
3.08988
3.3618
3.1759
3.26385
3.19493
3.03474
2.90527
3.18189
3.32507
2.54566
3.17552
3.2711
2.995
2.91971
3.5373
2.81647
2.87622
3.70586
3.36231
2.81266
3.53803
4.11187
3.49077
3.31403
2.98589
3.51033
3.59801
3.13279
3.26049
3.89107
3.55343
3.66944
3.17103
3.76579
3.38816
1.93234
2.93746
2.64396
2.56256
2.82146
2.8236
3.28755
3.0955
1.86454
3.20321
2.67648
3.25373
2.89457
3.06356
3.17709
2.75549
2.76242
3.45689
3.15808
2.94285
3.42359
3.35584
3.20757
3.44808
3.6279
3.81162
3.1677
3.45872
3.18218
3.41595
3.48015
4.24829
3.55416
3.69993
2.95531
2.51806
2.84809
3.23289
2.70856
3.43482
3.12737
2.67805
3.42779
3.13678
2.94102
3.02764
2.92365
2.95892
2.70369
2.98967
2.75972
2.75464
2.32037
3.24675
3.15786
3.19956
3.81414
2.68737
3.12404
3.60079
3.69824
3.62125
3.58911
3.29149
3.27937
2.98281
3.61995
3.27747
3.63162
3.94445
3.35949
3.46647
3.17891
3.34531
3.49563
3.64566
3.51898
3.11939
3.25715
3.0822
3.19088
3.09943
3.34819
3.26761
3.26352
3.2792
3.19473
3.61505
3.56808
4.10677
3.7672
3.49719
2.82814
3.73106
3.28924
3.1155
3.23005
3.7427
3.54957
3.80371
3.82256
3.32165
3.56829
3.40528
3.71428
3.91256
3.44372
3.57684
4.00685
2.98156
3.58203
3.89432
3.875
3.36721
3.6672
3.24316
2.93867
3.10196
2.58571
3.44462
3.31405
3.61339
3.6715
3.23451
3.85481
2.83966
3.15849
3.49288
3.03817
3.55103
3.71391
3.7415
3.23291
3.21383
3.48615
3.00399
3.61137
3.16433
3.09579
2.85222
3.0262
3.14258
3.2812
2.9267
2.96568
3.02328
3.41409
3.30302
3.31731
3.16907
3.36459
3.06602
2.50605
2.97551
2.64425
3.23569
2.67295
3.22521
2.98196
3.03682
3.06894
3.5381
3.55591
3.48668
2.65598
3.38968
4.46252
3.93888
3.38321
3.4019
3.28146
3.67262
3.2251
3.47971
3.65587
3.18992
3.31436
3.36552
3.54769
3.25241
