1.78171
2.51581
2.16391
2.25704
2.6279
2.79697
3.21803
2.90839
1.80538
2.96301
2.73093
3.0414
2.13359
2.80085
2.98601
2.79686
2.7098
3.18844
2.6779
2.77555
2.56843
2.66833
2.68238
2.89463
3.22173
3.58004
2.66787
2.76442
3.09042
3.39019
3.3262
4.03755
3.55247
3.75278
3.03888
2.59028
2.79999
3.39367
2.44432
3.27706
3.16123
2.65324
3.1041
3.37369
2.98302
2.71072
2.45748
2.59803
2.94615
2.61065
2.55982
2.48499
2.17141
3.4549
3.3854
3.23568
3.3411
2.80155
3.58294
3.23068
3.87508
3.03092
3.55397
3.1098
2.91446
3.46038
3.40128
3.2989
3.22664
3.42332
2.91633
3.044
2.83535
3.62964
3.23928
3.38477
3.27658
3.31897
2.6239
2.83313
2.82245
2.77274
2.99803
3.03913
3.11986
3.11203
3.31717
3.42365
3.11546
3.50625
3.42683
3.38922
3.02238
3.55574
3.12721
3.03832
3.22469
3.46008
3.33669
3.05702
3.62064
3.19299
2.66369
2.4678
3.00827
4.25502
3.18402
3.1915
3.98554
2.89105
3.30754
4.28958
2.8583
3.12271
2.90835
3.13463
2.59456
3.07372
2.44119
2.94888
3.06421
3.40007
3.81527
2.66512
3.36311
2.46089
3.00277
3.22822
3.36532
3.57845
3.47493
3.40291
3.67863
3.50705
3.51999
3.04859
3.07885
3.29805
3.06664
2.95686
2.77579
2.36564
3.36205
2.98588
2.77553
2.95582
3.04506
3.15638
3.07563
3.44062
3.47894
2.84342
2.82531
2.78895
2.78934
2.72338
2.63911
3.11199
3.12596
2.62098
2.82734
3.56281
3.42261
3.70253
3.25154
2.82161
3.30968
3.40165
3.05788
2.88106
3.11873
3.74731
2.50411
2.83072
3.31077
2.76423
3.6378
2.38498
3.40447
3.63438
1.82752
2.64617
2.23319
2.31868
2.50564
2.55037
2.81592
2.8256
1.7644
3.03433
2.68139
2.97583
2.25782
2.46783
2.49597
2.44161
2.27263
3.74075
2.64318
3.25586
2.73796
2.80331
2.57527
2.7513
2.9093
3.78335
3.13383
3.61241
2.82633
3.07371
3.31353
3.77064
3.49465
4.0977
3.2571
2.48672
2.72852
3.20432
2.52658
3.57373
3.02481
2.70347
3.7171
3.45424
2.88716
2.94916
2.3124
2.45503
2.5884
2.69127
2.57452
2.67715
1.98655
3.27927
3.12339
3.32102
3.7765
2.79933
3.80914
3.78782
3.21372
3.18454
3.54135
2.91656
2.88889
2.81932
2.96545
3.10833
3.25565
3.63174
3.12403
3.07446
3.04472
3.20409
2.82562
3.51535
3.18764
2.93289
2.80715
2.83724
2.62564
2.92035
2.99254
3.14729
2.71078
2.86101
2.90928
3.22061
2.77574
3.10247
3.88009
3.62127
2.54618
3.25638
2.835
3.01351
3.1089
3.36544
3.372
2.96439
3.08603
2.96943
2.35278
2.63078
2.91992
3.62097
3.31023
2.98076
3.71787
3.43298
3.94127
4.13196
2.92029
3.07379
3.4812
2.87966
2.78043
3.04955
2.22688
3.24805
2.18534
3.77267
3.7773
2.54208
3.24391
2.85782
2.85801
3.45743
3.21811
3.29092
3.38154
3.55956
3.26632
3.3039
3.19584
2.93393
3.64695
3.24637
3.21741
3.08086
2.69392
2.5312
3.02137
2.81784
2.82737
2.62475
3.07748
2.89071
3.16248
3.05774
3.30377
2.61721
2.59577
2.60604
2.70622
3.04344
2.91461
2.86886
2.87865
2.88991
2.93181
4.04495
3.22939
3.32677
2.51912
3.36713
3.37735
3.43801
3.2312
2.63068
2.78536
3.77657
2.83976
2.64345
3.55769
2.92316
3.21484
2.66232
3.38782
3.98182
