1.77389
2.75733
2.13839
2.09185
2.28061
2.44233
2.32867
2.62682
1.58496
2.5846
2.54808
2.97324
2.56043
3.42654
2.61954
2.71678
2.341
3.06817
2.49977
2.29941
3.09113
3.0457
2.73446
3.07067
3.42911
3.46572
2.99166
2.65285
2.66299
3.12607
3.38336
4.01592
4.04979
3.6052
3.05259
1.96096
2.55877
3.08989
2.34124
3.04897
3.14828
2.34743
3.31893
3.01827
2.46592
2.39398
2.48178
2.15409
2.51591
2.37058
2.24881
2.31386
1.69036
2.74687
2.75365
2.97432
3.80289
3.20546
4.00167
3.44964
4.38237
3.46623
3.7332
3.15902
3.56406
2.95536
2.76032
3.18277
3.46151
3.19362
2.92823
3.09304
2.99778
3.00626
3.1291
3.17715
2.92373
2.83024
3.13601
3.36256
2.83773
2.77661
2.68889
2.87516
2.57991
2.75253
2.87145
3.48073
2.68655
2.7504
3.1706
3.29967
2.63358
3.3813
2.89341
2.95761
2.83049
2.58987
2.96606
3.31956
3.28177
3.02289
3.07501
2.63471
2.7948
3.93387
2.88596
3.46801
3.90664
3.46399
3.35672
4.29771
3.04606
3.12552
2.99874
2.53322
2.84894
3.53629
2.30615
3.26
2.76399
3.72275
3.58201
2.86752
3.03314
3.24861
2.8342
3.07486
3.19344
3.10075
3.59073
3.37353
3.14448
3.08112
3.17247
2.80289
3.10716
3.16212
2.86484
2.75533
2.74106
2.56437
2.95655
2.75077
2.70209
2.94109
2.78223
2.96995
2.80087
2.78005
2.77797
2.13526
2.87675
3.14282
2.71988
3.08556
2.75187
2.76145
2.68346
2.50573
3.10299
2.98657
3.35074
4.0096
4.3625
4.00766
3.41478
3.62753
3.13742
2.83334
2.6414
3.60318
2.95928
2.70527
3.11863
2.97925
3.24808
3.01361
3.03285
3.94812
1.70645
2.62013
2.33211
1.99149
2.30358
2.63477
3.05518
2.69942
1.56913
2.66184
2.40726
3.10843
2.17848
3.08544
2.24837
2.22174
2.53622
3.0759
2.26091
2.33943
3.26057
3.02235
2.39907
2.90508
3.27999
3.18976
2.28723
3.40568
2.89195
2.83999
3.02425
3.86575
3.53381
3.49111
2.93727
2.058
2.13563
2.92372
2.28118
2.84473
3.0327
2.46114
3.10656
3.04109
2.54719
2.42968
2.55915
2.42578
2.30408
2.61711
2.40145
2.57759
1.9539
2.66609
3.23799
2.84666
3.40566
2.9246
3.1625
3.4221
4.37188
3.77185
3.85173
2.76379
2.76681
2.85895
2.84501
2.87762
3.63602
2.74467
2.87657
3.00709
2.86577
3.00923
2.85149
3.03651
2.80987
2.81863
2.90741
3.28583
2.92342
2.91901
2.65882
2.89983
2.83545
2.86247
2.66931
3.04961
2.34262
2.63923
3.44871
3.05411
2.72223
3.18095
2.53676
2.73694
2.62629
2.93368
3.22414
3.21533
3.23428
2.88281
2.84056
2.80949
2.71428
4.28448
2.74728
3.26847
4.34313
3.98854
3.23483
4.11973
3.56277
3.11039
3.23985
2.91208
2.55771
3.59152
2.48113
3.17949
2.44126
3.97969
3.74537
2.77137
3.02825
3.77102
3.63849
3.26434
2.96626
2.99611
3.67353
3.54614
3.32178
3.44482
3.06722
2.83053
2.98115
2.97373
3.08578
3.07004
2.51447
2.37411
2.853
2.7859
2.76909
2.23515
3.00392
2.88054
2.80776
2.73448
2.88408
1.95882
2.2978
2.95178
3.85793
2.7257
2.5997
2.65132
2.27705
2.99075
2.86378
3.14023
3.35421
4.49763
3.85666
3.81572
3.63402
3.01066
3.02455
2.57878
2.61567
3.83233
2.78527
2.75373
2.96511
2.98867
2.94291
3.04635
3.50531
4.0062
