1.92013
2.90207
2.3886
2.38106
2.58787
2.69528
2.8881
2.7812
1.49934
2.9617
2.84509
3.3878
2.74598
3.01561
2.84702
2.8847
2.90265
3.32421
2.69581
2.77032
3.22294
2.63172
3.2363
2.92548
3.20362
4.02397
3.2867
2.83252
3.38748
3.14377
3.11439
3.65459
3.91015
4.07644
3.60902
2.64849
3.16887
3.23269
2.38877
3.4112
3.16978
2.76546
3.78493
3.27424
2.99859
3.0185
2.64395
2.65792
2.92556
2.716
2.19173
2.50543
2.13698
2.95004
3.06881
3.04899
3.40919
2.09273
3.45416
3.12306
3.02345
3.62905
3.81403
2.99431
3.17088
2.83687
3.17052
3.08805
3.44253
3.64744
3.03765
3.06725
3.45088
3.06591
3.61936
3.24261
3.02797
3.16256
3.15212
3.54845
3.19112
3.06634
3.27083
3.10675
3.13568
3.28357
2.86937
3.27479
2.77504
2.89227
3.14066
3.18438
2.39724
3.37188
2.57645
3.10045
3.47033
3.16507
3.18213
3.53665
2.86679
3.5872
2.67084
3.05107
3.39014
4.43136
3.49827
3.18201
3.85237
3.45826
3.83303
3.49731
3.9274
3.18147
3.52601
2.95757
2.89475
3.27449
2.55704
3.57925
3.35312
4.07
3.95378
2.83283
3.71396
3.73538
3.06378
3.46427
3.42148
3.48979
3.77123
3.92432
3.35354
3.58692
3.46161
3.44145
3.40435
3.0013
3.33737
3.40974
2.77473
2.8499
3.063
2.89527
2.73565
3.08429
2.89524
3.00851
2.99908
3.03557
2.9452
2.80601
3.62542
3.13902
2.89524
2.99704
2.97155
2.71949
2.84615
2.85403
2.86648
3.4072
3.60055
3.30125
2.84864
3.15675
3.7612
3.7108
3.07029
2.96842
3.04793
3.77691
2.97022
2.57276
3.52107
3.66305
3.34977
2.96945
3.40403
3.27586
2.10834
2.6336
2.75466
2.38812
2.62093
2.80408
3.25189
2.95882
1.75766
3.03908
3.00459
3.31549
2.72905
2.92018
2.96117
2.40326
2.67229
3.272
2.63702
2.74852
3.36412
3.228
2.9109
3.18567
3.24727
3.77079
3.27827
3.31843
3.38056
2.7943
3.21858
3.48971
3.47669
3.90256
2.83802
2.82111
2.70053
3.02594
2.41125
3.71837
3.0294
2.95066
3.81538
3.63217
2.98826
2.92768
3.12072
2.66034
2.89097
2.59472
2.59167
2.66184
2.27236
2.71417
2.78384
3.33159
3.2156
2.80084
3.36299
3.12468
3.09773
3.5572
4.04806
3.36722
3.27849
2.67336
3.15373
3.46036
3.35637
3.53393
3.37427
2.94112
3.38242
3.16938
3.00091
2.84503
2.95843
3.34638
3.16822
3.0059
2.97864
2.85103
3.1118
3.37739
3.2054
3.03844
3.08371
3.34314
2.70026
3.10139
3.29263
3.24808
2.40348
3.52673
3.23442
3.15421
3.45145
3.56141
3.21128
3.64613
3.24909
3.5872
2.58665
3.01878
3.55734
4.35782
3.33984
3.19846
3.9886
3.856
3.10223
3.73714
3.74523
3.3016
3.62807
3.09686
2.84186
3.17713
2.66061
3.35663
2.76558
4.00083
3.96301
2.99967
3.27786
3.79898
3.45344
3.265
3.0729
3.22078
3.69839
3.39263
3.44588
3.57822
3.24958
2.97026
3.70052
2.86709
3.12294
3.01268
3.35644
2.97498
3.18012
3.05837
2.71594
2.84356
3.26903
3.30322
3.1737
3.23844
2.88797
2.64511
2.40274
2.892
3.31514
3.34244
3.05676
3.33627
3.34649
2.9857
3.0269
3.27027
3.7801
3.13294
3.03222
3.07952
3.87803
3.52115
2.90745
2.95099
2.85523
3.36911
2.82157
3.02711
3.2071
3.761
3.32101
3.28291
3.16049
3.83034
