1.94128
2.5743
2.49321
2.16185
2.416
2.72357
3.15207
2.91506
1.57896
2.7381
3.17347
3.13446
2.4498
2.77769
2.58693
2.87331
2.43542
3.08867
2.47215
2.81488
3.36541
3.15378
2.61067
2.98572
3.4963
3.69568
2.9832
3.56112
2.63259
2.89576
3.14139
3.60061
3.53629
3.47371
2.88657
2.69515
2.63505
3.22391
2.2062
3.09883
2.77888
2.41764
3.31363
3.08781
2.46689
2.16095
2.51836
2.42001
2.21735
2.65974
2.7905
2.58598
2.0601
2.93733
3.03998
3.58714
3.14987
1.81884
3.00381
3.21261
3.11056
3.39166
3.57778
3.2041
2.95708
3.70545
3.37707
3.06934
3.63709
3.7162
2.99667
3.48548
3.11081
3.16033
3.09173
3.39116
3.39258
3.08066
3.13309
2.96552
3.28082
3.07327
3.33189
3.26128
2.9438
3.15854
3.38792
3.31531
3.04258
3.18823
3.66173
3.24562
3.00236
3.67479
2.73511
3.20087
3.12202
3.1165
3.10856
3.5598
3.3574
3.10849
2.82631
3.0794
3.36603
3.59584
3.32654
3.48366
3.77264
2.69671
3.65613
3.81416
3.01966
3.07977
3.13105
2.66235
3.16898
2.90734
2.4421
3.42292
3.2046
4.20438
4.28127
3.04106
3.68917
3.17655
2.94405
3.37248
3.34351
3.61746
3.77825
3.46704
3.44923
3.17582
3.25095
3.14191
3.58313
2.97343
3.38626
3.21686
2.81056
2.83836
2.90492
3.03308
3.24009
2.87637
3.21663
3.25514
3.01597
3.25921
3.15429
2.35141
3.23235
3.01996
2.71662
3.02589
3.06182
2.81502
2.94995
2.79869
3.00247
2.73513
3.89008
3.39419
2.21661
3.25788
3.49404
3.19773
3.2215
2.96929
2.82096
3.81264
2.85128
2.9873
3.32005
3.63279
3.56984
3.06927
3.47758
3.14981
1.83214
3.04784
2.7461
2.12665
2.47837
2.74345
2.95241
2.92638
1.73898
3.1776
2.56667
2.78927
2.41344
3.05754
2.5622
2.58891
2.54465
3.35019
2.58742
2.47942
2.98704
3.03458
3.18217
2.93218
3.42054
3.47919
2.96195
3.40942
2.66991
3.19187
3.2964
3.69991
3.27745
3.53314
2.95986
2.47341
2.63554
2.83292
2.26488
3.16171
3.00828
2.32353
3.53901
3.1678
2.66378
2.10048
2.75604
2.7036
2.14685
2.64224
2.60571
2.54105
2.06042
3.05774
3.03591
3.37725
3.59637
2.21636
3.41846
3.27056
3.63695
3.34848
4.08104
3.14726
3.49345
3.07819
3.32377
3.17684
3.89598
3.41899
3.53415
3.59484
3.03622
3.16346
3.25964
3.47474
2.97269
2.99013
2.90054
3.17119
3.39996
3.14968
3.10912
3.11153
2.97179
3.15941
3.11371
3.33146
3.21949
2.79667
3.5204
3.43897
3.35367
3.40752
2.62951
2.96842
3.283
2.98487
3.08625
3.65782
3.24427
3.49771
3.20024
3.40313
3.22804
3.99616
3.35671
3.31706
3.79873
4.03067
3.70076
4.60789
3.01132
2.86368
3.20926
2.83536
3.02082
3.04248
2.24264
3.24579
3.07991
3.91241
3.65586
3.08013
3.41784
3.69682
3.422
2.9713
3.2868
3.63017
3.71471
3.66019
3.29412
3.26124
3.41692
3.7821
3.36096
3.17767
2.99721
3.17938
3.10006
2.94018
3.35792
2.69269
3.08318
3.01227
3.40435
3.00981
2.95395
3.22809
3.06901
2.69658
3.32335
2.82916
3.76133
2.86241
3.02816
3.10318
2.86498
3.06156
2.98544
2.6236
3.65001
3.60661
3.05332
3.48211
3.78708
3.23464
3.31
3.03149
3.03392
4.0767
2.89897
2.69907
3.21373
3.09749
3.52102
3.14866
3.58362
3.68481
