1.78145
2.6169
2.65929
2.05886
2.31325
2.73355
3.17238
3.03272
1.70667
3.09974
2.7604
2.94909
2.27188
2.52177
2.67795
2.47265
2.53918
3.33802
2.59195
2.85278
3.22575
3.3091
2.94881
3.25978
2.99477
3.97561
3.03231
3.17232
2.98141
3.13122
3.64182
3.47171
3.63436
3.7067
3.00775
2.60846
2.85048
3.33447
2.69638
2.92732
3.23298
2.40226
3.41854
3.51412
2.95596
2.38477
2.83967
2.60174
2.77001
2.75442
2.65613
2.76273
2.13045
3.22849
3.24472
3.18874
3.31946
2.91007
3.76275
3.30826
3.63536
3.18718
3.52799
2.99719
2.70207
3.0629
3.09359
3.23856
3.43525
3.96468
3.09235
3.48203
3.06222
3.09091
3.26994
3.3514
3.14012
3.02604
2.95513
3.29607
2.75441
3.03115
3.02472
3.17079
3.04961
2.99005
3.19375
3.54947
3.07419
3.48706
3.55483
3.4434
2.57628
3.78701
2.89699
3.28319
3.34447
3.80391
3.07402
3.81942
2.9957
3.22715
2.43036
2.80358
3.12857
4.4783
3.14301
3.11841
3.84838
3.1375
3.48658
4.31657
3.07658
3.4064
3.21423
2.8053
2.95244
2.75709
2.33117
3.38892
2.59985
3.70409
3.92061
3.04423
3.30353
3.63544
3.03695
3.17614
3.31067
3.35383
3.69783
3.88088
3.46428
3.25407
3.03846
3.23785
3.27693
3.10042
3.18652
2.98754
2.69518
2.72739
3.02691
2.85055
3.21737
2.90303
3.44751
3.13392
3.08294
3.15252
3.13192
2.4896
3.14349
3.05304
2.88536
2.53169
2.71275
2.82214
3.01734
2.83746
2.9659
3.14739
3.87702
4.14954
2.85619
3.40066
3.44726
3.33969
3.05693
3.00724
3.17089
3.52285
2.48877
3.48764
3.41804
2.96789
3.10065
2.69711
3.54879
3.9512
1.70052
2.62255
2.34056
1.91633
2.25251
2.52439
2.84651
3.02349
1.79122
2.92486
2.80843
3.27451
2.41377
2.73222
2.69135
2.37746
2.51093
3.04498
2.55868
2.52185
2.8505
2.54534
2.56718
3.23827
3.14755
4.01519
3.02899
3.32863
3.01065
3.14171
3.48629
3.50766
3.33938
3.68702
3.50787
2.46718
2.73544
3.21927
2.39632
3.55531
3.23549
2.75221
3.86436
3.33793
3.02263
2.46117
2.74351
2.33907
2.5082
2.91868
2.44495
2.68863
2.07676
3.08089
3.06517
3.37361
3.26765
2.4757
3.53356
3.39953
3.95658
3.30371
3.89512
2.88606
3.10813
2.93964
3.11033
3.23241
3.71343
4.06779
3.34207
3.2372
3.21392
3.12111
3.1962
3.07522
3.2563
3.07525
3.11403
3.16811
2.68741
3.29623
3.1288
3.29612
3.24412
3.02647
3.34685
3.09889
3.17247
3.23108
3.8969
3.6659
2.63997
3.46166
2.61274
3.22811
3.40464
3.12002
3.27222
3.08245
3.38912
3.67366
2.46885
2.91779
3.10782
4.19009
3.22297
3.5103
4.45083
3.54113
3.4951
4.39551
3.80737
3.28915
3.80453
2.77279
2.8686
3.06709
2.20408
3.23674
3.04152
3.529
4.09943
2.67208
3.39175
3.7535
3.46589
3.28885
3.32397
3.61691
3.72372
3.50952
3.35615
3.08954
3.75439
3.08263
3.20371
2.93706
3.02988
3.22671
2.91739
2.48317
3.00622
2.98609
2.9087
3.05886
2.98755
2.88261
3.11714
3.23243
3.00514
2.26627
3.27715
3.00411
3.76795
2.93015
2.82103
2.53051
3.04789
3.26373
3.28849
3.23966
3.63903
4.00369
2.58011
3.17517
3.30539
3.17529
3.20745
3.06655
3.19742
3.28493
2.75021
3.05504
3.14354
3.22396
3.2566
2.87204
3.7068
3.91099
