2.0982
2.80279
2.41404
2.40504
2.69832
2.65492
3.32727
2.87897
1.92256
2.61399
3.01977
2.77234
2.36209
2.7626
2.77963
2.80505
2.74321
3.56674
2.514
3.17836
2.80005
3.00927
2.84501
3.19028
3.26096
3.7299
2.92744
3.01334
2.68276
2.96773
3.11604
3.64741
3.22272
3.55657
2.80962
2.6316
2.88518
3.16069
2.57499
3.15423
3.25197
2.65642
3.5436
3.2434
2.88108
2.60623
2.68409
2.70174
2.87795
2.83316
2.76449
2.68763
1.9534
3.24826
3.00243
3.52826
3.56996
1.72529
3.05922
3.56361
3.29883
3.65597
3.68184
3.1088
3.12635
3.02553
3.22956
3.11293
3.55761
3.33875
3.30438
3.12733
3.11887
3.2638
3.253
3.18672
3.2477
3.02432
2.90508
2.87057
2.86848
2.92547
3.07247
3.01385
3.05823
2.91963
3.21148
3.18496
3.17016
3.16327
3.51957
3.32951
2.82631
3.56938
2.9774
2.77902
2.83494
3.63741
3.40892
3.7773
3.60902
3.10697
2.4362
3.17191
3.42649
4.10648
3.10119
3.33104
4.08536
2.66688
3.47058
4.3412
3.47594
3.34412
3.30698
2.93991
2.89959
3.07478
2.5907
2.90756
2.68681
3.64057
3.23366
3.07679
3.35903
3.73266
2.86585
2.95951
3.05805
3.21806
3.75411
3.35875
3.28289
3.32022
3.05786
3.23873
3.14411
2.79244
2.96707
3.14416
2.81993
2.67432
3.19473
3.01024
2.76356
2.80423
3.47646
3.04473
3.15574
2.90498
2.89411
2.65787
3.44601
3.4646
2.81957
2.87583
2.85237
3.09705
2.75544
2.97231
2.65929
2.6667
3.47725
3.30125
3.24197
3.36319
3.47341
3.65159
2.89437
2.75178
2.95584
3.47506
3.04844
3.72934
3.51843
2.72179
3.40245
2.84391
3.78006
3.86621
1.9702
2.58333
2.26801
2.29452
2.40998
2.56614
2.66109
2.8016
1.93565
2.57411
3.19919
2.90331
2.34135
2.82175
2.93128
2.66736
2.7871
3.16788
2.30221
2.31085
3.16983
2.66331
2.61717
3.4728
3.26169
3.30825
2.50296
3.17557
3.03504
2.92685
3.18028
3.73559
2.95856
3.8999
2.8313
2.29649
2.51097
2.75486
2.34939
3.1205
3.43863
2.751
3.54712
3.04666
2.80625
2.40344
2.80736
2.57796
2.34712
2.62109
2.57754
2.56645
1.92466
2.99012
3.10009
3.30413
3.37194
2.64721
3.90728
3.83237
4.06077
3.93788
3.79083
3.20793
2.98404
3.06936
3.02518
3.03468
3.59757
3.185
3.09304
3.31868
2.96684
2.96226
3.12584
3.17155
3.01528
3.39517
2.8515
3.00984
2.64462
2.6666
2.70399
2.92729
2.80411
2.71146
2.68722
3.12337
2.81373
3.2594
3.63415
3.1611
2.62122
3.11591
2.99783
3.03304
2.98612
2.88497
2.96286
3.69871
3.8704
2.67374
2.57756
2.9985
3.42471
3.95292
3.4652
3.42266
3.7824
3.3304
3.33671
3.70342
3.34116
3.33893
3.40954
2.73914
2.59528
3.52361
2.37
3.12428
2.54921
3.8235
3.3809
2.88941
3.60526
4.03296
3.30559
2.75184
3.02948
3.04013
3.5691
3.31695
3.14369
2.8018
3.18002
2.67258
3.08797
2.81771
2.87009
3.04632
2.8015
2.6842
2.77423
3.0133
2.91722
2.65651
2.98907
2.90089
3.10559
2.92706
3.10641
2.52635
2.85801
2.89598
3.11156
3.0549
2.64812
2.4963
2.37385
3.03298
2.74146
3.22893
3.45629
3.7333
3.52365
3.44309
3.51066
3.46632
2.79813
2.88576
2.63011
3.14274
3.2788
3.02939
3.45628
2.78819
3.14756
3.00777
3.55739
3.74983
