1.96131
2.93595
2.41388
2.34483
2.63185
2.75817
3.26966
3.14133
1.88963
3.19308
3.37113
3.02184
2.66824
2.58477
2.92682
2.85859
2.84324
3.50044
2.81866
2.90556
2.92829
2.91955
3.00409
3.02515
3.09943
3.84657
3.04822
3.10139
3.18852
3.39372
3.45561
4.07675
3.19387
3.92374
2.95382
2.78116
2.95301
3.46839
2.59973
3.35115
3.39654
2.73206
3.45625
3.48537
2.65181
2.54777
2.67511
2.45918
2.67067
2.77957
2.81725
2.74569
2.3089
3.28562
3.20301
3.25438
3.44493
2.61173
3.41822
3.35793
3.17169
3.41539
3.77308
3.28313
3.35692
3.20976
3.08697
3.18965
3.28096
3.43076
3.08657
3.17034
3.16412
3.43642
3.2798
3.51979
3.47126
3.26541
3.24906
3.22928
3.30958
3.01612
3.41183
3.11272
3.1957
2.99886
3.12287
3.46252
3.01631
3.75226
3.64304
3.77991
2.78969
4.19125
2.90193
3.22003
3.14192
3.43853
3.30074
3.29323
3.58653
3.68687
3.32291
2.87392
3.08137
3.42628
3.595
3.4062
3.8951
2.47967
3.85548
4.17035
3.51894
3.11628
3.43281
2.94338
3.06282
3.12084
2.23194
3.10149
2.60105
3.68005
3.9265
2.76565
3.28586
3.07272
2.80459
3.22471
2.9427
3.19245
3.63869
3.85085
3.18081
3.36737
3.12939
3.16349
3.53394
3.12854
3.26508
3.14713
2.98903
2.53627
3.14131
2.81459
2.97583
2.80625
3.44898
3.22974
3.09948
3.22677
3.02499
2.84182
3.05774
2.86344
2.52893
2.95771
3.06698
3.15534
2.97281
2.83866
2.64469
3.42617
3.44791
3.49486
2.8672
3.09689
3.90627
3.90701
3.35716
2.93714
3.06818
3.72059
3.27677
3.14666
3.13843
3.11095
3.12492
2.97488
3.73728
3.64222
1.95669
3.10015
2.31029
2.36864
2.553
2.61394
2.66802
3.08629
1.85939
3.34555
2.79003
2.85525
2.68289
2.78571
2.84514
2.70669
2.52186
3.34625
2.48417
3.02071
2.87225
2.69627
3.09786
3.10109
3.06648
3.67308
2.97748
3.31866
3.05626
3.26214
3.38452
4.19934
3.37751
4.01022
3.07382
2.69335
2.67882
3.1618
2.47059
3.09208
3.08145
2.64124
3.65903
3.37146
2.72692
2.54107
2.80785
2.6258
2.59602
2.64951
2.75163
2.55444
2.34171
3.11955
3.29241
3.75012
3.40389
2.31811
3.78478
3.60765
3.34759
3.91611
4.15619
3.39125
3.22932
3.84439
3.43211
3.33729
3.53556
3.548
3.1349
3.274
3.1426
3.16985
3.22417
3.00626
3.19654
3.10059
3.38137
3.04869
3.04496
3.14439
3.22733
3.07813
3.17611
2.9188
3.19405
3.53379
2.88162
3.05183
3.38744
3.39372
2.97823
3.6991
2.55079
2.91369
3.32632
3.24863
3.31776
3.38442
3.43896
3.46901
2.95543
2.88449
2.82729
3.79844
3.39572
3.42072
3.74847
3.28952
3.31866
3.87791
3.46072
2.87494
3.31634
3.26123
2.7563
2.80157
2.25548
2.7558
3.05446
3.58998
3.75907
3.07457
3.52645
3.32979
3.09073
3.33077
2.93863
3.0658
3.63185
3.56286
3.26712
3.19542
3.06758
3.09496
3.08651
3.03234
3.02196
3.07983
3.386
2.28461
3.06204
2.84437
2.91796
2.92919
3.43832
3.27648
3.08241
2.91264
2.98204
2.53523
2.95072
2.78892
2.73075
3.02576
2.77576
2.72645
3.22279
2.75884
3.12585
3.55543
3.21754
3.30094
2.91563
3.49537
3.68692
3.63169
3.25344
2.94782
3.10523
3.59492
3.15379
2.90552
3.22334
3.44028
3.25953
2.48864
3.58984
3.9044
