1.73624
2.59338
2.32115
2.06926
2.34249
2.72908
2.8594
2.80871
1.81319
2.96189
2.80028
2.8958
2.30841
2.79326
2.85095
2.77788
2.8083
2.66618
3.08297
3.07462
3.69993
2.9462
3.02887
2.79731
3.25155
3.40566
2.98139
3.17697
2.46578
3.16549
3.35083
4.0357
3.40044
3.59061
3.13496
2.43678
2.44605
3.29692
2.50971
2.9286
3.76819
2.5023
3.34129
3.15129
2.68143
2.47051
2.69475
2.41824
2.47543
2.5283
2.63887
2.56156
2.01423
3.14923
2.8775
3.31951
3.88571
1.9946
3.47251
3.18373
3.60536
3.32884
3.72548
3.34428
3.35527
3.08633
3.15665
3.22292
3.53899
3.47714
3.69112
3.15897
3.0287
3.24809
3.11872
3.3722
3.01308
3.10592
3.03952
3.20567
2.75162
2.77534
3.0015
3.22011
2.85477
3.10621
3.17457
3.07908
2.52524
3.08139
3.65464
3.32556
2.97365
3.6631
2.66112
3.06782
3.27752
3.12767
3.18503
3.2341
4.08427
3.00411
2.61003
2.83362
3.28602
3.85701
3.21967
3.58015
4.18386
3.45752
3.87804
4.09506
3.57544
3.13028
3.25678
3.00115
2.8808
2.97786
2.36529
2.46952
2.35343
3.6606
3.86983
3.03051
3.61631
3.22428
2.97756
3.15971
3.22763
3.25057
3.80282
3.79729
3.50619
3.38386
3.20963
3.21404
3.12818
2.88751
3.0632
3.01834
2.86383
3.06279
3.35613
2.8586
2.75068
2.94451
3.4057
3.24051
3.06203
2.93038
3.05092
2.43197
2.99105
3.22278
2.73673
2.98874
2.59711
2.58971
2.73254
2.86637
2.80203
2.82144
3.56954
3.43278
3.59597
3.34337
3.4529
3.50328
3.35628
2.85481
2.97825
3.70181
2.93486
3.00281
3.3154
3.15499
3.54815
3.21358
3.10714
3.6876
1.82453
2.36511
2.70346
2.28654
2.43435
2.69442
2.91151
2.81356
1.86181
3.06004
3.23991
3.22075
2.20108
3.41841
2.56324
2.6638
2.32352
3.09481
2.555
2.79759
3.31858
2.58341
2.61672
2.46585
2.87029
3.37332
3.04453
3.56778
2.99546
3.32468
3.50577
3.54707
4.04041
3.49502
3.11199
2.38953
3.15838
2.97541
2.26818
3.27392
3.08865
2.60835
3.44995
3.23111
2.95787
2.67514
2.75747
2.44806
2.56098
2.64203
2.51799
2.54871
2.02525
2.89174
3.18047
3.54341
3.11182
2.77884
3.20554
3.52484
3.21922
3.63319
3.76165
3.49922
3.04358
2.95107
3.29593
3.20263
3.4879
3.47473
3.04915
3.07833
3.19988
3.18823
3.03953
3.36996
3.17598
3.25461
3.14539
3.11641
2.80686
2.99545
2.98468
3.23817
3.02663
3.08195
2.99099
3.39242
3.01514
3.33255
3.60799
3.32448
2.63127
3.71408
2.63186
3.12464
3.32282
3.29698
2.96853
2.94108
3.19432
3.55247
2.73001
2.62626
3.26311
4.45526
2.56535
3.35056
3.9555
4.21617
3.78703
3.85732
3.41185
3.29175
3.85636
2.87213
2.99261
2.78326
1.99554
2.65943
3.43616
3.15152
3.24014
2.5961
3.21464
3.18868
3.32873
2.97418
3.31259
3.44143
3.86904
3.61318
3.35044
3.0568
3.467
3.02375
3.10704
2.69243
3.22211
3.02921
3.14427
3.01674
3.04062
3.32463
2.97648
3.15306
3.15637
2.94359
3.40025
3.31515
3.18629
2.60717
3.33378
2.79828
2.6876
3.23415
3.06653
2.34916
2.51395
2.74982
3.35555
2.90526
3.57878
2.58186
2.75795
3.15601
3.37705
3.51925
3.11074
2.96919
2.96789
3.48701
2.78201
2.30084
3.10758
3.14866
3.74273
2.89549
3.64743
3.27978
