1.72337
3.11668
2.43478
2.18892
2.36713
2.6876
3.33298
2.86954
1.57924
2.80922
3.01797
3.01337
2.56091
2.11837
3.05767
2.85455
2.86305
3.35847
2.60763
2.57033
3.05814
3.35458
2.79964
2.70997
2.80915
4.17108
2.92349
3.28595
3.54587
3.47704
3.65044
4.00585
3.5876
3.07131
3.0796
2.56559
3.18991
3.47288
2.6497
3.3987
3.51654
2.65329
3.57194
3.47117
3.01745
2.52211
2.7263
2.53383
2.93376
2.78351
2.4201
2.77146
2.21117
2.94194
3.18977
3.40778
3.29249
2.54224
3.50428
3.35193
3.2918
3.57031
3.81406
3.01829
3.32818
2.99924
3.31435
3.09972
3.6097
3.86755
3.23596
3.06226
3.2981
3.69998
3.4113
3.35245
3.30207
3.10185
2.96283
2.79911
2.9454
3.15159
3.0168
3.3763
3.17475
3.0733
3.424
3.34877
2.84719
3.35156
3.54141
3.16684
2.65289
3.61226
3.01923
2.96443
3.16233
3.61556
3.57664
3.50542
3.88252
3.0446
2.57361
2.60577
3.30755
3.96564
3.38054
3.42973
2.99071
3.26602
3.3424
3.30481
3.62172
3.13518
3.10251
2.90816
2.90003
3.07202
2.27474
3.13854
2.19704
3.40174
3.59344
3.28016
3.44258
3.36166
2.65199
3.39721
3.12698
3.58237
3.50548
4.02133
3.27085
3.46657
3.11081
2.93659
2.93461
2.89436
2.88229
2.78535
3.05754
2.69733
3.35202
2.87154
2.97014
2.75733
3.29766
3.14143
2.9129
2.98934
2.90607
2.78407
3.35278
3.08718
2.3946
2.52627
3.15425
2.43106
2.92687
2.70918
3.0023
3.22249
3.55971
3.50962
3.61627
2.97388
3.41841
3.04858
3.21563
3.18281
2.79032
3.7245
2.80542
2.61125
3.41573
3.204
3.51232
2.85537
3.47157
3.35668
1.65633
2.59698
2.51419
2.17563
2.44583
2.66611
3.58441
3.05811
1.96499
3.06506
2.74059
3.12184
2.5776
2.4325
2.90626
2.88038
2.89086
3.21331
2.50342
2.47769
3.15888
2.81994
2.80312
2.93646
2.83531
3.76563
2.81266
3.03557
3.60797
3.07322
3.49366
3.21904
3.73013
3.75328
3.17764
2.72098
2.83224
3.00337
2.33178
3.4155
3.18913
2.64055
3.65531
3.59784
3.04848
3.43881
2.78539
2.56756
3.25906
2.42126
2.6607
2.54142
2.28107
3.42567
2.93381
3.61738
3.29531
2.59383
3.51548
3.13804
3.66519
3.75079
4.11276
3.08666
3.12881
3.44724
3.28894
3.14924
3.74804
3.83285
3.56711
3.21912
3.07755
3.24153
3.3016
3.56641
3.32885
3.10426
3.2261
2.94468
2.88753
2.99589
3.28948
3.2281
3.3117
3.1304
3.58363
3.19649
3.01851
3.5275
3.37491
2.96044
2.80952
3.42644
2.82548
3.13095
2.97452
3.31262
3.35683
3.07396
3.48693
3.09256
2.57475
3.09787
3.49308
4.15436
3.18734
3.50122
4.45936
3.94266
3.60053
4.04424
3.96131
3.06254
3.47092
3.082
2.8868
3.40815
2.35995
3.03595
2.72658
3.48214
3.54342
3.13233
3.46871
3.195
2.77196
3.16811
2.97778
3.1386
3.46735
3.60177
3.33239
3.1754
3.22323
3.36165
3.23145
3.00545
2.44713
2.87733
2.92012
2.85631
3.00039
3.02499
2.86604
3.12738
3.26139
3.08692
3.03427
2.94922
3.31826
2.71759
2.89533
2.96986
2.42333
3.36489
2.95305
2.62349
2.4893
2.48613
2.84574
3.50513
3.36972
2.92492
3.1578
2.93026
3.9454
3.13584
3.46647
3.1895
2.80882
3.58557
3.07023
2.96175
3.23261
2.92738
3.92475
2.69655
3.20649
3.86876
