1.82691
2.96346
2.6103
2.16437
2.27772
2.54158
2.95952
2.85629
1.66505
2.97956
3.44606
3.58612
2.18348
2.579
2.92553
2.57397
2.70625
3.03024
2.61562
2.39949
2.634
2.89062
3.26619
3.52385
3.33422
3.67197
3.26222
3.19594
3.32616
3.56838
3.46037
3.90141
3.72554
4.37494
3.27139
2.49409
2.92436
3.22047
2.47851
3.42322
3.27899
2.65416
3.6113
3.47519
2.88668
2.74466
3.08873
2.77879
2.76529
2.86648
2.29006
2.5019
2.1493
3.19374
3.07158
3.20995
3.80718
2.22279
4.11676
3.30701
3.4473
3.54435
3.67316
3.56227
2.7805
3.24396
3.66199
3.32448
3.70653
4.09496
3.38974
3.44061
3.36146
2.8887
3.01046
3.38983
3.21811
3.03078
3.50609
3.26548
2.93691
2.92794
2.94434
3.34136
2.88836
3.17922
3.32999
3.31007
2.5687
3.39226
3.5192
3.32352
2.52181
3.85847
3.17237
3.15636
3.34119
3.38256
2.90064
3.32832
3.25288
2.98981
3.07581
3.05049
3.18254
3.43121
3.93545
3.48437
3.98306
2.86334
4.03218
3.71193
4.04303
3.17684
3.57162
2.76226
2.93881
2.66809
2.58358
2.94727
2.63669
3.29115
4.58878
3.2998
3.49315
3.23185
2.89259
3.47807
3.25922
3.39522
3.96563
3.95523
3.38414
3.22681
3.02602
3.22309
3.27116
2.93672
3.26649
2.97101
3.6221
2.90399
2.86543
2.95235
2.92371
3.03993
3.30849
3.24508
2.94944
3.3335
3.01184
2.66986
3.43498
3.26024
2.49213
2.66729
2.95353
2.4036
2.77213
2.9915
2.60116
2.97353
3.45545
3.83539
2.5574
2.81407
3.54222
3.34345
3.21109
3.01313
3.04024
3.62326
3.49359
3.32264
3.49205
3.33596
3.23911
3.62392
3.47267
3.75801
1.78409
2.48856
2.70861
2.08932
2.37345
2.68184
3.35771
2.86801
1.79294
3.19745
2.94312
3.61975
2.10072
2.329
2.94162
2.51546
2.72653
3.02825
2.73453
2.4186
2.77689
2.94655
2.64066
3.34713
3.26699
3.46081
3.07353
3.47036
3.06408
2.98685
3.50332
3.80839
4.18218
3.9415
3.13028
2.6467
2.64009
3.3073
2.55635
3.20308
3.14014
2.63149
3.63567
3.49254
2.95687
3.04024
3.02582
2.64014
3.16357
2.82036
2.46735
2.70101
2.28784
3.04143
3.23351
3.73882
4.12174
2.08288
3.5836
3.39516
3.70463
3.43427
4.12757
2.89732
3.10227
3.19392
3.39424
3.22075
3.71566
3.93092
3.50943
3.46737
3.2144
3.22499
3.13908
3.10054
3.19208
3.02989
2.85368
3.05255
3.10184
3.02802
3.46088
3.38393
2.93674
3.22969
3.37778
3.32036
2.78596
3.45193
3.67403
3.24901
2.90456
3.65151
2.84902
2.91717
3.08
3.24877
3.19047
3.42796
3.51011
3.08519
3.20442
3.23435
3.36724
3.37561
3.34211
3.5601
3.91899
3.10344
3.96508
2.85134
3.52363
2.9623
3.2627
3.05026
3.04428
2.79363
2.6094
2.95795
2.73853
3.23805
3.58067
3.07137
3.44199
2.93624
3.21605
3.55777
2.86349
3.23794
3.89379
3.70741
3.41714
3.6533
3.63526
3.37872
3.17966
3.25471
3.46708
3.07456
2.85906
2.9443
3.11959
2.96973
2.84063
2.99529
3.41711
3.29616
3.2374
3.25795
3.17957
2.49146
2.55824
3.1961
2.70791
2.72838
2.9267
2.69466
2.81543
3.07463
3.10007
3.7867
3.55884
3.53297
2.60584
3.08452
3.69328
3.50221
3.48107
3.21151
2.99144
3.72707
3.73122
3.11961
3.44461
3.30571
3.22016
3.23565
3.5208
3.6808
