1.75621
2.96625
2.33474
2.04394
2.31968
2.67666
3.08862
2.73577
1.80914
2.89962
3.27744
2.85309
2.05344
2.55415
2.69431
2.52188
2.66612
2.85471
2.94834
2.721
2.98491
2.71324
2.89171
3.29587
3.46097
3.62612
2.70315
3.15763
3.07967
3.3488
3.09814
3.77026
3.24774
3.90948
2.91962
3.07573
2.91851
3.50381
2.89328
3.06816
3.28596
2.77944
3.57744
3.47
2.88879
3.12032
2.96176
2.88628
2.79602
2.78671
2.56856
2.80645
1.91365
2.86186
3.30136
2.91604
3.68239
1.82966
3.14447
3.55754
3.63938
3.40497
3.57095
3.36074
2.8405
2.81857
3.01073
3.14766
3.4772
3.33236
2.92666
3.44458
2.94159
3.16241
3.4647
3.36483
3.19089
2.96936
2.99042
3.20723
2.77732
2.79074
3.03536
3.08017
3.20267
2.73414
2.85085
3.29164
2.79715
3.54921
3.65351
3.10669
2.88978
3.72291
2.87041
3.0129
3.21071
3.18961
2.94105
3.09819
3.1241
3.30444
2.74356
2.70507
3.02185
4.23621
3.18209
3.33806
4.1621
3.22162
3.68465
4.22522
3.5863
3.39835
3.59539
2.76531
2.91913
3.53626
1.82103
2.92526
2.41031
3.51061
4.02313
3.39871
3.47461
2.79304
2.95059
3.13716
3.42475
3.59902
3.44203
4.2726
3.41873
3.3203
3.14399
2.84404
3.39507
2.65739
3.43164
3.4371
3.11731
3.03544
3.15052
3.06147
2.92042
2.90627
2.86673
3.03253
3.24348
3.14182
3.27638
2.39935
2.95872
2.66112
2.35085
2.63648
2.70944
2.60265
2.72187
2.61117
2.94332
2.99663
3.37075
3.54824
3.41725
3.34884
3.81703
3.61679
3.17371
2.98038
2.80734
3.53007
2.85381
3.30442
3.45592
3.05929
3.58329
2.75164
3.40822
3.33597
1.64764
2.66294
2.56804
2.04744
2.29674
2.39064
2.80916
2.85589
1.79843
2.82562
2.76102
3.01545
2.02945
3.0884
2.83827
2.42505
2.61673
2.98522
2.64052
2.75295
3.10125
2.18346
2.81198
2.53146
2.82359
3.52888
3.16662
2.9833
2.42302
3.24099
3.18647
3.5761
3.64533
3.3245
3.14283
2.70537
2.60627
3.05908
2.59802
3.13599
3.13899
2.72304
3.54298
3.00186
2.83171
2.83332
2.70068
2.661
2.51885
2.48759
2.6805
2.75184
1.92034
3.1235
3.51513
2.83505
3.43892
2.78824
3.40921
3.46289
3.6565
3.65099
3.4569
3.50501
3.25558
2.67558
3.08241
2.9084
3.42862
3.42764
3.17507
3.12538
2.90098
2.82264
3.26033
3.48319
3.3231
2.82351
2.98633
2.98801
2.87549
2.62474
2.8408
2.79241
2.84264
2.88013
2.86648
3.24127
2.95557
3.64345
3.6034
3.43841
2.63137
3.58199
3.00305
2.89389
2.9286
2.99713
3.30737
3.77615
3.72732
3.67735
2.50432
2.64138
3.01945
4.23793
3.16074
3.32295
3.60269
3.37364
3.64135
4.14135
3.30483
3.4121
3.56955
2.84501
3.03568
3.68447
2.11655
2.81929
2.39719
3.41996
3.6954
2.52583
3.28244
3.52771
3.27937
3.1737
3.23369
3.31666
3.57288
3.79703
3.14351
3.26928
3.48801
3.40544
3.13675
2.91674
3.11866
3.48636
3.30372
2.57047
2.73984
2.91899
2.72375
2.85075
3.23236
2.89082
3.43455
3.52558
3.37095
2.77526
2.51819
2.6428
2.90285
2.80098
2.9914
2.60053
2.27123
2.8193
3.10729
3.39786
3.66449
3.86122
2.72897
3.53056
3.82496
3.49428
3.04966
2.83552
2.94836
3.63583
2.80518
2.55149
3.34036
3.41261
3.43264
2.80538
3.37738
3.59481
