1.83254
2.84552
2.02173
2.15638
2.26679
2.79495
3.41352
2.95477
1.74515
2.79784
2.61377
2.84323
2.07904
2.54515
2.62387
2.26306
2.15324
3.58509
2.5004
2.66143
3.41465
3.84872
2.76714
3.33275
3.28666
3.87112
3.26176
2.70076
2.32073
3.22729
3.35775
3.74545
3.83171
4.32482
3.42801
2.61155
2.75117
3.22869
2.69725
3.39691
3.44785
2.72001
3.72319
3.57
2.85964
2.29604
3.08715
2.65725
3.01829
2.60288
2.5872
2.53989
2.21412
3.27084
3.15629
3.57435
3.96812
2.41059
3.66241
3.38133
3.28526
3.28933
3.8462
3.34421
3.21268
2.95637
3.45885
3.36609
3.55851
3.14272
3.08249
3.6353
3.10049
2.99048
3.41692
3.52373
3.14986
3.3113
3.06926
3.38312
2.73593
3.0639
3.09024
3.37361
2.99135
2.90056
3.06477
3.99057
2.92352
3.70628
3.46222
3.42942
2.92007
3.75889
2.76298
2.84382
3.31098
3.27598
2.93988
3.62839
4.27989
3.13475
2.45608
3.18711
2.89101
3.82811
3.08487
3.00195
3.77255
2.52395
3.4167
3.66907
3.24853
2.85045
2.87102
2.75797
2.94374
3.46239
2.45802
3.27486
2.45351
3.57357
4.14147
2.97235
3.80745
3.52231
2.802
3.15904
3.40588
3.93941
3.76967
4.15156
3.27025
3.30606
3.15266
3.49873
3.64471
2.88243
3.55246
3.35295
2.75516
2.4994
3.01554
2.94312
2.71294
2.78413
3.33485
3.2211
3.07301
3.07078
3.03102
2.37446
3.35624
3.08522
2.65133
2.81069
3.0115
2.87845
3.33311
2.73917
2.96945
3.62855
3.23374
2.73213
2.78937
2.74787
3.12665
3.44372
3.11744
3.11092
2.86707
3.53186
2.97414
3.31599
3.63181
2.84874
3.64365
2.76998
3.50557
3.13924
1.83505
2.69035
2.24635
2.12334
2.49072
2.6197
2.8294
3.06864
1.86174
3.59
2.59789
2.96973
2.30106
2.95484
2.45275
2.58384
2.21326
3.48953
2.73314
2.96674
3.14434
3.38275
2.52984
2.81371
3.41634
3.693
2.96606
3.82921
3.46587
3.37101
3.40203
3.60202
3.63532
3.93803
2.99467
2.87245
3.10175
3.156
2.49677
3.30424
3.38704
2.52679
3.51776
3.17543
2.64512
2.16266
2.5417
2.85821
2.61762
2.74721
2.77734
2.5343
2.36029
3.31667
3.33556
3.85661
3.67477
2.23902
3.31249
3.83181
3.269
3.43338
4.01515
3.5309
3.77009
3.14358
3.57734
3.17602
3.53929
3.65037
3.21956
3.7449
3.05836
3.41406
3.68979
3.86859
3.62566
3.2428
3.11392
2.87188
3.03431
3.29319
3.0912
3.28402
3.14475
3.12145
3.23442
3.38887
3.18309
3.12794
3.67974
3.28041
2.60719
3.61423
2.5242
3.0375
2.9754
2.80526
3.71328
3.36531
3.60209
3.12205
2.40215
2.89182
2.74884
3.95832
2.896
3.22657
3.43296
2.94023
3.49228
3.59911
3.28471
2.96486
3.16058
3.04469
2.73176
3.10669
2.57921
3.43241
2.48025
3.83177
4.38394
2.71181
3.31047
3.49632
3.38798
3.19798
3.27119
3.45834
3.85518
4.20284
3.55414
3.31735
3.19556
3.45455
3.35919
2.9512
3.44867
3.48272
2.98671
2.498
3.07497
2.6264
2.38821
2.74394
2.84649
3.35122
3.07026
3.22836
2.89524
2.33381
3.38729
3.07291
3.04951
2.90755
2.92143
3.11144
2.79235
3.00644
2.88778
3.62409
3.38126
2.54118
2.4774
3.00227
3.60919
3.07427
3.11786
3.21105
3.62887
3.20128
2.68367
2.18455
3.43494
3.29217
3.62613
2.867
3.42071
3.5251
