2.00854
2.95481
2.68246
2.03899
2.32905
2.83629
2.73551
3.07989
1.87219
2.95409
3.33415
3.35376
2.72214
2.7166
2.81799
2.71441
2.53345
3.31997
2.64682
2.79935
2.92369
3.30697
2.82766
3.15152
3.24291
3.84949
3.11122
3.12824
2.62053
3.114
3.51205
3.56515
3.40699
3.90655
3.05456
2.63945
3.00863
2.91906
2.63483
3.24152
3.27087
2.95078
3.84947
3.58864
3.24322
2.48416
3.05903
2.49796
2.61039
2.61437
2.73093
2.67705
2.14844
3.44637
3.26016
3.54236
3.58556
2.94873
4.08409
3.402
3.3858
3.26328
3.77347
3.20229
3.33429
2.79733
3.40999
3.07969
3.48238
3.56064
3.00885
2.77911
3.34107
3.1428
2.83392
2.91966
3.12616
2.98442
3.3832
3.36998
3.01544
2.87797
2.80319
3.03471
2.84305
2.97609
2.87313
3.28425
3.0182
3.41672
3.55181
3.09856
2.65269
3.38496
2.85991
3.01362
3.11604
3.49636
3.05723
3.0985
3.40539
3.12221
2.51209
2.95463
2.97497
3.86646
3.32174
3.46672
3.65397
3.12551
3.35458
3.91902
3.5167
2.94419
3.07818
2.96623
2.93984
3.83167
2.25874
3.40521
2.61
3.64413
3.81979
3.18227
3.18446
3.14487
2.72048
3.17897
3.02739
3.26168
3.50172
3.82508
3.5245
3.10047
3.44366
2.88425
3.20225
3.3983
3.21699
3.30494
3.05652
2.63688
3.1002
3.13969
2.88307
2.80039
3.10339
3.31865
3.07162
3.22914
3.28502
2.55011
2.82203
3.24354
2.46898
2.86565
2.85896
2.68002
3.17104
2.40836
2.77982
2.71271
3.21079
3.54031
3.15355
3.6535
2.95085
3.69699
3.03611
3.08392
2.79251
3.75442
2.80763
3.35419
3.5078
3.03745
3.43445
2.90834
3.28134
3.47672
1.87276
3.17006
2.47072
1.93116
2.31034
2.71491
2.568
3.11918
1.9561
3.13412
3.38357
3.46185
2.58721
2.87947
3.00351
2.73803
2.63755
3.16206
2.67986
2.47067
3.17768
3.13279
3.07218
2.70095
3.23651
3.76714
2.91891
3.32961
2.87195
2.9468
3.52151
3.60174
3.62231
3.774
3.06309
2.89192
2.61805
3.09407
2.44001
3.27875
3.23426
2.92862
3.69601
3.45887
2.78165
2.91485
2.63217
2.60366
2.89928
2.91257
2.91039
2.9411
2.24449
3.15266
3.32739
3.49501
3.37033
2.99003
2.93765
3.83489
3.19726
3.32141
3.49758
2.84204
2.8716
2.74434
3.35931
3.23424
3.47347
3.46878
3.25303
3.41946
3.17832
3.02053
3.0554
3.02731
3.24634
2.86884
3.0789
3.11633
2.99453
2.80056
3.21255
2.91571
2.95498
2.80602
2.88118
3.25439
2.9004
2.92668
3.07909
3.32763
2.52264
3.19412
2.8493
3.09262
3.19702
3.51412
3.14618
3.2564
3.153
3.35062
2.70601
3.28049
3.00757
4.45371
3.17184
3.23024
3.19878
4.20565
3.31163
4.2465
3.28302
2.85487
3.16718
3.43593
2.83074
3.46896
2.64759
3.21841
2.55285
3.71165
3.8157
2.81596
3.27444
3.65082
3.05716
3.31671
2.96029
3.00973
3.6962
3.83193
3.11915
3.60381
3.3221
3.23419
2.89406
3.5326
3.02093
2.74097
3.05629
2.67052
3.4215
2.86941
3.05434
2.87131
3.20444
3.01832
3.21968
3.2491
3.318
2.57408
3.24213
2.78782
2.83175
3.1884
3.09807
2.80387
3.15186
2.66146
3.22036
3.13821
3.16744
2.94994
2.54846
3.59363
3.38951
3.65541
3.09728
2.83285
3.24184
3.43886
2.79323
2.59479
3.42656
3.12887
3.45169
2.80622
3.61993
2.99586
