1.88124
2.87292
2.47867
2.1112
2.16493
2.47458
3.18294
2.94326
1.72321
2.96077
3.00244
3.17738
2.4234
2.49659
2.661
2.47918
2.56886
3.19845
2.59407
2.44193
3.01564
2.83148
2.85602
3.14094
3.41641
3.50899
2.9749
2.97294
3.24788
3.34316
3.58159
3.72128
3.43966
3.50714
3.05612
2.90753
2.82364
3.16802
2.74856
3.01706
3.26401
2.71997
3.81654
3.29838
2.89935
2.94818
2.93831
2.50991
2.75942
2.8244
2.45549
2.52098
2.07819
2.84544
3.48283
3.62976
3.51945
2.1592
3.78889
2.80671
2.7478
3.26823
3.86769
2.74897
2.94539
2.9882
3.1277
2.96439
3.64861
3.20802
2.89874
3.18497
2.91341
2.8999
3.09966
3.04582
2.99148
2.84338
2.95364
3.05074
2.83982
2.76651
3.08183
2.90471
2.98347
2.84011
2.89674
3.43619
3.02151
3.26902
2.94585
3.31312
2.52472
3.21106
2.78769
2.88653
3.02126
3.26998
3.35342
2.93029
3.15161
2.90363
2.37884
2.87443
2.81275
3.44141
3.20907
2.87147
3.52899
2.79963
3.03051
3.7656
3.32215
2.83334
2.92747
2.664
2.73081
3.13477
2.20896
2.92652
2.35612
3.41936
3.4432
3.18355
3.40925
3.07593
2.62911
3.20545
3.25166
3.45083
3.50065
3.68557
3.53063
3.25032
2.98559
3.04929
3.15052
3.14374
3.00033
2.81881
2.73356
2.84571
3.26628
2.78788
2.85538
2.80268
2.5901
3.0897
3.04724
3.12272
3.12209
2.33525
2.99616
2.8949
2.62512
2.3722
3.17583
2.87054
2.73876
2.53206
2.83089
2.88335
3.16549
2.74924
2.49776
2.23462
3.14612
3.09938
2.92326
2.84869
3.07529
3.54389
2.84457
2.75255
3.38035
3.34317
3.53245
2.8846
3.1712
3.11168
1.83481
3.01103
2.59085
2.13855
2.20636
2.45331
3.09819
3.0323
1.96732
2.99312
2.86393
3.17388
2.248
2.77844
2.98983
2.53706
2.64188
3.0729
2.4491
2.53506
2.36662
2.60502
3.17498
2.89669
2.78978
3.88253
3.01197
3.26039
2.70476
3.00457
3.38055
3.63322
3.73802
3.91062
3.12807
2.71891
2.8468
2.93412
2.69664
3.03859
2.92138
2.70926
3.43799
3.36161
2.9749
2.81607
2.80745
2.60968
2.93793
2.87622
2.75927
2.61804
2.14927
3.2071
3.18249
3.05703
3.22174
2.43816
3.02134
2.9721
2.84653
3.53262
3.51694
2.98416
2.87894
3.19881
3.31986
2.93158
3.42847
3.39619
3.02663
3.40232
3.24545
2.88474
3.05842
3.02987
3.07697
2.83444
2.99568
3.08631
2.84299
2.88062
3.0874
3.03411
3.05623
2.92944
2.8008
3.40585
2.84154
3.38385
3.16827
2.96299
2.77723
3.18329
2.78087
2.93821
3.05864
3.09113
3.24955
3.27681
3.22965
3.14209
2.29497
3.18071
2.91263
3.71175
3.13049
2.9614
3.3977
3.47212
3.08993
3.58028
3.52442
2.85521
3.06611
2.77709
2.87139
2.94708
2.36343
2.84851
2.91702
3.34496
3.53283
2.85614
3.37686
3.2824
3.04887
3.06964
2.57231
3.10988
3.20756
3.23877
3.44973
3.39675
3.00839
3.14592
3.03862
2.96576
3.04236
2.96658
2.94618
2.5915
2.97129
2.94908
2.80166
2.6989
3.10735
3.14874
3.07573
3.26187
3.24071
2.52228
3.18279
3.15569
2.51854
2.63544
2.6942
2.48316
2.24364
2.7173
3.05583
3.25949
3.52892
2.79388
3.01362
2.34739
3.06871
3.25609
3.00147
2.82121
2.90365
3.68122
2.78299
2.62119
3.04988
3.39633
3.34888
2.82727
3.25587
3.01963
