2.06775
2.59613
2.47681
2.43293
2.59756
2.93758
3.41475
2.97489
1.88835
3.04932
3.14601
3.19883
2.66472
2.77913
2.82459
2.9306
2.97693
2.98893
3.19598
2.85078
3.53622
3.24336
2.96926
3.02301
3.44683
3.69933
3.17871
3.27664
3.01017
3.28277
3.30587
3.84288
3.45756
3.8245
3.01966
2.38153
2.57996
3.20527
2.69005
2.98015
3.61504
2.82473
3.79325
3.39504
3.44964
2.73976
3.09046
2.82505
3.11078
2.79792
2.70342
2.80203
2.3021
3.21078
3.19599
3.32626
3.83279
2.08266
3.94675
3.69557
2.97474
3.18033
4.0822
3.23798
3.65936
3.07079
3.1966
3.23961
3.26106
3.353
3.16941
3.25981
3.17305
3.21601
3.28538
3.19356
3.10341
3.14856
3.03867
3.16998
2.65682
2.96531
3.17936
3.15525
2.92994
2.97528
2.84479
3.72472
3.26537
3.40956
3.40034
3.08191
3.15485
3.49072
2.82925
3.00766
3.16497
3.41102
3.10015
3.14074
3.13282
3.39916
2.83572
3.0288
2.8344
3.73081
3.10616
3.37191
3.6207
3.7942
3.35576
3.77376
3.2676
3.11877
2.95076
3.13715
2.85316
3.28806
2.32527
2.78466
2.81636
3.69804
3.23539
3.08446
3.37708
3.37007
2.58213
3.16252
3.1879
3.43053
3.61479
3.805
3.45661
3.46744
3.41351
3.15856
3.43096
2.90648
3.20989
3.37908
2.57503
2.83226
3.19363
2.90835
2.79555
2.90531
3.25252
3.04409
3.36762
2.87809
3.1831
2.76435
3.03191
2.88212
2.66753
3.23192
2.53572
2.87879
2.99373
2.88151
3.14556
2.78557
3.226
2.89174
2.48264
2.95194
3.45472
3.3446
2.97775
2.99604
3.05572
3.31106
2.8958
3.17506
3.69192
3.17774
3.17911
2.8077
3.55015
3.10658
1.91604
2.83875
2.42012
2.36401
2.57209
2.82705
3.28182
2.80687
1.99118
3.0956
2.7052
3.13302
2.71353
2.32136
2.72794
2.68958
2.54642
3.45238
2.64208
2.63763
2.84764
2.93084
2.90297
2.76044
3.2657
3.58167
3.15228
3.09084
3.06215
3.05826
3.24958
3.56738
3.53651
3.87695
3.2177
2.79182
2.835
3.05172
2.7642
2.99221
3.36054
2.73992
3.61322
3.34958
3.00434
2.47972
2.89007
2.72866
2.73135
2.93233
2.6609
2.69872
2.22058
3.21189
3.27505
3.124
3.36916
2.05374
3.60711
3.57207
3.01988
3.82179
3.80609
3.41173
3.19146
3.52737
3.22348
3.13405
3.79185
3.4645
3.26775
3.25864
3.08152
3.1418
3.13453
3.34995
3.17464
2.98552
3.09261
3.07114
3.07267
2.88138
2.96654
3.10574
2.94696
3.06699
3.29735
3.28354
2.6258
2.86889
3.23471
3.10148
3.15476
3.68093
2.90186
3.2348
3.22597
3.24834
3.09046
3.29751
3.00972
3.70943
2.62802
3.21131
3.12189
3.99311
3.17111
3.34038
3.5937
3.36758
3.49145
3.67898
2.87621
3.10879
3.15214
2.87213
2.78199
3.00375
2.48232
2.65185
2.67937
3.73884
3.45995
3.2284
3.41616
3.59364
3.19864
3.30575
3.25692
3.38033
3.72428
3.60022
3.51267
3.2426
3.14465
3.41428
2.91807
3.04868
3.20402
2.8111
2.80873
2.67377
3.32669
2.72029
2.89378
2.76323
3.09413
2.98653
3.15878
2.83999
3.19207
2.27007
2.66797
2.95579
2.89033
2.54506
3.00031
3.18456
3.39787
3.23864
2.79124
3.16156
3.36581
2.92627
2.91928
3.01369
3.76943
3.47359
3.26852
2.94748
2.9959
3.66046
2.74629
2.73429
3.44003
3.1966
3.20921
2.96761
3.52199
3.62743
