1.87138
2.59815
2.7158
2.1506
2.52168
2.77546
2.77469
2.87917
1.74951
3.08793
2.57669
2.78477
2.21192
2.41144
2.79814
2.73691
2.6281
3.39985
2.81232
3.21952
3.29749
3.07212
2.96167
3.11847
3.35999
4.03382
3.03021
3.02582
3.28995
3.47139
3.1802
3.25341
3.31259
3.93862
3.36154
2.5036
2.77997
3.40046
2.6191
3.09618
3.33388
2.48379
3.41314
3.24722
2.6109
3.13245
2.57438
2.72665
2.78798
3.00409
2.38432
2.42928
2.06393
2.99625
3.06707
3.05327
3.48095
2.15894
3.39249
3.38629
3.2426
3.63065
3.94956
3.62604
2.75506
2.97504
3.05785
3.00934
3.57735
3.64608
3.10519
3.04566
2.76393
3.03851
3.14895
3.08793
2.97163
2.8245
2.68024
2.73521
2.56133
2.79834
2.83602
2.91523
2.8235
3.06747
3.14824
3.23635
2.9046
3.03929
3.15672
2.8565
3.05043
3.26705
2.82196
2.81616
2.98544
3.2783
3.13597
3.34961
3.91619
3.19881
2.61694
2.80728
3.06767
3.68622
3.34029
3.01336
4.10006
2.77666
3.07723
4.04887
3.13373
3.17775
3.31692
2.7336
2.64884
3.01598
2.2013
3.37196
2.61968
3.30474
3.43073
3.06849
3.30173
2.86125
3.02397
3.02456
3.34386
3.2334
3.42281
3.42245
3.38283
3.14988
3.4782
3.03542
3.25749
3.13846
3.11212
2.97811
2.96287
2.85997
3.06436
2.68978
2.89124
3.10762
3.04288
3.17781
2.98147
2.87651
3.19479
2.62911
2.63482
2.77148
2.59847
2.9082
2.80498
2.94878
2.8817
3.16365
2.97251
3.13269
3.12067
3.57607
3.04431
3.63498
3.56076
3.76751
2.7209
2.70041
2.56887
3.12637
2.8431
3.01995
3.40767
3.10875
3.01879
3.08349
3.10378
3.59454
1.7538
2.77757
2.60781
2.18509
2.59761
2.68887
3.06329
2.82294
1.84178
3.00721
3.05747
2.82961
2.37907
2.78538
2.70864
2.37904
2.42347
3.45442
2.30753
2.86995
3.00136
3.2046
2.58812
3.31445
2.98305
3.38744
2.67295
2.97356
3.10289
3.14454
2.9607
3.66617
3.46808
3.93398
3.22737
2.42271
2.77494
2.94294
2.48568
3.31821
3.19417
2.68856
3.44209
3.28218
2.85912
2.90787
2.80035
2.5427
2.47057
2.55918
2.5027
2.35777
2.18888
2.83646
2.98556
3.50127
3.54455
2.26942
3.6832
3.0945
3.12749
3.49249
3.61316
3.06932
3.27838
3.17481
3.10206
3.0326
3.54188
3.6443
3.1492
2.9404
2.94718
2.69009
2.98231
3.34784
3.30549
2.901
2.68845
3.19721
2.53559
2.74581
2.79001
2.91139
2.85386
2.77015
3.04526
3.24312
2.7483
2.91419
3.46329
3.20897
3.01253
3.02711
2.59581
2.83002
3.326
3.35558
3.20496
2.77907
3.64401
2.98298
2.73774
3.08382
3.04183
3.95659
3.17063
3.19439
3.36192
3.35181
3.2561
4.37759
2.55917
3.05937
3.1099
2.60596
2.63946
2.42318
2.4298
3.14967
3.66032
3.32216
3.16305
2.81691
3.18196
3.00209
3.16598
3.35613
3.0526
3.00341
3.17554
3.64781
3.27293
3.49724
3.44212
3.29429
3.51301
3.27633
3.31519
3.28082
2.96279
2.91839
3.08856
2.71313
2.69699
2.70332
2.77255
2.76982
3.09961
3.00551
3.10175
2.93718
2.77987
2.91873
2.49548
2.86619
3.04337
2.82591
2.92648
3.45627
2.96046
3.16679
3.14121
3.48503
2.95121
2.9568
3.57574
3.43814
2.85087
2.99739
2.57117
3.71098
3.01725
3.22001
2.93263
3.30139
2.84877
2.83884
3.20441
3.74849
