2.11502
2.35756
2.24114
2.24812
2.35678
2.62813
2.54172
3.09345
1.85168
3.23821
2.8329
3.2076
2.44969
2.36733
2.69922
2.50351
2.70641
3.38356
2.4128
2.84512
2.91675
3.01771
2.83728
3.18665
3.5383
3.80662
2.82815
3.0866
2.85292
3.41791
3.48304
3.59729
3.70798
3.27107
2.98767
2.57806
2.85562
3.02268
2.45154
3.20066
3.83583
2.42185
3.35595
3.44286
3.07072
2.80528
2.86478
2.48305
3.04606
2.72369
2.9762
2.69841
2.24851
3.61408
3.20727
3.1694
3.46098
2.21816
3.6124
3.60981
3.56843
3.67438
4.04415
3.34872
3.86941
3.36326
3.4425
3.02471
3.68928
3.52745
3.43712
3.63903
3.23765
3.38048
3.53897
3.08176
3.2669
3.20798
3.38802
3.1835
2.86552
3.16667
3.12535
3.13441
3.02104
3.02526
3.47876
3.41576
3.02983
3.70419
3.49976
3.88175
2.66505
3.43279
2.87267
3.185
3.30103
3.57331
3.49245
3.69682
3.43473
3.27315
2.38295
2.99708
3.03946
4.08285
3.46629
3.77286
4.05977
3.04468
3.38272
3.8383
3.45276
3.31011
3.58425
2.786
2.79912
3.2092
2.40907
3.32869
2.29322
3.9198
4.20149
3.01978
3.74651
3.36381
2.89106
3.46896
3.07034
3.11955
4.16213
3.61276
3.16248
3.46752
3.12732
2.68683
3.20059
3.36629
2.94974
3.03348
2.59752
2.76658
2.8708
2.88053
2.77848
2.8418
3.23584
3.1243
2.92158
3.13581
3.15417
2.64724
3.03837
3.03041
2.6505
2.92144
2.89692
2.39914
2.59739
2.26928
2.52091
3.14728
3.07804
3.28726
3.66541
2.77582
3.41654
3.35513
3.02198
3.06677
2.99663
4.07754
2.90694
3.3901
3.32284
3.35555
3.96366
2.85554
3.4878
3.51704
2.00657
2.62273
2.699
2.11829
2.28296
2.50303
2.22418
3.0724
1.9024
3.24746
3.07815
3.14377
2.42384
2.67562
2.89532
2.59901
2.59715
3.08741
2.63484
2.64426
2.91808
3.1237
2.66652
3.07782
2.80937
3.90804
2.97143
3.5063
3.65927
3.32032
3.42784
3.56316
3.38598
4.00347
3.27379
2.70119
3.00308
3.19134
2.68079
3.45511
3.38062
2.53792
3.70048
3.76936
3.05026
2.65333
2.75447
2.49779
2.83739
2.76927
2.87557
2.73432
2.19827
3.48306
3.25222
3.84045
3.51023
3.21225
3.44068
3.51127
3.61247
3.78301
4.09596
3.13906
3.45401
3.07274
3.28223
3.11756
3.81385
3.41174
3.25699
3.47206
2.95828
3.45606
3.31961
2.99375
3.33135
3.16405
3.37638
3.06803
3.03417
3.08848
3.43843
3.27818
3.13842
3.09334
3.42321
3.47091
2.9155
3.26371
3.43045
3.22504
2.7124
3.21762
2.76591
3.11472
3.11629
3.1283
3.3582
3.59436
3.92854
3.8782
2.56755
2.72685
3.22792
4.29036
3.63452
3.6694
3.62818
3.74786
3.65458
4.40917
3.78493
3.46593
3.34492
3.23412
3.08932
3.37536
2.13682
3.23358
2.45504
3.95943
4.27878
3.01675
3.59108
3.51563
3.23585
3.58106
2.94906
3.03055
4.06623
3.77956
3.44037
3.08129
3.2213
2.81889
3.01987
3.21334
2.97677
3.10014
2.82244
2.86597
3.1566
3.03443
2.83001
2.78307
3.07156
3.00886
3.22973
2.89581
3.20757
2.52873
2.70703
2.85821
3.40104
2.48794
3.18713
2.62215
2.50078
2.59531
2.96655
3.89504
3.23246
2.95757
3.04382
3.05536
3.80387
3.34964
3.09821
2.77438
3.06633
3.52522
2.7813
2.98268
3.54941
3.40141
3.47348
3.1455
3.8293
3.68632
