1.99764
2.89443
2.39012
2.30692
2.37792
2.66917
3.35597
2.88035
1.7401
2.86077
2.88593
3.30777
2.3113
2.82205
2.87876
2.67795
2.36071
3.71235
2.57262
2.78343
3.9003
2.95703
3.12506
3.1672
3.65005
4.05689
2.86668
2.98222
3.11354
3.28839
3.36838
3.98134
3.97914
3.58111
3.61215
2.53546
2.73102
3.24242
2.64335
3.52005
3.65116
2.12096
3.74015
3.26013
3.00122
3.38142
2.64267
2.33035
2.59025
2.66575
2.57643
2.7441
1.95326
3.17931
3.5882
3.47177
3.29307
3.04495
3.32094
3.32757
3.33705
3.6622
4.12382
3.22224
3.05494
3.28334
3.28518
3.32106
3.70632
3.44406
3.11525
3.49461
3.11813
3.22966
3.40541
3.42341
3.53845
2.89296
3.31908
3.22241
2.8575
2.98723
2.91804
3.20605
3.30868
3.17885
3.27863
3.49115
3.30266
3.25102
3.46187
3.1747
2.54682
3.42369
2.30979
2.94443
3.47661
3.12408
3.5181
3.39358
3.71985
3.13373
2.49319
3.23455
3.37416
3.77557
3.93592
3.63707
3.68767
2.58207
3.33902
3.42394
3.52052
3.17483
3.21671
3.06018
2.9238
3.72505
2.33929
3.09604
2.54016
3.74463
4.36375
3.08743
3.85026
3.28146
2.78019
3.3557
3.45983
3.52457
3.80663
3.7674
3.68458
3.40558
3.40551
3.09419
3.23363
3.13446
3.18575
3.45378
3.35927
2.72651
3.19837
3.00596
3.48524
2.69767
3.33437
3.33514
2.87303
3.00774
3.0037
2.7711
3.50859
3.03175
2.63672
3.30575
2.69589
2.96961
2.45886
3.17732
3.33343
3.01362
3.32158
3.1101
3.67674
2.91875
3.46018
3.76957
3.36361
3.14592
2.8583
3.88794
3.15959
2.91889
3.88146
3.32707
3.79871
2.74653
3.69801
4.10244
1.98666
2.48625
2.61347
2.21916
2.46573
2.60046
3.22088
2.9255
1.95461
2.98155
2.9595
2.67448
2.42664
2.61103
2.94026
2.80839
2.56523
3.41327
2.56977
2.49716
3.16161
2.91521
2.54027
3.43439
3.20235
3.71084
3.02064
3.55531
3.37244
2.95116
3.57076
3.63348
4.00971
4.14937
3.41716
2.39944
2.95118
3.42279
2.31086
3.00618
2.99908
2.41759
3.6274
3.51726
2.68835
2.74557
2.71419
2.23419
2.24221
2.39217
2.79871
2.79243
2.07683
3.39419
3.30489
3.12671
3.78933
2.45152
3.77535
3.41233
3.64245
3.68911
4.01491
3.2643
3.08931
3.00981
3.26578
3.14638
3.70866
3.59001
3.27697
3.44541
3.38753
3.23762
3.19755
3.65269
3.31569
2.95808
3.14804
3.13788
2.91612
2.92002
3.54487
3.45315
3.31342
3.17686
3.0545
3.44041
3.21277
3.06482
3.8805
2.9173
2.70474
3.20187
2.48454
3.14481
3.15845
3.30299
3.31517
3.42348
4.01003
2.86862
3.26878
3.17818
3.44009
3.97792
3.4054
3.48547
3.88677
3.22743
3.58927
4.10853
3.49651
3.35742
3.36029
3.00817
2.83298
4.06113
2.50166
3.05165
2.55355
3.95048
4.18006
3.10777
3.49639
3.49593
3.16141
3.35199
3.24228
3.30944
3.91277
3.52013
3.32761
3.53922
3.34688
3.28081
3.47259
3.16824
3.21857
2.99176
2.94114
2.5009
2.82958
2.97379
2.64277
2.71528
3.33617
3.30492
3.16611
3.15423
3.24455
2.32484
3.19881
3.08658
2.94779
2.72935
2.47857
3.03611
3.0695
2.62266
3.25825
3.44856
3.76778
3.60267
3.50314
3.31001
3.36892
3.61639
3.44189
2.97151
3.03293
3.96904
3.22585
2.91397
3.84996
2.97005
3.64997
2.97613
3.44751
3.80498
