1.9701
2.82812
2.17282
2.21671
2.2928
2.58305
2.57991
2.96915
1.6408
3.06158
2.75337
3.199
2.55833
2.62429
3.11641
2.69301
2.65464
2.73454
2.60602
2.58601
3.0416
3.02555
2.99212
3.17986
3.31017
3.80129
2.85956
3.11479
3.05586
3.13621
2.98356
3.60687
2.98587
3.69496
3.17747
2.61209
2.74121
3.06002
2.60175
3.16311
2.94459
2.69903
3.36699
3.4244
3.03775
3.03116
2.56028
2.55091
2.80287
2.796
2.48406
2.71338
2.03916
2.9922
3.3032
3.42244
3.44565
2.35559
3.39704
3.10275
3.38969
3.51149
3.6151
3.29932
2.8136
2.9795
3.22773
3.11759
3.27722
3.3325
3.21526
3.36549
3.03626
3.25247
3.17982
3.17213
3.07528
3.09692
3.02412
2.97231
2.87772
2.97815
2.9767
3.1617
3.12647
2.92899
3.20297
3.48462
2.70151
3.04061
3.3019
3.09448
2.62322
3.27383
2.38623
2.95247
3.2803
3.38748
3.14569
3.21838
3.23721
2.94725
2.62646
3.07904
3.10025
4.07581
3.45367
3.37916
3.72908
3.22211
3.66302
3.8255
3.19662
2.84336
3.30367
3.11447
2.80681
3.31349
2.61422
3.37739
2.75894
3.38084
3.6163
2.77866
3.10273
3.74209
3.29655
2.92791
3.16127
3.36296
3.54882
3.70203
3.44741
3.30704
3.03589
3.37191
3.31432
3.04417
3.31845
3.33692
3.12857
2.77346
3.10877
2.68316
2.79864
3.11128
2.84293
2.93223
3.07159
3.10342
3.15701
2.50288
3.07552
3.27128
2.80369
2.9817
3.24069
2.872
2.62702
3.03417
2.83106
2.93939
3.14695
3.39066
3.43327
2.26361
3.50032
3.24747
2.80978
2.85509
3.01839
3.24844
3.49525
2.86682
3.25266
3.31864
3.7655
2.71777
3.1923
3.3177
1.77421
2.7012
2.48888
2.08615
2.22202
2.54865
3.09764
2.94161
1.71146
2.88513
2.8923
3.36374
2.09593
2.99339
2.44311
2.63339
2.47755
3.23002
2.67718
2.41495
2.82209
1.96401
2.89755
3.01234
2.72895
3.52443
3.55284
3.06202
2.82927
3.08495
3.30453
3.48818
3.81562
3.52015
3.25753
2.80876
2.92524
3.07396
2.88892
3.38447
2.89365
2.8461
3.68924
3.23093
2.85271
2.81977
2.84574
2.60757
2.93218
2.49614
2.47808
2.53515
2.04742
3.02525
3.07691
3.43179
3.14566
2.28383
3.03765
3.06463
3.34208
3.37758
3.57434
3.37169
3.11173
2.96254
3.29194
2.98447
3.39397
3.51461
3.03727
3.10276
3.292
3.21321
3.17319
3.17508
3.15248
3.19083
3.02299
2.73168
2.77398
2.88222
2.8736
3.05692
2.78567
3.0435
2.98401
3.13209
2.72905
2.65867
3.07708
3.24456
2.66744
3.42849
2.81736
3.01097
3.52387
3.33993
3.23401
3.58406
3.77006
3.23988
2.42436
2.89621
2.98311
4.13435
3.51145
3.22682
4.03021
3.38551
3.48057
3.09827
3.35067
2.92236
3.22911
3.06538
2.9732
2.76211
2.79185
2.69943
3.32382
3.29172
3.7832
3.0443
3.16072
2.98833
3.3424
3.06393
2.93958
3.17318
3.7382
3.57505
3.24063
3.39154
3.22653
2.99552
3.31091
2.79155
3.05385
3.05345
3.10352
2.79253
3.14958
3.09236
2.70436
2.66338
3.20225
3.47137
3.17965
2.83794
3.18778
2.58861
2.65838
2.64067
3.19794
2.1904
2.77269
2.81749
2.30413
2.95594
3.27195
3.46994
2.93762
3.42289
2.94533
2.8244
3.53071
3.60289
3.16497
2.90144
3.04358
3.73705
2.98045
3.02292
3.10765
3.01037
3.32138
2.81088
3.18342
3.08618
