1.72102
2.66593
2.40392
2.06162
2.36061
2.59287
2.91904
2.7594
1.65204
2.75333
2.93136
3.13707
2.33294
2.44896
2.58255
2.39631
2.75421
3.08497
2.63889
2.61128
2.50367
2.28138
2.85085
2.67073
3.18458
3.52991
2.58567
2.98228
2.87473
3.22966
3.10825
3.78246
3.47495
3.97867
2.97919
2.40253
2.81665
3.20442
2.43525
3.00672
3.12294
2.43857
3.23244
3.15284
2.50629
2.52464
2.47179
2.55827
2.42726
2.60799
2.46702
2.39164
2.23938
2.63984
2.77815
3.12168
2.9028
2.4856
3.35902
3.16334
3.39527
3.24616
3.27604
3.20566
2.69608
3.0262
3.14049
2.93815
3.25137
3.43745
3.12768
3.11926
2.9465
2.70509
2.89694
3.02611
2.85693
2.8194
3.10432
2.91809
2.93488
2.82431
2.62856
2.70673
2.63561
2.92853
2.9187
3.15595
2.77134
3.05366
3.22855
3.20457
2.74054
3.03403
2.50713
2.84447
3.01051
3.04465
2.80996
2.94919
3.19587
2.77308
2.76565
2.89222
2.83121
3.69388
3.27381
3.19516
3.95863
2.99121
3.35436
4.64977
2.99352
3.05742
2.9044
2.64835
2.51687
2.694
2.33302
2.86128
2.85596
3.28453
3.41223
2.52602
3.0844
2.69794
2.67975
3.10703
3.20882
3.20454
3.35242
3.6005
3.09667
2.93687
3.3336
2.78891
3.09755
2.72353
2.94
3.04064
2.62481
2.85698
3.04886
2.4865
2.81549
3.00354
3.11762
2.9138
2.81525
2.95741
2.80937
2.7194
2.49048
3.1531
2.56919
3.2029
2.97264
2.54983
2.66339
3.03996
2.93773
3.10413
3.17538
3.56867
3.1449
3.40365
3.21254
2.97771
2.9263
2.73609
2.53012
3.22797
2.3837
2.65931
3.0542
3.07931
3.2823
2.88265
3.09862
3.4519
1.8321
2.65293
2.48668
2.10343
2.28093
2.51701
2.54124
2.79203
1.68605
2.73622
2.52293
3.10753
2.05897
2.89711
2.77026
2.58713
2.53421
2.8593
2.46507
2.84946
2.47198
3.00104
2.69955
2.62107
2.81295
3.18872
2.89706
3.41881
2.65562
2.86437
3.28839
3.75677
3.14744
3.49883
2.72585
2.61857
2.76772
3.03469
2.39337
2.83028
3.15825
2.42473
3.02744
3.0288
2.79068
2.73456
2.5161
2.62893
2.71716
2.52295
2.40991
2.36781
2.02522
2.99428
2.887
2.87925
3.29538
3.05408
2.99677
3.03745
3.22905
3.39674
3.22268
2.90525
2.69459
2.95154
2.91355
2.84908
3.2578
3.38726
3.05685
3.1688
2.67626
2.63231
2.78906
3.19881
2.91663
2.85992
2.71027
2.78803
2.78395
2.79385
2.67248
2.61062
2.38144
2.65436
2.93036
3.16461
2.73889
2.80274
3.3875
3.1734
2.59136
2.83858
2.35352
2.89315
2.91154
2.94638
2.78299
2.87096
2.90253
3.05295
2.35022
2.52638
2.52333
3.83311
3.04942
3.03695
3.6943
3.1755
3.29449
4.32907
3.35162
2.85357
2.99677
2.63963
2.73214
2.59339
2.38318
2.7645
3.41941
3.14794
3.69778
2.46954
2.86761
2.94667
2.8998
2.91526
2.93856
3.15236
3.40427
3.56647
3.00714
3.06332
3.51743
3.0018
2.7785
2.92871
2.88488
3.15432
2.68673
2.65704
2.70334
2.75409
2.83929
2.74992
2.50124
2.70748
2.84472
2.85548
2.86913
2.83095
2.19929
3.04728
2.63533
2.28971
2.83578
2.83945
2.898
3.03137
2.70309
2.82354
3.07728
3.57111
2.91831
3.07665
3.35236
3.11526
2.9354
2.46766
2.76488
3.0827
2.583
2.6338
2.96101
2.94023
3.29932
2.86879
3.05593
2.94046
