1.86173
3.05165
2.31976
2.20682
2.29906
2.44133
2.81347
2.69015
1.59437
2.64931
2.66621
2.65358
2.30793
2.45889
2.75974
2.60097
2.3953
3.08879
2.66629
2.30503
2.90296
2.54033
2.80674
3.05859
2.91697
3.40365
3.21058
2.79833
2.68807
3.49415
3.15697
3.54481
3.5866
3.6951
2.87406
2.5428
2.75485
2.96262
2.5183
2.84779
3.20616
2.2989
3.37907
3.14244
2.73391
2.38524
2.99833
2.42388
2.69937
2.51084
2.40586
2.4421
1.71094
2.55429
2.77946
2.91123
3.0747
2.22532
3.57096
3.50433
3.66919
3.33964
3.76913
3.12211
2.96049
3.16718
3.29271
3.08929
3.54474
3.3995
3.1838
3.26568
2.97785
2.72383
2.96456
3.20178
3.36755
2.86113
3.19704
3.16072
2.88596
2.8553
2.92052
2.7225
3.2358
3.10999
3.21775
3.35794
3.14518
3.40893
3.31441
3.55438
2.77584
3.46487
2.96137
2.80694
2.98449
3.42959
2.66222
2.68934
3.34315
2.72462
2.53241
2.90296
3.01862
3.74166
3.31279
3.33364
3.78897
2.95773
3.37092
3.71287
3.14682
2.898
2.97644
2.65148
2.82574
3.39384
2.49921
3.23647
2.58048
3.45342
3.70526
2.7781
3.05078
3.07776
3.1452
3.11157
3.27438
2.94219
3.5825
3.51538
2.89815
3.13615
2.96982
2.91988
2.85399
3.06829
2.78332
2.82736
2.90896
2.69423
3.02879
2.88534
2.93358
2.77935
2.76474
3.05887
2.8064
3.06879
3.14392
2.67956
3.05363
3.00478
2.55968
2.71407
2.84186
2.77223
2.39934
2.33822
2.83249
2.77354
2.95639
4.01909
3.17337
3.32986
3.43296
3.18295
2.80361
2.87098
3.19867
3.39444
2.72337
2.77431
2.93745
3.11684
3.39726
2.97816
3.18009
3.59813
1.91148
2.46229
2.34401
2.18441
2.26579
2.49447
2.70845
2.75908
1.87719
2.9252
2.57324
3.22997
2.05616
2.83952
2.4886
2.68968
2.55655
2.79925
2.5246
2.18685
2.48034
2.76424
2.56152
3.1613
2.78844
3.38402
2.63137
2.83009
2.58463
3.07684
3.30297
3.25357
3.6989
3.70326
3.12838
2.40436
2.44079
2.95541
2.43616
3.12084
3.13233
2.53435
3.28359
3.44967
2.48518
2.72795
2.90529
2.40937
2.69805
2.4256
2.57489
2.50201
1.74772
2.97216
2.96381
3.21936
3.35675
2.21012
3.4433
3.18433
3.53374
3.55674
3.31838
3.08066
3.42257
2.98209
3.06502
2.96764
3.30546
3.47827
3.148
3.07963
2.9164
2.95809
3.46947
3.04556
3.27271
2.83166
2.87812
3.25695
2.9937
3.16997
3.07628
3.18537
3.18131
2.85627
3.06632
3.34376
3.12381
3.30168
3.59021
3.52116
2.76584
3.31237
2.73731
2.86184
3.10954
3.58692
2.76931
2.94615
2.99415
3.05536
2.66139
2.87888
2.87916
4.02651
3.06415
3.11494
3.29185
3.70396
3.40335
4.3068
2.74465
2.88734
2.93736
2.6988
2.58888
3.01572
2.7008
3.31562
3.02599
3.4141
3.85175
2.83908
2.92336
3.19
3.35777
2.84111
2.71306
3.09934
3.83621
3.41145
2.83838
3.22075
3.14419
2.87102
2.91408
2.72807
2.73962
2.75939
2.5122
2.79448
2.79571
2.85152
2.69984
2.76295
2.98171
2.8934
2.84827
2.9877
3.11162
2.64848
2.51747
2.84289
2.97318
2.38893
2.82932
2.48735
2.43313
3.12978
2.70415
3.00034
2.96761
3.8604
2.56723
3.06249
3.54698
2.92218
3.12667
3.02647
2.9916
3.38599
2.74998
2.99743
3.10761
3.41486
3.0633
2.70294
3.28137
3.21828
