2.2339
3.10127
2.36393
2.21831
2.53862
2.62903
2.58384
3.1736
1.71706
3.19134
2.98429
2.95083
2.37661
2.61427
2.95814
2.92411
2.74513
3.57204
2.70503
3.01586
2.80517
2.83848
2.59064
3.18176
3.12825
3.29083
2.94032
3.38416
2.94687
3.17481
3.6683
3.3783
3.67869
3.48173
2.88338
2.53628
2.72668
2.79265
2.83179
2.88088
3.31734
2.79508
3.55375
3.30737
2.97621
2.60631
2.79492
2.75957
2.94052
2.81064
2.71395
2.72686
1.94001
3.53864
3.01425
3.48055
3.79283
2.1726
3.36649
3.427
3.32398
3.44407
3.69878
3.18892
2.53622
3.40035
3.50363
3.22828
3.32724
3.30953
3.32128
3.38216
3.14389
3.0708
3.09439
3.08309
3.30595
3.05901
2.79848
3.11126
2.62319
2.9672
2.95763
3.00236
3.13505
3.0443
3.03044
3.23172
3.05445
3.57138
3.69331
3.69753
2.87135
3.62714
2.7736
3.20326
3.45519
3.69115
3.29061
3.54939
3.44142
3.07197
2.56779
2.68843
2.87885
3.58025
3.55245
3.64566
3.94136
2.48727
3.46994
4.00273
3.62368
3.27506
3.383
3.0815
2.94007
3.13726
2.42392
3.36815
2.62733
3.90834
4.5248
3.06461
3.80629
3.72294
2.90687
3.13882
3.00556
3.43341
4.01586
4.00181
3.36748
3.40549
3.47749
2.83602
3.4304
3.0596
3.20814
2.92604
3.05057
2.93596
2.96123
2.97174
3.16545
2.76547
2.92476
3.24474
3.29263
3.09996
3.2084
2.46848
3.22634
2.73452
2.92756
2.63963
3.01226
2.94486
3.13668
2.64437
2.77624
2.75023
3.62504
3.47264
2.76893
3.29009
3.25171
3.42623
3.15114
2.86683
2.92586
3.92781
3.10646
2.89035
3.74759
3.34289
3.53458
3.21244
3.4331
3.11182
2.17827
3.0777
2.46793
2.27477
2.61183
2.7248
3.68992
3.26712
1.68973
3.29378
2.64535
3.18961
2.26605
2.78751
3.01403
2.97156
2.74002
3.20864
2.70301
2.68888
2.98721
2.5739
2.88509
3.15299
2.96629
3.48588
2.7085
3.49697
3.0174
3.22043
3.45698
3.80338
3.80725
3.22433
3.09297
2.83021
2.58442
3.01969
2.76609
3.28939
2.95072
2.76962
3.29906
3.34695
2.71054
2.67993
2.50215
2.53983
2.82983
2.86636
2.62808
2.63543
2.30519
2.98991
3.0265
3.50277
3.19752
2.44173
3.53069
3.46795
3.30965
3.6238
3.71712
3.3059
2.80906
3.14129
3.32312
3.19001
3.92711
3.71964
3.17213
3.41895
3.10953
3.16469
3.34263
3.70648
3.27677
3.31318
2.7683
3.39516
2.88941
2.85712
3.225
3.26188
3.12984
2.94539
3.16965
3.24095
2.97849
3.20142
3.88257
3.75651
3.00684
3.76801
2.81647
3.26889
3.3041
3.51346
3.1525
3.86732
3.82147
3.34318
2.94324
2.9183
3.34822
3.82763
3.51332
3.55021
3.7857
3.71116
3.75071
4.83571
3.52611
3.0726
3.40496
2.79875
2.85682
3.14618
2.70605
3.11555
2.92163
3.76518
3.94502
2.92212
3.16413
4.04958
3.14624
3.21347
3.03905
3.45083
4.00115
3.89316
3.2901
3.50531
3.23673
3.2649
3.5404
2.93946
3.04605
3.19836
3.11792
2.91991
3.28068
2.86321
2.80227
2.98111
3.59085
3.06413
3.01507
3.181
3.43008
3.1679
3.3416
2.89974
3.64057
2.57633
3.13009
2.55648
2.74091
2.5725
2.55514
2.82879
3.80536
3.54008
2.78039
3.23404
3.70042
3.61884
3.36154
2.93695
3.09985
4.07104
2.96582
2.79171
3.58043
3.22836
3.05804
3.46754
3.39993
3.78773
