1.85283
2.6781
2.4913
2.11037
2.39623
2.67928
2.9589
2.79845
1.75174
2.64586
2.73849
2.74851
2.3049
2.77634
2.84108
2.78438
2.69238
3.36015
2.68249
2.49612
3.00923
2.87256
3.05209
2.93453
2.97617
3.21097
2.95011
2.6172
2.72011
3.06946
3.2152
3.7192
3.24621
3.9503
3.04474
2.69555
2.67812
3.01653
2.63145
3.05102
3.35508
2.91036
3.05072
3.05152
2.83194
2.62205
2.67316
2.48402
2.81612
2.55603
2.57402
2.71277
2.15756
3.05255
3.08237
3.08531
3.72541
1.87832
3.2791
3.33205
3.5612
3.37882
3.44332
3.37588
2.8021
3.08069
2.87854
3.16646
3.25197
3.40789
3.35093
3.34385
2.84351
2.94804
3.06763
3.48787
3.1289
2.8109
2.63546
2.94707
2.76852
2.84933
2.66785
2.91426
2.88807
2.67549
3.15751
3.20516
2.82563
3.42866
3.5509
3.16292
2.82489
3.34577
2.98912
2.84282
3.06389
3.07554
3.1333
3.10014
3.03372
3.63837
2.88833
2.80238
3.0106
3.89825
3.89322
3.12689
3.8938
3.07024
3.46469
4.44351
3.47281
3.19504
3.50951
3.2055
2.87982
3.25986
2.60717
3.13439
2.51725
3.61886
4.23293
2.88638
3.65665
3.75978
2.70569
3.38438
3.179
3.29506
3.96716
3.67022
3.73874
3.29095
2.94674
2.78457
3.25988
2.85343
3.11583
3.0624
2.9789
2.76614
3.00924
2.7271
2.80347
2.99887
3.25083
2.97181
2.88995
3.09451
3.03048
2.43785
3.73773
2.96922
2.98309
3.09039
2.80549
2.86703
2.89278
3.15665
2.624
3.03111
3.55827
3.65123
2.91897
3.29427
3.51741
3.82555
2.88329
2.92418
2.80415
3.70174
3.08713
2.47363
3.39999
3.06717
3.435
3.07235
3.41684
3.52025
1.84728
2.52122
2.59811
2.26045
2.46898
2.60941
3.2763
2.80471
1.79627
2.79893
2.61625
2.64793
2.41059
2.94843
2.87001
2.7311
2.5216
3.15828
2.50432
2.51458
2.68444
2.81568
2.68933
2.9616
2.91291
3.24323
3.1222
3.15244
2.74488
3.1367
3.16183
3.78496
3.35198
3.77517
3.02126
2.67276
2.59942
3.23084
3.06478
3.35189
3.37447
3.05703
3.2383
3.28814
2.95504
2.65834
2.70464
2.43612
2.59761
2.57138
2.66234
2.64401
2.1785
2.96226
2.83368
3.28117
3.54344
2.57526
3.70394
3.40692
3.59287
3.46023
3.68224
2.89626
3.33366
2.87499
3.04424
2.97076
3.60099
3.32805
2.89109
3.44838
2.86619
2.94361
2.995
3.48698
2.9756
3.20234
3.16674
2.95146
2.9817
2.76579
2.89753
2.96331
2.86246
2.95782
2.89233
3.49787
2.97137
3.49454
3.66129
3.07092
2.89272
3.3805
2.69808
2.86721
2.84986
3.00682
3.36888
3.66492
3.40797
3.24312
2.98249
2.98637
2.65167
3.87518
3.78286
3.58951
4.25167
2.88622
3.47726
3.9588
3.75931
3.09962
3.48299
2.96196
3.0432
2.84654
2.3599
2.82342
2.93742
3.85318
4.19018
3.21355
3.50624
3.65414
3.35171
2.78857
3.41018
3.03648
3.91227
3.5125
3.24042
3.689
3.2108
3.05838
3.32674
2.86091
3.11561
3.33699
2.88477
2.48356
3.12449
2.83718
2.62802
3.12368
3.20903
3.08543
2.97675
3.01535
3.0951
2.42399
3.57795
2.78424
3.2687
2.83242
2.97429
3.10706
2.58858
3.24742
3.2455
3.05989
3.68704
3.35314
2.52857
3.16561
3.51399
3.35262
3.4015
2.88126
3.00194
4.06559
3.21099
2.64195
3.67293
3.06935
3.02879
3.00123
3.31934
3.75736
