2.05269
3.05356
2.26137
2.15992
2.46978
2.66897
3.13498
2.82259
1.88506
2.88703
2.98881
3.18582
2.40396
2.46468
2.53412
2.30047
2.51733
3.01213
2.39154
2.75475
2.94539
2.72558
2.98946
2.94875
3.33622
3.23597
2.75619
3.10543
2.91743
3.35255
3.51476
3.59021
3.2877
3.79583
2.91034
2.537
2.74103
3.04603
2.34633
3.02506
3.14014
2.41719
3.10605
3.14027
2.37713
2.47045
2.50905
2.42132
2.5937
2.6385
2.71197
2.59967
2.02633
3.02012
2.98428
3.53355
3.27528
1.82972
3.48138
3.19952
3.30838
3.48599
3.48815
3.06381
2.71116
2.92834
2.99069
3.14873
3.33099
3.59786
3.13154
2.78513
2.93379
2.99222
3.06963
3.31958
3.21844
2.9337
2.96965
3.23192
2.78951
2.98578
2.84765
2.97705
3.23297
2.95257
3.27603
3.15244
2.7743
3.28534
3.73984
3.22196
2.34878
3.83891
2.47502
2.95866
3.30646
3.01105
2.80476
3.11168
3.43936
3.28179
2.33445
2.95806
3.24693
4.00792
3.51736
3.20199
3.97556
3.62701
3.78983
4.67003
3.37938
3.10999
3.22386
3.09882
2.73494
3.19136
2.1092
3.50682
2.82934
4.0436
4.35817
2.98311
3.52976
3.78349
3.20431
3.28654
3.04455
3.32787
3.68398
4.04461
3.00485
3.54442
3.15311
3.30818
3.10454
3.00133
3.36915
3.59856
2.99706
2.64623
3.10039
2.96532
2.73471
2.52486
3.40256
3.10502
3.17606
3.43146
3.23439
2.37056
3.239
3.12682
2.86221
3.45709
2.92399
2.73078
2.96751
2.68024
2.7416
3.39041
3.42274
3.60323
2.90751
3.4709
3.24464
3.24099
3.10416
2.82877
2.99399
3.27135
2.75895
2.98618
3.37376
3.4573
3.44766
2.9962
3.47607
3.42858
1.95773
2.8621
2.56506
2.19801
2.52275
2.69399
2.72968
2.84301
1.76087
2.84974
2.5629
2.64524
2.26591
2.6927
2.65818
2.21733
2.51778
3.06221
2.48062
2.68375
2.90049
2.63549
2.86982
2.79225
3.22368
3.38683
2.79573
3.07905
2.3795
3.27271
3.4459
3.63622
3.72964
3.71096
2.8235
2.52245
2.62663
2.83225
2.29582
3.17148
3.12084
2.36494
3.48694
3.02206
2.46872
2.6444
2.59829
2.38041
2.34269
2.43749
2.53506
2.56427
2.03064
2.97728
3.08366
2.84771
3.21672
2.02374
3.3598
3.37747
3.61466
3.56854
3.89499
3.08994
2.73817
3.36539
2.99334
3.15935
3.68805
3.52848
3.06708
2.98041
2.85086
2.90616
2.91039
3.36167
3.179
2.88982
3.10368
3.21015
2.78083
2.82168
2.89948
2.86364
2.90906
2.80693
2.99573
3.33013
3.01181
3.14123
3.41086
3.65634
2.46591
3.73703
2.30567
2.96148
2.98543
3.13604
2.84738
3.33795
3.5069
3.33409
2.50169
2.88745
3.1586
4.21846
2.90413
3.26113
4.16818
3.25364
3.31013
4.37629
3.26416
2.94984
3.02939
3.05784
2.93259
3.52777
2.27747
3.16531
2.96263
3.74982
3.37904
2.62892
2.99815
3.57742
3.13189
3.05637
2.79269
3.01747
3.3085
3.24455
2.83198
3.21028
2.97704
3.07732
3.18946
2.87591
2.81694
2.78113
2.74873
2.73447
2.98385
2.95112
2.78901
2.86296
3.048
2.9096
3.2098
3.15688
3.137
2.53622
2.96087
2.82784
2.83142
2.98591
2.90862
2.52882
2.66345
2.69751
3.06893
3.7618
3.54862
3.70765
2.79157
2.99994
3.23791
3.07278
3.30719
2.79844
2.83116
3.65221
2.65232
2.81325
3.20948
3.19162
3.01488
2.97265
3.64516
3.76062
