1.90249
2.53848
2.39881
2.12561
2.41055
2.76826
2.78992
2.93264
1.72212
2.91796
3.0767
3.23065
2.36506
2.58646
2.90872
2.57493
2.88031
3.24057
2.78167
2.36015
3.32006
3.53346
2.72761
3.07214
3.504
3.71891
3.33115
2.91644
3.15229
2.90806
3.36969
3.67624
3.07088
3.93249
2.90587
2.51123
2.66895
3.09915
2.63386
3.28762
2.90027
2.34526
3.41027
3.40479
2.9037
2.68693
2.83881
2.22101
2.85784
2.68949
2.46891
2.69128
2.13853
3.07976
3.16848
3.15065
3.39952
2.23042
3.43172
3.43077
3.5788
3.23493
3.48711
2.79606
2.62973
2.88022
3.31253
3.19038
3.49714
3.62706
3.07625
3.58349
3.16484
3.31327
3.24056
3.43299
3.09485
2.97172
2.87116
3.06057
2.95565
3.08117
3.02901
3.05772
2.80458
3.05793
3.26837
3.42283
2.96282
3.22382
3.57015
3.06431
2.49055
3.60223
2.64432
3.07273
3.40615
3.57245
3.30482
3.13922
3.65562
3.59191
2.64581
2.88587
3.13279
4.27325
3.39046
3.36897
3.88844
2.55343
3.54436
4.47534
2.96025
3.10669
3.40011
3.01896
2.96242
2.85091
2.3265
3.53064
3.16866
3.52923
4.37596
2.74157
3.56911
3.26891
2.79399
3.38346
3.65767
3.96659
3.91934
3.79171
3.30344
3.6868
2.94743
2.72813
3.08468
2.94919
3.06901
2.89054
2.99757
2.69276
3.47541
3.07545
3.17679
3.00907
2.79191
3.3478
2.94685
3.29755
3.3808
2.63461
2.90195
3.03778
2.62568
2.61234
2.90792
2.88528
3.20207
2.73489
2.66198
3.21324
3.64834
3.47576
3.08138
3.16582
3.14566
3.37981
3.00746
3.19845
3.21383
3.7144
2.81441
3.02181
3.16517
3.48259
3.79763
2.8226
3.45115
3.77156
1.94685
2.82433
2.34334
2.19299
2.26385
2.58901
2.88473
2.93895
1.75612
2.95683
3.14199
3.37439
2.60841
2.72908
3.12589
2.65203
2.57139
3.31426
2.48205
2.44901
3.24866
3.30254
3.01225
3.11759
3.2068
3.44363
2.75327
3.01715
3.16699
3.00441
3.60127
3.45036
3.25057
3.99867
3.17453
2.61581
2.48313
3.21485
2.56627
3.5268
3.27384
2.63678
3.56962
3.38057
2.60957
2.86131
2.69469
2.46623
2.71408
2.44038
2.44725
2.50388
2.0092
3.17851
3.0938
3.45373
3.52058
2.61228
3.76773
3.39149
3.40727
3.51451
3.62693
3.18809
2.61057
2.85671
3.41928
3.41776
3.45811
3.33731
2.97625
3.52132
3.16596
2.99112
3.14815
3.13123
3.07322
3.20917
2.77471
3.12722
2.92687
2.89076
3.07895
3.06036
2.77881
2.92969
2.86627
3.44014
2.86283
3.12332
3.55385
3.38622
2.53014
3.77286
2.94874
2.85397
3.26668
3.21368
3.08319
3.26822
3.38143
3.25829
2.78977
2.79797
3.00228
3.86034
3.41822
3.55489
3.77403
3.5362
3.71978
3.96255
3.22599
3.07802
3.33624
3.20323
3.05814
3.11223
2.16592
3.19957
3.08171
3.71421
4.0836
2.84315
3.23629
3.03192
2.91458
3.19365
3.02297
3.17025
3.9871
3.68769
3.42289
3.44475
3.23015
3.23134
3.19321
2.91968
3.41411
3.15264
2.93573
2.80103
3.16497
3.15767
2.75153
2.70392
3.46437
2.94751
3.06816
3.10991
3.19681
2.6679
2.78631
2.89063
2.62988
3.1384
3.14269
2.8443
2.71595
2.66372
3.07076
3.75195
3.70659
3.67248
2.78611
3.12472
3.08299
3.10442
2.98712
2.94497
2.83492
3.80472
2.82864
2.96078
3.17972
3.23411
3.70964
3.00053
3.37002
4.02495
