1.90081
2.61733
2.4476
2.18756
2.36227
2.74584
3.26814
2.9693
1.64501
3.09883
2.92154
3.20375
2.37118
2.55044
2.78265
2.73809
2.74905
3.06524
2.586
2.34648
2.87999
2.77328
2.57365
2.81383
2.91743
3.50335
3.09928
3.07234
2.83507
3.14363
3.75175
3.91212
3.55555
3.77596
2.98381
2.59271
2.83483
3.16696
2.74422
2.97271
3.12714
2.63142
3.65617
3.41485
3.06922
2.5675
2.74331
2.41843
2.63608
2.67956
2.36861
2.57496
2.06992
2.71916
2.86607
3.33131
3.61081
2.50765
2.97581
3.11855
3.39741
3.33972
3.73018
2.93997
2.64932
2.78936
3.13274
2.86311
3.53548
3.3598
3.01867
2.9126
2.94169
3.01886
2.8548
3.24505
3.08634
3.06051
2.61476
2.81037
3.11802
2.87229
2.75809
2.88176
3.11725
2.78216
3.19113
3.53387
2.48551
3.285
3.24845
2.96567
2.62848
3.18433
2.87728
2.75548
2.89224
3.25616
3.25672
2.66336
3.6028
3.16238
2.66212
2.33935
2.97946
3.64731
2.89556
3.02345
3.23222
3.72758
3.21789
4.11294
3.31334
3.02194
3.17124
2.91117
2.91309
2.88654
2.41288
3.21852
2.89205
3.31605
3.61611
2.47351
2.96291
2.99416
2.80411
2.85808
3.17097
3.06627
3.42751
3.75347
3.13764
3.23962
3.33222
3.23741
2.9579
2.99869
3.2123
3.02023
2.76327
2.64389
3.18935
2.77275
2.60274
2.58477
2.9803
2.99802
2.85259
3.09359
2.77464
2.7518
2.38609
2.58021
2.69138
2.38521
2.67754
2.88333
3.0045
2.51331
2.56845
3.07288
3.14419
3.40472
2.91389
3.03983
3.30172
3.19702
2.72429
2.75852
3.05146
3.26833
2.86832
2.5626
2.7814
3.45021
3.65343
2.97347
3.52052
3.13823
1.81219
2.47097
2.24776
2.08602
2.44569
2.81973
3.16915
2.9617
1.96752
2.72396
3.48907
3.08424
2.23062
2.80635
2.63237
2.39034
2.41246
3.34022
2.70347
2.36338
2.7929
2.90052
2.34913
2.62638
2.9256
3.91015
2.90897
2.93413
3.40382
3.3546
3.40132
3.33246
3.67246
3.46818
3.09351
2.89518
2.80202
3.197
2.84143
2.99711
2.95902
2.78739
3.35875
3.50917
2.6349
3.07185
2.71361
2.83168
2.91242
2.38007
2.69194
2.6534
2.17388
2.98248
3.2526
3.55169
3.41969
2.53781
3.43617
3.28644
3.11168
3.8831
3.81351
3.04282
2.60191
2.90183
3.38888
2.95515
3.57993
3.56109
2.9123
3.00072
2.95523
2.98466
2.88762
3.1669
2.9304
3.35272
2.75214
3.22168
2.74191
3.11124
2.83372
2.92491
2.71545
2.75396
2.59615
2.8278
2.57642
2.61214
3.04212
3.01079
2.45673
3.42762
2.81734
3.03675
3.27423
3.34891
3.05242
3.19251
3.18706
3.2202
2.72499
2.41568
2.96902
3.78262
2.89427
3.14161
3.56444
3.68673
3.37339
4.12375
3.42345
2.97417
3.47373
2.79319
3.0824
3.07941
2.24385
3.11027
3.14667
3.13298
3.64558
2.69709
2.7196
2.72767
2.96801
2.78358
2.8951
3.03281
3.41217
3.56594
3.39607
3.50833
3.23275
3.2868
3.25919
2.72271
2.73685
3.13582
2.85397
2.58665
3.28063
3.11653
2.91943
2.59781
2.75022
2.86234
3.35774
2.92704
3.02769
2.47761
2.71744
2.48082
2.4105
3.16959
2.71923
2.82727
2.40313
2.59261
2.86169
3.16837
2.83403
3.2852
2.44564
2.92558
3.19215
3.64085
3.14269
2.5748
2.87774
3.57312
2.39601
2.66222
2.72594
2.82945
3.26245
2.71745
3.47863
3.58868
