2.17479
3.19782
2.2695
2.4645
2.6785
3.15079
2.85571
2.88838
1.76818
3.44384
3.52656
3.5514
2.66766
2.85971
2.92058
2.59788
2.90626
3.4664
2.68051
2.71106
3.00969
2.88711
3.37562
3.2287
3.4879
3.65257
3.13146
2.69961
3.02619
3.05503
3.16382
3.71606
3.45899
3.2462
2.69272
2.28838
2.60933
3.10367
2.32182
2.9322
3.26432
2.50049
3.02443
3.44034
2.8766
2.60086
2.73149
2.73987
2.37307
2.99346
2.37718
2.62282
2.2229
2.94405
2.96945
3.64269
3.36048
2.15597
3.74842
3.35284
3.24613
3.73814
3.52734
3.08246
2.59559
3.30667
3.34376
3.27552
3.78671
3.36044
3.20268
3.4991
3.45902
3.75657
3.25593
3.50333
3.30953
3.36946
3.14474
2.98312
2.96527
2.99603
3.10995
3.19263
3.45934
2.93688
3.09862
3.3643
2.96993
2.72738
3.35484
3.64373
3.24056
3.86529
2.84077
2.97496
3.22233
3.31116
3.41111
3.31918
3.14503
3.2108
2.49167
2.54582
2.83902
3.77233
3.41865
3.60001
3.84208
3.44691
3.32122
4.25832
3.66285
3.39888
3.38289
3.37128
2.64706
3.25089
2.47204
2.75674
2.64081
3.74172
4.08025
2.91894
3.7055
2.92741
3.03748
3.35257
3.48144
3.7873
3.91725
3.66604
3.56958
3.35352
3.35667
3.0272
3.21353
3.47067
3.21131
3.41401
3.05856
2.60145
3.12626
2.83455
3.17276
2.89631
2.94041
3.21233
3.10513
3.08953
3.02175
2.48019
2.77993
3.09363
2.65713
2.8404
3.15729
3.39567
2.88179
2.80391
2.88585
2.82416
3.31797
3.72097
2.52952
3.19448
3.34639
3.43328
3.23646
3.01893
3.05359
3.5911
3.12765
2.95423
3.47275
3.34697
3.65709
3.06438
3.60006
3.44104
2.03004
3.13139
2.31694
2.56243
2.63773
2.83072
3.30225
2.96632
1.86908
3.286
3.34764
3.37999
2.75789
2.54915
3.24669
2.56937
2.77783
3.52197
2.6151
2.55625
2.83503
3.38122
2.95929
3.39425
2.98295
3.49315
2.60342
3.59421
3.49906
3.08825
3.33086
3.7157
3.5535
3.68668
2.97892
2.36874
2.62025
2.99506
2.4496
3.14138
3.2523
2.80276
3.50089
3.35834
2.9767
2.63602
2.81011
2.65049
2.30549
3.02034
2.4945
2.38517
2.19956
3.11363
3.00964
3.86089
3.3599
3.0644
3.58301
3.51184
3.71478
3.95515
4.30523
2.89823
3.55544
3.135
3.3578
3.10251
3.72768
3.55291
3.03586
3.16095
3.24491
3.26487
3.18541
3.43551
3.78961
3.36098
2.70611
3.12125
3.01637
2.85825
3.22474
3.38453
3.1499
3.04422
2.98064
3.45119
2.97025
2.87414
3.55531
3.18959
2.91259
3.11949
2.88248
3.15576
3.39723
3.08366
3.00634
3.2498
3.27399
3.63817
2.91201
2.69727
3.13051
4.18743
3.61813
3.59519
3.61191
3.64898
3.69865
4.40531
3.33094
3.00932
3.52554
2.98151
2.87197
2.85575
2.01991
2.92564
2.94662
3.96568
3.90087
3.03951
3.4559
2.89691
2.76634
3.25173
2.90693
3.43266
3.74378
3.98913
3.58017
3.54071
3.39983
3.57431
3.32756
3.78012
3.11892
2.93287
2.86799
2.5684
2.8273
2.81879
3.00463
2.79329
3.11522
2.96056
3.05444
3.14913
3.47938
2.31678
3.24044
3.06233
2.67038
2.90049
3.83696
3.05343
2.48359
2.84099
2.50204
3.51027
3.45792
3.74234
2.80836
2.89016
3.20445
3.47854
3.22234
2.9941
2.72271
3.93035
3.33596
3.18541
3.72788
3.43068
3.57633
2.79774
3.62086
3.93497
