1.86033
2.91405
2.27646
2.18785
2.49481
2.59471
3.05487
3.06077
2.03146
3.07045
3.07894
3.62446
2.45213
3.06208
2.94056
2.60256
2.52252
3.22591
2.68656
2.80934
3.32408
3.2796
2.82814
3.22256
3.43186
3.91897
2.89397
2.8769
3.58037
3.04105
3.52834
3.72979
3.45699
3.67108
3.40659
2.73775
3.00573
3.08492
2.89163
3.15248
2.90227
2.82872
3.62678
3.36572
2.92952
3.43453
2.68372
2.81001
2.54511
2.50516
2.75101
2.62161
2.30804
3.20996
3.18026
3.46456
3.42342
2.14691
3.55656
3.32356
3.17787
3.47637
3.54509
2.89602
2.8839
3.28915
3.1728
3.22436
3.38601
3.73885
3.29942
3.51052
3.00119
3.30821
3.36112
3.53303
3.21322
3.17005
3.09965
3.11662
3.08261
3.10934
2.91231
3.13202
2.91587
3.37205
3.16754
3.43448
2.76514
3.36569
3.49682
3.26084
2.56442
3.58947
2.73291
3.13239
3.24569
3.68706
3.2958
3.57431
3.21758
2.92994
2.71048
2.92289
3.15053
3.59279
3.43055
3.22316
3.79228
2.48655
3.70497
2.83427
3.61159
3.24882
3.14505
2.81621
2.63031
2.69476
2.57554
2.54064
3.08983
3.68393
3.44147
3.32501
3.88423
2.66609
2.80719
3.24775
3.51198
3.71854
3.80029
3.93264
3.40907
3.73069
3.22174
3.22498
2.83179
3.23631
3.31907
2.80828
2.87947
2.5924
3.1411
2.87457
2.74559
2.85278
3.4935
2.92383
3.07322
3.19949
3.34041
2.69955
2.69351
2.78568
2.43597
2.77218
3.03258
2.89137
3.1205
3.04351
2.87123
3.0246
3.16384
3.39644
2.7327
3.09031
3.25744
3.2902
3.30366
2.94518
3.11836
3.6183
3.37904
3.53196
3.67394
3.00358
3.81193
3.00389
3.19443
3.72857
1.97713
2.64571
2.2762
2.34438
2.57986
2.61176
2.77349
2.83108
2.12185
2.87653
2.87187
3.32742
2.48106
2.25185
2.99025
2.52
2.69895
3.00376
2.3825
3.13824
2.91642
2.88907
2.60603
3.18053
3.246
4.17193
2.89179
3.19726
3.09448
3.01056
3.52346
3.70073
2.83369
3.95377
3.27694
2.48369
2.85889
3.03165
2.82529
3.36309
3.2634
2.57909
3.71605
3.31005
2.89926
2.92664
2.73848
2.64628
2.85101
2.50677
2.76345
2.69046
1.81681
3.09422
3.14078
3.01848
3.3224
1.5803
2.98073
3.11489
3.21284
3.27113
3.93284
3.05796
3.24077
3.51108
3.05589
3.13082
3.63663
4.00761
3.35595
3.29427
3.02176
3.41356
3.07589
3.2096
3.19385
3.24178
2.79397
3.05214
3.02958
2.9774
3.31449
3.05501
3.13884
2.88313
3.04887
3.61203
2.77551
3.25701
3.5805
3.32931
2.61807
3.48841
2.75797
3.04349
2.92388
3.99906
2.9132
3.25372
3.61963
2.90914
2.49197
2.94405
2.99896
3.86214
3.37656
3.28212
3.61199
3.10067
3.51819
2.80235
3.25109
2.78751
3.44034
2.71774
2.46378
2.55995
2.14732
2.83826
3.06915
3.7025
3.72197
2.93794
3.42173
2.83749
3.02529
3.07701
3.28103
3.36213
3.7125
2.76695
3.38354
3.35152
3.18657
2.99031
3.28541
2.72168
3.04703
2.81104
2.77648
2.5364
3.06983
2.82387
2.71537
2.70269
3.05511
3.21042
2.86763
2.89652
3.00842
2.49736
2.50079
2.6793
2.47271
2.97744
2.98115
2.91707
3.10787
2.93197
2.91214
3.50483
3.53059
3.60687
3.31391
2.99199
3.51474
2.9747
3.16869
3.10692
3.12162
3.80549
3.25156
2.81046
3.59536
2.9795
3.19934
2.9715
3.5081
3.97266
