1.81572
2.89743
2.55117
2.26961
2.30657
2.72089
2.79349
2.87418
1.64907
3.2129
3.33758
3.12344
2.56034
2.65136
3.05993
2.62213
2.78517
3.02797
2.63637
2.74912
3.14599
3.51646
2.85102
3.26011
3.0238
3.72907
3.19143
3.44636
2.7362
3.33478
3.49785
3.4523
3.33055
3.64228
3.16589
2.5718
2.84026
2.94282
2.74514
3.33069
3.1917
2.61931
3.9518
3.65171
2.69052
2.65441
2.73765
2.82803
2.71904
2.82744
2.5606
2.64015
1.8482
3.07812
3.18909
3.28648
3.40199
2.4475
3.45473
3.18128
3.25067
3.43285
3.59343
3.05633
2.62185
2.50606
3.33218
3.22055
3.70951
3.55399
3.15397
3.35406
3.31001
3.24558
3.16768
3.3567
3.21675
3.13546
3.4865
3.29628
2.91921
2.76029
2.88326
3.02852
3.14056
2.97982
3.02336
3.20118
2.76048
3.13029
3.67489
3.26876
2.44133
3.7011
3.20148
2.9908
3.23477
3.49876
3.2794
3.57825
3.47026
3.58872
2.5737
3.0375
3.28511
3.95614
3.59646
3.59149
4.29138
3.16877
3.35703
4.01708
3.61597
3.22112
3.51603
2.82268
2.67615
3.41888
2.42228
2.78779
2.51662
3.73895
3.8585
2.97372
3.48878
3.72862
2.85042
3.14413
3.42308
3.45793
3.76386
3.79182
3.39196
3.46348
3.25008
3.15881
2.98761
3.19527
3.2535
3.21878
3.24078
2.7382
2.9243
2.79922
2.88578
2.75424
2.97758
2.97863
2.92043
3.15984
3.19992
2.69379
3.03584
3.17055
2.8973
2.525
2.9513
2.69553
2.73264
2.92339
2.78768
3.03692
3.3472
3.56458
3.07329
3.08871
3.7494
3.26587
3.19059
2.85648
2.87516
3.78064
2.95522
3.22419
3.18478
3.08016
3.73682
3.20911
3.36936
3.43167
1.67592
2.72357
2.94703
2.27895
2.40514
2.68639
2.73682
3.00517
1.77609
3.04919
2.67893
3.31381
2.40001
2.56214
2.71546
2.51678
2.84607
3.05713
2.80126
2.76413
2.93126
3.12238
2.43148
3.24364
2.94009
3.7533
3.28605
3.11286
2.89093
3.3519
3.29404
3.37993
3.73446
3.82055
2.95295
2.66488
2.69691
2.79719
2.61586
3.39531
3.3505
2.65722
3.64488
3.30771
2.83562
3.01715
2.58757
2.87942
2.66896
2.75811
2.56751
2.58918
2.13198
3.38652
3.15165
3.4829
3.21067
2.30369
3.30933
3.4583
3.78173
3.79572
3.9803
2.96985
2.86501
2.54301
3.46118
3.1578
3.42462
3.82142
3.27529
2.97499
3.14289
3.3065
3.09252
3.18634
3.32489
3.12904
3.36223
3.30389
2.75045
2.81154
2.91719
2.96997
2.87775
3.10872
3.07634
3.30705
2.8964
3.02771
3.25525
2.96736
2.57848
3.1112
2.68198
3.05036
3.0088
3.87422
3.24168
2.95094
3.53144
2.92719
2.59891
2.99517
3.01803
4.49629
3.45782
3.51345
3.88452
3.27003
3.82614
4.08161
3.90215
3.04744
3.15218
2.99453
2.82641
2.95784
2.29779
3.10061
2.21632
3.78475
3.16762
3.15937
3.24079
4.21175
3.16853
3.17373
3.14166
3.10669
3.57626
3.49843
3.47348
3.53893
3.04469
3.42939
3.28464
3.09595
2.97177
3.22052
2.71169
2.89626
3.20951
2.79311
3.02607
3.07586
2.90136
3.08185
3.21584
3.20518
2.97464
2.93519
3.26942
2.96105
2.85307
2.80021
3.02574
2.70811
2.82223
2.80148
2.89487
3.59838
3.67268
3.20571
3.03746
2.9777
3.85713
3.6013
3.22781
2.57529
2.91631
3.62681
3.00792
3.07075
3.45041
3.21816
3.67369
3.16238
4.12233
4.12159
