2.02425
3.04489
2.64006
2.43644
2.73596
2.88233
3.41999
3.02982
2.10106
2.97502
3.51441
3.61475
2.96792
2.27593
3.06142
2.87218
2.98114
3.34319
2.86056
3.46967
3.10726
3.31859
3.08473
3.60653
3.27511
3.6519
2.93971
3.27109
2.96297
3.47269
3.44071
3.75303
3.53286
4.30368
3.07649
2.7401
2.6923
3.42569
3.00301
3.38445
3.35358
2.85199
3.33215
3.18338
3.25938
2.91962
2.80097
2.62516
3.11866
2.9132
2.89642
2.87184
2.27364
2.94852
2.97007
3.47148
3.35303
2.87157
3.10459
3.41589
3.50254
3.44169
4.04263
3.37434
3.00432
3.06018
3.11641
3.18877
3.56842
3.6606
3.51706
3.25578
3.1377
3.69558
3.78523
3.92842
3.34485
3.44515
3.21559
2.99299
2.86154
2.79247
2.88034
2.9372
2.99453
2.98634
3.44069
3.11384
3.07367
3.1003
3.70251
3.27132
2.71694
3.49066
3.01345
3.16852
3.06149
3.50366
3.32352
4.00934
4.05354
3.73683
3.83467
3.16448
3.28656
3.99271
3.76024
3.62118
4.02984
3.25345
3.68131
4.31139
3.36543
3.16067
3.39811
3.18641
2.96373
3.24856
1.92673
3.1281
2.66111
3.927
3.7888
3.21384
3.93522
3.78443
2.83745
3.05205
3.2087
3.49005
3.87519
3.43015
3.29577
3.10738
3.40473
3.45897
3.50328
3.0067
3.29255
3.59124
3.42505
2.83766
3.40815
3.04574
3.03378
3.14356
3.3997
3.56999
3.13671
3.31749
3.66865
2.88453
3.22812
2.54042
3.03549
2.84394
3.04575
2.79082
3.36258
3.07434
2.78345
3.43453
3.31068
3.56418
3.34874
2.87277
4.28185
3.93018
3.69148
3.0717
3.24376
3.7311
3.35998
3.37949
3.704
3.23437
3.45982
3.16093
3.57359
3.671
2.02789
2.83328
2.61857
2.53084
2.73855
2.86266
3.39046
2.97012
2.11059
2.99409
3.15402
3.371
2.86158
2.46669
2.61594
2.9867
2.83463
3.4942
2.6751
3.0479
3.57223
3.39177
3.1471
3.01133
3.05877
3.62834
2.68975
3.76688
3.16549
3.3522
3.09048
3.79695
4.20656
3.71949
2.7777
2.82581
2.81956
2.9106
2.6697
3.48535
3.63255
2.84908
3.47313
3.16682
3.20558
2.99576
3.04414
2.77979
2.71677
2.48328
2.99704
2.83104
2.37467
2.99599
3.01396
3.58729
3.70742
2.90861
3.07945
3.56342
3.58056
3.45665
3.94124
3.28818
2.95827
2.9396
3.20757
2.91799
3.34961
3.62891
3.39831
3.38292
3.1466
3.3139
3.19985
3.53711
3.13902
2.9068
3.03011
3.03089
2.92177
2.78352
2.97958
3.08849
3.11654
3.00046
3.16605
3.76298
2.78135
3.27473
3.41136
2.87724
2.66017
3.21241
2.66151
2.92341
3.16574
3.12919
3.64051
3.66647
3.59275
3.51043
3.51323
3.18853
2.93845
4.57987
3.3178
3.6188
4.23759
3.02738
3.9481
4.38101
3.39191
3.14876
3.07858
3.42576
2.94606
3.15515
2.35656
2.94706
3.03767
4.053
3.97448
3.68826
3.80334
3.86446
3.38937
3.2055
3.31546
3.34261
3.93384
3.96603
3.20595
3.1376
3.12447
3.57518
3.27076
3.28337
3.49378
3.27702
2.96976
3.08111
3.15317
3.00654
2.72135
2.94187
3.18087
3.171
3.42029
3.1023
3.32388
2.60844
3.03945
2.95821
3.26381
2.99789
3.07164
2.77551
2.9457
3.4318
2.65284
3.47927
3.47894
3.41192
3.31593
2.61543
4.12508
3.67996
3.4365
2.67786
2.8257
3.69338
3.17553
3.4651
3.91667
3.18957
3.8276
3.22744
3.58182
3.0316
