2.02421
3.03108
2.56129
2.05866
2.49417
2.93228
3.32518
3.05495
1.92245
3.35539
2.89214
3.65889
2.44229
2.78521
2.63738
2.61342
2.56224
3.33698
2.81917
2.51475
2.85227
2.56314
2.83047
3.36006
2.93809
4.04631
3.22148
3.29529
2.9654
3.29776
3.27242
3.38555
3.3248
4.10854
3.30532
2.64903
3.02798
2.92444
2.33046
3.19516
3.34525
2.58924
3.5817
3.13316
3.51102
2.92507
2.89946
2.5723
3.14219
2.8778
2.61528
2.66291
2.21298
3.48788
3.31887
3.39762
3.70484
2.27177
3.72832
3.2475
3.91331
3.81488
4.02446
2.92254
3.42822
3.01427
3.41546
3.24931
3.76265
3.76389
3.60217
3.63421
3.22279
3.4715
3.35461
3.28844
3.47466
3.34174
3.20902
3.63862
2.88941
2.97664
3.27211
3.10421
2.95212
2.92816
3.46955
3.99028
2.89622
3.22829
3.63449
3.33359
2.75262
3.77923
2.90159
3.04331
3.44053
3.35907
3.70757
3.69443
3.23681
3.19801
2.84153
3.03239
3.08978
4.24847
3.40722
3.57944
3.87096
2.92735
3.3667
3.99644
3.7991
3.1447
3.59856
3.30919
3.12878
3.57981
2.35333
3.1747
2.60652
3.60782
4.31808
3.08261
3.78927
3.57012
2.94916
3.47656
3.60005
3.77965
4.12002
3.69693
3.54666
3.41804
3.17729
3.20291
3.10719
3.04467
3.41565
3.1402
2.78362
2.46538
3.1377
3.24476
2.99145
2.80425
3.81137
2.93946
3.20068
2.83484
3.15266
2.16615
3.43611
2.7911
2.7972
2.64377
3.11632
2.71702
2.60012
3.03921
3.11271
3.19824
3.53787
3.49171
2.76299
3.3071
3.49185
3.43708
3.14227
2.86101
2.76427
3.7724
3.14684
2.97769
3.67782
3.50127
3.6215
3.30995
3.36277
3.86384
1.9746
3.21486
2.52715
2.32702
2.4607
2.73517
3.06587
3.1816
1.96042
3.33784
3.24011
3.25435
2.64074
3.03252
2.77245
2.68341
2.67201
3.1735
2.80289
2.6004
3.41918
2.79155
2.90673
3.46242
3.06353
3.86768
3.19155
3.66195
2.89473
3.48383
3.31411
3.7679
3.58087
4.14656
3.09284
3.00264
2.92001
2.87603
2.57633
3.18905
3.17704
2.62105
3.59944
3.3597
2.66697
2.78877
2.76506
2.65649
2.9392
2.98268
2.57781
2.58712
2.32812
3.26403
3.09917
3.53167
3.63471
2.63176
3.8107
3.34747
3.68369
3.54467
4.31032
3.49779
3.12255
2.81023
3.39989
3.12869
4.07528
3.85914
3.65659
3.69407
3.3506
3.07991
3.39501
3.79223
3.37241
3.11647
3.12836
3.48375
2.83383
2.9061
3.15003
3.45525
3.12358
3.22633
3.34311
3.22746
3.11438
3.33695
3.7856
3.15092
2.90693
3.73926
2.71779
3.12575
3.15094
3.60596
3.23653
3.62205
4.03395
3.59467
2.9923
2.97093
3.47896
4.48247
3.06889
3.50209
4.16586
3.40136
3.71243
4.21058
3.4737
3.22027
3.5444
3.00762
2.97726
3.36703
2.32314
3.04075
3.17225
3.81293
4.2549
2.86683
3.32202
3.74521
3.05135
3.51511
3.06063
3.4123
3.80739
3.27074
3.1766
3.46846
3.17661
3.28499
3.15193
3.01197
3.06686
2.86588
2.94435
2.58081
3.06432
2.83423
2.86312
2.68654
3.38194
3.10892
3.18165
3.18819
3.07038
2.64888
3.0677
2.96163
2.66931
3.15378
3.08108
2.97002
2.71965
2.72905
3.30465
3.14505
3.31402
3.61504
3.03582
3.40863
3.95214
3.45992
3.22355
3.12614
3.19771
4.01836
3.08006
3.28221
3.37603
3.17114
3.30497
3.33598
3.38343
3.8538
