1.97171
2.81494
2.91484
2.20121
2.49911
2.98886
3.02016
3.19636
2.08956
3.40514
3.21917
2.98324
2.91953
2.63678
3.03292
3.11284
3.20733
3.08968
2.9737
2.5795
3.54548
3.19405
2.97317
3.24621
3.22031
4.46968
2.99249
2.86746
3.68125
3.70046
3.75902
3.8001
3.87475
4.36746
3.3371
2.65742
3.02498
3.26251
2.97625
3.50191
3.8403
2.74852
4.08583
3.88634
3.19582
3.46305
3.08225
2.76792
2.59929
3.48135
3.16356
2.8226
2.3113
3.32662
3.60163
3.877
3.49719
2.19394
3.85578
3.422
4.09245
4.02582
4.08213
3.4794
3.35577
3.26561
3.7715
3.18519
3.89144
4.40309
3.68452
3.97381
3.32706
3.21777
3.41923
3.82686
3.83347
3.15121
3.21175
3.44359
3.66787
3.71288
3.15306
3.40224
3.35693
3.04671
3.98541
3.38109
3.07666
3.7983
3.85183
3.39752
2.95749
3.92044
3.46169
3.04086
3.20896
3.81597
3.47837
3.27932
3.98706
3.1661
3.25237
3.09086
3.39603
3.94615
3.58953
3.4968
3.90682
2.79551
3.6679
4.45864
3.31472
3.21587
3.25674
3.35757
2.99672
3.18374
2.32904
2.85665
2.4793
3.88756
3.45225
3.31584
3.836
3.47867
2.64536
3.51784
3.16239
3.49056
4.0153
3.95272
3.35986
3.86401
3.31194
3.16867
3.35133
3.11479
3.01155
3.48126
2.94493
3.09796
3.35245
2.92902
3.11103
2.82023
3.2586
3.22481
3.08608
3.03024
3.77395
2.8507
3.41006
3.31416
2.73728
3.41836
2.63774
3.19291
2.97074
3.43422
2.65162
3.55055
3.37222
3.88834
3.94364
3.59877
4.25211
3.60117
3.40656
3.21095
3.24055
4.12879
3.44175
3.10295
3.75549
3.05988
3.93786
3.19119
3.45712
3.99721
2.04886
2.85897
2.98525
2.30105
2.47817
2.78768
3.55578
3.04869
1.9161
3.06347
2.69607
3.19573
2.76241
2.95547
2.96819
2.34741
2.76333
3.37243
2.80519
2.99078
3.08489
3.1152
2.70514
2.84637
2.86577
3.652
3.5178
3.38245
3.22523
3.68313
3.46256
3.6122
3.57857
4.15071
3.39549
2.90877
3.14738
3.21435
2.96132
3.52465
3.31597
3.29626
3.64921
3.74699
2.85627
3.17921
2.84091
2.823
2.99921
3.18794
2.85442
2.72056
2.15237
3.51361
3.40248
3.32065
3.08133
2.86647
3.42521
3.37594
3.80089
3.74231
4.1038
3.33463
3.58993
3.47473
3.37156
3.36247
4.26841
3.89844
3.65531
3.76992
3.08852
3.18009
3.40386
3.12981
3.65007
3.01077
2.93876
3.24791
3.438
3.23267
3.22598
3.30414
2.93289
3.30466
3.38652
3.58394
3.33198
3.27421
3.55034
3.64159
3.07357
3.79098
2.97876
3.38448
3.16815
3.30479
3.70243
3.70995
3.4191
2.83587
2.82771
2.93116
3.10036
3.72878
3.59096
3.2589
3.67446
2.90015
3.42958
4.1837
3.65565
2.87756
3.60666
3.29419
2.83605
2.6372
2.27502
2.37961
3.20049
3.86886
4.2692
2.91189
3.73994
3.34017
3.27501
3.64962
3.14025
3.19522
4.17784
3.75218
3.45139
3.81851
4.04847
3.36273
3.29473
2.99695
3.18575
3.40185
3.3977
3.21375
3.51844
2.73194
2.95343
2.89975
3.95575
3.22676
3.16217
3.3007
3.04145
2.76847
2.853
2.7221
3.10952
3.22191
2.97837
2.9475
3.42581
3.02889
3.03438
3.39333
3.33567
3.70799
3.27959
3.30096
4.34378
3.5624
3.35397
2.75252
3.18071
4.46155
3.12471
2.80731
3.51099
3.12015
3.89213
3.45547
3.76007
4.0281
