1.85638
2.62008
2.23785
1.89503
2.02331
2.56463
2.85549
2.7789
1.6918
2.9701
3.30108
3.0917
1.97622
2.74899
2.64993
2.53858
2.57592
3.18904
2.33033
3.20501
2.73882
2.59028
2.24557
3.20485
3.02015
3.82074
2.87365
2.82471
2.70459
2.98665
3.62195
3.30967
3.72077
3.85282
3.07477
2.42793
2.80609
3.04267
2.60928
3.21927
3.05557
3.23302
3.2353
3.44864
2.55212
3.34356
2.76324
2.38789
2.66467
2.62754
2.67616
2.57219
1.97766
3.18391
3.20568
3.28326
3.22401
2.25512
3.52047
3.12768
3.35775
3.40528
3.94444
3.18849
3.2422
2.85372
3.09883
3.25244
3.42874
3.84275
3.39444
3.00202
2.97795
3.08486
3.20245
2.97494
3.16921
3.05943
2.77737
3.12783
2.82665
2.78912
3.40678
2.87563
2.79597
2.84878
3.58262
3.09044
2.96453
3.35595
3.35476
3.51317
2.72771
3.87993
2.35421
2.89882
3.03008
3.56679
3.22295
3.40882
3.90197
3.13316
2.66067
3.18897
3.25552
3.88412
3.02069
3.25372
3.3231
2.51295
3.51072
3.56173
3.17625
2.93415
3.18388
2.91495
2.7661
3.41286
2.22826
3.39338
2.58678
3.89432
4.13848
3.05788
3.44275
3.67411
2.70108
3.22036
3.18582
3.24052
3.64322
3.58643
3.0391
3.17398
2.99075
3.17346
3.10266
2.7566
2.97104
2.5253
2.60667
2.56397
2.87006
2.608
2.6196
2.49635
3.22109
3.27485
3.0042
3.02033
3.5531
2.31895
2.80841
2.96886
2.80991
3.04395
2.75623
2.72477
2.92837
2.43224
2.89472
3.28412
3.48417
3.49553
3.41222
2.72775
3.26573
3.28033
3.22987
2.78824
3.16732
3.44366
3.1001
3.47608
3.50976
2.98698
3.60688
2.79224
3.1602
3.64141
1.74328
2.15136
2.62141
2.09121
2.09051
2.285
2.89206
2.7232
1.87231
2.60131
2.91711
2.83125
2.33986
2.85697
2.31035
2.28618
2.74549
2.96744
2.36885
2.4015
2.9478
2.53993
2.41143
3.26537
3.39439
3.99359
2.9608
3.52954
2.80344
3.39176
3.18934
3.16964
3.55277
3.69182
2.79384
2.24476
2.83431
3.08132
2.43414
3.35875
2.91195
2.65009
3.85306
3.0067
2.4497
2.98751
2.67036
2.87236
2.88225
2.277
2.61728
2.33339
2.23657
3.25926
3.10226
3.12052
3.51184
2.60091
3.59595
3.23268
3.72915
3.97452
3.84072
2.8231
3.26088
2.87879
3.0722
2.90633
3.52687
3.59362
3.63183
3.48118
2.88665
3.27037
3.27389
3.0669
3.35618
2.92307
3.34976
3.04718
3.02004
3.07001
3.03247
3.00274
2.97522
2.80911
3.23435
3.21008
2.66411
2.71454
3.6704
3.18422
2.65134
3.53701
2.46212
2.84546
3.11997
2.85254
3.17316
3.20302
3.66032
2.94446
2.88828
3.18018
3.35788
4.14312
3.36705
3.29644
4.04885
3.20898
3.69389
3.22259
3.53711
2.97393
3.20465
2.86322
2.57246
3.00417
2.00657
3.2094
2.72483
3.32674
4.07581
3.12391
3.26221
3.31966
3.27279
3.45328
3.06243
3.20564
3.64111
3.52607
3.11536
3.00481
3.03882
3.17796
2.86961
2.93834
2.92099
3.05705
3.12108
2.63004
3.11459
2.58245
2.7494
2.59116
3.34568
3.32256
3.114
2.90794
3.35001
2.98624
3.16312
2.6235
3.66018
2.63512
2.80175
2.64827
2.7314
2.94207
2.71804
3.35372
3.01118
3.26488
2.62804
3.33376
3.73422
3.05448
3.37584
3.03208
3.18463
3.91597
3.25423
3.31499
3.43389
3.30656
3.71424
2.89351
3.58436
3.91209
