1.96551
2.65361
2.4216
2.34866
2.39812
2.77769
3.31044
2.87953
1.92723
3.04397
2.68505
3.03261
2.565
3.03016
2.77319
2.77439
2.68815
3.40737
3.06853
2.62907
3.05618
2.73354
2.83323
3.01055
3.48769
3.33801
2.80469
3.27607
3.02545
3.38668
3.0563
4.05578
3.40168
3.9397
2.93315
2.55396
2.9662
3.34935
2.11325
3.2474
3.30063
2.4035
3.37292
3.12945
2.57489
2.18407
2.53702
2.26427
2.65362
2.51641
2.41211
2.65277
2.4945
2.91687
3.10421
3.15322
2.94485
2.84741
2.70268
3.20187
3.17908
3.74668
3.35376
2.94885
3.33769
2.84092
3.07506
2.95451
3.11401
3.56812
3.04936
2.82736
2.96163
2.80257
3.05532
3.20584
2.90406
3.14823
3.11826
3.12786
2.81614
3.04816
2.96635
2.78824
2.71051
2.7569
2.77008
3.14604
2.77917
3.75748
3.22111
3.31994
2.4232
3.63279
2.57739
3.0345
2.98057
3.46834
3.25225
3.0342
3.72943
3.43965
2.41349
3.20262
3.65676
4.01518
3.16024
3.35288
3.84656
2.47425
3.48185
3.2309
3.70402
2.88686
3.50525
3.00225
3.08566
3.58251
2.55963
3.15483
2.91842
3.47429
3.6043
3.07519
3.73227
2.75587
2.71591
3.04961
3.25064
3.40289
3.48524
3.72417
3.45787
3.42139
3.44931
3.55351
3.63035
2.96941
3.2501
2.86504
2.97159
2.92084
3.31578
2.84581
2.71317
2.78042
3.39538
3.2227
2.78947
3.28447
3.22956
2.61359
3.48493
3.14843
2.31818
3.37412
2.93501
2.89568
3.47393
2.65528
2.85439
3.49034
3.20854
2.9153
2.91114
2.97749
3.70419
3.40222
2.96097
2.87842
2.8413
3.55536
3.16775
2.74285
3.76242
2.99823
3.47865
3.17729
3.39722
3.1509
1.88414
2.66081
2.35084
2.41064
2.5441
2.66211
3.31546
2.87296
1.92809
2.88311
2.7767
3.16189
2.26949
2.79578
2.61206
2.36522
2.67515
3.65394
2.60281
2.67503
3.12636
3.19092
2.72433
3.17185
2.99753
3.34259
3.2131
3.10429
3.11819
3.17388
3.22743
3.65728
3.26353
3.55008
2.89407
2.44953
2.69022
2.87388
2.46336
2.81153
3.04388
2.62575
3.08261
3.31093
2.45743
2.27092
2.69695
2.5262
2.45245
2.69866
2.90072
2.83285
2.25278
3.18952
3.01783
3.3956
2.71395
2.64666
2.4704
3.32469
3.22067
3.46803
3.63555
3.09204
3.32101
2.89859
3.24763
3.19687
3.32373
3.5249
2.84956
3.06645
3.03278
3.02743
2.89588
2.93502
2.99972
3.03599
2.99022
3.14855
3.01945
2.87125
3.13436
3.14407
2.87525
2.93023
2.9236
3.35333
2.94076
2.99044
3.04373
3.33255
2.69403
3.29323
2.68898
3.22249
3.28029
3.0444
2.89035
3.46366
3.30684
3.68637
2.83447
2.91672
3.12841
3.32954
3.13453
3.16481
3.39017
3.43413
3.04257
3.94408
3.40877
2.79825
3.42302
3.21299
2.93069
3.09383
2.53516
2.84559
2.58619
3.04397
3.45715
2.5457
3.20257
2.96965
2.84089
3.31685
2.99122
3.01905
3.28671
3.27903
3.36448
3.16852
3.56147
3.44948
3.03042
3.16388
3.0264
3.0935
3.10938
2.82686
3.16966
2.92041
2.81412
2.85365
3.491
3.12791
3.07055
3.02497
3.237
2.31271
2.42192
3.01758
2.15569
2.69064
2.73256
2.33734
2.82521
2.81832
2.8455
3.51643
3.40417
3.85707
3.08385
3.00249
3.38916
3.87646
3.09381
2.84296
2.80128
3.37967
3.18987
2.32423
3.38504
3.11004
2.91842
3.06101
3.49361
3.12348
