1.98088
2.98277
2.63005
2.45883
2.54559
2.5842
3.24899
3.03322
1.66108
3.03016
2.78449
3.00243
2.31695
2.70773
3.06049
2.72642
2.82301
3.45801
2.59137
2.90505
3.759
3.0299
3.22851
3.02374
3.77711
3.60923
3.08466
3.34546
2.91466
2.96552
3.31737
3.67959
3.31119
3.89701
3.20618
2.7078
2.66011
3.00569
2.53295
3.2707
3.21379
2.42922
3.61257
3.18224
3.00767
2.97795
2.52424
2.43534
2.66754
2.84584
2.32046
2.35437
2.22067
3.29483
3.12697
3.43856
3.26766
2.80472
3.50542
3.39759
3.39898
3.38201
3.67556
2.91453
2.95411
3.04654
3.26663
3.30358
3.44925
3.4068
2.91615
2.97597
3.22413
3.46985
3.41957
3.28934
3.04091
2.98348
3.21976
3.17513
2.86025
3.1387
3.12992
2.92352
2.75829
3.08271
2.71003
3.51826
2.90629
3.14431
3.49835
3.30344
2.87512
3.82267
2.75089
3.06224
3.04601
3.17844
3.12237
3.61194
3.73203
3.10369
2.55636
2.82448
3.30416
3.6446
3.16377
3.23655
3.3251
2.44309
3.32119
3.94276
3.40252
2.85867
3.22985
2.8657
2.7044
2.87637
2.10188
3.33984
2.98212
3.64435
3.80434
3.00452
3.49866
3.61084
3.09291
3.15637
3.42387
3.605
3.74197
3.6771
3.44245
3.31404
3.30334
3.40956
3.34311
3.44283
3.08565
3.01214
3.11215
2.92865
3.25325
2.66671
3.07221
2.83965
3.17456
3.3982
3.0645
3.18801
3.19031
2.76865
3.38735
2.81728
3.16754
3.52425
2.74938
2.6468
3.06208
2.98679
2.91469
3.35455
3.46609
3.72676
2.91386
3.17987
3.41702
3.40691
3.03817
2.82824
2.83697
3.51
2.87607
3.29704
3.49714
3.23594
3.40763
3.08232
3.34936
3.55162
2.08387
2.99514
2.68831
2.42307
2.56152
2.61434
3.2085
3.06308
1.73157
3.16383
2.75275
3.02332
2.57873
2.4621
3.10042
2.86707
2.76402
3.06692
2.54748
2.9588
3.16367
2.48356
3.06844
2.98777
3.04058
3.56955
3.04698
2.91151
3.19039
3.0635
3.41063
3.64808
3.58753
3.50738
2.97371
2.3085
2.80665
3.14594
2.59445
3.1886
3.29894
2.71726
3.21209
3.1172
2.71166
3.12833
2.65971
2.54988
3.09887
2.86538
2.43999
2.67548
2.34997
3.0126
3.20078
3.48882
3.31013
2.67029
2.7529
3.50911
3.22792
3.34939
3.40438
3.03399
2.96183
3.02255
3.12071
3.03462
3.5481
3.43078
3.42353
3.25291
3.01316
3.17446
3.25147
3.27649
3.24584
2.95271
3.4735
3.08128
2.99148
2.95858
2.78393
2.90094
2.61397
2.99543
2.86124
3.2653
2.73048
3.08587
3.33974
3.22268
3.01884
3.93415
2.85157
3.03366
2.95791
3.16043
2.93687
3.16109
2.94497
3.06835
2.84636
2.97342
2.96
4.0505
3.31199
3.2367
3.36417
2.60321
3.30972
3.76141
2.49705
2.7472
3.22999
2.92631
2.72929
2.89431
2.04411
3.00535
2.91537
3.72357
3.56986
3.10975
3.28248
2.93181
3.13488
3.576
2.90447
3.12268
3.67636
3.33691
3.3436
3.09106
3.30231
3.51022
3.2313
3.05112
3.03936
3.31262
3.38939
3.04703
3.11844
2.84691
2.82878
3.05512
3.32339
3.08005
3.3428
3.29746
3.27137
2.93942
2.83036
3.47794
2.95466
3.51322
3.12607
2.80217
3.04157
2.73574
2.82004
3.60485
3.81356
3.38684
3.09598
3.38649
4.02537
2.86945
3.09321
3.02871
2.7883
3.31306
2.9037
3.0861
3.57545
3.44356
3.34003
2.92688
3.45603
3.4964
