2.00209
2.91494
2.72944
2.25341
2.69455
2.8605
3.1094
3.01379
1.93588
3.01585
2.68668
3.41012
2.70971
2.80969
3.07567
2.93695
2.82121
2.96269
2.86043
2.95641
2.88111
3.37906
2.9032
3.51097
3.59387
3.7173
3.29196
3.24548
3.16522
3.47102
3.8497
3.85891
3.45019
4.26915
3.20072
2.62696
2.78889
3.23806
2.5384
3.27416
3.17342
2.68461
3.37572
3.56868
3.0403
2.65191
2.79008
2.67749
2.59273
2.75015
3.12007
2.77364
2.03708
3.26647
3.26103
3.67755
3.58329
1.81868
4.17019
3.44606
3.20158
3.56934
3.66654
3.3029
3.08617
2.9242
3.42727
3.18959
3.54033
3.83087
3.77928
3.352
3.32714
3.04508
3.32234
3.97336
3.8425
3.255
3.25876
3.0817
3.28079
3.04524
3.28082
3.32454
2.78236
2.94536
3.45214
3.80089
3.26988
3.90947
3.70235
3.40524
3.02911
4.05019
2.69514
3.17039
3.17599
3.31645
3.46895
3.8506
4.09428
3.47486
2.59887
2.98937
3.10279
3.71947
3.3414
3.72735
3.70679
2.13587
3.80707
3.8402
3.72547
3.11065
3.36059
2.9635
3.05443
3.47345
2.62966
3.42691
2.97877
3.51523
3.90058
3.12611
3.97306
3.37711
3.19312
3.49388
3.53465
3.65303
3.95971
3.92759
3.58101
3.36979
3.60277
2.94868
3.41761
3.07874
3.43186
3.34797
3.17941
2.70422
3.36507
2.92715
3.10597
3.049
3.03073
3.50735
3.09263
3.53688
2.91299
2.59965
2.69855
3.18422
2.87033
3.15756
3.21683
3.39709
3.11933
2.66981
3.09211
4.09497
3.37856
3.12142
3.49186
3.08027
3.39845
3.41514
3.42085
3.28668
3.29356
4.03333
2.96876
3.57743
3.30011
3.1555
3.76442
2.80439
3.52364
4.19448
1.96588
2.66679
2.64948
2.32965
2.49626
2.73765
3.33452
3.07897
1.96978
2.6358
2.89221
3.14746
2.52408
2.90606
3.00366
2.94078
2.62144
2.87576
2.92922
2.93305
3.17959
2.56746
3.28628
3.30369
3.40536
4.02571
3.0204
3.39335
3.48464
2.96092
3.59762
3.6986
3.22451
4.3458
3.23431
2.25046
3.10323
2.95133
2.54975
3.40818
3.48156
2.64017
3.6837
3.40589
2.99906
3.09183
2.50197
2.79062
3.02623
2.80799
3.0042
2.8232
2.09673
3.23427
3.5966
3.72454
4.03654
2.51322
3.82711
3.39204
3.50435
3.81842
4.10272
3.66956
3.28164
3.26113
3.343
3.20694
4.02048
3.62466
3.34767
3.64445
3.15562
3.17854
3.41584
3.46426
3.63088
3.08972
3.02506
3.50738
3.46545
3.37052
3.13137
3.2011
3.25787
3.2092
3.61093
3.95944
3.09679
3.87832
3.80478
3.5113
3.10491
4.02865
3.09264
3.1512
3.04017
3.60697
3.76653
3.276
3.35695
3.298
3.0077
3.3365
3.31432
3.65299
3.47688
3.39034
3.81815
2.37886
3.93213
3.78679
3.42623
3.13341
3.51914
3.49808
3.13987
3.10102
2.6357
3.50161
3.02442
3.39357
4.07428
3.2235
3.53627
3.04714
3.3418
3.17954
3.26285
3.41069
3.76368
3.79837
3.53675
3.33915
4.00833
3.25101
3.56732
2.89784
3.21567
3.09206
3.15295
2.66557
3.26081
2.97155
2.81998
2.87956
3.24954
3.58353
3.2458
3.09067
3.08123
2.44088
2.61488
3.22558
2.90145
3.22971
3.43459
2.79771
2.69399
3.00906
2.99238
3.22362
4.04451
3.64765
2.98918
3.08953
3.74778
3.09968
3.56964
2.87476
2.95248
3.79166
3.06106
3.14111
3.53962
3.06625
3.37764
2.69124
3.5456
4.02543
