2.0734
2.7892
2.56205
2.27151
2.55482
2.71085
2.89227
3.14577
1.84355
2.9335
2.94711
3.31419
2.56727
2.44102
2.87065
2.63785
2.60382
3.34397
2.77659
2.60554
3.32991
3.21438
2.82427
3.3257
3.28547
3.42727
3.01335
2.7927
3.24122
3.15988
3.17285
3.62349
3.66701
3.93216
3.13814
2.63922
2.56833
2.84396
2.45533
3.10941
3.38229
2.6
3.55831
3.19464
2.84143
2.69032
2.46134
2.54114
2.64353
2.76912
2.60541
2.55832
2.29609
3.22807
3.21064
3.215
3.30223
2.21569
3.42542
3.26883
2.84479
3.3106
3.30466
2.49005
3.21033
3.0324
3.22957
3.02175
3.46831
3.33945
3.24681
3.06278
2.90847
2.97579
3.0588
3.13402
3.2447
3.32898
2.91231
3.30411
2.72516
3.07343
3.05079
3.07582
2.91313
2.81391
3.22004
3.14221
2.75747
2.99733
3.73799
3.07842
2.5213
3.26999
3.10594
2.95278
3.03419
3.23537
3.18711
3.56649
3.75857
3.19022
2.60319
3.07771
3.14926
4.14527
3.08354
3.22456
4.01803
2.90596
3.86049
4.37826
3.57445
3.22175
3.73118
3.00062
2.87148
2.86553
2.0714
3.03007
2.92619
3.39021
4.00296
2.78382
3.46078
2.99038
2.65396
2.99721
3.58702
3.50429
3.81662
3.63852
3.38506
3.2205
3.07204
2.73263
3.33856
3.10668
3.17641
3.30003
2.91149
3.06059
3.47158
2.8799
3.17718
2.89274
3.44846
2.94191
2.94049
3.16454
3.01659
2.61101
2.76357
3.24736
2.37005
2.91143
2.78241
2.95515
2.90482
3.16691
3.04903
3.08653
3.28936
3.28197
2.59058
2.90167
3.75388
3.50506
2.95068
2.80856
2.94292
3.60615
2.85298
2.70474
3.2532
3.07753
3.39036
3.52761
3.31032
3.45319
1.95932
2.93209
2.43041
2.35107
2.62879
2.8026
3.25128
3.11811
1.89293
3.1278
3.03364
3.14968
2.6493
2.70953
2.92038
2.77969
2.90202
3.11313
2.63461
2.60269
2.6783
2.88194
2.90018
2.88066
3.20373
3.75131
2.82814
3.06534
2.86345
3.40498
3.31693
3.82137
3.14285
4.05031
3.0216
2.83587
2.67584
3.11972
2.56365
3.2484
3.27605
2.96989
3.39341
2.99889
2.98123
2.5575
2.62467
2.59927
2.67586
2.9049
2.77597
2.48623
2.27168
3.39275
3.20696
3.35738
3.44223
2.64017
3.68419
3.37566
3.21618
3.23366
3.46872
3.03961
2.94357
2.96974
3.15717
3.21708
3.35559
3.55555
3.20009
3.48119
3.01119
2.8873
3.06575
3.25398
3.23351
2.97637
3.25799
3.3878
2.87444
2.92854
3.05273
3.14504
2.89992
3.00746
3.07334
3.01959
2.75949
3.16131
3.64604
2.97114
2.50522
3.1568
2.75967
3.13488
2.94935
3.69505
2.94343
3.72977
2.90477
3.55975
3.0498
2.76267
2.99738
3.7805
3.21074
3.41154
3.59999
3.46387
3.24295
4.058
3.35826
3.25232
3.56579
3.12186
2.83866
3.20034
2.28856
3.17509
2.59188
3.42265
3.73656
2.79072
3.09584
3.53286
3.27465
2.95553
2.75681
3.11673
3.77836
3.58196
3.12852
3.17606
2.98775
3.21811
2.97991
2.87031
2.95057
3.30089
3.01272
2.74523
3.34007
2.75051
3.21382
2.93613
3.15603
3.01746
3.21301
3.00005
3.06629
2.59158
2.85487
2.83307
2.98536
2.84964
3.10721
2.67918
3.14857
2.9188
2.95414
3.44687
3.27731
3.03429
2.78706
3.11671
4.00363
3.58554
2.91775
2.70405
2.92809
3.4165
3.01956
2.68079
3.19186
3.11018
3.43935
3.45241
3.28713
3.53814
