2.13721
2.97613
2.63836
2.62478
2.65078
2.72958
3.15158
2.96493
1.87343
3.15191
2.78146
3.10937
2.6977
2.63137
2.59997
2.52919
2.54948
3.54636
2.53935
2.60332
3.09392
3.5714
3.41516
3.2063
3.14931
3.42205
3.08077
3.34642
3.1492
3.03178
3.43304
3.55183
3.38336
3.24702
2.85245
2.39348
2.71527
3.14991
2.799
3.21788
3.12825
2.4902
3.13087
3.2316
2.50288
2.66827
2.62585
3.02408
2.48045
2.49051
2.68123
2.6736
2.11423
2.79939
3.0408
3.41091
3.44858
1.94253
3.61381
3.24669
3.44659
3.36012
3.60556
2.85298
2.83095
3.18448
3.54132
3.25253
3.60908
3.46227
3.31471
3.69587
3.05032
3.46348
3.5009
3.91623
3.44619
3.31831
3.44225
3.42771
3.09732
3.06217
3.31182
3.25385
3.37593
2.96052
3.56605
3.8441
3.68684
4.30582
4.07436
3.07754
3.10666
4.25522
2.7061
3.11969
3.59603
3.35301
3.58257
3.76754
3.51596
3.45025
3.16086
3.09687
3.12353
3.87793
3.67958
3.4998
3.70023
2.24559
3.60644
3.39523
3.49968
3.26023
3.8756
3.27709
2.92589
3.47975
2.61825
2.88201
2.42928
3.618
3.84277
3.10133
3.55758
3.32857
2.85802
3.28269
3.45549
3.69382
3.78971
4.14486
3.72698
3.5357
3.08901
3.2114
3.464
3.11524
3.70138
3.20945
3.16804
2.81836
3.19359
2.73087
2.75655
2.60065
3.80788
3.47192
3.42877
3.23764
3.18036
2.95844
3.26014
2.8839
2.53345
2.81465
3.11989
2.52291
3.74369
2.98897
2.72952
2.87328
3.55194
3.28597
3.21405
3.20909
3.88472
3.48634
3.42141
3.19058
3.1576
3.21087
3.34275
2.8009
3.20072
3.45101
3.88005
3.24371
3.04384
3.4633
2.09949
2.48952
2.48061
2.44289
2.64969
2.73539
3.49974
2.87009
1.88771
2.81633
3.3296
3.24404
2.41568
2.67475
3.04375
2.4795
2.49459
3.34101
2.53043
2.54311
3.37155
3.22468
2.9748
3.69811
2.99922
3.28704
2.96393
3.42788
3.23718
3.28781
3.53916
3.38129
3.73782
3.7306
3.08608
2.55051
2.52379
3.14121
2.51052
3.10815
3.28079
2.42674
3.5846
3.23424
2.65185
2.68564
2.55356
2.39175
2.25263
2.49352
2.62809
2.55759
2.07819
3.34162
3.06465
3.57223
3.32458
2.41486
2.97012
3.26511
3.93194
3.23959
3.72343
3.39251
3.79423
3.59864
3.30288
3.45245
3.68047
3.5004
3.35376
3.54307
3.10729
3.05983
3.20205
3.12386
3.45502
2.94207
3.21208
2.95679
3.01815
2.99082
3.03857
3.09464
3.24788
2.88346
3.06303
3.93209
2.99523
3.27035
3.74674
3.33698
2.96019
3.41648
2.97306
2.95572
3.14101
2.68211
3.25296
3.30458
3.58226
3.65796
2.8402
3.40472
3.34499
3.79875
3.74089
3.33142
3.50501
2.59799
3.103
3.29508
3.16769
3.14185
3.76415
3.09877
2.67587
3.47537
2.3627
3.0832
2.56259
4.2118
4.33303
3.0743
3.53119
3.38797
3.16975
3.02378
3.15535
3.06994
3.85805
3.66499
3.63412
3.5205
3.27833
3.2987
3.48852
2.90039
3.33486
3.30436
2.6216
2.61114
2.78391
2.65222
2.66504
2.69248
3.26218
3.24293
2.98995
3.00209
3.14276
2.38438
3.3181
3.22968
2.88388
2.94338
2.8527
2.75727
3.04415
3.00908
2.92454
3.88728
3.5373
3.77547
3.40518
3.45228
4.00895
3.31305
3.16731
3.16506
2.80057
3.71691
3.30028
3.12135
3.57782
3.13136
3.83653
3.60252
3.23525
4.20965
