1.90915
2.65002
2.38308
2.03717
2.60363
2.63331
2.92913
2.8712
1.66254
3.0366
2.94819
2.77695
2.27031
2.76147
2.98153
2.06384
2.66359
3.26502
2.40164
2.81761
2.16176
2.73904
3.06771
3.09946
2.92031
3.52983
3.01796
2.95515
2.82824
3.40288
3.27013
3.92602
4.34437
3.92782
2.83308
2.49716
2.5778
3.15058
2.50776
3.23913
3.30631
2.48453
3.14184
2.92069
2.56608
2.61692
2.46826
2.62875
2.82148
2.86786
2.43077
2.35455
2.06358
2.93609
2.97974
3.38742
3.65632
2.46595
3.50924
3.11453
3.31239
3.29719
3.56958
3.24913
4.20946
3.1354
3.06693
2.9715
3.23924
3.06952
2.98324
3.45482
2.8602
3.55294
3.30469
3.48734
3.27734
3.05682
2.9377
3.12161
2.6502
2.77552
2.70118
2.76217
2.80912
2.69118
2.96296
3.34612
2.86567
3.50398
3.65238
3.72049
2.83634
3.69572
2.89592
2.82276
3.08256
3.24668
3.04653
3.50555
3.0295
3.25517
3.24077
2.8057
2.84754
4.55395
3.26839
3.34747
3.82864
2.64133
3.28672
3.60461
3.00181
3.32373
3.10138
2.60485
2.68259
3.38023
2.29108
3.20848
2.79936
3.74049
4.00726
2.91488
3.52951
4.26087
3.50266
3.48062
3.02034
3.43964
3.96004
3.8404
3.1519
3.2921
3.13973
2.88036
2.97402
3.60533
3.11091
3.26989
3.07041
3.09058
3.03782
2.80897
3.19557
2.64665
3.26386
3.12682
3.02652
3.40714
3.21104
2.81599
3.23014
3.0011
3.44179
2.32103
2.90556
2.43094
3.0178
2.78841
2.84444
3.42035
3.7387
2.93411
2.80154
2.35211
3.70984
3.02137
3.34336
2.67639
2.77468
3.65763
2.90658
2.96013
3.56297
2.99288
3.26648
2.73121
3.42747
3.65587
1.96237
3.16048
2.34301
2.09544
2.56264
2.73555
3.29172
2.89336
1.56318
2.61703
2.86127
3.21289
2.81758
2.74443
2.9588
2.35815
2.69251
3.30042
2.10034
2.44471
2.73354
2.71523
3.22458
2.98451
3.15014
3.30611
2.96877
2.79625
2.64408
2.99148
3.48118
3.62941
3.3362
3.5144
2.90503
2.43983
2.55354
2.97684
2.48618
3.2801
3.17724
2.48279
3.49114
3.21692
2.6127
2.45486
2.54458
2.3751
2.49516
2.70316
2.58356
2.50156
2.22166
2.95042
3.15149
3.32414
3.94373
2.85184
3.3613
3.36653
3.27501
3.15897
3.34059
3.33671
3.53606
2.84924
2.84673
3.06471
3.26298
3.00061
2.81718
3.57375
2.93853
3.1115
2.79639
3.30391
3.25394
2.80338
3.08324
2.88675
2.65724
2.68651
2.91857
2.57523
2.90531
2.88816
3.22492
3.29265
3.05502
2.75559
3.79326
3.44344
2.83539
3.8014
2.3687
3.02436
3.18836
3.00142
2.95463
3.31572
2.94286
3.17432
2.73673
2.95483
2.68408
3.77057
2.66391
3.25985
4.13931
3.0767
3.60854
3.9912
2.72921
3.231
3.31863
3.13141
2.6719
2.96952
2.56933
3.29644
2.93368
3.66299
3.96854
2.70765
3.25825
3.84288
3.34686
3.1758
2.92485
3.51455
4.04594
3.53414
3.74604
3.43338
3.12093
3.06336
2.76671
3.26365
2.98984
2.81831
2.92613
2.62664
3.09981
2.76671
2.83179
2.48092
2.83803
3.30307
2.7667
3.08906
3.13275
2.17198
3.28962
3.15546
3.30676
3.10582
3.48558
3.29143
2.94371
2.69039
2.60591
3.64501
4.00715
2.68681
3.07003
3.73358
3.61757
3.26311
3.1209
2.70392
2.69503
4.15539
2.98318
2.47935
3.56488
3.2905
3.41354
3.10348
2.93841
4.09529
