2.14945
2.86647
2.70911
2.33706
2.59755
2.84169
3.05329
3.30397
1.97673
3.91077
3.10745
3.43633
2.67801
3.13128
2.83669
2.79473
2.98682
3.09081
3.08389
2.84407
3.16847
2.9337
3.07709
3.70805
3.88031
4.21001
3.38773
3.37168
2.60822
3.45608
3.41818
3.68603
3.84382
4.43377
3.53411
2.9145
3.14313
3.28006
3.08537
3.58185
3.60652
3.09235
4.11966
4.13029
3.32091
2.78163
3.13657
3.01122
3.45104
2.911
3.17533
2.91264
2.58111
3.63677
4.0337
3.6877
4.01478
3.52397
4.10455
3.42983
4.15902
3.86771
4.28092
3.9377
4.31933
2.88711
3.44686
3.65713
4.03728
4.13821
3.59841
3.87593
3.5892
3.69392
3.91679
3.9466
3.44075
3.2568
3.14114
3.20461
3.52147
3.56236
3.58345
3.62019
3.22137
3.14525
3.43552
3.79227
3.08411
4.14853
3.99027
3.95333
3.26044
3.24304
2.65011
3.24931
3.41067
3.73392
3.55008
3.40704
3.70364
4.24157
3.485
3.38639
3.53623
4.34331
3.53645
3.78042
4.20631
3.39487
3.59547
4.34398
3.35783
2.98825
3.32648
3.32321
3.07871
3.81174
2.39988
3.2962
2.36714
4.02662
4.40264
3.38362
3.34146
3.8281
3.13181
2.89262
2.77409
3.41519
4.04843
3.68751
3.84884
3.40957
3.28184
2.8137
3.41929
3.16786
3.43474
3.07549
2.75078
2.6854
3.61874
2.9427
2.94792
3.03774
3.62189
3.32412
3.454
3.29716
3.65389
2.74219
2.77774
2.93335
3.26107
2.78957
3.11369
3.14626
2.76168
2.84426
3.34724
3.19575
3.74172
3.10634
4.08984
3.98598
4.09936
4.23566
3.4974
3.03564
3.96602
4.02719
3.34164
3.5251
3.71339
2.89062
3.74517
3.2726
3.96057
4.13632
2.0423
2.68748
2.726
2.49148
2.61177
2.82559
3.36065
3.39714
1.93125
3.21443
2.78324
3.17187
2.69352
3.53516
3.29934
2.96063
2.76995
3.3752
3.12187
2.72706
3.11611
3.36113
2.79025
3.48996
3.28999
4.35679
3.25819
3.31275
4.06918
2.93037
3.46479
3.65118
3.65694
4.43021
3.12558
3.06675
2.88407
3.19108
2.96023
3.83675
3.61544
3.20577
4.39632
4.04158
3.51456
3.31352
3.51423
3.12879
3.40569
3.10799
2.82311
2.62798
2.56515
3.58022
3.80288
4.11531
4.18469
3.38226
3.74335
3.7371
4.5386
4.37568
4.68062
3.94613
4.24917
3.68716
3.60301
3.18036
4.23979
4.00895
3.44489
4.10009
3.01815
3.69064
3.56764
3.74054
3.66013
3.3652
2.92995
3.31497
3.17854
3.34313
3.49595
3.34778
3.10786
3.18202
3.44417
3.80602
2.947
3.55256
3.72003
3.43629
3.16311
3.5661
3.4432
3.01971
3.05898
3.888
3.54869
3.47466
3.84492
4.16242
3.00624
3.11843
3.48028
4.34191
3.42398
3.47778
3.90151
4.13644
3.53052
4.44073
3.68881
3.00221
3.54753
2.97053
2.9557
3.86133
2.87136
3.71037
2.93312
4.1381
3.75285
3.01428
2.97638
3.64249
3.32502
2.78478
3.19787
3.57497
3.75136
4.08178
3.47095
3.50975
3.65854
3.60986
3.69492
3.22473
2.84979
3.12048
3.29357
2.74448
3.71176
3.22292
3.03919
2.82794
2.96576
3.45329
3.73948
3.45861
3.54092
2.94452
2.74849
2.96286
3.6956
2.47667
3.0079
3.16202
3.08398
3.10763
3.02351
3.36186
3.69921
3.67414
3.43035
3.37049
3.8101
4.13262
3.55347
3.10599
3.25953
3.88896
3.0538
3.18482
2.9182
3.19354
3.58041
3.11728
4.036
3.64764
