1.79379
3.04372
1.78876
2.02528
2.14495
2.5965
2.71809
2.91424
1.75195
2.97018
2.91068
3.11259
1.99361
2.96857
2.75439
2.46098
2.57798
2.85786
2.54448
2.58058
3.01563
3.00318
2.60413
3.08236
2.83618
3.39239
2.65536
2.83952
2.44915
3.17101
3.70434
3.74923
3.47999
3.82101
2.9585
2.28022
2.39835
2.83092
2.28423
2.88848
3.24457
2.24063
3.40377
3.145
2.71819
2.64722
2.58949
2.42028
2.42194
2.63067
2.57993
2.44023
1.96106
3.04706
3.06509
3.39943
3.58804
2.38889
3.58082
3.34405
3.64786
3.5823
3.93705
3.65614
3.14682
2.82047
3.25799
3.10784
3.71331
3.15991
3.23768
3.38513
3.16269
2.95151
3.26284
3.0052
3.02704
3.21976
3.03898
3.29379
3.16094
2.98125
2.96089
3.17369
3.10977
3.1534
3.44909
3.74528
3.24775
3.18971
3.61523
3.33206
2.92486
2.96748
2.42814
3.04383
3.21173
3.3114
3.09209
3.28027
3.44217
3.03192
2.30083
2.91913
2.87292
4.52638
3.04871
3.4534
3.97645
3.31466
3.53885
4.50906
3.39203
3.05976
3.30003
2.94042
2.90951
3.60608
2.82158
3.63902
2.67492
3.13656
3.67956
2.62326
3.43636
3.22787
2.63344
3.02981
3.29406
3.73322
3.60821
3.97357
3.82173
3.34878
3.44739
2.9121
2.9479
3.16192
3.33964
2.51395
3.01377
2.73655
3.22309
2.79181
2.67155
3.06354
3.54825
3.09832
3.11131
3.08942
3.60821
2.30261
3.30017
2.95409
2.22064
2.5961
2.90095
2.41739
2.35414
2.47426
2.82149
2.61004
3.55882
3.70133
3.61941
3.70664
3.60948
3.59546
2.91999
2.99377
3.00106
4.02789
2.62237
3.20214
3.28885
3.05553
3.69799
2.96731
3.10843
3.56576
1.80991
2.50352
1.85927
2.19414
2.28282
2.46335
2.96945
3.00494
1.6596
2.91088
2.57769
3.25694
2.04708
3.13945
2.94013
2.40381
2.54556
3.25748
2.01584
2.73367
3.07092
2.29336
2.60933
3.35187
3.26655
3.31235
2.60962
3.75554
2.39264
2.76419
3.73021
3.77616
3.70761
3.51494
2.87135
2.48988
2.46065
2.8489
2.20844
3.12805
3.20606
2.46945
3.12212
3.3299
2.5448
2.35833
2.51187
2.69713
2.87954
2.82601
2.59391
2.36142
1.97796
2.85334
2.7779
3.26992
3.48339
2.84069
3.14516
3.18609
3.40749
3.88479
3.68984
3.2162
2.86763
3.23103
3.38954
3.11406
3.4726
3.55838
3.22939
3.34449
3.22507
3.22906
3.05286
2.99807
3.02918
2.89095
3.25887
3.20808
2.94674
2.88173
3.02215
3.34306
2.93308
3.02421
3.16742
3.03211
2.12312
3.28905
3.48196
3.35024
2.8199
3.04736
2.60846
3.03113
3.04797
3.38365
3.29994
3.26393
3.55728
3.35358
2.64693
3.405
3.29321
4.53377
2.7873
3.29574
4.07996
3.27184
3.31418
4.16324
3.38897
3.0234
3.13395
2.6399
2.85048
3.29832
2.86059
3.00472
3.0774
3.01339
3.14442
3.21056
3.27149
2.81789
2.87147
3.11357
3.25447
3.39712
3.68776
3.92167
3.38297
3.55901
3.46925
3.23835
3.23445
2.89047
2.87821
2.96217
2.72786
2.40563
2.79422
2.86357
2.97405
2.72803
2.86358
3.29129
2.97718
2.87387
3.01806
2.5958
2.25405
2.58151
2.29787
2.99103
2.61941
2.088
2.44958
2.55842
3.00007
3.10891
3.13911
3.73614
3.11544
3.04357
3.63929
3.9823
3.19142
3.06921
2.70917
4.05007
2.80894
3.19909
3.14275
3.09247
3.17243
2.68842
3.76507
3.31426
