1.72859
2.65706
2.2885
2.07293
2.21586
2.56102
2.66539
3.21278
1.7757
3.13765
3.06887
3.22757
2.15086
3.26525
2.63343
2.5299
2.61336
3.46005
2.76698
3.07425
2.6224
3.54613
2.67313
3.28936
3.26394
3.71779
3.08562
3.34685
2.8033
3.0168
3.30981
3.70652
3.68155
3.57024
2.96264
3.01486
2.98618
2.96094
2.84665
3.36435
3.39627
2.89311
3.86317
3.72574
2.88067
2.88302
2.96869
2.36058
2.52788
2.67939
2.43683
2.41301
2.24492
3.35042
3.50397
3.40516
3.64058
2.16843
3.71193
3.25607
2.82568
3.36773
3.93175
2.7223
2.537
3.27734
3.61522
3.03936
3.31395
3.74222
2.87531
2.97135
3.11298
2.87598
2.91412
3.10312
3.1583
3.07441
3.11551
3.17488
2.97453
2.80942
3.24423
3.09162
2.94121
2.85167
3.23926
3.12696
2.75193
3.32847
3.39527
3.29543
2.69471
3.37262
2.76181
3.01908
3.31341
3.30521
2.90201
3.3716
3.3599
3.17808
2.63846
3.01424
3.58641
3.88115
3.33202
3.20044
3.38069
3.4052
3.02849
3.48762
3.3452
2.84149
3.25491
2.96582
2.7332
3.46043
2.49946
3.4281
2.89076
3.4346
3.60795
3.25928
3.33451
2.95108
2.48411
3.11809
3.20375
3.33642
3.42104
4.04692
3.58678
3.49435
3.15279
3.12414
3.1447
3.23992
3.03374
3.26873
2.96346
2.70185
3.12439
2.82622
2.91844
3.26159
3.45846
3.50803
2.97959
3.04469
3.2538
2.71964
2.58807
3.09176
2.57906
2.62845
3.07608
2.98838
3.24611
3.02603
3.17955
2.82016
3.30489
3.09144
2.71931
2.98261
3.77739
3.40233
2.86728
2.91658
2.95737
3.7908
2.6961
3.48015
3.60652
3.40196
3.97711
2.71336
3.24366
3.10792
1.6916
3.02281
2.49558
2.05435
2.30969
2.59906
2.8022
2.89331
1.82716
3.12946
2.68169
3.1287
2.16363
3.04053
2.77127
2.74565
2.76386
2.86331
2.93031
2.43798
2.9062
2.44198
2.96664
2.81325
2.74043
4.16085
2.91773
3.24489
3.04824
2.9052
3.22843
3.75119
3.33932
3.28342
3.06786
2.76923
2.76727
3.05324
2.6102
3.18717
3.26817
2.82078
3.60509
3.16936
3.01118
2.91896
2.61492
2.64436
2.83937
2.93012
2.48825
2.4344
2.09053
2.98973
3.28832
3.35275
3.50065
2.46004
2.59083
3.04582
3.32071
3.33482
4.03148
2.93695
2.52938
2.6256
3.35971
3.10208
3.52776
3.11987
3.1537
2.82272
3.28298
3.10767
3.19617
3.11105
3.24239
2.9503
2.90433
3.19369
3.08538
3.05952
3.16925
2.94908
2.93012
2.86043
2.83697
3.10012
2.91585
2.97849
2.88736
2.66938
2.56079
3.25876
2.96792
3.21503
3.63107
3.94704
3.44189
3.15732
3.51834
2.9551
2.37098
2.9517
2.91889
4.05225
3.8551
3.1847
3.17006
3.29832
3.17162
3.32842
3.35761
2.73181
3.36475
2.8745
2.7701
3.29225
2.6286
3.27965
3.13097
3.58062
3.93587
2.81766
3.62428
3.3281
2.89388
3.12434
3.20679
3.14054
3.37968
3.57784
3.3416
3.35006
2.9087
2.93367
3.26768
2.93454
3.06261
2.94767
2.70843
2.52183
2.94605
2.7819
2.90331
3.06033
3.10727
3.26691
2.81959
2.93488
2.95477
2.44025
2.38688
2.9438
2.40971
2.56829
2.81948
2.99804
2.8697
2.85142
3.29066
3.288
3.26577
2.71687
2.73105
2.97295
3.1345
2.95731
2.90339
2.7537
2.90935
3.48505
3.03732
2.71525
3.32269
3.33861
3.53056
2.47042
3.4104
3.37523
