2.01812
2.98155
2.40761
2.29995
2.52862
2.64678
3.59672
3.12506
1.86063
3.42353
3.46091
3.31251
2.87423
3.05066
2.72876
2.69509
3.12092
3.10381
2.42655
2.83188
3.78813
3.37328
3.32053
3.20554
3.13219
3.42877
3.18681
3.04386
3.39642
3.41223
3.27513
4.31717
3.50763
4.01894
2.97624
2.78967
2.81461
3.3558
2.56126
3.01987
3.49292
3.05497
3.79015
3.54089
2.92321
2.8286
2.99529
2.72267
2.39421
2.79226
2.65535
2.75172
2.28955
2.96043
3.58389
3.81896
3.73792
2.2466
3.65337
3.2691
3.67584
3.32745
4.01605
3.21662
3.23477
2.83248
3.41672
3.03337
3.89509
3.92046
3.70277
3.11846
3.19032
3.70229
3.37219
3.50859
3.53813
3.34744
3.25898
3.19051
3.12883
3.43724
3.24126
3.19733
3.00122
3.17756
3.30768
3.36881
3.24015
3.57245
3.86196
3.61986
2.76323
3.44026
3.05599
3.10737
2.91531
3.28659
3.49174
3.71382
3.35158
3.00214
2.69144
2.99791
2.7254
3.45265
3.64527
3.56834
3.67958
3.12023
3.41519
3.01876
3.95546
3.2881
3.60346
3.54394
2.86657
3.61566
2.40314
3.3102
2.48424
3.71658
3.84621
3.26009
3.6496
3.6709
3.05076
3.39407
2.93088
2.96868
3.22802
3.83623
3.60723
3.15626
3.25647
3.28369
3.6833
2.95143
2.87514
2.95028
2.80239
2.79982
3.03546
2.85778
2.80627
2.73542
3.13334
3.5433
3.09758
3.15057
3.23508
2.85215
3.12427
3.09508
2.9094
3.32783
3.33358
2.42336
3.01404
2.71183
2.40994
3.44772
3.89176
3.47701
3.36698
2.73705
3.5077
3.26637
3.15706
3.19348
3.29431
3.66786
3.19237
2.99101
3.69708
3.07275
3.39128
3.08896
3.99102
3.67012
1.87811
2.72804
2.61579
2.21186
2.39013
2.59902
2.9311
3.0316
1.84325
3.06114
3.55735
3.116
2.34386
2.6906
2.66278
3.02844
2.84428
3.17324
2.72503
2.55967
3.25218
2.88107
2.50115
3.33338
3.09385
3.77524
3.00077
3.2935
3.11866
3.27206
3.38089
3.50283
3.25288
3.89764
2.96805
2.62294
3.03479
3.02422
2.57606
3.26554
3.02273
2.58644
3.58156
3.34349
3.19432
3.10117
2.96729
2.59149
3.01665
3.02323
2.73455
2.62867
2.41865
3.08581
3.48179
3.74515
3.50966
2.72125
3.5219
3.17039
3.87997
3.91605
3.96312
3.44628
2.96782
2.7919
3.35045
2.98322
3.8082
3.72628
3.24892
3.5008
3.16516
3.31096
3.70781
3.38729
3.49263
3.07146
3.21809
3.24015
3.40183
3.2303
3.07756
3.25886
3.51097
3.06331
3.20721
3.47114
2.902
3.52391
3.75298
3.58567
2.49187
3.31495
2.46861
3.05631
3.13917
3.41746
3.27351
3.61301
3.15835
3.32512
2.49264
2.95613
3.09513
4.09419
3.06647
3.38303
3.88667
3.49668
3.71397
3.00699
3.57162
3.11372
3.21192
3.12025
2.98641
3.36804
2.65221
3.16322
2.48643
3.73441
3.48836
2.73333
3.28914
3.65483
3.3762
3.26132
3.23844
3.19027
3.50771
3.84829
3.60555
3.27713
2.87983
2.9764
3.27616
2.96447
3.07148
3.23056
2.79268
3.14995
3.18635
3.11098
2.96621
2.68725
3.34093
3.42129
3.39406
3.36711
3.35763
2.64185
3.05657
2.90665
3.15827
3.0245
2.80872
3.15375
3.04692
2.64617
2.65949
3.85053
3.61003
3.08796
2.56176
3.22664
3.45322
3.67852
3.40136
2.99052
3.35504
3.26315
3.38145
2.54346
3.30045
3.26838
3.24082
2.7661
3.75912
4.21153
