2.05561
3.20576
2.69672
2.1863
2.47947
2.66707
3.06134
2.45191
2.68321
2.53625
2.83673
2.4206
2.38686
2.80301
2.97899
2.63258
2.85079
3.14112
2.38766
2.44422
2.96728
2.77622
2.94062
3.2456
3.32659
3.65874
3.4183
3.01288
2.60746
3.36567
3.80108
3.93235
3.93277
3.7349
3.04139
2.69803
2.72687
2.94245
2.62015
3.09871
3.03706
2.68662
3.62495
3.36342
2.76052
2.26474
2.97015
2.93084
2.68423
2.6607
2.90755
2.94963
2.60719
1.97488
2.77332
2.20727
3.34097
2.69
3.27694
3.43985
3.21231
3.65985
4.08662
2.88642
3.06002
3.3141
3.20766
3.25455
3.64645
3.87431
3.41492
3.70642
3.09261
3.21089
3.1065
3.51989
3.38377
3.12911
3.12982
3.36855
2.89566
3.46035
3.14425
3.16105
2.90989
3.23655
3.43433
3.92677
3.30171
3.70651
3.76202
3.67059
2.76252
3.56692
2.90225
3.02733
3.41599
3.48171
3.21651
3.63385
3.11403
3.43852
3.29531
3.01834
3.09474
3.67763
3.18476
3.52299
4.18913
3.35535
3.2832
4.25105
3.44701
2.99959
3.52791
3.54291
2.99771
3.66849
2.33528
3.08044
2.64111
4.23916
3.68094
3.28105
3.32512
3.73665
2.97349
3.17809
2.77829
3.19023
3.93988
4.12221
3.29932
3.49529
3.0133
3.14518
3.20531
2.88773
3.14468
3.36063
3.10857
2.88119
3.21467
3.2907
2.81948
2.55556
3.10023
3.36132
3.10633
3.31769
3.28865
2.34659
3.76237
2.75736
2.91331
3.17182
2.68995
2.54067
2.83477
3.15694
3.36511
2.92141
3.51055
3.68506
2.85596
3.47875
3.48147
3.56538
3.25537
3.08396
3.22908
3.54747
2.9804
2.85687
3.38535
3.49526
3.29717
3.16647
3.55904
3.73807
1.89748
3.20514
2.77899
2.21689
2.61991
2.61402
2.95686
3.09096
1.95186
3.05587
3.10885
2.87754
2.51103
2.99435
2.89879
2.45152
2.83616
3.46314
2.68758
2.67586
2.90281
2.63689
2.85633
3.42916
3.14358
4.15618
3.24122
3.66822
3.00386
3.74805
3.26904
3.78567
3.73383
3.50704
3.02977
2.65716
2.76401
3.09534
2.58934
3.47901
3.31097
2.58039
3.8129
3.38037
2.65038
2.82413
3.08756
3.06096
2.64882
2.98362
2.68706
2.83971
2.26018
2.88249
3.07711
3.6084
3.77562
2.83526
3.59607
3.64221
3.55419
3.94699
4.40926
2.68713
3.11923
3.85239
3.49309
3.46013
3.95827
4.12852
3.49997
3.56731
3.20302
3.31186
3.01593
3.1632
3.16855
3.01175
2.88702
3.20781
3.26408
3.14673
3.70278
2.96539
2.90612
2.98221
3.25868
3.34286
2.8911
3.30387
3.82688
3.41338
2.84402
3.25123
3.02108
2.97549
3.29994
3.20005
3.25044
3.41767
3.69137
3.35843
3.09341
3.37891
3.59427
4.02464
3.39202
3.29262
3.68691
3.70832
3.54039
4.31272
3.4592
2.71848
3.24613
3.14173
3.10104
2.91338
2.79853
3.02382
2.58757
3.82717
3.99046
3.39522
3.40811
3.9595
3.22332
2.5984
2.85234
3.03045
3.92847
3.79951
3.08951
3.27422
3.11232
3.23969
3.62975
3.20256
3.24057
3.35698
3.12779
2.676
3.33167
3.13957
3.19268
2.94153
3.256
3.43265
3.54289
3.27683
3.36958
2.86421
3.57943
2.84014
3.14684
3.41284
3.19803
2.81201
3.0626
3.14355
3.29582
3.89935
3.70803
3.70143
2.70315
3.47563
3.55694
3.35108
3.3772
3.08986
3.23265
3.71074
3.35871
3.53915
3.38477
2.91872
2.70033
3.07225
3.48708
3.72937
