1.82117
2.90982
2.13389
2.03389
2.4597
2.664
3.18155
3.01016
1.86358
3.1701
2.53299
3.47591
2.65332
2.67026
2.58527
2.74667
2.83778
2.93046
2.7267
2.68448
2.9075
2.64952
2.42478
3.35294
3.23264
3.47488
2.98079
2.85087
3.21035
3.17291
3.54848
3.88295
3.42328
4.20954
3.17938
2.34508
2.51712
3.27394
2.29829
3.31767
3.54856
2.54787
3.57644
3.19924
2.64106
2.58253
2.84132
2.68237
2.51795
2.69254
2.91562
2.7528
2.06057
3.08186
3.24798
3.65105
3.51238
3.15745
3.6267
3.69184
3.79192
3.83007
3.6988
3.71636
3.50092
3.29364
3.11642
3.15845
3.73757
4.08677
3.70192
3.61818
2.94507
3.64463
3.45457
3.49367
3.36815
3.32277
3.57742
3.16937
2.92082
3.03564
2.88255
3.09088
3.00349
3.04436
3.46298
3.4798
3.16982
3.90868
3.747
3.39961
2.86946
3.8954
2.35963
3.22868
3.17691
3.85694
3.25744
3.55665
3.5914
3.21989
2.78308
2.97809
2.97251
4.05063
3.57775
3.43687
3.80728
3.68963
3.59455
4.36774
3.56557
2.90093
3.53001
3.55843
2.84345
3.48475
2.69139
3.26957
2.70744
3.9778
4.3248
3.10664
3.29267
4.1737
3.3521
3.4111
3.27245
3.34049
3.82204
3.92435
3.2603
3.416
2.81461
2.75708
3.00037
3.17122
3.34092
3.14759
3.05599
2.75061
3.23372
2.88
2.96493
3.07792
3.14634
3.37472
2.99358
3.15363
3.10967
2.7138
3.36608
3.41181
3.76483
2.88929
3.30751
2.77697
2.60224
3.02164
2.99615
3.88733
3.46014
3.73725
3.47389
3.25718
4.00912
3.53307
3.28719
3.06227
3.28421
4.15356
3.01796
3.37339
3.3887
3.28337
3.6494
3.54015
3.79622
3.00311
1.75329
3.06057
2.52696
2.21049
2.57777
2.66744
2.82108
2.90205
1.80052
3.10591
2.72738
3.37439
2.3797
2.87213
2.78201
2.33965
2.8419
3.60971
2.64571
3.26093
3.11354
3.06333
3.17643
2.98035
3.35075
3.85242
2.60985
3.19478
2.89678
3.49545
3.0743
3.77339
3.92955
4.22568
3.13817
2.17349
2.80793
3.22854
2.07595
3.5764
3.62399
2.5536
3.65909
3.28959
2.60714
2.56869
2.9774
2.36755
1.97778
2.77851
2.81398
2.74364
2.11419
3.06716
3.17183
3.25293
3.6934
2.41376
3.16266
3.45216
3.96053
3.68774
3.9711
3.7679
3.83961
3.4099
3.19234
3.16749
3.70651
3.87562
3.69361
3.34499
3.06876
3.3066
3.48042
3.18556
3.31781
3.24655
3.20338
3.13983
2.89869
2.91156
2.99674
2.9202
3.1731
2.93042
3.37291
3.28402
2.96013
3.57685
3.56863
3.32061
2.56536
3.81125
2.99855
3.40804
3.25733
3.62648
3.38589
3.57897
3.14299
3.43085
2.74972
3.0775
3.10068
4.49981
3.78112
3.52528
3.84247
3.86026
3.63964
4.66381
3.60565
3.03489
3.53588
3.49338
3.37952
2.79248
2.43884
2.58656
2.79756
3.97166
4.16622
2.50776
3.40053
4.0923
3.42475
3.60764
2.88975
2.97501
3.89625
3.98087
3.20064
3.25728
3.41972
2.87899
3.40806
3.28192
3.20974
2.77109
2.80219
2.97759
3.33216
2.98513
2.72561
3.10173
3.12189
3.49123
3.17539
3.16796
3.3254
2.26904
3.33937
2.99006
3.12257
2.71303
2.85858
2.76955
2.71921
3.41787
2.84059
4.01
3.33757
3.67693
3.88629
3.52224
4.12755
3.14003
3.63574
3.13725
3.17554
3.63519
3.02105
2.60362
3.23874
3.4323
3.25982
3.52034
3.85346
4.42482
