1.83078
2.71206
2.37764
2.08076
2.43376
2.67137
3.08266
3.04104
1.65483
3.21488
2.7027
2.86819
2.15288
2.64376
3.02837
2.46508
2.51402
3.57201
2.45524
2.62398
3.46324
3.56394
2.80307
3.33547
3.13183
3.48739
3.06426
3.11125
3.40067
3.20808
3.42283
3.8305
3.86987
4.14883
3.2186
2.62923
2.88134
2.95407
2.34279
3.22151
3.33429
2.61048
3.84917
3.37868
2.71265
2.57264
2.46902
2.95645
2.78223
2.65322
2.78584
2.68126
1.83603
3.1977
2.97487
3.32298
3.63543
1.86051
3.87554
3.73766
4.04882
3.50048
3.8807
3.42248
3.07597
2.81829
3.29451
3.28511
3.40038
3.58842
3.46869
2.78801
3.13384
2.92233
3.55258
3.32229
3.51543
3.16854
2.94792
3.28073
2.84043
2.83395
2.97109
2.98798
3.02117
2.99435
3.00206
3.74942
3.11372
3.02721
3.54624
3.34945
3.06125
4.01297
2.81497
3.10498
3.32989
3.53767
3.51607
3.65444
4.02689
3.44092
2.56625
2.86335
2.97915
3.78752
2.94686
3.35151
3.64354
3.42133
3.23579
4.27188
3.09511
3.0078
3.19578
2.78788
2.99886
3.1454
2.14865
3.1596
2.53644
3.94685
4.10443
3.12027
3.30961
3.17558
2.62252
3.11417
3.02553
3.36809
3.95759
3.86189
3.16633
3.35908
3.07911
2.87371
3.4326
3.42763
3.06166
2.81006
2.771
2.61632
2.89922
3.15257
2.80047
2.47183
2.91437
2.78378
3.09226
3.22387
3.17367
2.05408
2.74966
2.6755
2.29895
2.97793
3.11774
2.3787
2.91017
2.70417
3.15664
3.54766
3.35042
4.10951
3.10528
2.93427
3.34035
3.43596
3.0754
2.98538
2.93894
3.70253
2.88658
2.74029
3.41691
3.06041
3.50106
2.80724
3.19399
3.21908
1.87153
3.14658
2.07707
2.2284
2.29827
2.738
3.12327
2.94066
1.89748
3.07801
2.73133
3.04226
2.32192
3.45464
2.58762
2.62208
2.80833
3.33711
2.58221
2.43734
2.39311
3.20323
3.25276
2.75533
3.5354
3.48005
3.20454
2.93879
3.05782
3.26851
3.40629
3.88064
4.0472
3.29101
3.06401
2.4627
2.5726
3.05042
2.62071
3.27376
3.22629
2.50892
3.33048
3.26029
3.0332
2.72694
2.59219
2.41131
2.85097
2.76427
2.67149
2.64063
2.05434
2.99497
2.98848
3.84798
3.53849
2.54172
3.32605
3.26922
3.39235
3.85499
3.91651
3.33376
2.98148
2.87417
3.04255
3.2855
3.30126
3.75915
3.12031
2.8566
3.07519
3.33392
3.12242
3.45141
3.1417
3.12199
2.947
3.10957
2.83065
2.81419
2.98276
2.97837
2.76695
2.80752
2.9389
3.60308
2.77503
3.25208
3.09214
3.45091
2.76232
3.65123
2.70072
3.03681
3.35789
3.77238
3.34996
3.06312
3.87186
3.51761
2.85559
2.94596
3.14045
3.75832
3.34661
3.3572
3.71761
3.68559
3.44453
4.2233
3.49095
2.88119
3.50431
2.79803
2.77669
2.76613
2.32479
3.27713
2.96322
3.12529
3.93834
2.53277
3.23428
2.56309
2.73632
2.86743
2.7425
3.12917
3.63628
2.68085
3.36729
3.36036
3.21474
3.61734
2.91601
3.31229
2.73341
2.91501
3.44045
2.52833
2.81154
2.80742
2.72907
2.71415
2.97473
3.06045
3.2264
3.0646
3.24644
2.45709
2.53577
2.80125
2.40331
2.63418
2.76318
2.20139
2.54812
2.39741
2.78021
3.12113
3.5429
3.17348
2.43139
2.82774
3.93647
3.41829
3.30128
2.56681
2.7285
4.46244
2.90219
2.51898
3.31486
3.10516
3.66682
3.246
3.47863
4.01918
