1.76297
2.7359
2.44028
2.18012
2.63675
2.85181
3.60269
3.02771
1.7524
3.02747
2.89193
3.37469
2.45508
2.55586
2.93608
2.61526
2.64165
3.37944
2.75797
3.1181
3.72141
2.96273
2.73246
3.39574
3.50049
4.12369
3.02937
3.28286
2.99083
3.28571
3.55748
3.91586
3.69142
3.89019
3.28491
2.60291
2.93311
3.12763
2.55679
3.35839
3.84177
2.61519
3.45121
3.6969
3.28592
3.10665
3.01584
2.25315
3.02664
3.07236
2.63376
2.52677
2.22586
3.39736
3.23062
3.76796
3.93635
2.40771
3.46323
3.39999
3.26198
3.59094
4.00272
3.32511
2.90614
3.18906
3.46128
3.04212
3.4872
4.01982
3.59813
3.86451
3.38254
3.14684
3.24933
3.4811
3.50957
3.15286
3.31875
3.02978
2.74505
3.05055
3.16015
3.02983
3.22135
3.23215
3.14463
3.50151
3.00332
3.6404
3.80071
3.41098
2.84718
3.79522
2.86067
3.02607
3.32408
3.46589
3.09389
2.96005
3.07069
2.84422
2.7239
3.06185
3.10778
4.04313
3.57161
3.67346
3.74599
3.73841
3.47998
4.39858
3.25662
3.06209
3.05115
2.99471
2.82949
3.06758
2.46618
2.79682
2.93244
3.21024
4.03998
3.377
3.80872
3.33682
3.02248
3.17917
3.45194
3.84378
3.85329
3.79562
3.57935
3.41683
3.31631
2.94443
3.73988
2.8895
3.5589
3.39228
2.93705
2.70475
3.11955
3.2631
2.84045
2.5947
2.97956
3.33103
3.00196
3.02808
3.3557
2.37289
2.36003
2.87933
2.70299
3.24036
2.6802
2.79483
2.97825
2.90799
3.10592
3.91909
3.11671
3.13196
2.5112
3.61211
3.46043
3.28959
3.13286
3.04262
3.78095
3.61006
3.03181
3.20723
3.92346
3.21524
3.71807
2.98657
3.27478
3.66624
1.73224
2.6457
2.20713
2.16273
2.70289
2.90235
3.59118
2.92802
1.82692
2.89251
2.66547
3.27395
2.78313
2.63557
3.09109
2.62625
2.57345
3.32296
2.54901
2.99668
3.31037
3.22715
2.88333
2.46942
3.03927
3.79769
3.31614
3.27551
3.22847
3.67422
3.51536
3.87921
3.69119
4.00884
3.02592
2.66647
2.81968
3.26995
2.33296
3.43501
3.4982
2.95438
3.62942
3.57453
2.94095
3.11123
2.87679
2.37873
2.47197
2.82891
2.78932
2.57775
2.08411
3.46589
3.60118
3.12171
3.6832
2.02588
3.54384
3.20119
3.49216
3.30149
3.95199
3.36978
3.64966
3.46536
3.34638
3.02691
3.81376
4.0566
3.5926
3.79764
3.0605
3.21781
2.80181
3.34274
3.59297
3.22649
2.81048
2.89915
2.56322
2.78166
3.04916
3.2912
3.30468
3.44208
3.65901
3.80732
3.14636
3.61023
3.73394
4.2061
3.01031
4.02676
2.65159
3.08333
3.35971
3.8656
3.46779
3.81157
3.36922
3.06567
2.54119
3.06487
3.33728
4.33674
3.15049
3.3549
3.99743
3.75454
3.77662
4.65509
3.75733
3.18001
3.39921
2.79894
2.9818
2.84976
2.46191
2.72741
3.05474
3.0783
4.12557
3.00928
3.27666
3.1409
3.06926
3.48669
3.31245
3.77604
3.67693
3.76712
3.50529
3.34053
3.81378
3.66683
3.41558
3.01825
3.26433
3.49264
2.54756
2.54721
3.12748
3.11518
3.16369
2.67036
3.19377
3.14627
3.36796
3.05882
3.20835
2.62861
2.67775
2.96819
2.76693
3.07228
2.80976
2.85939
2.95259
3.1342
2.89375
3.42965
3.22441
3.29192
2.6822
4.02315
3.71229
3.49357
3.15645
3.32162
3.24621
3.817
2.65465
2.65124
3.61164
3.38428
3.32731
3.1531
3.57055
3.99536
