1.88555
2.68573
2.27288
2.34885
2.50233
2.69693
2.84142
2.78678
1.62293
2.64372
2.23628
3.17949
2.6623
2.3604
2.83597
2.58498
2.61465
3.18259
2.393
2.89857
3.21159
2.96883
2.25646
2.86791
3.36997
3.42692
2.93983
3.06888
2.87397
3.55146
3.37359
3.7672
3.27025
3.76317
2.82157
2.48579
2.67821
2.8552
2.82717
3.18361
2.8042
2.44214
3.47223
3.23582
2.91316
2.74842
2.69454
3.16243
3.68212
2.80519
2.45247
2.64433
2.00172
3.04751
3.46295
2.91702
3.60417
2.52501
3.28958
3.20878
3.51231
3.4351
3.69001
2.93856
2.59771
2.88318
3.00884
2.84368
3.45558
3.68118
3.22291
2.97365
2.73151
3.13552
3.0654
2.99762
3.28203
2.85341
2.59545
2.83347
2.60472
2.84813
2.61633
2.66299
2.81608
2.8361
3.02037
3.1552
3.06567
3.46027
3.04785
3.18338
2.78311
3.32936
3.10178
2.81508
3.02721
3.34879
3.32387
2.93066
3.06414
2.97227
2.66041
2.68035
2.64437
4.51564
3.43006
3.06853
3.94198
1.99357
3.30584
3.8002
3.42673
3.07065
3.08406
3.09426
2.80592
3.89964
2.5933
3.234
2.98314
3.44687
3.29939
2.69295
3.41236
3.79712
2.88838
3.4108
3.1848
3.33285
3.73803
4.03791
3.0118
2.99145
3.39003
2.88428
3.37294
3.03955
3.16836
2.78218
2.61562
2.70486
2.94275
2.89717
2.82648
2.69966
2.9372
3.45272
2.87382
2.92469
3.40927
2.29586
3.45585
3.25767
2.95556
2.79162
2.66111
2.54583
3.244
2.58438
3.07578
2.89116
3.38104
4.0353
2.80372
2.65674
3.45311
3.09153
2.40749
2.69174
2.75521
3.96496
3.11761
2.88319
3.26592
3.07944
2.90453
2.73956
3.32477
3.08641
2.00141
2.88798
2.63296
2.43134
2.47011
2.48874
2.7611
2.79749
1.77417
2.862
3.46398
3.29374
2.61389
2.33601
2.78483
2.61714
2.59286
3.02641
2.50164
2.74358
2.86069
2.68463
3.02212
3.0124
2.67781
3.61793
3.4468
2.8418
3.12339
3.56519
3.22575
3.75897
3.32523
3.70543
2.90816
2.67176
2.28273
2.87103
2.67801
3.26672
3.13869
3.02124
3.20247
3.47358
2.88866
2.2934
2.44425
3.07591
2.94984
2.70478
2.68085
2.57305
1.94946
3.05933
2.88951
3.54345
3.74782
2.66981
3.24582
3.17216
3.329
3.26022
3.61326
3.04311
3.10176
2.52548
3.19442
2.87876
3.29907
3.53886
3.06923
2.78599
2.58491
2.78001
2.90365
2.99784
3.07925
2.98059
2.68684
2.74148
2.47346
2.40614
3.2268
2.91261
2.70355
2.65182
3.06354
3.47383
2.40989
3.30141
3.27083
3.03482
2.80993
3.59066
2.58761
2.92261
3.05098
3.32048
3.0902
3.3645
2.89046
3.54786
2.63423
2.64283
2.33899
3.88404
3.26804
3.41239
4.2854
3.29767
3.66738
4.00434
3.8409
3.0661
3.3084
3.15529
2.7132
3.60758
2.70563
2.83103
2.76628
3.52595
4.01101
2.81733
3.01264
3.6935
3.12034
2.99565
2.94224
3.11592
3.86461
3.57684
3.47558
3.08444
3.18882
2.89839
3.29005
2.95183
2.9049
2.64978
2.437
2.46693
2.76609
2.89318
2.80514
2.69297
2.85268
2.67474
3.22238
2.99118
2.96564
2.16132
3.00633
2.96441
2.77393
2.34988
3.07057
2.45664
2.74168
2.55077
2.79846
3.07909
3.50464
3.89399
3.30704
3.48056
3.55712
3.17347
2.80251
2.584
2.76353
4.10984
3.05378
3.11013
3.42338
2.8663
3.45
2.97164
3.02235
3.35693
