1.91817
2.77794
2.45979
2.24827
2.3514
2.74997
2.87471
3.06065
1.83204
3.14346
3.13513
3.43433
2.2333
2.39942
2.71328
2.41576
2.47179
3.4132
2.74911
2.43579
2.60251
3.60487
2.61156
2.93674
2.63159
3.60342
3.09233
3.21834
3.25204
3.37477
3.43356
3.74015
3.57477
3.48087
2.8999
2.69475
2.90723
3.14078
2.59613
3.10145
3.18293
2.56895
3.62724
3.39353
3.01423
2.44111
2.53006
2.41673
2.51466
2.61931
2.9107
2.58247
2.20022
3.29668
3.45673
3.23944
3.84234
2.06543
3.58299
3.20766
3.25357
3.17372
3.47164
3.02876
2.75654
3.40664
3.0554
3.10127
3.44753
3.46989
3.0857
3.42235
3.07875
3.09499
3.44211
3.37363
3.33879
3.1265
2.96147
3.06854
3.0128
2.9644
3.21264
3.03927
2.96847
2.93774
2.88607
3.22542
3.15836
2.93975
3.59611
3.29421
2.70013
3.54828
2.48301
2.9665
3.1464
3.07019
3.29759
3.22632
3.39319
3.37131
2.94719
3.06229
2.87588
3.54976
3.03055
3.23436
3.38501
3.0549
3.62849
4.11233
3.37618
3.30443
3.11171
2.81544
2.56132
3.46469
2.48651
3.2535
2.50259
3.65734
3.87909
3.06562
3.41188
3.48323
2.86237
3.376
3.2815
3.77188
3.57944
3.95506
3.20176
3.61831
3.29928
3.05429
3.48021
3.08062
3.3917
2.97936
3.05521
2.61937
3.21223
2.76713
2.72645
2.81514
3.23537
3.13931
3.15883
3.10879
2.95365
2.08736
3.2082
2.9737
2.67754
2.5499
2.88249
2.9449
3.48412
2.52942
2.95142
3.29033
3.94813
3.06614
3.25498
2.80809
3.5383
3.43788
2.90971
2.92975
3.15892
3.56059
2.82316
2.6548
3.83145
3.38282
3.16991
2.64031
3.42957
3.42812
1.73458
2.81022
2.72211
2.18515
2.50354
2.72631
3.52142
2.9604
1.85249
3.04702
3.21756
3.40363
2.35598
2.60084
2.63449
2.66274
2.52313
3.55469
2.89247
2.599
2.86915
3.33684
3.03454
3.02942
3.12925
3.68618
2.8337
3.59841
2.80961
3.13163
3.28126
3.62276
3.67946
3.88212
2.90404
2.47985
2.69166
2.85399
2.33261
3.27163
3.22641
2.71125
3.73199
3.04785
2.96948
2.41071
2.56932
2.48687
2.47863
2.65577
2.78554
2.46151
2.24255
3.45852
2.81245
3.96217
3.51866
2.33972
3.38859
3.39574
2.94036
3.51343
4.02363
3.19705
3.12394
3.43841
3.10583
2.95877
3.56417
3.54692
2.87274
3.56357
3.19916
2.99827
3.32532
3.00247
3.28167
3.52683
2.75572
3.08032
2.94394
3.00084
3.3452
3.15683
3.0527
3.09806
2.9911
3.2203
2.88332
3.04105
4.0116
3.37891
2.57244
3.10397
2.47564
3.11997
3.3074
3.07931
3.01721
3.10275
3.02626
3.2793
3.14705
2.93203
3.11849
3.36158
2.69326
3.38504
3.34952
3.17932
3.48911
3.10158
3.32831
3.21049
3.48419
3.01296
2.7357
3.52841
2.58431
2.67898
2.72799
3.708
4.16352
2.85309
3.25608
3.44087
3.34245
3.31167
2.86196
3.7084
3.52945
3.6177
3.39651
2.91643
3.00868
2.67898
3.17299
2.96316
3.29024
3.05313
2.93727
2.60295
3.04272
2.70731
2.90557
2.9384
3.06216
2.99338
3.19967
2.95723
3.19937
2.10596
2.51163
2.9594
3.10528
3.46153
3.53673
2.88268
2.63609
2.81094
2.95581
3.50429
3.6258
3.30236
2.40094
3.09664
3.65147
3.42519
3.39062
3.08878
2.96134
3.91354
2.93266
2.77703
3.34836
3.01782
2.97369
3.18991
3.15546
3.34551
