2.17961
3.07713
2.34942
2.33971
2.54612
2.65248
3.16932
3.11582
1.74858
3.04108
2.87488
3.11786
2.46036
2.88966
2.72997
2.29932
2.5429
3.29942
2.71215
2.88597
2.84391
3.00865
3.10252
3.41345
3.34615
3.8173
3.33405
3.52509
2.40576
3.35254
3.66207
3.81801
3.93636
3.91284
3.33953
2.69935
2.80172
3.36182
2.68921
3.30924
3.21372
2.63403
3.85855
3.40659
2.75998
2.23465
2.52376
2.32308
2.13268
2.6527
2.48087
2.7447
2.11587
3.02401
3.35661
3.28362
3.27745
2.67847
3.83014
3.48707
3.69495
3.58493
4.16462
3.18593
3.50151
3.13307
3.25348
3.24765
3.51343
3.95782
3.32213
3.19715
3.24897
3.09862
3.07061
3.59598
3.31181
3.05566
3.40835
3.38716
2.70691
2.86797
3.00864
3.12601
2.971
3.07168
2.89472
3.10645
2.86066
3.06478
3.47152
3.41811
2.98502
3.71915
2.84572
3.12404
3.77934
3.03343
3.37306
3.49563
3.54029
3.48861
3.02364
3.24094
3.39455
4.08458
3.80863
3.2656
3.81494
2.23784
3.70797
3.59971
3.84167
3.48006
3.67108
3.19461
2.87237
3.5673
2.36057
3.3951
3.09583
3.98921
4.16866
3.32854
3.84535
3.87938
3.44305
3.45246
3.3887
3.82963
3.86459
3.65042
3.63363
3.61126
3.02793
3.08893
3.2277
3.0805
3.2951
3.14745
2.85216
2.50445
3.32276
2.74254
3.05226
2.87248
3.39673
3.43467
3.04935
3.21961
2.987
2.43603
3.23556
3.16358
3.09606
3.09612
2.98303
2.889
3.1244
2.87668
2.95956
4.01334
3.92838
3.82684
2.95704
3.12982
3.7461
3.893
3.31179
3.02395
3.06285
3.95584
3.29997
3.68706
3.77421
3.07534
3.48331
2.7347
3.49234
3.6367
2.21676
2.94488
2.46074
2.36283
2.58515
2.59862
3.11509
3.17811
1.77872
2.97092
3.53591
3.23464
2.35675
2.77613
2.70651
2.80398
2.72467
3.24809
3.10606
2.42833
2.98315
2.78701
3.1743
3.29525
3.10209
3.60736
2.80709
3.35353
2.74269
2.65602
3.64607
3.78856
3.29472
3.89979
3.42714
2.58518
2.64579
3.12186
2.46923
3.33777
3.06369
2.43264
3.63453
3.18559
2.55996
2.67509
2.7644
2.55724
2.58447
2.79544
2.74496
2.75741
2.1717
3.47146
3.53125
3.67136
3.35411
2.76748
3.27146
3.41778
3.57735
3.25503
3.60332
3.05548
2.85281
3.45745
3.38857
3.28625
3.44082
3.44424
3.21792
2.95864
3.12676
3.4361
3.21209
3.31118
3.34819
3.03909
3.17411
3.07747
2.86479
2.94694
2.84842
3.15114
2.97452
3.10331
3.13044
3.15398
2.90105
2.93433
3.74301
3.47709
3.029
3.98486
3.04278
3.26502
3.47471
3.21031
3.42027
3.39709
3.15064
3.21125
3.14155
3.55444
3.61169
4.10699
3.46633
3.65432
3.76225
3.08684
3.66537
4.17835
3.10102
3.02841
3.34223
3.01377
2.98537
2.93497
2.39348
2.96853
2.95181
4.09726
3.88451
3.32163
3.32749
3.70961
3.43127
3.24621
3.39778
3.3155
3.77375
3.83966
3.615
3.6635
3.31979
3.1862
3.38988
3.02211
3.23748
3.16935
2.99332
2.8712
3.38825
2.84977
2.90083
2.88461
3.15383
3.30084
3.38509
3.14187
3.02726
2.6937
3.4058
2.93201
3.10669
2.71135
3.23324
2.88953
3.14478
2.88384
2.99595
3.91481
3.85879
3.59374
3.05012
3.41488
3.58182
3.10833
3.52137
2.89648
2.84749
3.7669
3.22917
3.09924
3.78559
3.23789
3.61597
2.7771
3.91695
4.0141
