1.98063
2.8089
2.56343
2.34254
2.4966
2.68988
3.08336
2.93519
1.85374
2.70739
2.95017
3.06986
2.60957
2.32971
2.75616
2.72725
2.64239
3.16859
2.51338
3.24146
2.84055
2.76564
2.92624
3.40023
3.30494
3.61831
3.4718
2.86215
3.267
3.28603
3.22579
3.76624
3.29685
4.2941
3.1507
2.80567
2.69736
3.20108
2.64908
2.99405
3.10799
2.86835
3.66361
3.6014
3.03952
2.76334
2.89878
2.5388
2.49561
2.90548
2.69347
2.70371
2.24876
2.98736
3.12816
3.3869
3.59928
2.06875
3.20633
3.28305
3.71116
3.241
3.80897
3.00657
2.93256
3.25616
3.35195
3.20378
3.4412
3.48422
2.93747
2.9543
3.17079
3.17673
3.12314
2.9345
3.17398
3.06037
3.10206
3.1009
2.88201
3.1328
2.96518
2.87682
2.90482
2.99173
3.14593
3.46191
3.22111
3.21847
3.48543
3.38035
2.77721
3.80446
2.74012
2.9276
3.2831
3.2979
3.67971
3.569
4.05259
3.35922
2.78347
3.05535
3.14206
4.0766
3.63951
3.5318
3.95155
3.16785
3.85172
4.84623
3.37827
3.29641
3.22546
3.39085
3.00216
2.81486
2.4279
3.14763
3.59783
3.76333
3.79738
2.86785
3.35688
3.61947
2.78657
3.32332
3.28543
3.56863
3.483
3.51344
2.96216
2.85193
3.17446
3.15755
3.27523
3.12792
3.2255
2.90549
3.16762
2.87502
3.23185
2.69967
2.99103
2.99102
3.55154
3.4429
3.23025
3.16215
3.0699
2.73688
3.35338
2.70145
2.61308
2.80496
2.73197
2.82673
2.99041
2.85312
3.0293
3.48547
3.52459
3.85251
3.01225
3.20515
3.63512
3.3969
3.04464
3.22503
2.9423
3.37514
3.19568
2.95989
3.20649
3.07976
3.19082
3.17983
3.48732
3.96735
1.8555
2.8009
2.4811
2.39379
2.53634
2.63095
3.10755
2.9568
1.74386
2.8178
2.66495
3.20898
2.26572
2.64884
2.5858
2.55738
2.50058
3.12162
2.79837
2.45697
2.75709
2.75389
2.66341
2.77268
3.05741
3.3456
3.30657
2.98261
3.34935
3.20348
3.53403
3.49467
3.52208
3.57283
3.02051
2.65976
2.85839
2.91923
2.63167
3.07823
3.28679
2.5764
3.4005
3.18441
3.0193
2.57772
2.83414
2.57722
2.71521
2.4847
2.62912
2.50404
2.11037
3.16507
3.07724
3.29213
3.13111
1.9646
3.38169
3.63906
3.38696
3.26286
3.61248
3.34626
2.97073
3.08748
2.87581
3.10243
3.65503
3.23003
3.30855
3.47018
3.14428
2.95373
3.23136
3.54218
3.12845
2.96626
2.86253
2.93151
2.8899
2.87063
3.0076
2.94918
2.90003
2.98964
3.09642
3.21419
2.93576
3.32402
3.37277
2.83696
2.79221
3.63483
2.84101
2.78282
3.09448
3.17997
3.46958
3.43076
3.05576
3.4387
2.95754
2.82204
2.92278
4.35714
3.03089
3.39472
3.83489
3.35259
3.52692
3.88822
3.66991
3.10036
3.25226
3.18788
2.83158
2.9999
2.3827
3.02592
3.32083
3.81949
3.35738
2.71109
3.18478
3.65228
3.27136
3.09841
2.90517
3.10823
3.30817
3.25045
3.34084
3.16476
3.19826
3.34738
3.56195
2.98365
2.74659
2.84577
2.6489
2.52491
3.34004
3.00869
2.83238
2.89367
3.37442
3.12638
3.19249
2.98329
2.82836
2.42941
3.0519
2.79811
3.24355
2.8604
3.19953
3.1396
3.03151
3.19557
2.90746
3.38151
3.68132
3.71016
3.17593
3.01009
3.94574
3.15963
3.22066
2.87756
3.13236
3.13776
2.62208
2.44799
3.19257
2.83908
3.25249
3.12224
3.41567
3.60705
