2.08464
2.50626
2.58792
2.44985
2.48119
2.59569
2.84837
2.79943
1.78511
2.83709
2.62307
3.58387
2.59625
3.26662
3.08871
2.62743
2.74942
3.0837
2.87676
2.6545
2.90402
2.93754
2.75774
3.17441
3.14959
3.93852
3.2532
3.34921
3.63637
3.29792
3.65799
3.78441
3.66372
3.68204
3.23258
2.23587
3.09975
3.26696
2.72457
3.21711
3.07543
2.85678
3.54515
3.20804
3.17536
3.03415
2.75547
2.31628
2.87177
2.99144
2.52951
2.47082
1.99963
3.31092
2.9657
3.51943
3.08894
2.83206
3.51921
3.19199
3.80283
3.59523
4.10964
3.3116
2.82269
3.1984
3.33308
3.21348
3.80966
3.56592
3.4763
3.80631
3.06037
3.41576
3.9254
3.82505
3.18819
3.12543
2.94314
2.69867
2.68908
2.88341
2.99989
3.29413
3.3408
3.12054
3.50843
3.04455
2.85699
3.93228
3.54671
3.7355
2.96399
3.7376
2.60731
2.68472
3.47796
3.64038
3.186
2.86957
3.55097
3.566
2.69485
2.79146
3.20713
4.15079
3.82572
3.55675
4.38112
4.44662
3.62819
4.40691
3.85363
3.30129
3.20637
2.84082
2.79805
2.92489
2.45511
3.03287
2.94766
3.49922
4.70119
3.11131
3.33565
3.44235
2.97087
3.18615
3.38179
3.43286
4.05831
3.99059
3.41678
3.22477
3.35976
2.962
3.02239
3.14851
3.13627
3.17165
3.15477
2.64836
3.31782
2.92212
2.98994
3.06357
2.86862
3.22123
3.20779
3.20903
3.12152
2.78787
2.95954
2.80874
2.92471
3.08963
2.94707
3.1485
2.8999
3.18757
2.90964
2.48086
3.41614
3.91717
3.5836
3.64149
4.01008
3.92686
3.3549
3.00577
2.73578
3.89922
2.97548
3.19956
3.36965
3.08004
3.62872
3.84142
3.30197
3.72534
1.95316
2.4767
2.64817
2.1856
2.42449
2.68296
3.30748
2.878
1.90689
3.02617
2.9172
2.91616
2.20806
2.66359
2.92856
2.5804
2.72016
3.14205
2.48183
2.64377
2.49519
2.8681
3.02183
3.09337
2.89324
3.54773
2.93009
3.11568
3.10712
3.26283
3.85233
3.70992
3.30261
3.84213
3.34859
2.19115
2.67517
3.26375
2.4974
3.19704
3.11717
2.81828
3.59043
3.21696
2.914
3.10328
2.67938
2.39632
2.80724
2.78867
2.63426
2.59678
1.93749
3.11773
3.09032
3.66856
3.68036
2.63569
3.52245
2.99222
3.56028
3.69806
3.63419
3.23785
2.81511
3.28988
3.42702
3.13422
3.6162
3.71831
3.6664
3.031
3.18542
3.61545
3.45859
3.66251
3.30622
3.17115
3.07718
2.89677
2.77542
2.82032
3.12046
2.98011
3.48422
2.81828
3.50125
3.39669
3.08315
3.30314
3.3852
3.74982
2.94091
3.47191
2.8291
2.92204
2.93251
3.31677
3.0401
3.30335
3.32255
3.49822
3.06739
2.66587
2.83435
4.17227
4.22148
3.49967
4.35762
3.64146
3.99761
4.45842
3.60221
3.12274
3.61409
2.88489
2.92188
3.15456
2.47035
2.78375
3.17069
3.55344
3.95889
3.1547
3.34567
3.46054
3.1616
3.24508
3.09336
3.15001
3.77179
3.62189
3.26833
3.41879
3.28847
3.06983
3.32964
3.27552
2.86971
3.08086
2.89408
2.64536
3.25076
3.02163
3.03553
3.0736
3.12286
3.04624
3.41191
3.11712
3.13218
2.46519
2.71961
3.4561
3.02979
2.70442
2.85411
2.84195
2.94388
3.36075
2.97629
3.40347
3.5978
3.20415
2.73039
3.91215
4.56583
3.89837
3.32422
2.61561
3.19261
3.68799
3.05057
2.94331
3.38925
3.11382
3.70385
3.72902
3.44308
3.217
