1.92491
2.87677
2.60159
2.22207
2.33869
2.63306
2.56357
2.88513
1.72675
2.91801
2.73897
3.04422
2.40361
2.95761
2.90853
2.79297
2.52591
2.86863
2.59873
2.52146
3.10333
2.66897
3.09478
3.44424
3.23902
3.81795
2.76582
3.11996
2.8135
3.40109
3.33211
3.70457
3.41253
3.56648
3.35077
2.52963
2.69196
2.91966
2.65094
3.0634
3.36189
2.47682
3.55107
3.19715
2.83423
2.45394
2.55001
2.6431
2.36872
2.59932
2.53826
2.52952
1.97989
3.07929
3.09856
3.11722
3.853
2.10847
3.66334
3.32459
3.1648
3.62609
3.48399
2.75312
2.62813
2.56701
3.00425
2.9853
3.49157
3.58547
2.88385
2.79282
2.8657
3.03207
2.94254
3.38059
2.82866
2.84035
2.97361
2.90374
2.98446
3.01799
2.81366
2.93412
3.02484
2.80816
2.92619
3.19325
2.68469
3.43275
3.1812
3.29856
2.29105
2.78026
2.63116
3.09103
3.24035
3.23827
2.97142
3.23825
3.17266
3.31598
2.81443
3.11445
3.06097
3.56504
3.499
3.38933
3.66112
2.14731
2.97252
3.31026
3.06437
2.85799
3.01288
2.73777
3.01454
3.2498
2.78826
3.84424
2.81472
3.47233
3.18712
3.12618
3.17741
3.85905
2.7897
2.98158
3.09812
3.37178
3.36251
4.00188
3.14877
3.04747
2.94144
3.14273
3.22223
2.89789
3.04635
3.30749
2.89012
2.78472
2.82562
3.27501
2.84828
2.58913
3.03667
3.11641
2.95632
3.14136
3.09718
2.51111
2.99441
3.14172
2.69206
2.76351
2.69946
2.78269
2.77542
2.4496
3.2843
3.37433
3.32755
2.84651
2.69583
2.7309
3.50532
3.02705
3.38403
2.57399
3.16667
3.43388
3.12865
3.39059
3.5507
3.38301
3.45535
2.72931
3.3953
3.18432
1.79914
2.92544
2.69199
2.18931
2.29039
2.50251
3.48386
2.92788
1.9069
2.88309
2.39466
2.91307
2.34119
2.96018
2.78878
2.81334
3.23064
3.34221
2.60759
2.42203
2.73667
2.97629
3.36126
3.22578
3.39094
3.67655
2.92119
3.1602
3.03107
2.89374
3.14287
3.27247
2.95383
3.6143
2.73817
2.37009
2.42669
2.84275
2.71619
2.99832
3.00153
2.6249
3.32412
3.51084
2.56376
2.67503
2.74088
2.76825
2.93745
2.78336
2.85461
2.56786
2.09432
3.20389
2.98236
3.28042
3.07241
2.2308
3.27744
3.42484
3.35152
3.4231
3.7616
2.70212
2.67336
2.54756
3.03556
2.95765
3.08177
3.74795
3.07786
2.7678
2.73637
2.94297
2.96791
3.1734
2.92263
2.95461
3.11063
2.99242
3.04549
2.9529
2.86956
2.7817
2.6726
2.77933
2.91004
2.96848
2.53868
2.62976
2.7303
2.86103
2.2692
2.95668
2.83837
2.99646
2.80621
3.22487
3.00917
3.21273
3.33434
2.97409
2.73785
3.15344
3.56164
2.99496
3.11771
3.08988
3.45941
3.07214
2.83926
3.32564
3.00926
2.90047
3.05635
2.87625
2.68959
3.04343
3.00122
3.50585
3.02047
3.83647
3.14704
2.99046
3.50408
3.62283
3.21617
2.73487
3.25425
3.2569
3.35437
3.54574
3.72731
3.20697
2.77848
3.01926
3.0644
2.81112
3.16618
3.05707
2.98383
2.87955
2.97733
2.71441
3.1659
3.01516
2.85623
3.43108
3.0873
2.94924
3.09934
2.70694
2.99393
3.04139
2.81331
2.8209
2.75112
2.78993
2.9447
2.87154
2.83454
3.00262
3.65881
3.22827
2.43492
2.73936
3.48783
3.26617
2.96312
2.69823
2.91848
3.14939
2.99218
2.836
2.90388
2.86328
2.68804
2.63982
3.19205
3.47115
