2.13886
2.82219
2.48478
2.37825
2.35594
2.70225
3.59009
2.80712
1.76011
3.36159
2.58107
3.00541
2.2472
2.868
2.9877
2.13373
2.68452
2.91436
2.42327
2.7847
3.03905
3.13923
2.7044
3.12028
3.20751
4.02582
2.77829
2.80383
3.26809
3.30173
3.34132
3.63084
3.68528
3.91239
2.80072
2.90154
2.76381
2.97371
2.53837
3.24545
2.96956
2.83004
3.51695
3.46031
2.99122
3.01664
2.80514
2.47502
2.61696
2.79515
2.44179
2.67939
2.13967
2.94302
3.03873
3.23708
3.5632
3.61902
3.50507
2.94521
3.42196
3.09029
3.95877
3.10412
2.84655
3.07276
3.08198
2.93671
3.63034
3.5789
3.43105
3.45816
3.07474
3.33044
3.24956
3.27107
3.10959
3.26604
2.86594
3.27715
3.09115
3.08749
2.92996
2.76442
2.92256
2.94986
3.18159
3.31061
2.60415
3.29498
3.32481
3.40221
3.094
3.50509
2.91657
2.76919
2.80177
3.80344
3.71313
3.53874
3.60401
3.4016
2.52673
2.74862
2.79012
4.06686
2.95706
3.37402
3.56642
3.56603
3.41285
4.51503
3.08524
2.85852
3.0015
3.18848
2.88129
2.96173
2.29436
2.7731
3.31836
3.76233
3.66753
2.78002
3.10443
3.1675
3.33016
3.39267
2.99751
3.41018
3.49512
3.43728
3.29042
3.55076
3.20249
3.39091
3.21056
3.0501
3.08335
2.96594
3.02959
2.63139
3.2666
3.06777
2.81713
2.60241
3.04177
3.00952
3.08279
3.22846
3.44299
2.53466
2.76776
3.35381
2.75808
2.68359
2.74631
2.82711
3.05426
3.22706
2.77436
3.41356
3.6587
3.9326
3.48866
3.15505
3.41887
3.71159
2.75578
2.88828
2.88903
3.89681
2.90699
3.1874
3.08324
3.13478
3.44966
2.72649
3.0317
3.55773
2.08631
2.83794
2.63184
2.32091
2.5098
2.63255
2.85733
2.83863
1.74157
3.18004
2.9075
3.00511
2.09815
2.95403
2.74655
2.4372
2.54533
3.22798
2.55989
3.04521
3.34364
3.07476
3.08639
3.06043
3.47848
3.71861
2.91775
3.55078
2.84698
2.92997
3.34603
3.59935
3.54728
3.82361
2.97841
2.6601
2.68723
3.17481
2.58145
3.24028
3.29428
2.69091
3.71129
3.25059
2.53681
2.84177
2.52847
2.20197
2.4914
2.45066
2.64611
2.55744
2.23235
3.07687
2.90735
3.48996
3.40579
2.89398
3.36651
3.42793
3.45602
3.53647
3.81513
3.42329
3.28372
2.58025
3.50026
3.16654
3.50424
3.84123
3.31299
3.47367
3.12277
3.24444
2.99908
2.98617
3.39996
2.98556
2.8785
3.02532
3.07103
2.69991
3.01542
3.15579
2.95705
2.97558
3.03454
3.37906
2.73409
2.78545
3.12613
3.43805
3.07698
3.26262
2.43627
3.11908
2.95432
3.2178
3.36641
3.57453
2.98264
3.4917
2.71028
2.77365
3.1443
4.07909
3.55467
3.25459
3.64086
3.65035
3.13346
3.82292
3.77134
2.89452
3.32665
3.04636
2.74644
2.93715
2.13256
2.75542
3.22568
3.6878
3.88174
2.81379
3.01476
3.20349
3.53348
3.28156
2.93285
2.99176
3.97815
3.12162
3.54049
3.02211
2.95445
3.07495
2.71419
3.01256
2.81231
2.92678
2.87218
2.55313
3.16445
2.98778
2.92202
2.79919
3.40747
2.86694
3.23753
3.25831
3.30684
2.70361
2.91468
3.05647
3.35327
3.07751
2.76312
2.73071
2.83743
2.99551
2.5976
3.69716
3.59288
4.20023
4.34998
3.41333
3.71217
3.52696
2.93609
2.9942
3.015
3.76146
3.29295
2.5997
3.56212
2.79162
3.12124
2.59984
3.16555
3.31466
