2.22107
2.73397
2.2826
2.36206
2.51756
2.65945
2.75381
2.91306
1.80557
2.77527
3.03886
3.07501
2.61522
2.31844
2.39732
3.08469
2.64433
3.20174
2.14233
3.0843
3.29888
3.13815
2.77178
2.94103
3.44254
3.27068
2.69628
3.01514
2.43185
2.91864
3.45711
3.7809
3.32983
3.43449
2.90975
2.30064
2.63667
3.24847
2.77043
2.99666
3.01044
2.67136
3.26365
3.08947
2.37326
2.29147
2.70505
2.11201
2.08924
2.48966
2.67532
2.46106
1.90824
3.10957
2.90651
3.01202
3.48379
2.42831
2.85673
3.28405
3.11993
3.1731
3.26284
3.15623
2.40521
2.90435
2.97165
2.69563
3.26715
3.48424
3.0491
2.8587
2.84921
2.88509
2.89707
2.99799
2.94083
2.69547
2.86047
2.81911
2.86145
2.80933
2.70437
2.85651
2.65797
2.75702
2.88785
3.00057
2.43956
2.96066
3.57103
3.2291
2.79733
3.81374
2.60823
2.79757
3.12589
2.91318
3.26219
3.37591
4.0823
2.64961
2.76921
2.73427
3.20526
4.40834
3.35721
3.01881
3.82014
3.12742
3.37105
4.79044
3.09683
3.10711
2.86166
2.51136
2.83866
3.74248
2.45312
3.15949
2.89105
3.53983
3.70456
3.05807
2.98847
3.7797
2.47898
3.1349
2.96218
3.32223
3.95028
3.86971
3.36287
3.4131
3.60516
3.26031
3.06972
2.95363
2.97574
3.23838
2.78051
2.75117
3.33441
2.69989
2.62597
2.43381
3.2609
3.08904
2.70855
2.94328
2.74807
2.58218
3.24536
3.1566
2.86982
2.90326
2.69334
2.52404
2.81604
2.64105
2.47845
2.62441
3.28306
3.82988
3.14773
3.20557
3.77069
3.02687
2.61365
2.54044
2.55835
3.53952
2.82355
2.93133
3.17371
3.06767
3.32454
2.94291
3.38307
3.28508
2.14306
2.58632
2.48553
2.4138
2.49877
2.5235
2.85114
2.76066
1.92036
2.81091
2.62446
3.01759
2.38353
2.6249
2.67508
2.81968
2.4794
2.86952
2.43877
2.5879
3.52067
3.04178
2.76753
2.7088
3.00516
3.34904
2.56734
2.9625
2.78545
2.89818
3.34173
3.48397
3.4938
3.05014
2.68851
2.62485
2.38809
2.84449
2.45799
2.96294
2.75227
2.65996
2.97259
3.17432
2.73449
2.614
2.70942
2.42812
2.48298
2.5796
2.64931
2.37976
1.89837
3.11883
2.69242
2.80907
3.4
2.65079
3.17162
3.2247
3.24711
3.18589
3.34997
3.09945
2.90275
2.82725
3.29487
2.88112
3.27365
3.2244
2.87268
3.09498
2.865
3.09308
2.95246
3.00625
3.24676
2.86984
2.94519
2.97939
2.79681
2.68344
2.76156
3.07657
2.8288
2.73443
2.94674
3.40636
2.80125
3.10409
3.18516
3.48379
2.81133
3.65651
2.26773
2.88662
3.36738
2.70988
3.23283
3.24057
3.39383
3.0415
2.40283
2.84142
2.55517
3.98069
3.41351
3.09721
4.04536
3.62174
3.17188
4.87357
3.14157
2.89495
2.88036
2.83566
2.5918
3.53689
2.38226
2.88989
2.80437
3.47196
3.95573
2.66239
3.24792
3.58421
3.00879
3.11673
2.6687
3.06033
4.1137
3.93129
3.22764
3.08268
3.41593
2.85524
3.37989
3.08691
3.18543
3.09209
2.75363
2.57949
3.29974
2.81687
2.69538
2.52948
2.82991
3.14855
2.80093
2.9861
3.0543
2.76519
2.72671
2.83395
3.35664
2.92433
2.5816
2.77745
2.51801
2.8285
2.55561
2.86444
3.64152
3.54233
3.20497
3.45814
3.84123
3.14592
2.79948
2.79592
2.80024
4.10756
2.74864
2.52635
3.20991
3.16903
3.26377
3.23945
3.09834
3.28833
