1.76832
2.60577
2.22615
2.17046
2.50913
2.69683
2.90771
2.91559
1.6192
3.0714
2.80893
3.09337
2.00406
2.53221
2.66788
2.52298
2.37771
3.26295
2.46009
2.57424
3.20243
3.46455
2.77434
2.9517
3.50034
3.66711
2.89659
3.28614
2.98244
3.03456
3.30141
4.1619
3.26686
4.1948
2.86014
2.21307
2.48219
3.11807
2.09578
2.96551
3.24005
2.3989
3.26432
3.26154
2.54027
2.5387
2.64829
2.49083
2.44808
2.7336
2.43584
2.37989
2.11678
2.96579
2.98737
3.1036
3.85846
2.48403
3.98213
3.27279
3.30887
3.56852
3.6671
3.18069
2.49439
2.93628
3.04714
2.86251
3.39022
3.31857
2.84932
3.18205
2.91343
3.36004
2.96212
3.47211
3.03033
2.93891
3.15635
2.94768
2.77014
2.86497
2.94511
2.77421
2.75335
2.99642
3.23646
3.13992
2.87901
3.84219
3.47905
3.39823
2.6053
3.42014
2.81588
2.75417
2.6113
3.24939
3.16513
3.26358
3.77508
2.81215
2.61327
2.87536
3.13961
4.26753
2.91631
3.12457
3.71202
3.65976
3.85524
4.49454
3.44501
3.19773
3.3437
2.88244
2.50169
3.64471
2.40876
3.53738
2.2359
3.7266
2.90012
3.34489
3.26626
3.57711
2.73737
2.85227
3.18344
3.48317
3.45418
3.369
3.86939
3.50324
3.56037
3.24852
3.75941
2.84836
3.10313
3.03655
2.64408
2.47063
3.16228
2.87543
2.6204
2.68382
3.33535
3.47973
2.91788
3.31043
3.18121
2.46938
2.52877
3.44618
2.62316
2.89597
2.92342
2.65844
2.82112
2.88686
2.68404
2.94623
3.50428
3.36393
3.03932
2.79742
4.01569
3.67855
3.07046
3.10223
2.78589
3.79107
2.85644
3.33475
3.58591
2.95289
3.86231
2.70451
3.21488
3.40084
1.69107
2.64472
2.08133
2.08121
2.5214
2.57434
2.93976
2.72513
1.71789
2.88819
2.95254
2.71309
2.09482
2.92524
2.44662
2.30277
2.33691
2.97886
2.66922
2.55866
2.87358
2.95167
2.64765
2.98678
3.10394
3.8595
2.55877
2.76984
2.46767
2.83391
3.31599
3.93771
3.17387
3.27734
2.81502
2.21846
2.22395
3.16579
2.2044
2.92122
2.91177
2.54433
3.27298
3.33791
2.62078
2.25969
2.45455
2.68209
2.67065
2.39071
2.65635
2.51987
2.17958
3.1641
2.98761
3.23855
3.26929
2.82275
3.30603
3.05104
3.06338
3.29781
3.19706
2.95347
2.79392
2.92222
3.39398
2.94912
3.4775
3.84911
2.98821
3.52114
3.06122
3.34644
2.84184
3.09741
3.0068
2.8943
3.2357
2.75911
2.58502
2.69799
3.00927
3.04541
2.80232
3.02442
3.00745
2.92906
2.78829
3.16686
3.57095
3.4244
2.55652
3.09009
2.56788
3.00541
3.5774
2.84345
3.45707
3.46617
3.86883
3.1739
2.62492
2.92882
2.88451
4.49924
3.35929
3.29352
4.13035
3.85247
3.54962
4.31244
3.89739
3.08765
3.63076
3.15411
2.7455
3.36329
2.98559
3.27468
2.14957
3.44973
3.11871
3.00737
3.09335
3.19574
3.04314
3.00693
2.75032
3.12197
3.62935
3.61389
3.80305
3.40334
3.45322
3.24035
3.30459
3.09752
2.7936
2.63129
2.77826
2.54315
3.33913
2.94138
2.56673
2.54401
3.55481
3.1732
3.08215
3.04264
3.08001
2.59617
2.38853
2.8228
2.80391
2.70061
2.79164
2.80637
3.20758
2.61968
2.59942
2.84706
3.40091
3.75314
3.25266
3.1619
3.54905
3.25724
3.34563
2.7924
3.09314
3.51719
2.84178
2.84707
3.0629
3.16742
3.57994
3.02822
3.70429
3.28939
