1.81937
2.92468
2.55431
2.13679
2.45976
2.57804
2.73409
3.00073
1.70347
3.12411
2.57139
3.08345
2.31922
2.50445
2.96878
2.7315
2.66502
3.40965
2.64465
2.42805
2.70621
3.27606
2.56515
2.82669
3.24925
3.61654
2.96202
2.77704
3.23804
2.93656
3.61905
3.5723
3.27928
4.11895
3.14765
2.82058
2.96351
3.19212
2.50137
3.08594
2.67943
2.65918
3.5771
3.37948
3.16359
2.90019
2.71917
2.53444
3.27524
2.7608
2.66853
2.60038
1.92312
3.31924
3.40124
3.49639
3.3285
2.35902
3.63235
3.32492
3.79376
3.57554
3.62595
3.3137
2.79354
2.99482
3.17099
3.30877
3.58322
3.51819
3.44609
2.98442
3.35239
3.10523
3.205
3.24102
3.54254
3.11036
3.16099
3.36343
2.88922
2.59324
3.23531
3.11248
3.18773
3.03803
3.14032
3.11451
2.66004
3.08563
3.31485
3.64648
2.63189
3.39795
2.62906
3.02123
3.25827
3.17877
3.42622
3.39061
3.1339
3.59917
2.51286
2.49539
2.7528
3.82553
3.30004
3.53967
3.76662
3.4453
3.17707
4.01544
3.59222
3.23347
3.37216
2.89573
2.96988
2.93861
1.84218
3.02663
1.9533
3.56251
3.88751
3.09698
3.15117
2.90789
2.68646
3.38929
2.95604
3.17327
3.6457
3.69424
3.08087
3.23819
3.0689
3.31713
3.06929
2.99301
2.82299
2.84434
2.92556
3.10432
3.25997
3.10325
2.80669
3.07119
3.07908
2.94032
3.12843
3.06366
3.10311
2.4247
2.96851
2.86761
2.20883
2.79761
2.92871
2.57851
2.82249
2.86292
2.97113
3.00604
3.07841
3.60741
3.72423
3.27599
3.51416
3.58935
3.01192
2.81747
2.82855
3.56407
2.74672
2.78471
3.41242
3.00929
3.41934
2.81599
3.53408
3.40528
1.80125
2.81358
2.44201
2.25589
2.35554
2.63712
2.66099
2.89452
1.75229
3.0732
3.10923
3.25418
2.21151
2.55043
2.95192
2.46259
2.56439
3.12187
2.5688
2.79584
2.95591
2.6691
3.2237
3.03414
3.00368
3.48819
2.90733
3.29798
3.37236
3.30699
3.23193
3.33965
3.48615
3.84971
3.06644
2.38998
2.64804
3.18505
2.60272
3.0927
3.46433
2.73811
3.47021
3.33455
2.85348
2.62812
2.84152
2.28562
2.89006
2.71689
2.67708
2.5678
1.95468
3.13364
3.65111
3.11631
3.25399
2.69554
2.9132
3.27759
3.6962
3.34884
3.60207
3.45374
3.04598
2.88501
3.2683
3.07905
3.70426
3.74066
3.44902
3.06022
3.22255
3.03292
3.11744
3.032
3.4478
2.93256
3.04887
3.03355
2.98148
2.82033
3.23111
3.01454
3.15625
3.19719
3.09569
3.12132
2.99955
3.01138
3.38588
3.49937
2.45071
3.22118
2.53648
3.13299
3.59588
3.26747
2.93698
3.23557
3.43781
3.17582
2.81066
2.8239
3.09501
4.14317
3.3894
3.51783
3.64203
3.8466
3.25219
4.24526
3.49345
2.97843
3.63288
2.73398
2.78226
3.17103
1.93709
2.49149
2.61483
3.45502
3.79177
2.80998
2.97321
3.21938
2.92672
2.98756
3.10939
3.49683
3.53833
3.67945
3.13918
3.09509
3.11116
3.23776
3.27155
3.2302
2.75481
3.38093
3.49843
2.73439
2.93691
2.5772
2.77284
2.65879
3.22376
3.1809
3.06099
3.14677
2.92656
2.29087
3.03373
2.87347
2.40156
2.71337
2.9544
2.71206
2.87498
3.07132
2.91043
3.72639
3.03533
3.38028
2.58207
2.98267
3.99425
3.33596
3.06648
2.75285
2.81751
3.74557
2.8697
2.99037
3.02844
3.16289
3.42878
3.33376
3.83151
3.8022
