1.93343
3.00477
2.74474
2.21554
2.44612
2.88251
3.0375
3.16324
2.04166
3.15613
3.14729
3.39709
2.45873
2.56364
2.73884
2.59802
2.73417
3.10642
2.82691
2.9731
3.32196
3.38419
3.14802
3.35597
3.35277
3.78468
3.0462
3.18481
3.3217
3.46829
3.69348
3.51619
3.5837
3.63292
3.01312
2.78727
3.01276
3.06553
2.76347
3.37166
3.86365
2.85441
3.6429
3.54656
2.98445
2.8609
2.83261
2.69142
2.59084
2.91297
2.87175
2.76452
2.25834
3.5758
2.99672
3.42698
3.34178
1.82593
3.19995
3.29078
3.4061
3.56826
4.22295
3.37179
2.99171
3.29637
3.3276
3.20425
3.67318
3.67428
3.32374
3.32182
3.32886
3.11175
3.2426
3.01675
3.00548
3.08785
3.09102
3.48975
3.11863
3.20249
3.12408
3.10057
3.00578
3.14381
3.09951
3.25639
3.26659
3.22339
3.62542
3.11767
2.08948
3.71406
2.88129
3.121
3.20194
3.38959
3.29266
3.18083
3.60666
3.62961
3.03638
2.81483
2.84655
4.31987
3.8553
3.44315
3.74235
2.37189
3.69255
4.30456
3.10193
3.39748
3.22048
2.9974
3.11625
2.99918
2.25077
3.36526
3.05787
3.48755
4.13102
3.19116
3.68064
3.07391
2.74977
3.34186
3.63459
3.85455
3.81841
3.79645
3.22977
3.25783
3.43077
2.90345
3.48178
3.25714
3.27366
3.3974
3.14289
3.06333
3.20417
2.93744
2.91041
2.8967
2.98243
3.25213
3.22357
3.15338
3.1159
2.86977
3.25723
2.92444
2.39573
3.01073
3.36226
2.97351
3.0847
2.77381
3.1141
3.03007
3.31139
3.9711
3.59049
3.06624
3.31721
3.59829
3.21432
3.07494
3.12334
3.5139
3.14861
3.10529
3.5548
3.27644
3.24869
3.13222
3.24949
3.68225
2.03744
2.9417
2.67718
2.29884
2.68482
2.77962
3.27168
3.00938
2.14451
3.08504
3.2392
3.22274
2.60987
2.5681
2.93389
3.40472
2.92488
3.22918
3.0393
2.89414
3.27535
2.96158
3.23368
3.07187
2.95211
3.81659
3.32553
3.47854
4.13878
3.3408
3.53251
3.3431
3.46475
3.9502
3.561
2.62272
3.23456
3.08929
2.92289
3.62789
3.14034
2.85891
3.76656
3.63081
3.06374
3.16889
3.15814
2.77112
3.4048
2.84477
2.84287
2.89151
2.23693
3.67814
3.22492
3.26263
3.67399
2.03034
3.29137
3.53875
3.42711
3.88035
3.94782
3.24595
2.56056
3.52684
3.44224
3.17666
3.62018
3.31184
3.41178
3.54139
3.24815
3.09348
3.40816
3.59055
3.26963
3.03787
3.09737
3.01108
2.86177
3.063
3.1942
3.2996
3.25715
3.28621
3.67606
3.25824
3.15924
3.14893
3.50887
3.14612
2.21734
3.8675
2.80352
3.14686
3.19004
3.32815
3.45511
2.87186
2.91203
3.27731
2.9207
2.67104
3.24518
3.4195
3.48915
3.3422
3.72095
3.37952
3.56269
4.2229
3.33776
3.17295
3.37984
2.97791
2.94791
2.97391
2.26432
3.02042
2.83746
3.50568
3.79065
2.78476
3.27639
2.89386
2.70216
3.22009
3.0041
3.19607
3.83503
3.64594
3.24006
3.36013
3.30412
3.14225
3.30611
3.06858
3.17874
2.99941
3.09171
2.84967
3.25525
3.16419
3.32681
3.30092
2.95058
2.88961
3.24703
3.32759
3.14084
2.76639
2.64243
3.11775
2.41816
3.24731
2.89463
3.2312
3.23552
3.18928
3.36458
3.43267
3.65034
3.54369
2.92465
3.18035
3.08278
3.52232
3.26811
2.7831
3.01908
3.36382
3.09109
2.62702
3.32031
3.21715
3.30091
2.92532
3.46681
3.36413
