1.88272
2.61489
2.53693
2.35484
2.47193
2.64834
2.34373
2.93074
1.77945
3.12525
2.70427
2.88072
2.33974
2.65213
2.86074
2.44506
2.37932
3.04182
2.51535
2.74146
3.35592
2.93838
2.72492
2.99483
3.30543
3.66794
2.98987
3.29792
3.09029
2.99331
3.04662
3.39605
3.32129
3.5269
2.85682
2.40653
2.46891
2.89001
2.37422
3.13587
3.4862
2.48191
3.62807
3.35036
2.86584
2.58064
2.77389
2.6447
2.21729
2.69567
2.51622
2.43806
1.99386
3.21291
3.25378
3.24657
3.55906
2.02172
3.438
3.26683
3.73511
3.40167
3.26136
2.99217
2.42653
2.86898
2.99296
2.87172
3.19886
3.17054
2.6508
3.03854
2.98174
3.15598
3.40166
3.35604
3.27522
3.09025
2.92771
3.18724
2.77567
3.02361
3.00041
2.92823
2.6558
2.79462
3.24203
3.44524
2.80693
3.39534
3.42693
3.12859
2.81462
3.91667
2.64993
2.99262
2.76865
3.14719
2.79639
3.37619
3.23602
3.6042
2.54991
2.82839
2.89164
3.69847
3.0695
3.42997
4.01643
2.93701
3.68198
4.45427
3.16473
3.12194
3.24083
2.90269
2.73644
3.36731
2.32652
3.1596
2.636
3.86356
4.19936
2.77778
3.34276
3.18083
3.00386
3.27975
3.3305
3.57958
3.79887
3.66022
3.54562
3.23816
3.11741
3.03483
3.27323
3.10072
2.88068
2.93406
2.71397
2.72709
3.08664
2.95037
2.90225
2.61333
3.34827
3.10793
2.98563
2.85899
3.04754
2.38127
2.29906
2.83372
2.47741
2.68042
2.9101
2.55573
2.47917
2.68869
2.4113
2.59922
3.32937
3.61957
3.38308
2.38529
3.57662
3.60537
2.98317
2.95338
3.025
3.9093
2.83557
3.17287
3.40393
3.09064
3.52315
3.00865
3.47052
3.36174
1.91561
2.69447
2.4206
2.28161
2.48332
2.64017
3.04708
2.91095
1.78854
3.09895
3.26241
3.01094
2.20102
2.79511
2.76708
2.63804
2.45184
3.09851
2.61286
2.81663
2.8672
2.7943
2.39455
2.90723
2.98084
3.7705
3.07113
3.42722
3.009
3.01631
3.21638
3.56729
3.29232
3.78256
3.29531
2.39849
2.65064
3.12384
2.39125
3.29081
3.37092
2.55901
3.37758
3.15877
2.64976
2.76041
2.7972
2.39106
2.71723
2.67127
2.45961
2.69248
2.02198
2.99701
3.09902
3.34932
2.87518
2.87152
3.5556
2.99671
3.58325
3.03417
3.91318
3.02321
2.62784
3.06067
2.93791
2.99572
3.19859
3.093
2.72258
3.24311
2.96401
3.14414
2.93631
3.34461
2.90619
3.03059
3.1333
2.76636
3.03401
2.57988
2.8115
2.99444
3.11826
2.76052
2.70396
3.25461
2.66653
2.91375
3.35816
3.13482
2.49273
3.5949
2.60413
3.12334
3.26055
2.85475
3.06097
3.01767
3.38899
3.73387
2.88284
2.92331
2.84205
3.93489
3.28377
3.24221
3.9038
3.35292
3.83241
4.14713
3.32477
3.18984
3.43856
2.9011
3.07551
2.9588
2.5918
2.96529
3.03282
3.54678
3.68419
2.77916
3.13445
3.44193
2.86716
3.04919
3.06955
3.32757
3.65154
3.42383
3.34333
2.97115
3.41049
3.3844
3.22193
3.02116
3.02237
2.8641
2.94825
2.60847
2.85398
2.86728
2.85485
2.54187
3.25575
3.02579
3.1878
3.19572
3.14172
2.47651
2.81302
2.8576
2.75599
2.76616
2.70404
2.93425
2.73113
2.90616
3.11994
3.30316
3.13906
3.87666
3.12774
3.02751
3.44527
3.4531
3.35311
2.63286
2.9875
3.86463
2.70873
2.58811
3.15373
3.01032
3.01871
2.62776
3.01873
3.76165
