1.91715
2.91199
2.45191
2.34514
2.45146
2.73789
3.01726
2.91796
1.75475
3.28737
2.61157
3.08229
2.37847
2.58498
2.69604
2.52269
2.67177
3.1217
2.30772
2.58815
2.60804
3.15873
2.75553
2.69923
3.2836
3.35697
3.13241
3.00064
3.0244
2.96684
3.55655
3.60357
3.33718
3.45235
3.00929
2.47007
2.71423
2.98795
2.44461
3.08513
3.12762
2.46195
3.53262
3.19196
2.66721
2.55152
2.66596
2.52528
2.73758
2.59634
2.68852
2.5508
1.92162
2.70987
3.07933
3.27481
3.70525
2.29767
3.54638
3.22681
3.52844
3.86548
3.57365
3.19096
3.22243
3.35396
3.01653
2.93364
3.41802
3.52305
3.01768
2.87068
2.91986
2.97618
3.30641
3.38337
3.31468
2.92323
2.94597
2.96529
2.85331
2.99241
2.93607
2.82052
2.78162
2.86426
3.00504
3.34396
2.44427
3.22346
3.65306
3.19324
2.58441
3.20219
3.10465
3.04432
2.83416
3.02544
3.44929
3.6474
3.73406
3.5326
2.88495
2.78042
3.03667
4.13458
2.91982
3.20363
4.37968
3.14106
3.19401
4.34047
3.57543
3.25443
3.35029
2.90871
2.83612
3.21228
2.18755
3.13865
2.48156
3.82322
3.86667
2.88846
3.55262
3.58116
2.8898
3.69203
3.15357
3.51237
3.70479
3.17406
3.37741
3.44681
3.32395
2.94352
3.24748
3.18366
3.17132
2.88571
2.89796
2.51341
3.02923
2.86109
2.6805
2.56351
2.88871
3.19016
2.9409
3.08323
3.08555
2.68362
3.27663
2.64781
3.5441
2.76427
3.16184
3.07283
2.93248
3.42733
2.81803
3.68343
3.31163
3.467
3.18293
3.16585
3.30762
3.40237
3.00603
2.80453
2.98805
3.28291
2.85804
2.81849
3.38084
3.69085
2.75524
3.00213
3.49245
3.53358
1.89342
2.96691
2.33908
2.23913
2.52556
2.63891
3.08789
2.90409
1.79989
2.69343
2.72531
3.05466
2.41262
2.98935
2.59856
2.69945
2.78749
2.95118
2.5703
2.3041
2.66251
2.7339
3.15776
3.19821
3.16596
3.20349
3.15574
3.1822
2.84389
3.55708
3.29595
3.57643
3.26452
3.77428
2.90714
2.49054
2.68206
3.0233
2.42522
3.07874
3.20402
2.62156
3.42669
3.41497
2.72635
2.5719
2.77998
2.51227
2.6237
2.76217
2.52701
2.52807
1.9878
3.14754
3.05475
3.46118
3.10389
2.87297
3.59469
3.18902
3.4326
3.95908
4.0179
3.2426
2.6761
3.28245
3.31485
3.06026
3.56928
3.36475
3.04763
3.03545
2.76825
2.95626
3.02382
3.42613
3.3037
2.98243
3.07265
3.06167
3.16815
2.77558
2.7803
3.08036
3.03054
2.93657
2.92573
3.2686
2.8432
3.00591
3.50001
3.49248
2.62226
3.23395
2.64128
3.05266
2.93369
3.54546
3.13053
3.20679
3.79332
3.53849
2.79673
2.66088
2.88945
4.22879
3.24943
3.43942
3.86595
3.7199
3.26878
4.17358
3.24245
3.13742
3.30144
2.91302
2.7214
3.11836
2.25907
2.99381
2.85631
3.58514
3.83116
3.25563
3.32928
3.64734
3.49477
3.28438
3.02391
3.05948
3.50586
3.38126
3.34402
2.96359
3.50943
3.02742
3.28236
2.82473
2.7906
2.68603
2.9419
2.87459
2.89612
2.57974
2.71746
2.65504
2.93102
2.93632
2.78393
3.10834
3.04594
2.46702
2.50163
2.87578
3.16637
2.96372
3.24827
2.34938
2.63959
3.10861
2.84266
3.07983
3.41173
3.62478
2.75908
3.31186
3.6951
3.39801
3.10265
2.73173
3.42191
3.58325
2.71843
3.0507
3.62778
3.05086
2.93665
3.21048
3.68726
3.55517
