1.95499
3.22524
2.39424
2.22803
2.48555
2.69716
2.99982
2.7743
1.59814
2.93341
3.17046
3.17447
2.45612
3.05172
2.77899
2.87695
2.73121
3.40548
2.56927
2.81606
2.76072
2.61783
2.74023
2.8055
3.57148
3.65754
3.3355
3.14941
2.39327
2.97332
3.22171
3.91358
3.40001
3.34688
2.90491
2.29348
3.22671
2.95482
2.62268
3.26785
3.03465
2.48901
3.43129
3.40387
2.62908
2.73588
2.5175
2.54869
2.43982
2.61125
2.48138
2.73292
1.91537
2.95139
2.97608
3.2284
3.701
1.97943
3.7736
3.12849
2.9758
3.45694
3.4918
2.87362
2.67805
2.92958
3.22458
3.11981
3.3568
3.34676
2.97518
3.02263
3.07727
3.23684
3.20386
3.26542
3.00941
3.10756
3.04558
2.84587
3.01843
2.99204
3.04985
2.96367
2.99891
2.92104
2.72981
3.43276
2.73278
3.03266
3.55655
3.08448
2.52707
3.92828
2.69229
2.94465
3.44968
3.45808
2.77445
2.96714
3.32299
3.09346
2.56983
2.91404
2.95791
3.73215
3.38689
3.31615
3.36477
2.58122
3.45283
2.9271
3.32883
3.21398
3.3415
3.15019
2.98848
3.22107
2.42265
3.85678
2.43913
3.32627
3.61248
3.01293
3.67221
3.45473
2.76621
3.41416
3.14764
3.42781
3.78438
4.01999
3.12308
3.33888
2.95528
2.90908
3.22362
2.90528
3.16863
2.98391
2.9177
2.57841
2.86748
3.0507
3.05649
2.54141
3.01159
3.01205
3.07734
3.09825
2.98773
2.59976
2.9955
3.42122
2.5387
3.19769
2.79211
2.62104
3.00924
2.4937
2.89577
2.81362
3.58051
3.0599
3.13152
2.69878
3.32918
3.27218
3.06977
2.89357
3.05818
3.26152
2.91218
3.15164
3.49718
3.27401
3.09345
2.6572
3.12248
3.51264
1.9491
2.64151
2.24004
2.33322
2.38064
2.5251
3.38606
2.7491
1.58744
3.13296
2.48362
2.99977
2.39553
3.42496
2.67734
2.60218
2.50818
3.38179
2.75874
2.28178
2.63802
2.73724
2.95261
2.92397
3.40861
3.68743
2.64855
3.25573
2.53753
3.08731
3.24321
3.41358
3.19515
3.15347
2.947
2.12129
2.76818
3.11828
2.63428
3.28852
3.0381
2.84059
3.47721
3.04443
2.70445
2.82354
2.64905
2.39371
2.47606
2.45853
2.23029
2.46039
2.06686
2.9239
2.83701
3.43523
3.81283
2.51934
3.73577
3.05734
3.2855
3.7311
3.83567
2.95784
3.21667
3.18687
3.18081
3.04193
3.2693
3.86085
3.08875
2.78976
3.0678
3.06712
3.11901
3.39937
2.9839
3.19067
2.94312
2.90652
2.86647
2.96839
2.9834
3.02069
2.62765
2.95331
2.92252
3.16609
2.86468
2.92246
3.3734
3.0159
2.59793
3.67172
2.95571
2.95889
2.95582
2.63464
2.98001
3.50653
3.01386
3.04955
2.72193
3.18761
3.26448
3.67554
3.62963
3.49123
3.89837
3.05331
3.90722
3.97709
3.60152
2.89469
3.43739
2.86678
2.93559
2.7677
2.60909
3.38736
2.70451
3.55571
4.22238
2.74838
3.38655
3.94777
3.0597
2.92354
3.11424
2.91282
3.52045
3.49184
2.96436
3.27485
2.82224
2.96145
3.14512
2.84312
3.32225
3.06464
2.85562
2.78928
2.93397
3.19676
2.73388
2.72555
3.00338
3.17596
2.86009
3.03367
3.0224
2.24241
3.36078
3.06375
3.04321
2.6524
2.97522
2.54361
2.94386
2.83374
2.9871
3.47371
3.44432
2.6881
2.72097
2.88033
3.50209
3.27569
3.23379
2.86312
2.98817
3.80673
3.04368
2.86128
3.15029
2.89061
2.8875
2.89794
3.54471
3.00451
