2.32551
3.25015
2.56202
2.54151
2.60108
3.00159
3.41366
3.22313
1.83929
3.33444
3.04359
3.50677
2.88744
2.20855
3.22533
2.6518
2.7854
3.65043
2.81933
3.0526
2.8892
3.08679
2.92651
3.10961
3.30266
3.70242
3.04703
3.40364
3.76309
3.38933
3.49222
3.71367
3.56445
4.05361
3.33924
2.74737
3.10403
3.44201
2.53951
3.30344
3.443
2.76962
3.34373
3.4857
2.89771
3.02906
3.11326
2.78578
3.12948
3.12091
2.65324
2.66688
2.24272
3.16497
3.18822
3.35916
3.36696
2.38869
3.56748
3.62166
3.61174
3.75994
3.88143
3.16233
3.38484
3.18588
3.63842
3.27733
3.73339
3.89609
3.38302
3.7074
3.24188
3.24329
3.5338
3.86542
3.28541
3.26379
3.02894
3.02997
3.00937
3.03868
3.10887
3.34742
3.08935
3.05624
2.96879
3.51679
2.8439
3.17915
3.76969
3.39993
2.90336
3.77006
2.85871
3.18793
3.36592
3.56363
3.39409
3.31135
3.611
3.32315
3.02453
3.08861
3.36214
3.13318
3.34129
3.43252
4.00419
2.42567
3.75307
3.85292
3.3828
3.17417
3.21777
2.99388
2.8369
3.35183
2.43075
3.17966
2.75684
3.84191
3.96279
3.28075
3.78421
3.59859
2.92882
3.34324
3.59016
3.74037
4.11494
4.21237
3.64056
3.10015
3.46646
3.27787
3.90465
3.312
3.35054
3.24061
2.86778
2.74527
3.2163
2.99041
3.04506
2.9134
3.57416
3.48073
3.29578
3.26048
3.46876
2.67445
3.02512
3.59453
2.78988
2.87014
3.57749
3.08443
2.97688
2.95621
3.07707
3.35672
4.06441
3.22494
3.4173
2.65792
3.60654
3.5351
3.49623
2.96204
2.88949
4.05478
2.89989
2.88534
3.78374
3.44056
3.56359
3.03793
3.43645
3.8298
2.42382
2.95662
2.545
2.67947
2.69448
3.05544
3.39999
3.09917
2.01853
3.0707
2.89829
3.47669
2.82541
2.49708
3.26128
3.00904
2.72261
3.24839
2.67286
3.02671
2.67024
2.80296
3.46507
2.94937
2.79792
4.04236
3.30084
3.40737
2.70426
3.63396
3.64756
3.50007
3.28757
3.79188
3.099
2.53965
2.70644
3.18547
2.63287
3.3959
3.35849
3.1708
4.00131
3.15904
3.0162
3.08449
2.87802
3.06305
2.99931
3.03498
2.88456
2.71202
2.14478
3.5339
3.31944
3.5724
3.57952
2.90092
3.46136
3.77113
3.68771
3.73747
4.37657
3.53344
2.79755
3.3658
3.62218
3.14896
3.84069
3.91948
3.3438
3.53879
3.31914
3.38826
2.97221
3.48904
3.07477
3.27966
3.23144
3.35902
2.7446
2.92418
3.05762
3.10674
2.91795
3.00478
3.25998
3.76135
3.06862
3.04035
3.64123
3.33772
3.06795
3.67477
3.18681
3.18808
3.09757
3.43473
3.44534
3.39477
3.3939
3.50896
3.03465
2.96579
2.96113
3.60581
3.42823
3.48521
3.85963
2.92782
3.58615
3.87723
3.56108
3.25353
3.28326
3.21073
3.03419
3.44221
2.36494
3.13017
2.8786
4.0122
3.82645
3.19202
3.55718
3.82799
3.25362
3.40523
3.1775
3.51688
4.03655
3.60088
3.68574
3.41142
3.37492
3.29631
3.29551
2.90047
3.48094
3.17792
2.915
2.91298
3.20983
3.34165
2.94365
3.01377
3.35489
3.34547
3.2588
3.26609
3.37175
2.90921
3.18966
2.82884
2.96563
3.25927
3.20922
2.76507
3.12959
2.94098
3.03153
3.46248
3.87019
3.75449
3.23189
2.66791
4.14978
3.274
3.21586
2.83463
2.76083
3.71233
3.08986
3.60423
3.55216
3.25857
3.4665
3.26061
3.63522
3.95355
