1.94938
2.77551
2.42333
2.26237
2.36792
2.67606
2.68866
2.66721
1.71459
2.77672
2.57355
2.96908
2.41454
2.72997
2.71436
2.26649
2.35451
3.24572
2.54846
2.74845
2.5628
3.39222
2.75905
2.86981
2.90932
2.85206
2.58745
2.76738
2.77496
3.39708
3.02197
3.40666
3.38587
3.89044
3.05358
1.66475
2.32049
2.91365
2.05334
3.28998
3.20724
2.16197
2.88881
2.98341
2.25191
2.42917
2.3784
2.21639
2.20287
2.46343
2.20121
2.33703
1.99808
2.96517
2.90775
3.24756
3.41285
2.27182
3.45635
2.81531
3.68827
3.42891
3.64134
3.50639
2.69865
3.14044
2.96444
3.02322
3.50583
3.22141
2.99949
3.68608
2.93023
3.099
3.11358
3.2947
3.41791
2.94362
2.91392
2.93828
2.71074
2.93598
3.12201
3.0039
2.79788
3.16507
3.30852
3.54165
2.84854
3.26738
3.79632
3.2306
3.15715
4.27659
2.59416
3.02912
2.86236
3.323
3.37596
3.09503
3.23836
2.98599
2.39298
2.48442
2.67518
4.10139
2.84054
3.12381
4.49395
3.48861
3.37896
4.42159
3.07263
3.15285
3.05785
3.03837
2.87774
3.09417
2.29355
2.85401
3.04463
3.61523
3.92857
3.41661
3.03954
3.3548
2.64316
3.10238
2.94245
3.22307
3.57907
3.43255
3.25004
3.2029
2.97533
3.05727
3.42447
2.75762
2.89926
2.87598
2.92807
2.20795
3.15755
2.73323
2.59189
2.6681
2.98058
2.74901
2.8764
3.00428
2.81905
2.35307
2.96133
2.75444
2.46886
2.34779
2.83541
2.4394
2.6676
2.80344
2.55209
3.04453
3.54042
3.54331
2.93077
3.29526
3.68389
3.22537
2.97129
2.88091
2.99918
3.59708
2.60643
2.85288
3.2113
2.75782
3.27248
2.53894
3.40234
3.24478
1.93604
2.51633
2.12082
2.21726
2.36178
2.55648
2.66592
2.71751
1.58048
2.84853
2.20182
2.84399
2.02399
2.72746
2.45663
2.47266
2.55779
3.2314
2.58193
2.54971
3.04959
3.111
2.59666
2.53244
2.96546
3.00186
2.7571
3.02299
2.61913
2.80757
3.23104
3.78212
3.63297
3.86846
2.95998
2.64084
2.981
3.21961
2.33695
2.89019
2.85651
2.30398
3.20379
3.00552
2.0626
2.78527
2.2141
2.53639
2.40709
2.50428
2.175
2.42538
2.0231
2.94672
2.91508
3.02644
3.40084
2.47914
3.33604
2.9969
3.81202
3.69272
3.90119
3.01751
3.26981
2.71236
2.88698
2.98266
3.35431
3.4739
2.93184
3.6595
2.84434
2.94956
3.47098
3.17841
3.28598
3.05263
2.99991
2.74179
2.60274
3.13843
2.90942
3.06789
3.1208
3.00315
3.14381
3.74785
2.98632
3.30865
3.86082
3.10671
3.03695
4.09673
2.54065
2.84707
2.61738
3.22838
3.22636
3.1514
2.95018
2.74329
2.1826
2.76115
3.07413
4.50658
2.80784
3.30625
3.93111
4.14979
3.66889
4.4709
3.35339
2.78903
3.07077
2.86741
2.81896
3.26813
2.40953
2.92067
2.77005
3.90148
3.80109
2.76494
3.14732
3.77268
3.15324
3.03638
3.00121
3.13241
3.6159
3.6539
3.07313
3.11729
3.14107
2.85776
2.9414
2.95488
2.82646
2.49628
2.27993
2.63126
2.88618
2.61609
2.70832
2.68953
2.8712
3.05835
3.04598
2.68768
2.7922
2.53449
3.04042
2.70477
2.72032
2.80304
2.42583
2.51667
2.4651
3.25412
3.54159
3.35739
3.52391
4.20872
4.2484
3.86521
3.48122
3.00338
2.72104
3.1366
2.96801
3.52912
2.51667
2.28636
3.23881
2.96882
2.98985
3.10448
3.27881
3.95992
