1.79855
2.92015
2.03095
2.20174
2.13801
2.62076
3.0603
2.7057
1.50451
3.01596
2.99031
3.03689
2.2399
2.18891
2.9495
2.62457
2.43328
3.10898
2.80181
2.70116
3.18647
2.8389
2.82578
3.27183
3.47579
3.62127
2.83275
2.91536
2.78744
2.64587
3.30199
3.47294
3.17887
3.56271
2.88194
2.40395
2.60413
2.83983
2.52862
3.22689
2.95694
2.57863
3.31204
3.15775
2.42377
2.21986
2.84751
2.51465
2.58263
2.45897
2.42461
2.49389
1.85078
2.99011
3.06247
3.08955
3.22322
1.87625
3.48509
3.12681
3.12342
3.81987
3.68596
3.1146
2.38279
2.72004
2.97725
3.01035
3.21071
3.82052
2.93162
3.16346
2.90233
3.1265
2.81224
2.86494
3.15341
3.18974
2.94344
3.42919
2.70476
2.52445
2.87378
2.94298
2.88304
2.77629
2.8467
3.32385
2.78022
2.96984
3.05178
2.61757
2.43481
3.55781
2.6284
3.1154
3.30663
3.5091
3.03863
3.44913
3.98645
3.48123
2.70034
2.90322
3.35864
3.80457
3.22789
2.9077
3.22036
3.25274
3.21889
4.11125
3.1539
2.92085
3.11166
2.71104
2.73643
3.40142
2.05698
3.32299
2.38274
3.52274
3.84457
3.11053
3.24102
3.10502
2.93865
3.14059
3.2233
3.47859
3.61993
3.83935
3.35147
3.25961
3.08999
3.08274
3.23127
2.94109
3.26293
2.96798
2.50201
2.58857
3.04707
2.67429
3.05574
2.70319
3.07525
3.29697
2.78141
3.1987
3.10595
2.33157
2.83252
2.79392
2.67617
2.83432
2.82185
2.80053
2.91795
3.11852
3.06365
2.65541
3.10927
3.71848
2.96235
2.77671
3.425
3.58996
2.88532
2.78206
2.61948
3.46416
3.22603
2.86647
3.73173
3.11576
3.37053
2.77368
3.30053
3.35694
1.75692
2.67798
1.95334
2.1754
2.28479
2.57807
3.04991
3.09304
1.81356
3.03752
2.99523
3.13695
2.28124
2.4778
3.06516
2.34088
2.65126
3.19184
2.49473
2.58364
2.73923
2.68442
2.71064
3.42037
3.30829
3.52618
3.00717
3.5518
2.76269
2.71557
3.15787
3.27739
3.50858
3.41743
3.08946
2.43649
2.39914
2.59235
2.31439
2.91565
3.05592
2.35666
3.53682
3.00819
2.55602
2.63744
2.64894
2.40121
2.86138
2.80623
2.58731
2.5203
2.20161
3.11159
3.41761
3.33998
3.27934
2.54636
3.345
3.32417
3.16963
3.5433
3.76119
2.7543
3.22298
2.69955
3.39145
3.24927
3.54408
3.54772
3.09486
3.06707
3.15597
2.88028
2.91924
2.79231
2.93661
2.94233
3.20708
3.29375
2.96486
2.80689
2.98279
2.95012
3.04911
2.72743
2.83643
3.28081
2.7794
2.88601
2.96161
2.81839
2.52561
3.33527
2.50824
3.07974
3.27405
3.20065
3.21872
3.56408
3.88455
3.47779
2.62115
3.08472
3.34663
4.41703
3.59851
3.22186
3.39823
3.92346
2.87474
3.85902
2.82539
3.1515
3.13574
3.00574
2.83244
2.99743
2.24687
2.79137
2.74831
3.55491
3.61017
3.09346
3.53095
3.3939
3.01391
3.36666
3.08925
3.08038
3.41401
3.54869
3.41881
3.669
3.16326
3.23864
3.26668
2.90799
3.2682
2.91876
2.82523
2.54133
2.84845
2.90128
2.74121
2.43597
3.64412
3.27887
3.01443
3.01518
3.10964
2.27499
2.92014
3.19412
2.70286
2.47774
2.96368
2.71588
2.30552
2.45381
2.97367
3.4979
3.29708
3.47012
2.52452
2.92777
3.51903
3.2681
2.95341
2.69978
2.83838
3.63638
3.31949
2.92369
3.86775
3.18551
3.56352
2.79501
3.29799
3.34711
