1.78457
2.60869
2.16755
2.08001
2.15958
2.55208
3.14065
2.73653
1.66041
2.97929
2.69617
3.24306
2.36836
2.5193
2.54833
2.26693
2.44946
3.1348
2.50102
2.93872
3.02362
2.56948
2.54166
3.03053
2.8816
3.41423
2.92691
3.00925
2.57255
3.05618
3.27329
3.46003
3.70582
4.03547
3.07703
2.42252
2.44284
2.88353
2.53533
3.17802
3.03187
2.5142
2.91982
3.07518
2.72393
2.25821
2.46695
2.18913
2.69899
2.7029
2.47674
2.4376
1.90066
2.94177
2.91806
3.51344
3.224
2.21765
3.22696
3.20233
3.49298
3.30923
3.23703
3.14612
2.70959
3.16045
2.96002
3.00489
3.20447
3.03116
2.81517
3.3157
2.8841
3.06379
3.29753
3.24661
3.30013
3.05993
2.9842
2.90691
2.65944
2.86474
2.81433
3.16485
2.90145
2.82597
2.82517
3.03976
2.75034
3.2114
3.41136
3.55524
2.71226
3.55114
2.66451
2.92266
2.95154
2.96775
3.49573
3.35084
3.29662
3.26829
2.62522
2.80557
2.95263
4.2311
3.48656
3.31657
3.79879
3.32872
3.72164
4.30264
3.33978
3.02873
3.04369
2.66662
2.67002
2.82533
2.52068
3.0999
2.561
3.0559
3.5656
3.22833
3.62588
2.91782
2.8357
2.84328
3.06463
3.18705
3.34409
3.16868
3.25288
2.90015
3.33522
2.7621
3.34998
2.88994
3.0361
2.74552
2.59741
2.29064
3.20785
2.57907
2.78534
2.71319
3.14492
2.97228
2.97561
2.95565
3.18624
2.44738
3.07066
3.05217
2.54368
2.60764
2.79915
2.67247
3.09997
2.46077
2.77607
2.83684
3.14017
3.69421
2.70472
3.46144
3.65668
3.56772
2.97619
2.80418
2.92666
3.36456
2.91293
3.01714
3.50876
2.87164
3.27183
2.86764
3.11422
3.17313
1.87963
3.07015
2.0828
2.17249
2.37881
2.45786
2.90627
2.83025
1.64625
2.90188
2.65207
3.32518
2.54469
2.48273
2.49063
2.44932
2.25599
2.93311
2.62817
2.67713
2.86186
2.69047
2.83118
2.89024
2.94192
3.31886
3.12181
3.1513
2.88949
2.89088
3.17179
3.57962
3.6116
3.98787
3.5305
2.36863
2.43425
2.9213
2.45531
3.20406
3.12707
2.6482
3.05651
3.03954
2.71145
2.61678
2.54065
2.28256
2.7077
2.91747
2.34278
2.31406
2.04029
3.06563
3.0813
3.26263
3.18601
2.19496
3.36297
3.30092
3.26765
3.6728
3.62608
3.11694
2.92679
3.27987
3.08437
3.15423
3.27597
3.51294
3.25873
3.20283
3.08135
3.07625
2.81372
3.42688
3.47562
2.99356
2.97805
3.17477
2.90679
2.80653
2.90413
3.14629
2.91589
2.95349
2.71607
3.80387
3.04349
3.09747
3.41399
3.47806
2.88166
3.35121
2.69875
3.04
3.21835
3.40797
3.11149
3.2651
3.38668
3.06602
2.73392
2.86365
2.98446
3.99673
3.13447
3.379
3.26496
3.78637
3.35364
4.19151
3.38297
2.90655
2.90124
2.55807
2.57132
3.0131
2.27307
2.99679
2.3693
3.18691
3.26833
2.68828
2.99787
2.91065
3.11735
3.04588
2.85726
3.17862
3.43521
3.37662
3.21536
2.76341
3.28098
2.90827
2.90575
2.87572
3.07998
2.99205
2.97014
2.70976
3.09123
2.59951
2.7037
2.63903
2.93222
3.08113
2.98546
3.06232
3.00571
2.33642
2.31825
2.53885
2.66957
2.77398
2.98869
2.95837
2.95903
2.44169
2.7615
3.49875
3.03228
4.44541
3.66509
3.44922
3.55969
3.11976
3.26993
3.00123
2.97908
2.84264
2.66529
2.8409
3.13462
2.83008
3.07346
3.03937
3.14215
3.49046
