2.22515
2.88585
2.67337
2.34404
2.44451
2.54111
2.86792
3.07301
2.02242
3.19613
2.88707
3.35751
2.37993
2.88336
2.94113
2.61103
2.48779
3.11689
2.61968
2.78349
3.11539
2.83052
3.05903
2.81215
3.14956
3.27626
2.96902
3.1798
2.93674
3.14444
3.30683
3.83911
3.30488
3.62809
3.11209
2.71849
2.89951
3.22867
2.67591
3.39306
3.09344
2.80922
3.20872
3.07221
2.77944
2.70533
2.83279
2.60389
2.59577
2.77765
2.64366
2.74696
2.19674
2.97363
2.93359
3.50185
3.58445
2.2379
3.2604
3.34771
3.02441
3.53637
3.52961
2.94226
3.04106
3.4964
3.18656
3.04962
3.32894
3.55631
2.97377
2.90674
2.98499
3.09152
3.17557
3.20688
3.2198
3.24529
3.06466
3.04983
2.64099
2.75897
2.88957
2.98742
2.86205
2.91525
2.88489
3.48062
2.95193
3.4567
3.35116
3.46843
2.95321
3.56221
2.97538
3.11561
3.26546
3.21988
3.43752
3.21171
3.25667
3.42333
2.69048
3.10523
3.28724
3.91648
3.50731
3.50021
4.16995
2.74739
3.60523
4.51848
3.49293
3.33318
3.57324
2.87093
2.82304
3.1735
2.4623
3.05792
3.11068
3.2893
4.10436
3.33738
3.6733
3.13156
3.13507
3.32978
3.3898
3.49252
3.88112
3.66233
3.05061
3.28788
3.64604
3.33726
3.1318
3.15929
3.44039
3.34075
2.92028
2.61055
2.99443
3.18752
2.82501
2.89653
3.00398
3.32455
3.10874
3.1882
2.99625
2.265
3.22266
3.39537
2.74236
3.11267
2.80808
2.78184
2.97523
3.00855
3.30429
3.1616
3.61437
3.57341
2.70458
3.32809
3.5644
3.6946
2.89495
2.89013
3.03144
3.77019
3.00956
2.67472
3.62963
3.22831
3.31793
3.10951
3.44717
3.56861
2.06508
2.89196
2.30146
2.25025
2.60985
2.68837
2.9325
2.88654
2.04316
3.19287
2.56229
2.9799
2.35172
2.8772
2.8057
2.68421
2.55843
3.32271
2.69655
2.96476
2.95499
2.9261
2.93357
3.04999
3.43033
3.28381
3.03453
3.76061
3.37805
2.97412
3.19976
3.76233
3.27341
3.60905
3.1793
2.75785
2.55695
2.84693
2.39514
3.11945
3.02881
2.40126
3.57255
2.87912
2.74372
2.95677
2.5333
2.4239
2.40341
2.76582
2.92324
2.55105
2.18103
3.06649
3.0904
3.38518
3.28799
2.17074
3.44735
3.35248
3.2223
3.63068
3.67744
3.23332
2.67943
2.67073
3.39778
3.24951
3.19074
3.50853
2.98521
2.9745
3.02556
3.05054
2.89115
3.01334
2.97286
3.01341
3.18544
3.21022
2.78138
2.94503
3.21535
3.07968
2.95447
3.07104
2.72229
3.21706
3.36898
2.99652
3.63454
3.44212
2.88552
3.49013
2.70479
3.10876
3.36217
2.5528
3.05974
3.08456
3.02764
3.25634
2.88688
2.90162
2.89712
4.14625
3.7873
3.42002
3.46034
3.29961
3.60206
4.53367
3.66774
3.09346
3.43562
3.01487
2.78833
3.23457
2.4674
2.84319
2.79795
3.43535
4.25692
3.17959
3.73526
2.98895
2.84081
3.24505
3.09653
2.88039
3.84978
3.57738
3.30618
3.53476
3.29553
3.39077
3.33806
2.94305
3.30099
3.04906
2.81975
2.74523
3.05784
2.83505
2.75995
2.82061
3.36079
3.31662
2.99476
3.26839
2.94847
2.3833
2.34242
3.2303
2.63212
2.761
2.90607
2.80418
2.77115
2.80116
2.88353
3.32243
3.14588
3.7955
2.53734
3.296
3.49977
3.50732
2.94481
3.04117
3.15452
3.83449
3.48872
3.01577
3.83205
3.49891
3.11454
3.74615
3.56018
3.45002
