1.75964
2.52932
2.14772
2.11709
2.34811
2.50594
2.67745
2.71053
1.47237
2.81002
2.47588
3.06835
2.67452
2.37749
2.37794
2.66271
2.50452
3.13898
2.19153
2.1305
3.00303
2.90235
2.57263
3.05573
3.03765
3.37709
2.86227
3.469
2.88463
3.25722
2.78711
3.82323
3.73237
4.03966
3.09405
2.39228
2.4722
2.95642
2.79873
3.08709
3.34863
2.75147
3.53671
3.31315
3.13063
2.78639
2.88167
2.38167
2.53734
2.72452
2.41135
2.35828
1.83187
3.08128
3.14813
3.02916
3.75762
1.9249
3.99145
3.14142
3.5002
3.24532
3.46273
2.94212
2.89542
2.86255
3.22863
2.84204
3.49367
3.3881
3.24706
3.08123
2.69486
3.09055
3.03279
3.29341
2.84851
2.87906
2.66313
2.78705
2.72157
2.93329
2.95802
3.04145
2.92814
2.92816
3.21269
3.44624
2.82742
3.5753
3.6574
3.18766
1.94691
3.64014
2.60887
3.04056
3.00666
3.30737
3.17445
3.30712
3.2683
3.15595
2.48762
3.00618
2.80551
4.06835
3.24941
3.37779
4.09453
3.21148
3.40636
4.81253
3.22374
3.31137
3.0155
2.81046
2.80818
4.1158
2.31074
3.1266
2.17067
3.73126
4.00439
2.78981
3.31966
3.67665
2.62337
3.14831
2.91992
2.98222
3.77706
3.7303
3.09546
3.19749
3.10247
3.30905
2.9828
3.27712
2.99415
2.76402
2.7494
2.71703
2.96298
2.65145
2.51571
2.7358
3.11003
3.10686
3.12402
2.95394
3.05121
2.51657
3.18323
2.77714
3.10682
2.96804
2.53979
2.41954
2.54613
2.89512
2.71488
3.43108
3.01107
3.88442
3.68999
3.15707
3.26012
3.09243
3.03849
2.8827
2.66119
4.03059
2.82945
2.84495
3.30133
3.11701
3.00972
2.80767
3.13975
3.55094
1.67142
2.11737
2.53509
2.20237
2.32512
2.36554
2.62545
2.64387
1.73464
2.52811
2.55018
2.79172
2.35436
2.4053
2.31374
2.34138
2.3961
3.02643
2.89422
2.06459
2.79975
2.37614
2.55393
2.75716
2.79492
3.38755
2.7863
3.40816
2.7228
2.94448
3.05647
3.23365
3.67086
3.82583
3.23233
2.29576
2.49382
2.90951
2.77292
2.99514
2.6377
2.71615
3.11233
3.35834
2.80967
2.7293
2.86122
2.96063
2.82198
2.36966
2.70355
2.54148
1.60493
3.11296
2.71891
3.30172
3.37448
2.97608
3.18271
2.78023
3.86905
3.53112
3.35924
2.57932
3.23369
2.37844
3.01206
2.93555
3.48895
3.39341
3.33107
3.65773
2.73553
2.71023
2.91565
3.21492
3.03847
2.88811
2.94495
2.61963
2.67682
2.80392
2.83044
2.85239
2.62671
2.74118
2.94795
3.27279
2.5779
2.34815
3.00426
3.18066
2.82861
3.63479
2.5197
2.90689
3.16772
3.06015
2.98144
2.89241
2.89344
2.76568
2.26542
2.81679
2.77933
4.04668
2.92438
3.01628
3.75768
2.71162
3.316
4.21186
3.15718
2.9918
2.836
3.04202
2.66937
3.95584
2.74695
3.11869
2.59573
4.28064
3.20883
2.8379
3.07786
3.73097
3.08193
3.01029
2.96797
3.08425
3.75979
3.09435
3.15435
3.01751
2.9732
3.10642
3.06576
2.71882
2.99154
2.95653
2.4981
2.71631
3.12849
2.46349
2.84129
2.84389
3.1286
3.05956
2.9249
2.75906
3.23363
2.99506
3.52182
2.2659
2.96333
3.10129
2.95357
2.55696
2.18248
2.96163
2.91399
3.60109
3.21351
3.43852
3.02708
3.19666
3.54681
3.2669
2.91444
2.47355
2.60631
3.16186
2.85258
2.34844
3.19006
2.99636
3.2081
2.89185
3.10346
3.1334
