1.9637
3.19338
2.2591
1.95894
2.28042
2.70699
3.01989
3.09833
1.58655
3.09727
2.65086
3.25067
2.47983
2.54624
3.24851
2.74482
2.95921
3.21215
2.64122
2.9781
2.63875
3.01538
2.79706
3.16594
2.97892
3.89692
2.84791
2.94345
3.15749
3.45621
3.28938
3.72006
3.93383
4.12328
3.28468
2.43432
2.64597
3.23031
2.58299
3.27362
2.92154
2.71563
3.09857
3.56572
2.85894
2.781
2.74219
2.15738
2.69571
2.99034
2.36597
2.45222
2.07289
3.09661
3.37605
3.17036
3.58193
2.02707
3.90417
3.37328
3.55139
3.60046
3.7503
2.80022
2.26204
2.75282
3.18471
3.1685
3.3936
4.01932
3.31128
2.90488
3.31691
2.92969
3.31156
3.2793
2.85606
2.87744
3.07612
2.87924
2.97165
3.05797
3.12635
3.0742
2.96446
3.13209
2.8154
2.4353
1.96219
1.6159
2.56137
2.96352
2.07382
3.64694
2.64585
2.97211
2.88447
3.62319
3.32625
3.38783
3.31785
3.70997
2.61889
3.20051
3.09874
3.72953
3.32505
3.31808
3.58356
2.93383
3.49408
4.4689
3.67039
3.21106
3.25767
2.94848
2.74133
3.42692
2.15151
3.35716
2.30055
3.80093
3.54787
3.27393
3.99847
3.3284
2.61347
3.10434
3.21564
3.73407
2.82946
3.51903
3.78698
3.07988
3.22832
3.2583
3.12562
2.86939
3.2089
3.2448
2.82027
2.65765
3.26062
2.75362
2.69153
2.92146
3.37111
3.25757
3.30539
3.39737
3.34296
2.42719
2.91063
3.32607
2.41917
3.02223
3.02925
2.87897
3.36272
2.90923
2.81577
3.31488
3.62536
4.303
2.9982
3.48536
3.57526
3.56172
3.20177
2.50357
2.74924
2.78086
2.928
3.22263
3.51003
2.97047
3.60024
2.68177
3.43552
3.72161
1.74792
2.65964
2.40566
1.79363
2.3339
2.49442
2.90956
3.03645
1.48822
3.21831
2.82957
3.0254
2.11718
3.12097
2.85636
2.41765
2.64243
3.35002
2.60927
2.7905
2.42476
3.1138
2.90088
2.4724
2.69838
4.16004
2.82143
3.47777
2.95336
3.22124
3.37736
3.82202
3.33926
3.95852
3.41247
2.54851
3.18661
3.35571
2.2593
3.23365
3.45601
2.57724
3.7928
3.16745
3.01701
2.65036
2.7087
2.37189
2.42661
2.5658
2.51771
2.54669
2.04995
3.12577
2.9739
3.57975
3.2264
2.7632
3.07017
3.08937
3.51552
3.46844
3.85079
3.05884
2.56058
2.70123
3.58054
3.0195
3.37383
3.84415
3.36374
2.96119
3.15493
3.44786
3.19493
3.37409
3.12336
3.38208
3.1835
2.86325
3.13265
3.30605
3.1317
3.12736
2.78423
2.89608
3.41394
2.39987
2.7583
3.0616
3.10204
3.36644
2.33854
3.32631
2.94794
3.07578
3.46871
3.2906
2.90192
3.3419
3.39921
3.07827
2.70317
2.73378
2.88779
3.52057
3.55817
3.47647
3.35705
3.63588
3.57091
4.11588
3.34296
2.84088
3.2084
2.7909
2.66566
3.13685
2.24555
2.95808
2.74379
3.29795
3.83663
2.83012
3.37447
3.13254
3.39252
3.38756
2.64687
3.08936
2.74951
3.24165
3.56706
3.5793
3.22093
3.27243
3.22596
2.89338
2.60326
2.69295
2.77717
2.67927
3.07095
2.95989
2.66431
2.85979
3.33976
3.12648
2.75993
2.96566
3.03453
2.61481
1.87052
2.56978
3.39547
2.66303
2.73629
2.50351
2.83433
2.77092
2.86543
3.46617
3.63355
3.6527
3.04723
3.75892
3.64666
2.8979
3.17256
2.70462
2.85732
2.6532
2.91814
2.57513
3.37744
2.8712
3.43944
3.18682
3.24217
3.31139
