1.72878
2.79423
2.43796
2.05342
2.25859
2.49683
3.23475
2.78297
1.69836
3.05675
2.93976
3.2349
2.5213
2.53469
2.3522
2.16052
2.40173
3.20145
2.37695
2.46815
2.79727
2.73237
2.79135
2.92525
3.19388
3.45451
2.51035
3.16645
2.28039
3.23508
3.20181
3.30073
3.25046
4.08479
3.02904
2.26544
2.52225
2.9238
2.44199
2.87623
3.02687
2.26326
3.17477
3.00643
2.76784
2.33195
2.36313
2.38315
2.19536
2.64716
2.49174
2.44903
1.83272
3.17787
2.86096
3.20947
3.22107
2.38814
3.44688
3.27773
3.22824
3.67233
3.50531
3.12327
3.49284
3.08277
3.15447
3.04897
3.31592
3.23471
3.18666
2.50612
3.11796
3.2857
3.1965
3.51291
3.18167
3.25713
2.70912
3.05676
2.99676
2.81534
2.83876
3.0745
3.2306
2.80977
2.66437
3.166
2.62843
3.17959
3.42088
3.36661
2.71286
3.29246
2.61682
2.90079
2.98731
3.50463
3.33079
3.38852
3.3852
3.21503
2.8771
2.85357
3.11809
3.66836
3.26663
3.35028
3.63457
2.961
3.3465
3.62024
3.21271
2.84306
3.41443
2.88693
2.77748
2.90443
2.22352
3.14349
2.5064
3.49795
4.20259
3.17658
3.26712
3.8022
2.71435
3.03577
2.98364
3.37212
3.76187
3.50639
3.34439
3.32078
3.26713
2.90124
3.21865
2.76273
2.96168
2.89302
2.99136
2.65859
3.0778
2.56083
2.77311
2.57055
2.97086
2.89251
2.98774
2.86838
3.03962
2.34155
2.32856
2.68696
2.95318
2.86365
2.70609
2.41071
2.64873
2.61447
2.76251
2.97758
3.52542
3.38937
3.27872
3.06198
3.61269
3.5321
3.16584
2.58707
2.98554
3.51672
2.86113
2.75349
3.39952
2.93117
3.33106
3.31372
3.27949
3.25948
1.69636
2.22206
2.45786
1.98589
2.31891
2.36826
2.85368
2.70904
1.57501
3.20209
2.88232
2.95672
2.39652
2.41649
2.49092
2.31861
2.57154
3.18518
2.55246
2.50398
2.7381
3.31296
2.45146
3.11811
2.74554
3.35682
2.82003
3.03181
2.78631
3.04161
3.51339
3.57621
3.62778
3.84763
2.8198
2.47857
2.68536
2.92239
2.14088
3.20072
3.12476
2.4027
3.21404
3.19737
2.3985
2.51666
2.56648
2.54013
2.14597
2.61521
2.41494
2.39206
1.78438
3.1926
2.96115
3.39113
3.02459
2.58668
3.09833
3.27729
3.21074
3.46627
3.63011
2.99774
2.84325
3.13571
3.26404
3.10282
3.3009
3.29922
3.12806
2.69927
3.09228
3.23289
3.23217
3.3455
3.24214
3.07145
3.10008
3.07672
2.91342
2.93867
3.27091
2.93889
2.9542
3.07846
2.78983
3.22454
2.78106
2.8547
3.32989
3.49636
2.75202
3.16495
2.59909
3.06408
3.13746
2.96367
3.57686
3.0394
3.67376
3.4329
2.63849
2.81589
2.94104
4.25931
3.29997
3.32841
3.81119
3.5269
3.18965
3.80147
3.93276
2.83612
3.27091
2.74401
2.71494
3.34484
2.1432
2.75625
2.68824
3.55904
3.9203
2.92343
3.1129
3.71952
3.10822
3.23657
2.98231
3.06978
3.59963
3.23015
3.06242
3.24161
2.94909
2.97506
2.78703
2.94195
2.90156
3.28471
2.6595
2.84766
2.97537
2.79718
2.67515
2.62201
2.88794
2.98174
2.77868
2.66731
2.90247
2.65894
2.4777
2.72819
2.96167
2.84359
2.50875
2.49089
2.89015
2.98696
2.49382
3.31455
3.21001
2.94213
2.65923
3.11151
3.93744
3.58501
3.22169
2.74635
2.86363
3.82246
3.30978
2.7943
3.54123
3.21707
3.39186
3.03901
3.15313
3.32868
