1.89863
2.43002
2.26734
2.34358
2.41165
2.56872
2.73993
2.86528
1.92154
2.77581
2.76678
2.67163
2.4511
2.84954
2.87652
3.00576
2.80762
3.00252
2.72038
2.73289
3.27826
3.23753
3.17208
3.37425
2.81202
3.60205
3.0392
2.70057
2.95898
3.28214
3.76654
3.67315
3.59597
4.03083
3.17018
2.37116
3.03427
2.98391
2.4708
3.07398
3.16596
2.63757
3.36723
3.04564
2.89051
2.52104
2.51906
2.32894
3.03943
2.77101
2.78704
2.61609
2.06372
2.94223
2.96478
3.26511
3.73574
2.60062
3.95317
3.40381
3.84134
3.52717
3.8223
3.03069
3.07542
2.95254
2.89953
3.11199
3.942
3.41728
3.03676
3.43669
3.01026
2.97256
3.21038
2.92785
3.21593
2.86606
3.21369
2.84083
2.90738
3.18002
3.0195
3.01145
3.56597
3.1343
3.44457
3.55809
3.46923
2.96591
3.43802
3.41231
2.7382
3.86625
2.52128
3.10764
3.05143
3.31692
2.87172
3.25584
2.98196
3.65581
2.56421
2.8483
2.79403
4.24804
3.14932
3.51215
3.88683
2.76636
3.52651
4.36528
3.19437
3.1558
3.4125
2.96173
2.6925
3.09928
2.47148
2.81008
3.27035
3.47316
3.45496
3.46226
3.38397
2.68042
3.27339
3.32687
3.42594
3.59247
3.67371
3.55482
3.47451
3.07116
2.99835
3.04484
2.59385
3.01234
2.82998
3.28993
2.79285
2.82594
2.81767
2.72527
2.9759
2.93519
3.3891
3.16305
2.96485
3.03672
3.34422
2.35327
2.72196
2.75366
2.6209
3.07823
2.56915
2.78266
2.58519
2.9361
2.72627
3.46826
3.40582
3.4954
3.02643
2.66948
3.26824
3.284
3.14943
3.15997
2.77778
3.38668
3.17251
3.41432
3.40155
3.36407
3.43849
2.79472
3.38359
3.54921
2.04208
2.60086
2.37841
2.3294
2.56613
2.7068
3.10524
2.81408
1.97635
3.27685
3.28587
3.27536
2.54305
2.87943
2.78202
2.77669
2.68498
3.41809
2.74164
2.64529
3.24835
3.43455
2.51605
3.23359
2.60692
3.53785
3.26119
2.79362
3.24371
3.5038
2.9641
4.01601
3.6396
4.03783
3.13811
2.51674
2.87273
3.36971
2.66434
3.31161
3.30328
2.86065
3.82967
3.18646
2.77628
2.69456
2.81289
2.69824
2.64019
3.01776
2.78886
2.82092
2.09505
3.1242
3.15736
3.40508
3.39632
2.67921
3.33783
3.23277
3.54106
3.57201
3.84408
3.52569
3.16062
3.48477
2.99701
3.22664
3.70514
3.40435
3.28203
3.28179
3.08421
3.00611
2.96926
3.15635
3.2543
3.08156
2.69484
3.24304
2.85935
3.0714
3.03587
3.0089
3.14534
2.86037
3.36267
3.10877
3.11811
3.15552
3.72729
3.33533
2.52442
3.66456
3.05874
3.22774
3.27627
2.97979
2.88637
3.29949
3.32273
3.78954
2.67624
3.11408
2.68603
4.4132
2.72628
3.41423
3.66153
3.85466
3.61741
4.56821
3.53981
3.31678
3.8905
3.50135
2.88441
2.9498
2.26601
2.94824
2.97569
3.878
3.0974
2.81465
3.33443
3.40919
3.06207
2.9585
3.10427
2.86811
3.73186
3.91399
3.33845
3.48348
3.09727
3.03804
2.95045
2.70218
2.74659
2.87872
2.77587
2.78103
2.92972
2.93799
2.96278
2.82978
3.43138
3.04926
3.08412
3.04985
3.15091
2.43739
2.98219
2.8769
2.60198
2.66146
2.8045
2.87404
2.85673
3.04773
3.00716
3.8194
3.58546
3.7486
3.05348
3.37604
3.41961
3.65594
3.03819
2.85154
3.37
3.9686
2.91097
2.95122
3.19754
3.1567
3.48499
2.84042
3.32937
3.72505
