2.06412
2.64949
2.78347
2.46895
2.56359
2.72254
3.11677
2.96666
1.79063
3.25091
3.36556
3.0275
2.7848
3.14243
2.65753
2.60494
2.6055
3.60322
2.79375
2.6263
3.74417
3.35475
2.70716
3.17508
3.18787
3.10981
2.94299
3.54328
3.2601
3.62837
3.40295
3.87737
3.72335
4.54869
3.27865
2.81012
3.02725
3.24706
2.58931
3.5227
3.31777
2.77221
3.46266
3.06643
3.00887
2.59303
2.67841
2.79673
2.99023
2.72082
2.50759
2.59522
2.39332
3.19764
3.11728
3.1953
3.16948
2.63343
3.81098
3.36937
3.16638
3.34094
3.72535
3.00493
3.10157
2.92212
3.20965
3.02655
3.58481
3.44276
2.8029
3.16263
3.3894
3.12403
3.10279
3.42865
3.27192
3.38422
3.13584
3.30802
3.04712
2.81169
2.83765
2.95962
2.78994
2.74916
2.74039
3.49251
2.68539
3.23335
3.80076
3.34543
2.60139
3.56631
3.00297
2.95477
3.10526
2.96252
3.33347
2.82931
3.10999
3.45212
3.01051
3.23489
3.20978
3.44836
2.73947
3.28422
3.24751
2.36824
3.27848
3.8353
3.16848
3.33709
2.97037
2.88908
2.82065
3.54458
2.30126
2.83524
3.30647
3.61601
3.76112
3.0347
3.39949
3.96155
2.78868
2.96191
3.48503
3.40847
3.55903
3.72665
3.32412
3.44728
3.3076
3.24498
3.32344
3.39794
3.52225
2.96312
2.85801
3.16792
3.23118
3.12975
3.02236
2.87088
2.79297
3.0332
3.11566
3.12732
3.25552
3.29388
3.11056
2.96779
2.85116
3.38026
3.29849
3.20551
2.9608
2.82322
3.11285
3.54948
3.30337
3.46684
2.56528
3.2672
3.54303
3.4761
3.06026
2.56467
2.92938
3.6008
2.85627
2.77328
3.71464
3.3055
3.32294
2.91389
3.45251
3.28869
2.0198
2.8592
2.77007
2.29599
2.54358
2.84224
2.95981
3.07367
1.85164
2.99271
2.85891
3.00249
2.65027
2.91873
2.74796
2.74117
2.83236
3.57622
2.54236
2.8128
2.87199
3.37274
2.86464
3.00717
3.25469
3.24548
3.08602
3.37177
2.93025
3.52744
3.6906
3.69258
3.94601
3.98644
2.89315
2.66523
2.86994
2.96075
3.11237
3.14998
3.27267
2.84008
3.54401
3.17865
2.82709
3.28112
2.84774
2.65586
2.84153
2.658
2.67604
2.72262
2.28147
2.8677
3.40081
3.24672
3.16237
1.78738
2.89297
3.31646
3.33612
3.37784
3.69886
2.99537
3.35564
2.84099
3.15077
3.12632
3.3371
3.47688
2.63077
2.93656
3.10523
2.88386
3.12929
3.06444
2.99034
3.15364
3.49151
3.38109
3.036
2.91442
2.64434
2.85477
2.69906
2.91019
3.00972
3.3674
2.59762
3.17543
3.57231
3.32988
2.49322
3.56058
2.87459
3.04306
3.16544
2.98727
3.22448
3.01341
3.40042
3.33039
2.92194
3.30906
3.48691
2.8748
3.04725
3.12406
3.88198
2.97339
3.38071
3.71717
3.16424
2.92655
3.23371
3.27571
2.96237
3.36696
2.41053
2.99694
3.24675
3.52322
3.27495
3.17725
3.31336
3.77626
3.01337
3.0291
3.09864
3.23725
3.37221
3.36094
3.43488
3.08435
3.32585
3.31123
3.49208
3.35816
3.20546
2.90853
2.5109
2.95873
3.184
2.86622
2.81683
2.63684
3.03458
3.03246
2.94669
3.10641
3.30488
2.79833
3.24777
3.08749
2.95486
2.67389
3.23572
3.11204
2.51466
2.71907
3.16509
3.17232
3.24186
3.41972
3.69795
3.67033
3.60428
3.24526
3.02117
2.6936
2.53102
3.53799
2.78666
3.02492
3.67296
3.10475
3.61286
2.92857
3.55089
3.26296
