2.05589
2.91631
2.59705
2.47601
2.5524
2.70735
3.1982
3.1783
1.91585
3.1358
3.12762
3.48145
2.78495
2.40358
2.74491
2.69965
2.78114
3.57788
2.8848
2.90793
3.04764
3.12774
2.81684
3.00703
2.88206
4.02649
3.01237
3.02589
3.25531
3.29592
3.2459
3.7378
3.31671
4.16733
3.53829
2.65698
3.05211
3.24175
3.28172
3.55972
3.37892
3.41271
3.64847
3.32617
3.47777
2.99941
2.87336
2.48653
2.86688
2.74301
2.62351
2.55484
2.12333
3.20895
3.50803
3.29562
3.48148
1.98858
3.51854
3.13824
3.61623
3.77049
3.92074
2.88776
2.88182
3.33349
3.4305
3.27152
3.64498
4.05712
3.16389
3.26275
2.89671
3.44844
3.42358
3.60968
3.34115
3.27603
3.33417
3.06774
2.8557
2.93828
2.90582
3.14424
3.15742
3.19234
3.10788
3.65568
3.17262
3.23178
3.58058
3.32944
2.79976
3.51753
2.84908
3.27926
3.57224
3.30914
3.01715
3.56668
3.35402
3.46659
2.71784
2.66508
3.06163
4.17103
3.22902
3.55783
4.32901
2.43179
3.87605
4.19208
3.51166
3.29253
3.13615
2.86362
2.69642
3.24588
2.10983
2.91282
2.85236
3.68112
4.05511
2.78832
3.45021
3.30439
3.01035
3.43192
3.23145
3.25689
3.67098
3.82942
3.73257
3.67596
3.25695
3.03981
3.66905
3.18125
3.40903
3.60793
2.79558
2.74627
2.90929
3.0134
2.85255
2.8366
3.73715
3.31133
3.05032
2.92449
3.00587
2.95453
3.0969
3.21195
2.82082
2.74001
2.86921
2.95469
2.87959
2.73675
2.98727
3.60607
3.25757
3.50996
2.86428
3.30338
3.60829
3.94637
3.29318
2.90144
2.75659
3.80187
2.92729
2.78826
3.45601
3.1852
3.64487
3.14412
3.4628
3.44589
2.02078
3.04252
2.43637
2.40947
2.63213
2.88209
3.25572
3.16729
2.04825
2.82098
2.86428
3.15585
2.58508
2.42012
2.82868
2.55251
2.422
3.57405
2.68791
3.1023
2.83056
2.72507
2.44162
2.73919
3.13348
3.81576
3.10544
3.19882
3.14993
3.29035
3.37409
3.59098
3.44937
4.07924
3.20383
2.88289
3.13695
3.11164
3.18466
3.36399
3.58176
2.66579
3.72074
3.31462
3.29438
3.29245
2.70551
2.56802
3.48329
2.78032
2.74018
2.61273
2.15663
3.30391
3.59958
3.48504
3.53962
2.18062
3.63917
3.29875
3.25593
3.68833
3.8278
3.07695
3.28834
2.9925
3.51316
3.16308
3.6301
3.84454
3.15801
3.59482
3.26458
2.97219
3.04726
3.2412
3.28274
3.02099
3.26227
2.7988
2.79696
2.86248
2.89352
3.01556
2.92453
3.05733
2.88198
3.47468
3.15101
3.06076
3.59136
3.6741
2.41534
3.41982
2.62764
3.12901
3.20652
3.28506
3.33631
3.18891
3.05641
3.45578
2.72123
2.80796
3.2683
3.83576
3.30927
3.61041
4.0102
2.92684
3.36959
3.78843
3.8544
3.25143
3.3888
3.03172
2.85534
3.48803
2.5431
3.12269
3.24119
3.67964
3.7352
3.17063
3.58737
3.06094
3.04587
3.57253
3.30592
3.44567
3.76746
3.74076
3.05775
3.46658
3.47502
2.90924
3.18758
3.0997
3.09047
2.97773
2.66252
2.82771
3.02728
3.0357
2.97731
2.69178
3.11843
2.8046
3.00642
3.03031
3.07228
2.75033
2.7791
3.15431
2.92348
2.77044
2.7219
3.30833
2.7844
2.7831
2.98174
3.29932
3.5741
3.60399
3.32282
3.10165
3.54573
3.33295
3.18449
3.16518
3.09224
3.61534
2.84803
2.81083
3.59128
3.33176
3.45452
3.22402
3.41421
3.68742
