1.82393
2.44944
2.19722
2.12487
2.39374
2.63108
3.02693
3.1084
1.86233
3.07602
3.02827
3.06961
2.10725
2.06382
2.81888
2.53732
2.3658
2.66888
2.40372
2.93766
3.0179
2.50561
2.3361
2.89082
3.55753
4.00455
3.07925
3.16232
2.25596
3.14769
3.20674
3.25739
3.19399
3.88764
3.06931
2.33155
2.65529
2.8528
2.51466
3.43635
3.30871
2.42942
3.80753
3.53244
2.4826
2.71655
2.63035
2.54604
2.65547
2.62017
2.64084
2.64777
2.1455
3.05169
3.41854
3.26426
3.43513
2.09522
3.29179
3.27224
3.29723
3.32075
3.75018
2.99791
2.96126
3.39029
3.15541
3.09385
3.18888
3.47014
3.12396
2.8776
3.03299
3.41699
3.55201
3.45577
3.08064
3.0163
2.92464
3.1662
2.73209
2.77248
3.01739
2.97108
2.95335
2.92326
2.81448
2.96301
2.84982
2.93714
3.31539
3.29597
2.61208
3.38751
2.76589
3.03762
3.38015
3.40747
3.3429
3.55478
3.76631
3.57384
2.8406
2.85139
3.22123
3.71706
3.1706
3.34504
3.72542
2.3854
3.39931
3.58819
3.2171
2.80139
3.10305
2.93714
2.82784
2.383
2.16564
2.9711
2.73888
3.54934
3.97983
2.9866
3.55781
3.16116
2.57661
3.35438
3.27697
3.43823
3.66072
3.36508
3.05305
2.85954
3.04046
3.20991
3.18423
2.70059
3.05916
2.71055
2.49424
2.67193
3.20084
2.83022
2.84311
2.55286
2.91431
2.91786
2.85835
2.92806
3.30363
2.63923
2.89489
2.85602
2.47041
2.99805
2.89442
2.42287
2.84117
2.81484
2.78976
2.76413
3.22455
3.51879
2.80328
3.53242
3.3888
3.48885
3.2521
2.89736
2.84309
3.34781
3.12272
3.01683
3.57018
3.08983
3.24702
3.29269
3.14764
3.5253
1.72771
2.71336
2.12085
2.13898
2.42037
2.67373
3.10355
3.0379
1.94914
3.0212
2.93483
3.15137
1.96606
2.39223
2.85716
2.34501
2.54273
3.50471
2.58237
2.82064
3.45791
2.89862
2.69719
2.86724
2.93743
3.97196
2.70137
3.23892
2.72778
3.14775
3.17596
3.44921
3.1166
4.09081
3.32938
2.6269
2.57695
2.78409
2.49615
3.28057
3.51383
2.43074
3.64956
3.45861
2.98195
2.67305
2.75638
2.45241
2.9165
2.77936
2.49002
2.40969
2.35741
3.24972
3.31079
3.26748
3.44706
2.03002
3.34388
3.67019
3.52017
3.5455
3.7649
3.17438
3.16079
3.30032
3.05165
3.03884
3.34401
3.47373
2.98953
2.93825
3.07962
3.15259
3.1119
3.5032
2.85364
3.16462
2.99207
2.64441
2.85108
3.01722
3.08355
3.05689
2.90819
2.81353
3.03537
3.22729
2.77726
3.1508
3.47099
2.93965
2.39783
3.23885
2.80115
3.12433
3.2653
3.11158
3.0128
3.44324
3.80136
3.6579
2.92234
3.07732
3.49087
3.99085
3.46689
3.28328
3.49343
3.24659
3.61276
4.17872
3.3802
2.61126
3.23915
2.67669
2.665
2.95329
2.26713
2.48989
2.64458
3.77625
3.84183
2.66048
3.32939
3.6152
3.25978
3.11801
3.07079
2.90902
3.45723
3.26279
3.23648
2.8536
3.23776
3.11898
3.306
2.94517
3.06258
3.02413
3.01593
2.66678
2.92205
2.76536
2.64596
2.4492
3.29417
2.87359
2.91828
2.82135
3.15433
2.46764
2.45038
2.71452
2.98117
3.05273
2.73538
2.51076
2.70927
2.66643
2.81446
3.07699
2.96217
3.49693
3.20178
2.98269
3.34239
3.23948
3.18876
2.45789
2.76651
3.21742
3.20316
2.66644
3.47805
3.12308
3.11256
3.1625
3.36537
3.74239
