1.87569
2.25779
2.45349
2.187
2.29066
2.41552
2.88808
2.07911
1.37052
2.7063
2.7497
2.50875
2.16537
2.33137
2.30617
2.29984
2.06147
2.54183
2.37353
2.46596
2.17307
2.72115
1.83304
2.70241
2.8441
3.12971
2.57314
2.51997
3.00948
2.98203
2.8857
3.56259
3.76492
3.69465
2.81481
1.64059
2.09536
3.01975
1.78118
2.87241
2.67068
1.95255
3.05575
2.8003
2.22278
2.50274
2.00554
2.03963
2.11459
2.20156
1.60056
2.08603
1.78435
1.88317
2.40495
2.64116
3.00131
1.82247
2.85229
2.61031
3.04289
3.11646
3.17958
3.06361
2.3419
2.77609
2.63939
2.65617
3.00273
2.92128
2.75302
2.48166
2.50136
2.48273
2.48952
2.64485
2.79369
2.73239
2.8158
2.55905
2.49516
2.69173
2.59562
2.70504
2.53367
2.66359
2.54312
2.92562
2.69583
2.74152
2.95302
2.95232
2.73147
3.15899
2.40691
2.55971
2.76192
2.70438
2.60132
2.90491
2.82628
2.55987
2.31688
2.52988
2.88018
3.80689
3.60012
3.02921
3.79132
2.79844
3.05667
3.79828
3.31377
3.23798
2.75725
2.63908
2.47977
3.72776
2.16162
3.01582
1.88221
3.56942
2.8087
2.46479
2.74727
3.47455
2.52785
2.89832
2.64082
2.79933
3.45169
3.14844
2.79557
2.81371
2.9424
2.74808
2.85277
2.80037
2.59846
2.33822
2.44098
2.45071
2.83435
2.58597
2.24756
2.51206
2.73475
2.60447
2.70542
2.69262
2.64871
2.30577
2.99446
2.19839
2.93806
2.3262
2.53353
2.31091
2.23385
2.6966
2.42668
2.98854
3.07114
3.4931
2.67622
3.09748
3.45941
3.03643
2.49846
2.2711
2.68708
3.64926
2.82503
2.38801
2.83953
2.84005
3.00607
3.27184
2.73433
3.28793
1.74127
2.76869
2.14124
2.05991
2.18384
2.30997
2.53659
2.28538
1.46976
2.65427
2.4631
3.00161
2.16859
2.67475
2.30993
2.34504
2.16009
2.87352
2.38311
2.43933
2.28402
2.78024
2.28004
2.89511
2.84417
3.20936
2.83638
2.83843
2.75144
2.95118
3.17727
3.14737
3.26475
3.55578
2.9838
1.82984
2.26162
2.77321
1.78277
2.90242
2.77013
1.99381
3.08336
3.04096
2.44228
2.37211
2.23987
2.39619
2.3007
2.21704
2.14208
2.19673
1.76181
2.63307
2.63815
3.03597
3.15855
2.31783
2.98469
2.85263
3.14647
3.08903
3.2419
2.72335
2.49971
2.39101
3.12754
2.83148
2.84634
3.22571
2.79057
2.41571
2.93019
2.63363
2.95614
2.95572
3.14541
2.89641
2.97529
2.85338
3.00378
2.80521
2.7214
2.82486
2.60603
2.58939
2.27925
3.11053
2.55438
2.35567
2.86111
3.05937
2.81047
3.27845
2.59886
2.74846
2.93334
2.77005
3.18856
3.18832
3.05991
2.90505
2.80995
3.15747
2.87977
4.08328
3.57606
3.52013
3.82281
3.1166
3.39104
3.7842
3.40389
3.11336
3.19822
2.7515
2.56715
3.5652
2.87131
3.24998
2.32735
3.89541
3.8865
2.682
3.19971
3.87001
3.40113
3.19363
2.9497
3.06882
3.70873
3.32688
3.24572
3.30672
3.05407
3.09322
2.8145
2.85438
2.80137
2.98387
2.26818
2.22645
2.73787
2.74863
2.22289
2.56234
2.93465
2.80657
2.87688
3.0982
2.92103
2.01492
2.77627
2.84273
2.8193
2.12037
2.845
2.46347
2.46526
2.99303
2.59582
2.85441
3.21064
3.36866
2.94955
3.43287
3.6504
3.42146
3.05227
2.31838
2.74047
3.53554
2.92034
2.45082
2.72001
3.1148
2.80275
3.20561
2.92225
3.40617
