1.83821
2.79743
2.45149
1.94738
2.48854
2.48882
2.82644
2.96457
1.63883
3.02004
2.6536
2.94575
2.4073
2.47699
2.69128
2.65768
2.61844
2.62175
2.74237
2.50512
2.7
2.62237
2.57571
2.78867
3.11989
3.72484
2.74665
3.05416
3.39125
3.1055
3.35739
3.24684
3.86179
3.00585
2.91147
2.61903
2.78682
2.97196
2.80815
2.81086
3.1735
2.61978
3.46465
3.2323
2.91983
2.79076
2.43761
2.33677
2.41067
2.78572
2.21679
2.31954
2.02695
3.04805
3.24438
3.33421
3.50726
1.80956
3.46538
3.34933
3.45985
3.34143
3.7179
3.03289
2.58952
3.01469
3.00524
3.1883
3.31677
3.38709
3.17113
2.60192
3.02293
2.97134
2.92213
3.26982
2.96941
3.07244
2.782
2.85321
2.91969
3.15156
3.06342
3.03144
3.30355
2.81537
2.99234
2.06688
2.51546
2.16946
3.29888
3.82165
2.81753
3.5267
2.65409
3.04747
3.29146
3.16473
3.19344
3.00444
3.57134
2.81223
2.41036
2.52267
3.17457
4.29776
2.93876
3.28348
3.69692
2.95929
3.4417
4.03936
3.17489
3.06114
3.43642
2.67931
2.65523
3.1385
2.44498
3.23207
2.75158
3.40764
4.00741
3.13637
3.3213
2.90694
3.0249
3.21219
3.22033
3.52937
3.63492
3.6386
3.56222
2.89422
3.2258
3.10422
3.18328
3.07326
2.9996
3.03957
2.90175
2.59346
3.24282
2.63507
2.63378
2.9934
3.21243
2.95625
3.00998
2.93496
2.98605
2.74675
2.77403
3.33662
2.82144
2.90349
2.72991
2.78288
3.09827
2.93581
3.08608
2.95829
2.98777
3.61001
3.58673
3.5592
3.91236
3.52145
2.90887
2.7706
3.21896
3.45052
2.85627
2.44035
3.36428
3.00101
3.67665
2.7811
3.06612
3.25718
1.72316
2.42491
2.54286
2.06771
2.26648
2.51674
2.63818
2.88195
1.82425
2.78451
2.52187
2.99142
2.43845
2.55293
2.74033
2.79132
2.7251
3.08356
2.63199
2.33223
2.78842
2.48039
2.54639
2.66885
2.83299
3.50287
3.03612
2.98939
2.8887
3.00402
3.13281
3.54198
3.60462
3.65437
2.96347
2.48264
2.95706
3.04045
2.60512
3.20444
3.20457
2.87639
3.35635
3.19382
2.66902
2.73512
2.53799
2.62114
3.08234
2.52792
2.49797
2.45441
2.1446
3.17997
3.19804
3.29696
3.26477
1.82317
3.11201
3.2585
3.30485
3.61633
3.52845
2.26088
2.05804
2.20501
3.16999
3.06324
3.43163
3.58743
3.35951
2.70921
3.15215
3.06677
2.76887
2.9441
2.5176
3.07104
2.54087
2.86888
2.9526
3.0162
2.69648
2.96015
2.24138
2.68188
2.82119
2.28731
2.15432
2.31871
2.64887
2.96667
2.50932
3.2883
2.51468
2.94103
2.90217
3.01126
3.35153
3.22323
3.44194
3.06569
2.50329
2.45116
2.82996
4.1879
3.5178
3.07415
3.66093
3.37197
3.3493
4.38079
3.22947
2.93271
2.85497
2.78379
2.85184
2.67951
2.37163
3.43548
2.33986
3.00409
3.76402
2.94216
3.12713
2.67348
2.81119
3.09669
2.78255
3.1553
3.5246
3.42832
3.42408
3.02262
3.36585
3.30699
3.1556
2.96162
3.10232
2.76528
2.81872
2.5909
3.33307
2.69223
2.79915
2.67274
3.12179
3.09347
3.22539
2.88805
2.88376
2.87878
2.64225
2.70997
2.35416
2.54032
2.87571
2.93387
3.11308
3.03957
3.03021
3.29584
3.06103
3.82701
2.8706
3.79021
3.65609
3.07298
2.76063
2.63124
2.41162
3.3402
3.24902
2.21529
3.24763
2.71172
2.92358
2.9763
3.33214
3.28139
