2.02799
2.7021
2.62612
2.32082
2.56007
2.76286
3.49689
3.11437
1.57298
3.02137
3.28755
3.29474
2.42704
2.65056
3.06411
2.61658
2.96782
3.04936
2.83941
2.91648
2.69925
3.08158
2.885
3.1426
3.36022
3.83445
2.95846
3.11606
2.66162
3.27445
3.55111
3.77123
3.52139
4.15751
3.18873
2.44964
2.70094
3.15534
2.46584
3.20846
3.18328
2.4384
3.64862
3.54392
2.65394
2.73077
2.38026
2.50901
2.38402
2.60464
2.46059
2.56487
2.14201
3.08459
3.35411
3.14114
3.75199
2.12888
3.80816
3.29664
3.23362
3.21749
3.80328
2.78298
3.05175
3.26236
3.33644
3.09825
3.32277
3.69242
2.98584
2.88228
3.1679
2.98454
3.48074
3.09627
3.25006
3.05855
3.14362
3.00533
2.95132
2.92938
2.92887
3.11789
3.20279
2.93025
2.87653
3.26547
2.94433
3.20496
3.38174
3.36595
2.72788
4.00457
2.96653
3.18483
3.55217
3.52553
3.23105
3.32029
3.1277
3.24691
2.257
2.84892
2.99996
4.10191
3.02185
3.14923
3.62879
3.05578
3.6466
3.98776
3.6429
2.88515
3.40513
2.7218
2.85532
3.36034
2.42553
3.04893
2.84016
3.65046
3.63387
3.03592
3.14462
3.73099
3.30467
3.16338
3.29743
3.5658
3.95902
4.17916
3.14093
3.56122
3.20026
3.11554
3.40784
2.87075
3.04858
3.16242
3.02124
2.94918
3.24272
2.87625
3.09588
2.75222
3.11611
3.04739
3.03785
3.23934
3.2417
2.77154
3.21278
2.75642
2.79069
2.81586
2.99231
2.86488
2.99312
2.63595
2.82423
3.10876
3.41833
3.70962
2.62342
3.14229
3.32085
3.41914
3.01366
2.91202
2.94938
3.79816
2.81392
2.78208
3.29258
3.37338
3.64814
2.71564
3.44891
3.25381
1.98445
2.80323
2.5017
2.28374
2.57369
2.75071
2.87523
3.1718
1.55649
2.81048
3.10382
3.44612
2.43483
2.48349
2.97881
2.72872
2.75534
2.97969
3.02428
2.63442
3.19683
2.83228
3.04135
3.00458
3.32206
3.74819
2.96428
3.34098
2.95431
3.35886
3.46983
3.63307
3.96497
4.16046
2.98954
2.85378
2.75622
2.99166
2.43089
3.20836
3.36085
2.5607
3.7104
3.465
2.63032
2.43064
2.54703
2.67125
2.5742
2.67886
2.5107
2.42049
2.22037
3.0604
3.2202
3.23648
3.72642
2.45219
3.2609
3.3822
3.10904
3.10667
3.85297
3.3736
2.62498
2.70332
2.95825
3.13161
3.48504
3.53677
3.06787
2.82986
3.1157
3.19879
3.13003
3.1384
3.32303
3.11956
3.25615
3.09579
3.1502
2.94088
2.92479
2.94514
3.02273
3.11114
2.83176
3.31362
2.86926
3.19818
3.38005
3.47398
2.78236
3.50438
2.84102
3.15403
3.51841
3.61765
3.08902
3.52744
3.16592
3.58094
2.40191
2.98683
2.88401
3.51623
3.30334
3.43605
3.25406
3.0971
3.55713
4.12828
3.14975
3.02164
3.51937
2.98038
2.79416
3.49385
2.59344
3.24727
2.30426
3.7672
3.47676
2.63524
3.33222
4.23586
3.59501
3.19353
3.35491
3.58862
3.66374
3.98758
3.23601
3.35776
3.25133
3.20751
3.37331
2.98562
3.18921
2.97941
2.83545
2.94032
3.37999
2.61165
2.80931
3.02728
3.13154
3.32432
3.05597
3.22182
3.05778
2.62912
3.45057
3.21723
3.35663
2.86625
2.76796
3.05076
2.89949
3.18093
2.81662
3.46222
3.49829
3.22182
2.99187
3.41283
3.25871
3.2769
3.08333
2.70826
2.96642
3.8524
2.78836
2.53781
3.22522
3.34401
3.43151
2.84191
3.19886
3.78033
