2.01227
2.78288
2.84768
2.3553
2.82116
2.87511
3.06392
3.04123
1.81945
2.95179
2.81135
3.32191
2.80619
2.91201
2.97829
2.69071
2.53136
3.21387
2.51681
3.09899
3.23518
3.34103
3.04386
3.17777
3.17469
4.11753
2.77548
3.19906
2.84765
2.98144
3.32438
3.79339
3.4816
3.43618
3.06492
2.59055
2.81146
3.11052
2.75133
2.89365
3.29576
2.86478
3.52197
3.60939
2.80639
3.05679
2.7385
2.87745
2.71059
2.61554
2.75017
2.57049
2.34024
3.53379
3.46742
3.22296
3.55087
2.31704
3.05024
3.12752
3.52358
3.13253
3.96025
2.87956
2.91809
2.96032
3.37084
3.28769
3.76821
3.75392
3.62137
3.76604
3.11556
2.94828
3.538
3.53537
3.53771
3.4487
3.4843
3.07703
2.92067
3.09921
3.33001
2.98244
3.32587
3.11686
3.49002
3.4355
3.41721
3.47696
3.58291
3.28954
2.95652
3.36831
3.21305
2.96732
2.83212
3.50294
2.91201
3.23607
3.73345
3.70036
3.08958
2.86553
2.96972
3.69106
3.31437
3.32921
3.23653
2.61096
3.51219
4.30354
3.33273
3.25529
2.97849
2.95671
2.9251
3.27221
2.56572
3.05377
3.23276
3.88034
4.05585
3.25585
3.48818
3.54825
3.20064
3.40106
3.28184
3.5566
3.99627
3.9454
3.39741
3.4376
3.51285
3.32844
3.54139
3.24335
3.20608
3.18197
2.77424
2.98504
3.45948
2.80489
2.97365
2.99642
3.33889
3.19601
3.12352
3.22077
3.01881
2.76205
2.5656
2.9258
2.86507
2.91906
2.64748
2.75717
2.93753
2.88503
2.93947
2.84343
3.16586
4.18841
3.48509
3.07854
3.64231
3.59516
3.10552
3.0862
3.26324
3.94226
2.99689
2.79215
3.38512
3.36763
3.60773
2.84533
3.58701
4.03953
2.0087
2.48362
2.43816
2.22999
2.69512
2.89193
3.14142
2.96078
2.07692
2.91947
2.92566
3.12708
2.68262
2.76423
3.12843
2.86836
2.73783
3.06958
2.64266
3.02805
3.40484
3.49675
2.91488
2.97852
3.24221
3.77966
2.86336
3.6936
2.91657
2.90861
3.25776
3.50466
2.60725
3.95051
2.76542
2.45041
2.66864
2.91189
2.70261
3.10331
2.99156
2.63178
3.41551
3.46347
2.92469
2.63343
2.91625
2.47345
2.84328
2.7132
2.74479
2.53421
2.13723
3.19474
3.40253
3.85644
3.39698
2.03932
3.47605
3.10921
3.86383
3.42299
3.92868
3.47076
3.04715
3.27738
3.49687
3.20513
3.8661
4.17904
3.49322
3.48855
3.30758
3.00541
3.32565
3.45081
3.48548
3.16856
2.74519
3.30852
2.80674
2.97873
3.23326
3.092
3.29373
2.97386
3.44157
3.41733
3.113
3.29548
3.79938
3.57375
2.74487
3.21668
2.64558
2.90139
3.25548
3.24427
2.93961
3.22705
3.44972
3.39021
2.87957
2.81107
3.10198
3.86717
2.79442
3.27281
3.72974
3.46893
3.53835
4.13687
3.60324
3.00813
3.32706
3.17877
2.65125
3.35129
2.44576
3.13138
3.24876
4.12896
3.50969
3.03207
3.18354
3.37212
3.47765
2.63136
3.01852
3.47405
4.00454
3.83298
3.25948
3.33005
3.28747
3.22737
3.30963
2.97384
3.16497
3.15036
3.2881
2.80714
3.1402
2.68589
2.90683
2.85222
2.88606
3.16323
2.99167
2.9339
3.11296
2.78447
2.4452
2.70085
3.24546
3.55002
2.66459
2.84979
2.79833
2.66277
2.71499
3.67162
3.28311
3.76029
3.15485
3.26568
3.75652
3.57257
3.35305
2.87726
3.45354
3.43002
2.81038
2.69392
3.35319
2.94766
3.83983
3.25099
3.47512
3.85207
