1.88716
2.99796
2.49227
2.28736
2.689
2.84602
3.25762
2.88632
1.73169
2.93054
2.70521
2.91325
2.50608
2.44215
3.09772
2.93163
2.70345
3.18304
2.58601
2.82058
3.09779
2.84725
2.57548
3.19602
3.33096
3.51839
2.68925
2.79754
2.94067
3.03969
3.47489
3.58781
3.31094
4.0923
3.30855
2.56306
2.63375
2.86258
2.57401
2.93787
2.9513
2.40951
3.30169
3.53833
2.81363
2.85027
2.41479
2.83735
2.4886
2.83338
2.57447
2.54421
2.20346
2.83761
3.04247
3.31451
3.5139
1.92841
3.70252
3.40939
3.14978
3.44159
3.75226
2.70175
2.85227
2.8895
2.94594
3.15763
3.40338
3.08295
3.08879
3.20085
2.85513
2.98513
2.95949
3.24028
3.19876
3.06683
3.35182
3.24157
2.88988
3.03736
3.19718
3.29839
2.74089
2.96857
3.04491
3.35981
3.28036
3.35991
3.62397
3.26777
2.9297
3.47504
2.76811
3.14244
3.39309
3.0253
3.28327
3.23026
3.23954
3.37403
2.05672
2.68823
3.32244
3.97872
3.064
3.15204
3.90258
3.56125
3.69616
4.65459
3.92953
2.98947
3.16905
2.7535
2.60296
3.0383
2.18079
3.24704
2.56527
4.10688
3.9181
3.00695
3.48863
3.09981
2.75944
3.40588
3.16999
3.62828
3.64138
3.75167
3.33285
3.31374
3.09193
3.10997
3.05967
3.17734
2.92317
3.07014
2.90428
2.76809
2.63108
2.70682
2.95153
2.70446
3.47691
3.27995
2.97098
2.92129
3.24009
2.76152
3.02906
2.95649
2.50718
2.74232
2.89973
2.66133
2.58965
2.73148
2.84214
3.1571
3.42925
3.28601
3.05454
3.21338
3.02041
3.38467
2.75969
2.75014
2.99026
3.45993
2.73552
3.01232
3.42872
3.0242
3.53059
2.59323
3.28168
3.47519
1.75852
2.96588
2.49393
2.30671
2.66557
2.64522
3.10316
2.92887
1.81826
2.57168
2.7128
2.75277
2.60749
2.7355
2.9258
2.80709
2.40532
3.21556
2.61711
2.76041
2.65325
3.1119
2.85103
2.88691
2.76227
3.25903
3.25511
3.03319
3.51815
2.96875
3.28521
4.20941
3.33641
3.39924
2.64811
2.46241
2.57968
2.92733
2.224
3.03632
3.44437
2.58295
3.46332
3.12516
2.67334
2.89203
2.73511
2.2858
2.74414
2.87026
2.62789
2.479
2.13607
3.00748
3.11846
3.27273
3.5012
2.6887
3.2091
3.39549
3.08859
3.26282
3.75939
3.10213
2.88426
2.92174
2.84598
3.00691
3.32542
3.4409
2.89666
2.97536
2.85922
2.8819
3.08639
3.48324
3.06465
3.36978
2.82641
3.24013
2.79822
3.16078
2.81515
2.81802
2.9589
2.87095
2.89277
3.42957
2.75186
2.81719
3.60433
3.24857
2.74197
3.55972
2.59851
3.05834
2.83369
2.65391
2.98208
3.12648
2.89617
3.22742
2.58485
2.80687
2.78163
3.81406
3.17664
3.43142
3.51945
3.30933
3.45382
4.13021
3.42285
2.893
3.12169
2.91275
2.78037
3.14294
2.23244
3.02988
2.55301
3.94083
3.64218
2.96659
3.24668
3.32372
3.25399
3.09025
2.98198
2.98811
3.6005
3.46997
3.14347
3.32793
3.0016
3.27684
3.16697
3.03767
2.84516
2.92237
2.92585
2.55892
2.87319
2.9442
2.79582
2.75377
3.00127
2.81865
2.78685
2.9962
3.19007
2.52636
3.10582
2.9763
2.69535
2.91296
3.01902
2.68478
2.8044
3.33726
2.6636
3.06154
3.00258
3.38828
2.79271
3.41906
3.41017
2.96932
3.21975
2.70777
2.87205
3.4818
2.87636
2.45835
3.47256
2.96142
3.12724
3.00762
3.57923
3.71291
