1.959
2.92151
2.51113
2.49349
2.63838
2.90319
3.52421
2.98011
1.70461
2.91676
3.16615
2.87404
2.57347
2.37191
3.04972
2.87981
2.92922
3.58355
2.87707
3.22665
3.10646
2.77131
2.82324
2.94775
3.40328
3.83884
3.10714
3.00924
3.61334
3.3373
3.85932
3.79913
3.90017
3.98696
3.34527
2.38602
2.86386
3.24683
3.17015
3.03297
2.94366
3.04882
3.28956
3.42796
3.08938
2.47728
2.89859
2.68117
2.61056
2.9612
2.44473
2.67127
2.26952
3.28377
3.06963
3.22963
3.27531
2.00261
3.29762
2.88244
3.16443
3.2338
3.60236
3.04821
2.65106
3.08887
3.13787
2.88391
3.59668
3.47237
3.82278
3.57383
3.02411
3.22059
3.19164
3.38709
3.29041
3.21854
3.11302
3.0307
3.08944
3.01307
2.94322
2.99272
2.79242
3.08269
3.64514
3.03509
2.68451
3.72677
3.63002
3.45244
2.65104
3.38458
2.96053
2.89462
3.18712
3.17618
3.22926
3.60866
3.62532
3.68641
2.49231
2.85186
3.16696
3.91086
3.1668
3.36256
3.96537
3.23453
3.62878
4.40202
3.4987
3.21834
3.25743
3.06964
2.79669
2.85045
2.49331
3.04476
3.14621
3.37124
4.09116
3.09975
3.40938
3.41798
3.19776
3.62624
3.29725
3.32787
3.84095
3.71639
3.76272
3.24081
3.07259
3.1729
3.63591
2.96914
3.28152
3.09873
2.89128
3.1195
3.37967
2.98061
3.02018
2.97332
3.23444
3.15332
3.10024
3.33847
3.26352
3.07576
2.93802
3.3738
2.79285
3.19639
3.44847
3.02626
3.47842
3.01827
2.97429
3.17356
3.36624
2.72815
3.134
3.36242
3.22989
3.64546
3.13756
3.07089
2.66328
3.4552
2.91884
2.52911
3.55326
3.2441
3.54715
2.77104
3.33213
3.09272
2.0634
3.02327
2.36172
2.43986
2.68538
2.70598
3.24921
3.00424
1.79234
2.87914
2.70915
3.50322
2.48214
2.53642
3.02645
2.63883
2.84918
3.50191
2.74278
2.66293
3.13294
2.96441
2.85881
2.68282
2.71673
3.75338
3.14538
3.22564
2.97834
3.3187
3.64869
3.48257
3.73706
3.98952
3.23397
2.68088
2.5236
3.00492
2.64222
3.11308
3.08936
2.86649
3.67596
3.65545
3.17648
2.63556
3.04288
2.80467
2.69015
2.81419
2.72058
2.62346
2.21975
3.08981
3.01605
3.56042
3.22526
2.28705
3.2946
3.17062
3.19332
3.62565
3.76191
2.85146
2.80753
3.96522
3.39848
3.01357
3.61534
3.65681
3.27518
3.46546
3.03949
2.96795
2.97741
3.02311
3.59563
3.05334
3.47596
3.15747
2.73725
3.29088
3.10905
2.95556
2.94622
2.90778
3.32287
3.12385
2.94869
3.15618
3.88476
3.37686
2.50668
3.4396
2.69936
3.01988
3.3348
2.91463
3.13671
3.24329
3.3955
3.4082
2.46934
2.84037
2.86105
4.12825
3.56918
3.34253
3.71393
3.40262
3.61551
4.20763
3.15443
3.20894
3.1549
2.96181
3.06962
2.71842
2.20223
3.06578
3.09629
3.43063
4.25072
2.98989
3.25832
3.59694
3.22261
3.28637
2.89926
2.98532
3.8293
3.62169
3.56842
3.36311
3.28517
3.10621
3.43999
3.31023
2.86027
3.1109
3.16756
2.76307
3.42656
2.84346
2.96056
2.86829
2.83047
3.18705
3.08256
3.22278
3.29119
2.7699
3.05092
2.84542
3.05964
3.39325
2.96849
2.55342
3.44119
3.00887
2.87759
3.62409
3.48848
3.92994
3.27666
3.37395
3.19776
2.85757
3.32859
2.87146
3.0323
3.78676
2.69875
2.70228
3.26985
3.26194
3.55411
2.95876
3.33745
3.56701
