1.83341
2.35037
2.48736
2.22197
2.30904
2.52228
3.39583
2.95237
1.73966
2.97986
2.67939
2.93713
2.3338
2.543
2.54426
2.3392
2.58506
3.01311
2.49837
2.84888
2.44011
2.79324
2.82789
2.98808
3.26433
3.74698
2.6698
3.04
2.78808
3.11727
3.12978
3.76446
3.25184
3.65666
3.29628
2.49966
2.86008
3.31737
2.69973
3.07505
2.99616
2.57659
3.62244
3.37465
2.928
3.235
2.60453
2.6467
2.62979
2.65976
2.55772
2.41567
2.27359
2.82251
2.92677
3.2225
3.37303
1.91807
3.35275
3.17794
3.24982
3.50416
3.90934
2.80512
3.5806
2.77559
3.42428
2.86971
3.48386
3.71188
2.9994
3.07334
3.07899
2.96618
3.41016
3.04401
3.16799
3.02673
2.94672
3.01336
2.94073
2.82249
3.04957
3.13004
2.62562
3.08788
3.15491
3.48687
2.77904
3.09942
3.37044
3.16396
2.49532
3.29339
2.69389
2.86412
3.21251
3.42116
3.2803
3.1156
3.41203
2.82217
2.29107
3.23457
3.27742
3.90274
3.18753
3.30826
4.01138
2.7835
2.9615
3.69051
3.24943
2.96237
3.22805
2.72573
2.69179
3.09638
2.43093
3.08122
2.74238
3.60103
3.49586
3.28382
3.11057
3.28017
2.92228
3.00387
3.0464
3.37738
3.72454
3.90331
3.45474
3.39912
2.80826
2.84294
3.57515
2.99767
3.2936
2.86802
2.4949
2.74895
3.14927
2.97063
2.66731
2.96865
2.87205
3.10414
3.05025
3.0386
3.28976
2.41499
2.56035
2.93236
2.42668
2.49989
2.55879
2.75218
2.58569
2.51259
2.98385
3.45245
3.11084
3.51219
3.27311
2.56963
3.49448
3.42308
2.87396
2.81811
2.86646
3.61403
2.78639
3.21999
3.35764
3.0238
3.65789
2.85159
3.11669
3.20905
1.7268
2.60356
2.24425
2.12354
2.24012
2.70229
2.71808
2.84273
1.84094
3.01977
2.65447
3.05437
2.26368
3.17007
2.56553
2.32363
2.55679
3.08906
2.47627
2.54709
2.61437
3.09909
3.18439
2.89807
2.83941
3.58413
2.76878
3.43708
2.72196
2.86115
3.35897
3.4686
3.06078
3.44477
2.74729
3.00212
2.84882
3.05528
2.62207
2.90978
3.19837
2.39632
3.4766
3.1545
3.03264
2.87942
2.69299
2.52891
2.56266
2.49221
2.65559
2.52287
2.26956
2.60316
3.00642
3.3526
3.42051
2.2643
3.31926
2.93822
2.9487
3.67783
3.53289
2.6431
3.03201
2.40792
3.12586
3.11115
3.35317
3.35434
3.15795
3.05166
3.00405
3.2059
3.18857
2.75506
3.03636
2.96384
3.0871
3.10436
2.8763
3.08774
3.13514
3.06026
3.00411
2.882
3.02508
3.05608
2.76618
3.44088
2.9834
2.98947
2.26814
3.17833
2.47079
2.96633
3.21044
3.00122
3.08568
3.39645
3.52597
2.9584
2.20222
2.7738
2.9962
3.49257
3.04673
3.08177
3.46256
3.63571
3.07173
3.2958
3.156
2.8568
3.26403
2.78913
2.80323
3.2733
2.68293
2.81172
2.71037
3.51879
3.29182
2.52868
3.12674
3.49301
2.92258
2.92545
3.00791
3.23566
3.51154
3.50878
3.23087
3.0514
2.8056
3.10165
3.04992
3.29571
2.89569
2.96126
2.76318
2.64255
2.75385
2.84084
2.73065
2.71103
3.01327
3.1849
3.03486
3.20953
2.86073
2.25499
2.60238
2.62599
2.15731
2.68262
2.68685
2.72079
2.64384
2.35254
2.80818
3.15279
3.19944
2.88936
3.16868
2.7799
3.34606
3.17122
3.0124
2.50247
2.7266
3.5252
2.43072
2.61974
2.91902
3.57014
2.80062
2.82727
3.4756
3.61526
