1.8803
2.61605
2.39277
2.28032
2.49037
2.71323
3.07581
2.86261
1.61588
2.87852
3.01264
3.03342
2.41047
2.79754
2.92255
2.56921
2.5342
3.28555
2.384
2.75417
3.07656
2.71671
3.17005
3.07313
3.16807
3.16331
2.80384
3.39727
2.70833
3.33075
3.20104
3.62735
3.30413
3.46468
3.06459
2.28727
2.67573
2.94205
2.18666
3.18214
3.25748
2.2212
3.01995
2.99101
2.83972
2.84398
2.55972
2.77178
2.20429
2.77603
2.56086
2.57363
2.05575
3.12006
2.98673
3.12072
3.47403
1.7687
3.12772
3.11391
3.05881
3.32524
3.2123
3.01566
2.49961
3.37602
3.08522
2.75065
3.42921
3.27092
2.92699
3.1647
2.93691
3.00011
3.166
3.25227
3.30335
2.97855
2.76729
3.40833
3.07108
3.03534
2.99263
2.73562
3.07176
2.91248
3.02851
3.13105
2.98208
3.536
3.59656
3.42621
2.67881
2.93658
3.12249
2.94147
2.87257
3.31163
3.12568
3.45073
3.5725
3.52734
3.71542
3.00595
3.19529
3.39127
3.32297
3.48546
3.7253
2.60796
3.36247
4.02105
3.12869
3.32505
3.06336
2.81927
2.93266
2.5958
2.45147
2.79335
2.13813
3.52915
3.24825
2.75275
3.3062
3.38431
2.86041
3.1209
3.21247
3.28219
3.5616
3.55011
3.34004
3.33659
3.03356
3.38324
3.34233
3.02541
3.13261
2.82018
3.22817
2.54355
3.13198
2.66008
2.9649
2.70792
3.05607
3.18598
3.13738
2.96672
3.06302
2.49381
3.71632
2.55728
3.01389
2.89324
2.95872
2.55553
3.11008
3.05038
2.5688
2.72765
3.38374
2.88395
2.57633
2.43236
3.73697
3.49341
2.95468
3.10487
3.33635
3.54102
3.05931
2.77808
3.27241
2.82214
3.40604
2.82125
3.08412
3.01505
1.81917
2.84288
2.38884
2.32788
2.46984
2.62541
3.27049
2.82599
1.72144
2.86312
3.28688
3.13125
2.09869
3.24498
2.80609
2.85779
2.55878
3.05878
2.6879
2.66696
2.96914
3.16048
3.1238
3.27891
2.94275
3.50954
2.73142
3.1414
2.85867
2.79625
3.22483
3.78479
3.08467
3.43303
3.18425
2.82765
2.94537
3.02511
2.50543
3.36874
3.24733
2.56434
3.10444
3.27314
2.98255
3.18968
2.40723
2.93129
2.74907
2.58585
2.69414
2.52338
2.16547
2.7491
2.94552
3.19422
2.81892
2.68155
2.53947
3.07513
3.42455
3.43297
3.73978
2.71901
2.91122
3.39561
2.95307
3.19204
3.2695
3.33234
2.87895
3.22215
2.84575
3.36747
3.09768
3.32377
3.53725
2.86456
3.27411
3.12961
2.54828
2.76297
2.64864
3.05792
3.21591
3.22965
3.02424
3.8881
3.08757
3.17856
4.02164
3.26137
2.72429
3.32468
2.73962
2.96685
3.2669
2.80387
2.64901
3.24031
3.62723
3.32777
3.28365
3.46862
3.34842
3.44128
3.80975
2.9425
3.85912
2.61447
3.49097
2.92048
3.26402
2.87934
3.11133
2.86542
2.88374
2.79553
2.63232
2.6257
3.0492
3.46338
3.42022
2.80519
3.12502
2.65148
3.20967
3.21669
2.80292
3.03945
3.50491
3.42176
3.2602
3.53798
3.31527
2.87369
3.30066
2.48674
2.82405
2.90381
3.18962
2.56102
3.39184
2.81416
2.86816
2.92645
3.03872
3.17908
3.23449
2.88497
3.07465
2.77666
3.05009
2.63031
2.53944
3.01585
2.75557
3.11077
3.17285
2.54361
2.91404
3.28213
3.4357
3.72103
2.8093
2.59189
4.0382
3.36954
3.18115
3.43787
2.87033
3.39652
3.25891
3.32718
2.9129
2.87059
3.30433
3.02484
3.3971
3.01036
