1.68763
2.87762
2.42702
2.16271
2.37138
2.51508
2.91202
2.78024
1.61803
3.0474
3.39975
3.21722
1.87486
2.74784
2.47403
2.10077
2.68878
3.15506
2.43871
2.84635
3.08688
2.29729
2.717
3.72311
3.09274
3.86751
2.8628
2.85328
2.7538
3.15802
3.55904
3.88089
3.70597
4.44687
3.03175
2.48981
2.8305
3.07386
2.40421
3.3689
3.35408
1.95482
3.23814
3.21416
2.6471
2.08762
2.21958
2.16887
2.3159
2.70783
2.17435
2.61916
2.18338
2.96925
3.18453
3.37238
3.40628
2.85956
3.58637
3.28917
3.54437
3.80068
4.25962
2.8045
2.4203
3.24075
3.2104
3.30422
3.72504
3.98821
3.33018
2.62352
3.18793
3.30104
3.14772
3.46458
3.35818
3.2677
3.19519
3.18897
3.08748
2.88331
3.13939
3.28067
2.74205
3.03879
3.19323
3.2424
2.71773
2.75642
3.56598
3.85706
3.07942
3.63033
2.46299
3.1659
3.3654
3.04184
3.4241
3.30646
3.78671
3.63343
3.30405
2.97439
3.22224
3.94526
3.68364
3.66189
4.08371
3.49399
3.66706
4.26808
3.71698
3.65223
3.45215
3.19267
2.63212
3.30883
2.349
3.22117
2.77006
3.49752
3.99704
3.40564
3.7191
3.62192
3.22646
3.33704
3.66266
4.00457
4.10576
4.02438
3.32716
3.2176
3.02754
2.75333
3.49499
3.09195
3.55877
3.23676
2.97967
2.59302
2.70891
2.85594
2.73886
2.86622
3.7683
3.42984
2.88072
3.11241
3.13621
2.13021
2.40896
2.63533
2.81495
3.34733
2.82778
2.56627
3.16855
2.51673
2.72151
3.84876
3.4993
4.08059
3.30971
3.53148
4.42332
3.78836
3.31332
3.10669
2.67977
3.7873
3.2402
3.25284
3.36024
3.3612
3.45851
3.47285
3.40736
3.86392
1.68471
2.62677
2.38008
2.05465
2.34246
2.49057
2.97517
2.82892
1.58003
2.71787
3.44429
3.0892
2.26136
2.77682
2.60188
2.57923
2.85359
2.71954
2.93465
2.90061
2.81039
2.46529
2.2132
3.146
3.13987
3.75441
2.85893
3.08455
2.55649
2.93429
3.35116
3.54149
3.60033
4.05386
3.24212
2.30197
2.60462
2.95003
2.34049
3.11195
2.75317
2.28598
3.23956
3.31294
2.36673
2.29556
2.63025
2.44362
2.07337
2.73202
1.96733
2.33733
1.98836
2.91638
3.00444
2.95883
3.60335
3.04536
3.2533
3.34483
3.71119
3.54747
3.86404
2.97856
2.88103
3.37843
3.55665
3.07816
3.63811
3.50922
3.55082
2.63886
3.09414
3.31964
3.34748
3.46907
3.45512
3.14497
3.149
3.45163
3.17618
3.04613
3.23425
3.15782
3.24724
2.98765
3.01825
3.17285
3.06085
2.97445
3.43287
3.56547
2.49586
3.64681
2.91191
3.10747
3.0367
3.4675
3.06512
3.58192
3.41675
3.73657
3.21493
2.73238
3.00928
3.84107
3.43706
3.47519
3.70752
3.42979
3.43154
4.26247
3.53018
3.15346
3.67917
2.83501
2.92562
3.01655
2.34284
2.97448
2.89025
3.61737
3.64937
2.55642
3.39174
3.9114
3.12341
3.49768
3.28118
3.44315
3.82405
3.28435
3.65102
3.27526
3.53099
2.64945
3.31233
2.8438
3.18163
2.90624
2.58606
2.62971
3.35189
3.11455
2.97555
3.22682
3.10387
2.79834
3.16766
2.97348
3.19705
2.60204
2.52177
2.75109
2.8509
2.60073
3.06218
2.93363
2.9636
2.75142
2.91096
3.3556
3.61765
4.49351
2.86288
3.72597
4.02161
3.73561
3.5128
3.2052
2.98903
4.01812
3.19259
2.65905
3.13054
3.33116
3.36502
3.78094
3.84973
3.53086
