1.89095
2.19834
2.44675
2.12518
2.22964
2.61873
3.09002
2.92556
1.87419
3.04934
2.84408
3.1437
2.16632
2.35964
2.94794
2.48596
2.46158
3.2374
2.35765
2.60541
3.17093
2.89398
2.43711
3.47739
3.02266
3.71857
2.7547
3.21929
2.71082
3.22757
3.80753
3.69655
3.54665
3.14186
3.17298
2.29859
2.54907
3.1336
2.6042
2.91065
3.47335
2.62599
3.48039
3.10076
2.70794
2.79893
2.63446
2.2627
2.42779
2.68682
2.5899
2.59187
2.16602
3.10289
3.16687
3.43227
3.48989
2.10765
3.19577
3.45387
3.18254
3.51396
3.86424
3.34101
3.24319
2.73807
3.03857
3.08066
3.70142
3.42515
2.87392
3.39949
3.24064
2.8378
3.49878
3.10658
3.4673
3.05641
2.83235
3.21911
2.87475
2.85809
3.257
3.0844
3.17401
3.23985
3.40672
3.32676
3.01203
3.13259
3.73002
3.61582
2.55147
3.54486
2.70599
3.00912
3.23471
3.49625
3.48606
3.37036
3.27419
3.33939
2.86557
3.37651
3.42526
3.70649
3.31162
3.29436
3.36805
2.64601
3.40487
3.7588
3.51206
3.19486
3.38719
2.84245
2.81557
3.19676
2.03819
2.82427
2.88543
3.69992
3.62342
3.86312
3.2861
3.42319
2.68046
3.09261
3.27432
3.4893
3.87391
3.5759
3.02486
2.97854
3.08303
3.23879
3.44777
3.03511
3.32482
2.76128
2.56431
2.68631
2.91886
2.94194
2.98473
2.74425
3.12731
3.07907
2.80404
3.0506
2.98821
2.65919
2.85325
2.87838
2.5423
2.83576
2.58543
2.65175
2.56154
2.56208
2.94078
2.75405
3.51991
3.83059
3.73498
2.99162
3.4322
3.28825
3.13546
2.86841
3.14009
3.37297
3.38915
2.90178
3.7271
3.55844
3.13875
3.27117
3.20935
3.45615
1.89512
2.60941
2.37318
2.18999
2.33473
2.49076
2.83368
2.99706
2.155
2.99312
2.47452
3.26768
2.40064
2.69655
2.93092
2.64259
2.70406
3.28743
3.00775
2.50127
2.82374
2.81164
3.03544
3.24933
3.22877
3.40961
3.14991
2.95413
2.72711
3.37437
3.23262
3.54524
3.60403
3.80603
3.048
2.76827
2.50763
2.95057
2.63727
3.29008
3.29288
2.57985
3.37765
3.02098
2.93731
2.79617
2.93986
2.66023
2.80773
2.6261
2.90951
2.87261
2.29785
3.06626
2.85533
3.56896
2.92635
3.42126
3.6867
2.81567
3.3469
3.43821
4.30538
3.12977
3.41559
3.14692
3.11776
3.21402
3.75321
3.44873
3.08853
3.32201
3.00129
3.13661
3.09105
3.36082
3.36985
3.0995
2.85764
3.00636
3.06704
2.7547
3.25736
3.00743
3.08161
3.27231
3.26915
3.2956
3.09923
3.52669
3.91892
3.14938
2.6184
3.6651
2.95489
3.01507
3.05459
3.13813
3.3297
3.23568
3.28817
3.39065
2.92061
3.12686
3.60381
4.06809
3.19014
3.34887
3.58181
3.41727
3.67458
4.4124
3.65904
2.86475
3.31488
3.13148
2.82983
3.23966
2.12614
2.91766
3.10016
3.93727
2.49519
3.08826
2.77315
3.22969
3.07788
2.84942
2.74214
3.10225
3.81434
3.64345
3.19376
3.08041
3.27069
3.19938
3.28384
2.98669
3.12589
2.95315
2.51714
2.52222
3.15551
2.75585
2.87042
2.62376
3.05595
3.17018
2.98281
2.96611
3.14509
2.78747
2.84777
2.74413
2.72775
3.23601
3.12789
2.58608
2.75275
2.99164
2.98456
3.40983
3.36557
3.62094
3.23108
2.77363
3.43999
3.6462
3.41973
3.21078
3.03599
3.51016
3.12651
2.97138
3.03319
3.14786
2.88573
3.02003
3.18722
3.7887
