1.98206
2.44746
2.28203
2.17642
2.23916
2.56553
2.70948
2.79092
1.64237
2.99021
3.67034
3.72409
2.09262
3.04944
2.61507
1.8109
2.422
2.78616
2.35496
2.60224
3.17209
3.03096
2.62863
2.94514
2.41054
3.60767
2.96776
2.77528
3.73702
3.17642
3.11997
3.75076
3.09331
4.25111
3.30331
2.00372
2.62988
3.24503
2.26132
3.25723
3.1468
2.09598
3.34793
3.344
2.91898
2.37488
2.39131
2.1093
2.39246
2.36114
2.25456
2.33965
2.09698
3.33856
2.98564
3.02816
3.34
2.88509
2.6333
3.17875
3.23652
3.42858
4.04182
3.25356
2.97269
2.94
3.0598
2.93014
3.68688
3.63797
3.2304
3.66886
3.14225
2.93079
2.88718
3.16381
3.41621
2.93481
3.0054
3.31549
3.00634
2.76097
3.14376
3.27424
2.84615
3.04108
3.16574
3.82214
3.02068
4.15954
3.60513
3.45991
2.5292
2.93333
2.19886
3.06012
3.20131
3.19247
3.10444
3.28637
3.31115
3.21742
2.42853
2.62882
2.74807
3.26628
2.85546
3.00491
3.51341
3.03055
3.41614
3.32679
3.32947
2.76812
3.21722
2.60196
2.52527
3.18538
2.87288
2.85144
2.36121
3.12865
3.70817
2.53169
3.02412
2.96843
2.68605
2.93736
2.89582
3.28758
3.30945
3.99035
3.21005
3.13477
3.0701
2.98328
3.38435
3.09147
2.7044
3.18434
2.88087
2.57653
3.01219
2.72225
2.66556
2.69783
2.87401
2.75704
2.85941
2.87523
2.99711
1.84472
3.28796
3.03815
2.30657
2.46933
2.84491
2.70765
2.60088
2.8679
2.814
3.07961
3.18665
3.1676
2.57696
2.51508
3.59121
3.15858
2.88284
2.91974
3.00909
3.27645
2.63761
2.33708
2.92814
3.13257
3.40062
2.66561
3.2071
3.0288
1.76218
2.39033
2.26184
2.15881
2.41126
2.45716
2.8348
2.84165
1.55921
2.82423
2.9643
3.09118
2.46651
3.34831
2.57787
2.29473
2.42414
3.08142
2.39342
2.75847
2.86625
2.9052
2.50748
2.62763
2.64135
3.27774
3.01367
2.97306
2.94158
2.96644
2.96354
3.82399
2.86336
3.79571
2.72884
2.19935
2.58583
2.92823
2.1772
3.15863
3.12491
2.48546
3.27999
3.68128
2.5789
2.59219
2.53232
2.17836
2.29444
2.27671
2.21718
2.23691
2.0979
2.90884
3.06777
3.16057
3.60413
2.33201
3.24718
3.01745
3.39902
3.38357
3.64332
3.20693
3.5077
2.74228
3.38433
3.00126
3.86175
3.50657
3.2723
3.51038
2.96442
2.84461
3.08384
3.12739
3.5763
3.04061
2.83355
2.85438
2.98719
3.05718
2.76764
3.08361
2.81775
3.15679
3.39009
3.51058
3.20797
4.02962
3.76452
3.74461
2.48285
3.25784
2.54429
2.98362
2.89194
3.33118
3.45775
3.24238
2.84543
2.90901
2.51543
2.70111
2.72724
3.02074
3.09026
3.229
3.34337
2.97501
3.46555
3.6108
3.58333
3.02816
3.43538
3.01729
2.5477
2.93527
2.69658
3.08462
2.40038
3.01526
3.93226
2.71276
3.16142
2.89678
3.11288
3.07214
2.8805
3.04228
3.4578
3.48851
3.51372
3.14786
3.40598
2.91231
2.91066
2.81909
2.77359
2.5876
2.93023
2.43127
2.6555
2.83083
2.73591
2.55798
2.78094
2.76406
2.93739
2.85113
3.13062
2.47283
2.40059
2.45763
2.61125
2.9379
2.54237
2.81559
3.07904
2.49489
2.72919
3.47005
3.02029
3.77145
3.57645
2.82717
3.17664
3.45872
3.00884
3.21177
3.02931
3.50271
2.55273
2.45419
3.12541
2.84914
3.55865
2.3701
3.46166
3.00705
