1.84104
2.62178
2.32203
1.94562
2.23032
2.55555
2.90785
3.03205
1.65864
3.01536
2.95184
3.2366
2.37754
2.63746
2.90355
2.51855
2.63692
2.84051
2.46185
2.53667
2.79868
2.78365
2.76797
2.84526
3.02386
3.72764
2.78683
3.23386
2.52159
2.92042
3.06853
3.26666
3.45279
3.99285
3.10747
2.4602
2.66358
3.04346
2.58309
3.24475
3.34476
2.70521
3.04897
3.3093
3.01491
2.58991
2.87748
2.78855
2.94705
2.46718
2.13989
2.48407
2.21195
3.08417
2.86734
3.08759
3.07986
1.95595
3.75896
2.78512
3.24544
3.409
4.01439
3.21217
3.32053
2.83263
3.31467
2.89763
3.77248
3.72471
3.12116
3.22313
3.19372
2.96912
3.29866
3.20433
3.20314
3.04872
3.32514
2.62238
2.95503
3.02415
2.91258
3.10659
3.09064
3.08811
3.0907
3.16408
2.78051
3.18949
3.47399
3.26726
2.60969
3.28317
2.36854
3.0471
2.96272
3.21412
3.23065
3.39202
3.44563
3.60287
2.66909
2.73183
3.20223
3.86154
3.12328
3.28029
3.60708
2.3998
3.48864
4.32086
3.74035
3.16246
3.20908
2.81155
2.83887
2.98708
2.14775
3.41237
2.32249
3.52739
3.84974
2.78897
3.33167
3.14025
2.56576
3.41468
3.12955
3.51746
3.79098
3.45255
3.24637
2.97455
2.93825
2.89918
2.94659
3.03419
3.00696
2.85904
2.95004
2.6116
3.38655
2.8807
2.75057
2.63244
3.33862
3.14651
2.83083
2.98205
2.97495
2.34347
2.62384
2.7413
3.03229
2.80881
2.72594
2.41313
2.72656
2.3208
2.66458
3.61534
2.77244
2.77958
3.2338
3.01423
3.56503
3.44976
2.96178
2.9296
2.71129
3.76363
2.52845
2.97626
3.26157
3.05239
3.33799
2.85121
3.05027
3.28842
1.90675
2.59776
2.41511
1.92664
2.45176
2.49039
3.0225
2.8789
1.6237
2.91973
2.87436
3.31986
2.2649
2.92626
2.91193
2.44256
2.48079
2.77637
2.59341
2.64133
2.93657
2.52503
2.48922
2.82788
3.0804
3.66534
3.00577
3.23624
2.66931
2.98227
3.04717
3.68958
3.1949
3.50965
2.98873
2.47043
2.58734
2.96166
2.40834
3.37631
2.9199
2.50653
3.73635
3.21238
2.67434
2.97006
2.68463
2.70619
2.8835
2.50657
2.31959
2.33977
2.07493
3.29357
3.07444
3.02961
3.07481
2.65332
3.03516
2.88775
3.25331
3.43851
3.63311
3.06049
2.97738
3.16791
3.39846
3.17678
3.6554
3.92
3.39975
3.27166
3.14359
3.18317
3.15794
3.04507
3.31166
3.16783
3.2175
2.97154
2.81071
2.89607
3.14433
3.19046
3.21726
2.94996
3.18054
3.48698
2.57101
3.02037
3.42952
3.71626
2.81871
3.38362
2.52637
3.03025
3.44337
3.29931
3.25611
3.20013
3.16096
3.33506
2.56778
2.86411
3.00274
3.41375
3.38561
3.32906
3.62494
3.20055
3.21671
3.88899
3.59661
2.99401
3.25605
2.62876
2.58008
2.40533
2.29224
2.14061
2.5934
3.16066
4.1773
2.86005
3.60459
2.14035
2.61554
3.50539
2.86284
3.10512
3.70019
3.02616
3.21926
2.97929
2.93812
3.03193
3.1256
2.81291
3.02334
2.99461
2.67825
2.6293
3.09897
2.7172
2.51192
2.93481
2.88318
3.11627
2.97926
3.00853
3.18546
2.43114
2.37649
2.30527
2.19797
2.62057
2.6878
2.81646
2.34734
2.35003
2.94489
3.41214
2.85967
3.59849
2.89867
3.44023
3.38962
3.331
3.24156
2.75808
2.79465
3.44619
2.88673
2.9984
3.11072
3.09647
3.10204
3.25126
3.31528
3.58912
