1.83571
2.67919
2.34045
2.0913
2.24568
2.39708
2.88718
2.93721
1.85011
3.19811
2.99015
2.91531
2.40801
3.0877
2.77929
2.68413
2.56915
3.03072
2.51706
2.22171
3.28335
2.83833
2.92976
3.43288
3.00277
3.73781
3.22583
2.97524
2.84951
3.63426
3.41243
3.72297
3.1493
3.56521
3.04218
2.59115
2.71815
3.19808
2.68292
3.28195
3.31372
2.63692
3.55827
3.66953
3.17398
3.06885
2.83678
2.53788
2.67336
2.56426
2.56975
2.55167
2.06744
2.87041
3.12677
3.27471
3.59654
2.31716
4.06385
3.40981
3.18244
3.26253
3.56084
3.12707
3.31284
2.67
3.24
3.04684
3.61513
3.56047
3.02161
3.49664
3.07823
3.24316
3.08865
3.33931
2.93686
2.90357
3.0482
2.96755
2.9689
2.86778
3.36686
3.04437
2.81262
2.83569
2.99873
3.25825
2.90881
2.76404
3.38511
3.15651
2.48937
3.42335
2.3523
3.01561
3.12205
3.45089
3.62434
3.2711
3.36675
3.17843
2.54644
2.64644
3.01129
3.91909
3.53133
3.39457
3.54967
3.43469
3.13571
4.17623
3.3048
2.94334
3.26706
3.15544
2.59018
3.06647
2.43216
3.46254
2.96575
3.44299
3.01619
2.69885
3.42151
3.62021
2.84269
3.15504
3.17036
3.2157
3.58598
3.94498
3.04847
3.23776
2.87249
3.00375
3.18104
2.93672
3.13771
2.80887
2.60419
2.71986
3.08602
3.06571
2.76047
2.71505
3.20092
3.27818
3.24302
3.01527
3.1467
2.64057
3.19719
3.15726
2.66866
3.37649
2.80607
2.75456
2.59442
2.87012
2.86723
2.76933
3.47094
3.21284
3.23946
3.04646
3.97175
3.16666
2.98463
2.92675
3.01585
3.75134
2.80177
3.02405
3.23607
3.04594
3.39125
2.99165
3.13107
3.72773
1.96178
2.66878
2.60939
2.15146
2.35219
2.66023
3.451
3.09438
1.92983
3.03184
2.94982
3.02524
2.65867
2.95492
2.84629
2.78035
2.60597
3.18448
2.61805
2.111
2.57717
3.17284
2.64331
3.04619
3.20297
3.75407
2.97016
3.18406
2.79403
3.00347
3.30056
3.66918
3.58598
3.59895
2.84575
2.49494
2.63327
2.98204
2.64911
3.21144
3.28749
2.72813
3.68952
3.54236
2.52073
3.14557
2.85175
2.28808
2.96572
2.58571
2.69316
2.69526
2.24299
3.09415
3.14062
3.84254
3.96364
3.04776
2.97061
3.24212
3.02413
3.62854
3.72804
2.86865
2.894
2.98199
3.51824
3.34869
3.58751
3.46277
3.02481
3.1584
3.2388
3.35612
3.32229
3.33603
2.93808
3.14464
3.36902
3.24303
3.11718
2.93391
3.15819
3.22101
2.98433
2.80208
3.01413
2.9977
2.51537
2.77602
3.10065
3.16647
2.35231
3.30601
2.43141
2.96713
3.23958
2.96254
3.28389
3.36911
3.27445
3.34762
2.37871
2.94539
2.93581
4.02456
3.23385
3.54241
3.63208
4.01516
3.48509
4.2553
3.7754
3.22093
3.68898
2.88412
2.72443
2.87736
2.80887
3.31356
2.81214
3.62174
3.02185
2.93329
2.92112
3.93061
3.17637
2.82948
3.08072
3.38003
3.39523
3.46907
3.24916
3.15996
2.99667
2.72355
3.15065
2.98437
2.99642
2.93997
2.70926
2.75645
2.99354
2.58236
2.80256
2.63897
3.09984
2.80795
2.9399
3.18051
3.40067
2.92105
2.96769
2.88544
2.95083
2.38779
2.71338
2.72086
3.13457
3.1209
2.92499
3.23237
3.56536
3.10432
2.88884
3.32034
3.81614
3.3288
3.37831
2.61169
2.78672
3.52306
2.77463
2.84945
2.96951
2.89225
3.14023
3.27452
3.32403
3.13063
