2.185
2.81566
2.34966
2.3926
2.49972
2.67694
2.85026
2.78186
1.75599
3.06503
3.02709
3.1302
2.72026
2.36078
2.83503
2.9663
3.08443
2.97619
2.64286
2.64281
3.27953
3.09622
2.67369
2.57288
3.35977
3.32579
2.66803
2.66088
3.00454
3.10599
3.24611
3.73891
3.76146
4.08477
2.9765
2.32285
2.97203
3.2196
2.60403
3.03454
2.90951
2.68028
3.2118
3.00137
2.83408
2.94935
2.4047
2.54089
2.57195
2.66191
2.39568
2.49804
1.96217
2.87269
2.72776
3.35271
3.62239
2.44028
3.52467
3.41716
3.1822
3.37426
3.61271
3.25589
2.96444
3.14336
3.14869
3.32487
3.07707
3.44586
3.0776
3.07731
2.97748
2.86139
2.76834
3.35566
3.2036
2.96976
3.07033
3.21366
2.8715
2.94245
2.91036
2.90272
2.93808
3.00357
3.4095
3.02738
2.86846
3.36415
3.47298
3.99238
2.54044
3.3833
2.85902
2.92125
2.94846
3.11074
2.82549
2.71436
2.6389
2.97913
3.41201
2.76406
2.91256
3.88584
2.91365
3.26814
3.63275
2.30751
3.65496
4.22467
3.27658
3.11993
3.18223
2.82114
2.71282
3.3542
2.27234
3.03831
2.92552
3.49932
3.45955
2.75853
3.22585
3.31748
2.74607
3.12688
3.16245
3.34069
3.48839
3.50055
3.1301
3.42214
3.11567
2.81003
3.06881
3.17364
2.8828
2.91968
3.08672
2.77642
3.22087
2.52066
2.72857
3.47733
2.54864
3.05439
2.84106
2.9688
2.77488
2.81914
2.63623
3.29024
2.70894
2.91937
2.98702
3.21599
2.875
2.57771
2.72141
2.91317
3.36138
3.60821
2.8846
3.41492
3.67373
3.39638
3.08016
2.82074
3.06075
3.41504
2.70083
2.68792
3.04407
3.16309
3.40083
2.74169
3.22775
3.5441
2.09749
2.58214
2.54511
2.38452
2.61171
2.89139
2.7858
2.82679
1.69513
2.95429
2.62487
2.85701
2.49761
2.74121
3.06872
2.80963
2.82879
3.04584
2.87633
2.72664
3.20769
2.92885
2.8351
2.96837
2.96834
3.52248
2.99395
3.14459
2.5823
2.98095
3.11016
3.93228
3.53471
3.65366
2.93596
2.39438
2.76378
3.4
2.49375
3.12894
3.15913
2.6349
3.00232
3.09526
2.90019
3.18301
2.81519
2.68636
2.83329
2.44057
2.3581
2.35211
2.05055
2.77781
3.06435
3.19955
3.74885
2.42308
3.50907
3.13312
3.19493
3.5609
3.87867
3.01154
3.33307
3.34801
3.3722
2.94381
3.31601
3.54722
3.29935
2.97473
2.94402
2.95099
2.8539
2.97986
2.99591
2.95144
3.23563
3.32432
3.02051
2.78423
2.77003
3.03838
2.78273
2.83263
2.72877
3.1221
2.93642
3.10879
3.33443
3.41261
2.60075
3.21823
2.84853
2.94645
2.82068
3.37791
2.83376
2.97929
2.78329
3.04575
2.3808
2.61826
2.80941
3.84003
3.04425
3.25787
3.95197
2.77631
3.68435
4.59467
3.25369
3.11361
3.24316
2.94636
2.7168
3.37035
2.5082
3.0668
2.65827
3.59294
3.36311
2.66234
3.32225
3.8141
3.16537
2.96849
2.92471
2.75187
3.59002
3.38386
3.29999
3.08965
3.11303
2.91819
3.43222
2.87061
3.13322
3.08737
3.09239
3.03156
3.0158
2.94862
2.77032
2.85219
2.70312
3.15294
3.09127
3.19363
3.03275
2.42566
2.7271
3.01854
3.5242
2.96112
3.01807
3.18003
2.8873
2.73836
3.01507
3.11343
2.75279
3.8278
3.40894
3.56091
3.46928
3.34269
3.07862
2.98001
2.83974
3.59737
2.72711
2.86319
2.95594
3.10218
2.8226
2.85931
3.14814
3.3593
