1.83817
2.99511
2.71971
2.11396
2.44906
2.72417
3.22008
2.98681
1.60273
3.20566
3.5812
3.11234
2.34944
2.51771
3.1674
2.91055
2.85001
3.33754
2.84321
2.83623
3.44205
3.06316
3.17039
3.1839
3.37914
3.88382
3.01396
3.79805
3.32685
3.1497
3.44644
3.69498
3.51835
3.37777
3.0936
2.51811
3.20763
3.02738
2.75297
3.14782
3.41835
2.25936
3.72325
3.58361
2.69365
2.9153
2.08784
2.36649
2.53703
2.80861
2.32412
2.79548
1.95745
3.08708
3.16942
3.66792
4.01039
2.71868
3.67604
3.39574
3.99161
3.54701
4.01368
3.57589
2.93034
2.99746
3.65849
3.30461
3.92408
3.9855
3.22089
3.99809
3.41691
3.5036
3.79188
3.15071
3.25289
3.11958
2.97227
2.97861
2.93878
2.99904
3.1709
2.9015
3.57072
2.8415
3.58921
3.3255
3.2866
3.42346
3.649
3.13711
2.60524
3.41353
2.71284
3.25143
3.36998
3.85587
3.77656
3.64093
4.26896
3.55126
2.48764
3.15021
3.06916
3.6797
3.64158
3.2344
4.02799
2.23094
3.62379
3.18666
3.80877
2.94224
3.59826
3.15458
2.62458
3.5135
2.20373
3.10356
2.84842
3.66382
3.86566
3.01428
3.44653
3.92849
2.60582
3.16011
3.33917
3.99363
3.45048
4.10152
3.51993
3.03538
3.3204
3.14373
3.59344
2.96527
3.53164
3.17633
2.93893
2.88871
3.15102
2.33616
2.96858
3.02076
3.18895
2.9066
2.7912
3.24288
3.33305
2.75298
3.54548
3.08632
2.83653
2.87637
2.69402
3.01732
2.68303
2.8025
2.90428
2.97076
3.46018
3.2811
4.09802
2.60569
3.24529
3.31231
3.66346
3.02319
2.98515
3.17289
3.14589
3.03122
3.21673
3.20919
3.57744
2.59866
3.27791
3.53182
1.87204
2.90238
2.62119
2.24091
2.50637
2.74296
3.0821
3.00431
1.80564
3.08427
3.13525
3.17539
2.39501
2.30826
3.04554
2.7834
2.87326
3.3431
2.74084
3.12181
3.33792
3.01887
2.64195
3.5035
3.66247
3.64212
3.20208
3.80282
3.10982
3.4665
3.85142
3.38722
3.55316
3.82826
2.94636
2.57212
3.22224
3.16504
2.53613
3.33465
3.57485
2.27083
3.61728
3.40196
2.79475
2.90863
2.67335
2.83889
2.77735
2.79007
2.73092
2.80703
2.17378
2.69464
3.31036
3.70814
3.5163
2.96667
3.32837
3.55905
3.78282
3.54658
3.748
3.54363
2.98409
2.87121
3.52789
3.2035
3.53755
3.70889
3.12533
4.01007
3.48147
3.07728
3.50198
2.99263
3.27676
2.99419
3.39345
3.53865
3.01038
3.05274
3.03461
3.00244
3.01681
3.03812
3.13239
3.44751
2.91156
2.99071
3.27087
3.05079
2.8541
3.3584
3.45952
3.23882
3.51013
3.14361
3.53434
3.66002
3.88245
3.81281
2.5957
3.19597
2.86772
3.9012
3.61118
3.35977
3.5451
2.87882
3.56334
2.72267
3.79223
3.09523
3.26964
3.00136
2.84958
3.55878
2.31891
2.48582
2.65093
3.94782
3.92929
3.04133
3.70089
4.06032
3.16742
3.4915
3.16089
3.46833
3.65589
3.82787
3.59934
3.24731
3.40703
2.71332
3.42544
3.23359
3.40304
3.24234
2.70704
2.69127
2.97611
2.78129
3.26015
2.91073
3.08376
3.29213
3.43078
3.12149
3.53148
2.82119
2.68741
2.93367
3.03158
3.31568
3.04748
2.65033
2.83808
3.12356
2.91166
3.36926
3.41567
3.0419
2.65694
2.8357
3.15249
3.57276
3.38902
3.28618
2.88491
2.93074
3.08106
3.04965
3.49286
3.29573
3.98557
2.57399
3.30977
4.20825
