2.18811
3.45687
2.58751
2.55293
2.69973
2.86871
2.8963
3.22413
2.1293
3.11415
3.33895
3.04066
2.67437
2.52351
3.0947
2.72829
2.73898
3.64856
2.66792
2.75964
3.62341
3.5059
2.96139
3.30458
3.21605
4.27171
3.2327
3.48296
3.29442
3.31844
3.91221
3.96087
3.64563
3.395
3.03544
2.68282
3.15936
3.43675
2.72028
3.63028
3.26652
2.72754
4.10276
3.52005
3.03252
2.87318
2.9749
2.65114
2.82598
2.72142
2.81673
2.77034
2.43413
3.3319
3.41284
3.43315
3.82776
3.22494
4.00936
3.40371
3.64619
3.5709
4.27601
3.57711
3.3804
3.13124
3.38805
3.24212
3.55957
3.96234
3.16243
3.3405
3.29215
3.3063
3.57283
3.62332
3.61278
3.22883
3.51861
3.48081
2.93794
3.27844
3.13084
3.0692
3.49007
3.15893
3.71206
3.7729
3.29041
3.79872
4.19724
3.46313
3.14241
3.68339
2.77151
3.12291
3.4663
3.60219
3.49704
3.69288
4.16245
3.58604
3.09609
3.14355
3.24449
4.45961
3.86035
3.54225
3.87328
2.80837
3.52386
4.14233
3.39271
3.2768
3.45839
3.37041
3.1765
3.60388
1.95767
3.50976
2.97571
3.61429
4.32644
3.12669
3.79895
3.11862
3.10669
3.56117
3.59187
4.0457
3.92823
3.92095
3.71097
3.86535
3.21175
3.49122
3.37529
3.47684
3.5027
3.55609
3.09098
3.0741
3.412
3.20702
2.97646
2.95414
3.3389
3.3381
3.30084
3.23744
3.48452
2.91097
3.12084
3.40801
2.82589
3.25934
3.2685
3.07498
3.22548
3.16616
3.24475
2.78949
3.8244
3.48144
3.58086
3.11279
3.61913
3.74967
3.21247
2.84532
2.85813
3.79374
3.15365
3.23015
3.74296
3.33931
3.33933
2.97194
3.66118
4.34271
2.11822
3.08502
2.80468
2.42487
2.66332
2.97393
3.72237
3.24719
2.22782
2.9527
2.90934
3.47267
2.64255
2.38911
3.36223
2.76404
2.61508
3.24382
2.8003
2.73024
3.21232
3.23196
3.16246
3.241
3.02091
3.75367
3.20356
3.40973
3.10073
3.00004
3.94973
3.69501
4.03682
3.97343
3.23044
2.8706
2.91328
3.27212
2.8312
3.49666
3.42066
2.78447
3.28975
3.15895
2.75268
3.18452
2.94025
2.69924
3.1669
2.93503
3.02833
2.81432
2.40272
3.13498
3.45098
3.73428
4.13106
3.26671
3.5009
3.40233
3.61001
3.95198
3.98906
3.34356
2.95766
3.29321
3.30507
3.32413
3.90354
3.65394
3.61255
3.61167
3.23888
3.29534
3.24878
3.66864
3.49933
3.17236
3.3069
3.38048
2.99267
2.8779
3.25095
3.19896
3.04786
2.98573
3.35431
3.49521
2.83783
3.33443
3.41586
3.40685
2.78428
3.52275
2.93011
3.16492
3.31929
3.50963
3.65688
3.55644
3.26008
3.30181
2.76955
2.86277
2.85715
4.13935
3.51695
3.34377
3.71566
2.85194
3.61558
4.08613
3.52836
3.25115
3.33918
3.3287
3.07079
3.4186
2.02839
3.34505
3.13298
3.90115
4.32374
3.04711
3.80562
3.46942
3.65928
3.37387
3.15853
3.42417
4.00343
4.23567
3.56986
3.91425
3.32371
3.16103
3.42453
3.23762
3.26816
3.0568
3.35653
3.06136
3.25819
3.05689
3.35997
2.98358
3.0692
3.43388
3.06663
3.19398
3.30649
3.16527
2.92198
3.28742
3.42831
3.01813
3.38859
2.97811
3.70379
2.69499
3.0083
3.73722
3.73923
3.56883
3.20297
2.99183
4.19869
3.65288
3.39176
2.78268
2.76091
3.97418
3.19251
2.98625
3.73156
3.68148
3.28029
3.43198
3.67426
4.25874
