2.12756
3.20158
2.69208
2.54068
2.80938
2.87545
3.0255
2.81976
2.01659
3.06042
3.03587
3.36402
2.9345
2.59195
2.88201
2.47187
2.74452
3.34719
2.95529
2.64183
3.22465
3.39613
3.20736
3.4253
3.15128
3.34402
3.35508
3.11484
3.00566
3.57925
3.41356
3.38438
3.40344
3.7675
2.91496
2.64242
2.76118
3.43608
2.73659
3.23502
3.20659
2.69008
3.40734
3.26249
2.6345
3.031
2.92311
2.71391
2.7093
2.77698
2.71249
2.54068
2.1758
3.15398
2.93118
3.36562
3.61175
2.29833
3.73733
3.32783
3.22556
3.41097
3.72334
3.11691
2.83957
3.02668
3.06126
2.90513
3.49038
3.61741
3.26093
3.01828
3.12995
3.1005
3.41022
3.32446
3.34216
2.98545
3.29235
2.90492
2.97437
3.12333
3.17558
3.03084
3.43587
2.80328
3.025
3.405
2.89012
3.48703
3.5431
3.88848
2.60147
3.65138
2.76811
2.84265
3.59188
3.31227
3.37398
3.46983
3.38962
3.57337
2.77249
2.90959
2.9632
4.19829
3.30727
3.16136
3.85887
2.82452
3.75726
4.28263
3.1238
3.22533
3.23582
2.93352
2.63936
2.87345
2.24642
3.22506
2.58407
3.58589
4.05309
3.15618
3.52001
3.49708
2.79678
3.20902
3.32703
3.91323
3.72616
3.7023
3.31068
3.43981
3.47375
3.25988
3.39219
2.94205
3.28454
3.27993
3.31641
2.9152
3.14633
2.66669
2.90923
2.95527
3.04112
3.25657
2.99269
3.1874
3.47345
2.76231
3.25065
3.20766
2.73192
3.12163
2.9752
2.76458
3.18743
3.37265
2.93754
3.63578
3.72373
4.20353
3.06667
3.73071
3.92443
3.63961
3.00709
2.95974
3.1697
3.6047
3.29433
3.24531
3.68858
3.00812
3.34264
3.21156
3.41245
3.6699
2.03627
3.12085
2.95687
2.57911
2.77387
2.79549
3.1545
2.90127
2.01794
2.97496
2.8893
2.92501
2.79129
2.44402
2.92705
2.87516
2.85992
3.53188
2.93699
3.38974
3.13297
3.02848
2.90773
2.86433
2.87802
3.73927
3.32992
3.44316
3.25163
3.34612
3.56323
3.48609
3.97667
3.92404
3.05757
2.81463
2.9232
3.24693
2.54965
3.38702
3.06422
2.57229
3.54037
3.4285
3.22021
2.52641
2.79868
2.4639
2.81545
2.89332
2.67766
2.65939
2.26605
3.08997
3.21381
3.67686
3.69525
2.50417
3.41517
3.07395
3.15751
3.57911
3.80319
3.04669
2.9627
3.13326
3.55038
2.98519
3.35335
3.69911
3.11553
3.21437
3.15095
3.0687
3.2734
2.90325
3.22832
3.19785
3.25134
3.55951
3.0038
3.05218
3.03593
3.15496
2.97362
3.04172
3.22253
3.49927
2.90444
3.27814
4.01943
3.42377
2.44061
3.41287
2.77322
3.10347
3.21168
3.26959
3.37793
3.21262
3.34803
3.7205
3.0276
3.04167
2.8189
4.4458
3.3916
3.37073
3.94887
3.77089
3.52316
4.68513
4.1827
2.92281
3.45831
2.80522
3.0338
2.79098
2.2544
3.14941
2.68876
3.42695
3.7987
2.85781
3.21652
3.63952
3.33593
3.32211
3.2597
3.4567
3.74233
3.62382
3.41638
3.14117
3.53448
3.28307
3.43101
3.17747
2.96683
3.26353
2.82006
3.05353
2.96567
2.81173
2.97041
2.80198
3.03676
3.35233
3.12712
3.05557
3.21445
3.04144
3.24264
3.07063
3.37275
2.8988
3.00358
2.98217
3.28851
3.54373
3.12663
4.19822
3.90086
4.54885
3.2302
3.5751
3.52042
3.42332
3.33931
2.93391
3.01457
3.55264
2.63785
2.97319
3.07953
3.26777
2.68245
3.02958
3.2339
3.54217
