2.15795
3.04845
2.72156
2.66551
2.80765
3.04457
3.34732
3.25313
1.79373
3.24003
3.39813
2.92629
2.6816
2.30875
3.15285
2.54588
2.79356
3.49948
2.93959
3.17671
3.39338
3.51331
3.66663
3.74744
3.33728
3.81504
3.04957
2.99272
3.57341
3.51173
3.63337
3.63447
4.15532
4.08954
3.47501
2.66246
2.84405
3.16401
2.50187
3.41409
3.25321
2.74897
3.78895
3.6847
2.95505
2.86212
2.76767
2.79182
2.48782
2.78174
2.69305
2.72288
2.28407
3.23803
3.37763
3.86257
3.04725
1.88652
3.76772
3.55223
3.68967
3.58707
4.20092
2.92711
2.45483
3.14397
3.69956
3.30884
3.35197
3.69468
3.20375
3.0824
3.08993
3.64317
3.62924
3.48689
3.45582
3.47329
3.63304
3.67267
3.12811
3.24981
3.17355
3.23194
3.05883
2.96323
3.45687
3.13141
3.07326
3.25984
3.82769
3.45987
2.66516
3.72066
2.65707
3.22667
3.66079
3.55472
3.87916
4.17192
4.35425
3.50678
3.19716
3.18451
3.53154
3.57386
3.08758
3.49325
3.93701
2.32561
3.88179
4.27835
3.46964
3.23979
3.52788
3.54637
2.9912
3.39375
1.93724
3.25207
2.76014
4.12578
3.98684
3.1527
3.60481
3.42792
2.83608
3.46512
3.33292
3.70467
3.98714
3.86721
3.58139
3.51973
3.35651
3.46271
3.91057
3.25568
3.07468
3.24844
3.1504
2.68339
3.25454
3.06155
2.85325
2.91185
3.59863
3.73683
3.14811
3.0349
3.22831
2.74394
3.01124
2.85007
2.8145
2.89577
3.17076
3.13667
2.85651
3.1812
3.04474
3.24542
3.56134
2.68974
3.27434
2.68788
3.67062
3.37844
3.59508
3.02021
3.14125
4.04916
3.15694
3.86441
3.75718
3.51941
3.15773
3.28141
3.53322
3.27813
2.18037
2.91314
2.49725
2.51956
2.84402
2.78097
3.63708
3.2472
1.89051
3.26132
3.6914
3.17338
2.27788
2.42993
3.18044
2.8174
2.93236
3.54047
2.42535
2.75142
2.85646
3.22807
3.02613
2.97403
2.86833
3.85836
2.87467
3.57239
3.06064
2.9254
3.47418
3.64735
3.77903
3.78976
3.10674
2.53475
2.76076
3.18986
2.71481
3.24874
3.40348
2.64386
3.91332
3.39728
3.14962
3.28712
2.51605
2.71562
2.99936
2.61304
2.78952
2.63652
2.29326
3.1089
3.31382
3.98541
3.65679
2.25016
3.76487
3.80833
3.94246
3.17595
3.84407
3.41991
2.85361
3.1157
3.31689
3.40885
3.59346
3.75465
3.45178
3.40842
2.9802
3.82525
3.53573
3.58564
3.70493
3.45267
3.4335
3
3.259
3.18741
3.01929
3.20551
3.29331
2.94816
2.99089
3.3772
2.8734
3.08101
3.6538
3.43531
2.69489
3.88794
2.90912
3.08386
3.31916
3.39756
3.55518
3.82997
3.46689
3.53125
3.28013
2.90712
2.83496
3.70882
3.09789
3.5225
4.17568
2.55714
3.45912
3.09816
3.5514
3.3716
3.36672
3.228
3.00984
3.68266
2.17766
3.23484
3.10519
3.88633
4.56888
2.59702
3.42693
3.71365
3.36987
3.69888
3.25887
3.35158
4.00465
3.93574
3.70461
3.49024
3.41615
3.61967
3.47206
3.20204
3.2288
3.05319
2.92981
2.87525
3.52693
3.2014
2.79767
2.8382
3.36694
3.03008
3.08473
3.0278
2.98211
2.96063
2.69597
2.72873
3.40969
3.13451
2.8134
3.16998
2.8806
3.27954
2.7451
3.58975
3.70427
3.52311
3.02157
2.50996
3.73462
3.33888
3.44389
2.92074
3.074
4.15518
3.11788
2.48697
3.21628
3.46731
3.5953
3.4519
3.18076
3.93521
