1.80445
3.14214
2.5751
2.21245
2.41496
2.61896
3.47695
2.71459
1.64689
2.77184
3.39773
3.31052
2.08869
2.57238
3.05551
2.12336
2.67789
3.48613
2.73502
2.35931
2.90284
3.34625
3.12093
3.30575
2.99919
3.28824
3.75125
3.27349
3.16409
3.04889
3.60223
3.58025
3.19545
3.96358
3.06099
2.19388
2.30771
3.08557
2.53654
3.271
3.79161
2.39886
3.21403
3.30714
2.64228
2.72166
2.56541
2.15861
2.59795
2.44381
2.38662
2.50967
1.9479
3.09847
2.98751
3.50701
3.85837
2.87744
3.46817
3.11166
4.09351
3.84415
3.70757
2.9405
3.36871
3.10144
3.45317
3.06438
3.71185
3.60534
3.46973
3.46803
3.21846
3.21217
3.3976
3.53175
3.24326
3.19812
3.55503
3.09143
2.94175
3.12969
3.32279
3.05676
3.13082
3.03497
2.96158
2.93639
2.91263
3.6805
3.65085
3.79853
2.79418
4.04208
2.44135
2.99788
3.22581
3.08952
3.32629
3.63458
3.90154
4.0227
3.22111
2.94755
3.15225
3.74103
3.70185
3.12849
4.17691
2.75625
3.42112
4.34449
3.18039
3.52564
3.47274
3.16666
2.68217
3.17508
2.24135
3.40319
2.50473
3.9244
3.9536
2.90676
3.55754
3.98278
3.03962
3.23292
3.46545
3.51424
3.85941
3.66873
3.27506
3.41166
3.17684
3.49053
2.97419
3.34766
3.23801
3.0837
3.02257
3.07498
2.87415
2.5682
2.78941
2.68769
3.22112
3.27157
3.26379
3.0034
3.19249
2.75357
3.01225
3.04165
3.51619
2.9596
3.33382
2.91396
2.74765
2.99913
3.16597
3.2449
3.49853
3.62365
3.34754
3.55204
3.68867
3.53865
3.23236
3.00083
3.67587
3.61279
3.06989
3.40887
3.30326
3.3252
3.42569
2.59214
3.38514
3.80739
1.98606
2.85345
2.43613
2.27674
2.2881
2.51616
3.13059
2.6234
1.73304
3.03695
2.62053
2.72832
2.5107
2.46126
2.79156
2.18141
2.62384
3.00326
2.58655
2.17466
2.47687
2.45345
2.79078
3.08492
3.33158
3.40231
3.27535
3.17821
3.11073
3.44984
3.20553
3.75822
3.51562
4.10659
2.90329
2.30942
2.58716
2.88093
2.29766
3.41746
3.04057
2.51672
3.78162
3.07592
3.27025
2.41571
2.69066
2.55331
3.00798
2.69419
2.36286
2.38454
2.11023
2.77338
3.24217
3.60274
3.59857
2.75164
3.93185
3.45718
3.89103
4.00738
4.15957
2.99778
3.30741
2.94686
3.06905
3.5245
3.79207
3.74906
3.73536
3.24223
2.93204
2.86455
3.11027
3.16165
3.51361
3.19857
3.0241
3.20567
3.07152
2.72994
2.89989
3.22208
2.72876
2.94626
3.3373
3.16058
3.01472
3.77489
3.93912
3.3016
2.90289
3.97696
2.6157
2.6724
3.03508
3.31755
3.46763
3.16687
3.85984
3.71916
3.13111
3.34534
3.18371
4.24767
3.58522
3.42426
3.37697
3.77853
3.35435
4.38913
3.3029
3.17175
3.1276
2.9229
2.65923
3.08555
2.21869
3.20281
2.33953
3.91463
4.04286
2.86575
3.3571
3.37818
3.14052
3.05307
3.47663
3.36477
4.18527
3.78025
3.19301
3.55388
3.05295
3.3611
3.0888
3.09586
3.12767
3.25859
3.1555
2.62993
3.55204
2.85124
2.94664
2.82782
3.2447
3.32681
3.37896
3.33162
2.93423
2.59287
2.71359
2.94343
2.92597
3.01341
2.80371
2.72492
2.72146
2.98765
2.85172
3.0429
3.32954
3.91408
2.94745
3.76422
4.12236
3.60414
3.51221
3.18583
2.94687
4.19201
2.5782
2.76009
3.11507
3.18019
2.97058
3.0283
4.05846
3.53545
