2.11948
3.17937
2.53199
2.43152
2.76377
2.69992
2.9849
2.76403
1.62111
2.66343
3.3907
2.9401
2.37987
2.6282
2.67167
2.80268
2.74857
3.04668
3.08204
2.6513
3.62172
3.55264
2.77658
3.00751
3.27125
3.04965
3.01621
3.19113
2.95261
3.47597
3.74284
3.77249
4.12683
4.1297
3.56789
2.55993
2.40061
3.10365
2.63274
3.19646
3.57741
2.26256
3.11986
2.90522
2.93876
3.23718
2.77065
2.26406
2.07688
2.87171
2.70147
2.3076
2.33028
2.90377
3.07514
3.44312
3.10739
2.71451
3.17243
3.32111
3.59923
3.87636
3.29288
3.48907
3.42357
3.65453
3.26877
3.21763
3.56004
3.10013
3.25513
4.02739
3.17683
3.2468
3.21256
3.56504
4.01029
3.02899
3.04753
2.82441
3.03489
3.09951
2.99239
3.26341
3.44124
3.15791
3.46216
3.49639
3.57949
3.73629
4.08207
3.78676
3.12512
4.06319
2.74908
2.89764
2.93657
3.04347
3.64426
3.39886
3.30469
3.79279
2.42001
3.16128
3.14709
4.07253
3.091
3.30847
3.73635
2.26259
3.37317
3.84996
3.55466
3.25575
3.33168
3.49652
2.66249
3.99115
2.15809
3.29683
2.76137
3.59853
3.59823
3.03843
3.81769
3.48407
2.76165
3.67326
3.08299
3.16252
3.68914
3.78696
3.47957
3.51422
3.40119
4.02065
3.54131
3.65433
3.18774
3.30526
3.77889
2.99891
3.2191
2.72494
2.89949
2.9527
3.48339
3.42645
3.00438
3.33579
3.05157
2.96667
3.30594
3.62083
2.5647
3.33225
3.02491
2.7429
2.88915
2.74224
3.0499
3.10517
3.47059
2.77268
4.05745
3.11387
3.38479
3.98774
2.96774
3.26534
3.36375
3.13164
2.30507
3.25219
4.06191
3.46057
3.87235
2.28052
3.26208
3.27849
2.10338
2.82403
2.88321
2.58097
2.69998
2.91616
3.18117
2.76601
1.71467
3.11699
3.08344
3.24018
2.50987
3.00054
2.59441
3.05256
2.77504
3.37648
2.9283
2.39697
3.00441
3.12363
2.76379
2.68978
2.86677
3.24521
2.83105
3.31984
3.20931
3.15087
3.59796
3.57061
3.98869
3.79314
3.27128
2.52928
2.82484
3.0871
2.42964
3.09089
3.33637
2.31634
3.32931
3.1049
3.02268
3.04198
2.65139
2.20719
2.74266
2.582
2.65759
2.57476
2.27072
3.06906
2.95261
3.19782
3.54467
2.89044
3.2566
3.6845
3.93892
3.70059
3.3659
3.65405
3.30703
3.82118
3.14762
3.15319
3.61735
3.39251
3.24703
3.66209
3.09805
3.2873
3.43
3.42663
3.62086
2.91307
3.02833
2.96566
2.77543
2.82035
3.24664
3.19049
3.50888
3.18408
2.82884
3.42116
3.29307
4.05182
4.15427
3.86431
3.61427
3.69997
2.49137
3.08331
2.94478
3.23983
3.52517
3.17897
2.94505
3.51308
2.47822
2.89313
2.96435
3.50049
3.45368
3.11118
3.68823
2.71059
3.16602
3.73048
3.09573
2.94128
3.25357
3.10229
3.04557
3.68166
2.48396
3.2896
2.6311
3.6871
3.70886
2.73654
3.44754
3.93823
3.50487
3.05368
3.22383
3.08662
3.74197
3.53187
3.47147
3.79637
3.08394
3.50598
3.16961
3.14862
3.22112
3.36369
2.94006
3.25006
3.30194
3.19431
3.46162
2.82824
3.66416
3.21153
3.34694
3.20054
3.27622
2.6153
3.65955
2.99134
4.13332
3.38504
3.21997
2.67145
2.94544
3.35375
3.04067
2.90125
3.23825
3.33889
3.40458
3.27488
3.78281
3.14012
3.42606
3.24915
2.97123
4.00003
2.51742
2.91699
3.27745
2.93499
3.1401
2.56264
3.41436
3.63127
