1.85599
2.69094
2.57413
2.39593
2.63877
3.01942
3.05624
3.04225
1.96153
3.09405
3.31144
3.26292
2.4687
2.83444
3.04043
3.0055
2.78622
3.21648
2.78517
2.92526
3.38158
3.42417
3.03893
3.35586
3.16589
3.93036
3.28935
3.03724
3.29797
3.59611
3.74891
3.15388
3.60952
3.7446
3.31565
2.58338
2.97942
3.13198
2.90839
3.5128
2.96659
2.69532
3.69213
3.53327
3.13527
2.71764
2.93367
3.23286
3.31268
2.88251
2.85695
2.86718
2.33045
3.07703
3.10794
3.67242
3.45572
2.77302
3.196
3.20675
3.68481
3.55914
4.03593
3.4911
3.08632
3.09435
3.45964
3.17519
3.71428
3.92423
3.10626
3.92404
3.10743
3.35411
3.83392
3.43693
3.81665
3.35972
3.24521
3.02873
3.08693
3.17179
3.04926
3.16981
3.28533
2.90079
3.57269
3.7124
3.21026
3.81782
4.2864
3.77435
2.90427
4.19012
2.75017
3.14614
3.12721
3.62125
3.38276
3.41541
3.86478
3.60421
2.9595
3.13991
3.16484
4.38842
3.26152
3.50985
3.75146
2.75009
3.61911
4.14692
3.18952
3.12886
3.13532
2.91661
2.87555
3.30364
2.09468
2.91054
3.43283
3.85166
3.90626
3.09898
3.49525
3.43416
2.89024
3.2998
3.43223
3.91538
4.04442
3.82019
3.7436
3.46641
3.43046
3.17535
3.30955
3.33511
3.1168
2.93872
3.14946
2.97334
3.44849
2.65077
3.09025
3.02443
3.11351
3.1778
3.37617
3.3931
3.57051
2.87435
3.11823
2.82728
2.86774
2.87119
3.01252
3.1065
2.54919
2.99099
3.28653
2.84146
3.1162
3.65849
3.22546
3.57195
3.89177
3.60759
3.12921
3.2694
3.14689
3.54568
3.14203
3.31239
3.12895
3.42461
4.23071
2.83178
3.62889
3.74158
1.75841
2.97314
2.77797
2.36717
2.67609
2.71808
3.06905
3.01546
2.07368
2.96614
2.77105
3.27764
2.57111
2.65036
2.8088
2.8012
2.56393
2.98076
2.79403
2.71568
2.45988
3.32782
3.27745
3.51994
3.30484
3.70176
3.52587
3.63849
3.27346
3.50012
3.2479
3.36554
4.21525
4.07168
3.64031
2.69617
2.88724
2.99423
2.68263
3.14886
3.18521
2.8259
3.68352
3.7585
2.90576
2.86762
3.0535
2.36015
3.17387
2.74995
2.96609
2.73458
2.28642
3.0787
3.29397
3.35339
3.76421
3.10043
3.68041
3.18535
4.34598
4.08136
4.25818
3.94954
3.6045
3.08327
3.50463
3.06856
4.0199
3.61307
3.64199
3.77911
3.16968
2.99941
3.14516
3.66254
3.74269
3.2862
3.27007
3.52761
2.86932
3.25138
3.33476
3.402
3.51443
3.13462
3.39785
3.7878
3.31766
3.28859
3.52873
3.64606
3.11918
3.8207
2.75235
3.21534
2.96146
3.70658
3.34442
3.11933
3.5492
3.25803
2.78516
3.19018
2.88514
4.16409
3.22251
3.43025
3.71822
3.53818
3.62212
3.95407
3.26372
2.93215
3.28572
3.00947
2.81215
3.17152
2.38512
2.77865
3.06496
3.98197
3.8792
2.9598
3.41313
3.41724
3.38428
3.1901
2.92565
3.20096
3.86511
3.82074
3.55692
3.44388
3.55817
3.70302
3.5733
3.01928
3.31949
3.85836
3.04221
2.94949
3.50347
2.95763
2.79213
3.3331
2.98233
3.16229
3.2438
3.22948
3.64133
2.89762
2.89818
3.19495
3.02803
3.16279
3.23081
2.92254
2.99882
3.21702
3.16172
3.12526
3.10474
4.17907
3.63071
3.83557
3.46594
3.35747
3.49376
2.92452
2.97848
3.57556
3.05697
2.98756
3.68813
3.32941
3.74961
2.8936
3.76819
4.2364
