1.9125
2.50515
2.67947
2.21427
2.40491
2.6765
2.86773
3.07172
1.71355
2.95775
2.871
3.32474
2.27096
3.13529
2.72114
2.95578
2.66632
3.28301
2.7701
3.0629
3.4566
2.41094
3.32263
2.91379
3.22728
3.04629
2.8102
3.17946
3.08201
3.05683
3.21457
3.86261
3.31432
3.72734
2.91539
2.62851
2.63542
2.99966
2.71708
3.22431
3.08171
2.63422
3.21971
3.22223
2.93045
2.56499
2.81226
2.29457
2.53727
2.83648
2.52832
2.49441
1.9535
3.13496
3.19648
3.35458
3.18514
3.03165
2.84673
3.44581
3.0478
3.31023
3.5693
3.22723
2.9561
2.90005
3.11522
2.94684
3.24304
3.40784
3.08497
3.06383
2.9066
2.98345
2.86792
3.20584
2.69086
3.01225
2.94203
3.23491
2.83818
2.95526
2.64418
2.85021
2.75544
2.79284
2.99176
3.54508
2.48783
2.85403
3.11039
3.09002
2.6727
3.39906
2.74091
2.91925
3.14983
3.51189
2.98409
3.23671
3.11646
3.35327
2.84396
2.98608
3.242
4.33986
3.41472
3.19971
4.27194
3.31473
3.21901
3.73334
3.14362
3.09504
3.23083
2.60069
2.93175
3.71261
2.27968
2.94001
2.75165
3.77935
3.27912
2.88349
3.3863
3.20509
2.61216
3.01801
2.9283
3.22155
3.52216
3.77174
3.18905
3.13741
3.09166
2.97214
3.13399
2.87431
3.21448
2.86744
2.46908
2.81178
3.23308
2.71564
2.92929
2.93353
3.07778
3.01399
2.97164
3.0557
2.98805
2.46398
2.68277
3.53931
2.05243
2.94465
2.90237
2.84708
2.81083
2.46473
3.1306
3.17863
3.45203
3.05523
2.42426
2.91689
3.39206
3.23739
2.82018
2.75485
2.70351
3.66413
2.40132
2.76817
3.58091
3.09551
3.33939
2.81988
3.31005
3.6884
1.73391
2.80461
2.69459
1.89323
2.29407
2.67602
2.90502
2.87248
1.81694
3.0607
2.59078
2.85775
2.28676
3.23773
2.62061
2.38818
3.0505
3.73097
2.43904
3.20718
2.93243
3.31671
2.89885
3.14752
3.15993
3.40222
2.55738
3.24531
2.70334
3.22359
3.12337
3.64788
3.3906
3.31055
2.91953
2.21548
2.48676
2.96347
2.80829
3.13765
2.86511
2.45107
3.51038
2.99854
2.75373
2.35157
2.73781
2.67838
2.39404
2.78131
2.59715
2.62026
2.05367
2.7565
2.8748
3.49062
3.3483
2.64708
3.69303
3.21296
2.77605
3.31008
3.63927
3.08578
2.6768
2.7072
3.05604
3.01748
3.3243
3.41732
2.87816
2.82086
2.6419
2.83045
2.93637
2.90297
2.80567
3.08374
2.99057
3.06236
2.76269
2.95563
2.99795
2.94844
3.04496
2.8433
2.66616
3.03549
2.89836
2.74335
2.78096
2.9852
2.70537
3.2558
2.54457
3.04833
3.18986
2.95762
3.05851
3.43393
2.67878
3.10676
2.24791
2.95083
3.08489
4.40642
3.36414
3.12841
3.94052
3.85992
3.53539
4.3015
3.65381
3.08702
3.38796
2.87737
2.62942
3.55484
2.89819
2.93898
2.70721
3.7482
3.71955
2.78172
3.32408
2.99858
3.00854
3.04769
3.07001
3.3702
3.72479
3.64286
3.48174
3.34359
3.3453
3.17499
3.06289
2.9302
2.90798
2.98921
2.74213
2.67758
2.99673
2.63737
2.72101
2.96934
3.29031
3.04219
3.00621
3.07243
2.92865
2.4932
2.77208
2.95907
2.49256
3.23498
2.46228
2.68226
2.62599
2.57572
2.76601
2.87449
3.50946
3.0598
2.60208
2.73482
3.7355
3.60292
3.10635
2.58136
3.03265
3.18675
2.8466
2.97042
3.21191
3.16631
2.7044
2.67753
3.30699
3.39097
