1.94018
2.64029
2.43213
2.40937
2.50881
2.64779
2.79085
2.82077
1.72849
2.78078
2.71174
2.81464
2.70765
2.33557
3.19679
2.44865
2.76942
2.96447
2.52862
2.77494
2.84861
2.41188
2.68612
3.03804
3.36883
3.58115
2.67044
3.14728
2.87655
3.17206
3.14795
3.71464
3.92091
4.1566
3.28413
2.65915
2.6641
3.03051
2.79385
2.80477
3.03236
2.66609
3.06958
3.04532
2.61449
3.33511
2.53354
2.63018
3.0118
2.68751
2.41257
2.57963
2.06234
2.93703
2.74524
3.22887
4.23693
1.98574
3.93076
3.02738
3.34118
3.21503
3.57675
3.09808
2.92884
2.85605
3.16759
2.9972
3.4833
3.25852
2.88493
2.84178
2.83309
3.10181
2.93623
3.13427
2.92581
3.22263
2.82554
3.12137
2.59473
2.76282
2.73698
2.83369
2.85752
2.9401
2.99071
3.46104
2.5957
3.07752
2.94501
3.15653
2.78876
2.93693
2.80786
3.04683
2.94901
3.25295
2.98359
3.24419
3.25106
3.5388
2.49502
2.92506
3.15119
4.06346
3.68609
3.30741
4.03231
3.36746
3.35771
3.99776
3.58065
3.2487
3.17888
2.75293
2.97611
3.13371
2.25588
3.19807
2.74596
3.57966
4.00057
3.36368
3.37206
3.36279
2.8236
3.31241
3.19675
3.73094
3.25023
3.34263
3.42157
3.2818
3.10992
2.86297
3.19829
3.02724
3.08592
2.93609
2.79088
2.72469
2.64284
3.13877
2.79747
2.87183
3.23465
3.12057
3.11801
2.83017
2.8444
2.65197
2.79315
3.29832
2.55453
2.42003
2.66885
2.91667
3.00439
3.44028
3.0128
2.73982
3.07723
4.20069
2.71769
2.91828
3.52085
3.39146
3.33989
2.36798
2.7525
3.38062
3.0499
3.10023
3.56107
2.91883
3.24156
3.22227
3.05177
3.23745
2.02617
3.32155
2.41182
2.32286
2.60019
2.68521
3.12973
2.71562
1.95224
2.83351
2.7411
3.15416
2.51171
2.19298
2.845
2.7516
2.58972
3.07121
3.08244
2.76647
2.50986
2.89165
2.77528
3.17722
3.14087
3.60595
2.65353
3.48981
2.67976
2.84599
3.22934
3.6637
3.20256
3.94097
3.24742
2.18789
2.92955
3.00561
2.98094
2.89828
2.92412
2.85912
3.29431
3.10074
2.90928
3.11067
2.90661
2.64078
2.93284
2.66918
2.53942
2.79092
1.92477
2.86428
3.00897
3.14204
3.82979
2.30363
3.71502
2.94594
3.53524
3.594
4.02166
2.90383
2.99615
2.97691
3.26976
3.06873
3.56189
3.34642
3.17154
3.25809
3.07777
2.7785
2.9068
2.99919
2.77973
3.11003
2.80904
3.28585
2.87108
2.76332
3.13947
2.87123
2.6423
3.00058
3.20369
3.2811
2.57724
2.87765
3.10577
3.06802
2.94469
3.15314
2.87497
2.82176
3.00718
3.20251
3.17442
3.76432
3.10955
3.54429
2.9861
3.44453
3.41039
4.11198
3.41892
3.21487
3.89054
3.71182
3.42196
4.27779
3.4645
2.91101
3.58927
3.23433
3.18527
2.83191
2.71186
3.17449
3.11482
3.4328
3.66186
3.11309
3.34754
4.19153
3.20153
3.498
3.60582
3.69819
3.39794
3.4128
3.32652
3.24289
3.04582
3.11099
3.13399
2.93803
3.4369
3.118
2.81463
2.6444
3.26151
3.53758
2.93481
3.19412
3.4357
3.09355
3.05355
3.11288
3.2201
2.55761
2.71517
2.95294
3.02638
2.45537
2.9981
2.99445
3.26083
3.02584
2.82346
2.85092
3.18573
3.43975
2.90656
3.55861
3.66621
3.50924
2.97036
2.62885
2.75286
3.63305
3.13826
2.8403
3.38268
3.42059
3.45167
3.47823
3.45383
3.83497
