1.89959
2.63827
2.34416
2.16424
2.46372
2.62127
3.26784
2.90725
1.63048
3.11303
2.95021
3.1536
2.35508
2.46912
2.76585
2.63621
2.35343
3.39642
2.38716
2.79139
2.93259
3.19729
2.45966
3.72814
2.92451
3.54041
2.99556
3.19614
3.00302
3.60616
3.19506
3.89426
3.87193
3.95766
3.36779
2.5279
2.5208
3.18491
2.39414
3.42364
3.45674
2.24983
3.53509
3.23487
2.38043
2.35009
2.10174
2.0914
2.28198
2.86096
2.28797
2.38172
2.12982
2.80475
3.28593
3.51838
3.58357
2.33382
3.54866
3.19375
3.47434
3.5441
3.51543
3.2458
3.16473
2.58848
2.8726
2.95948
3.25953
3.58275
2.79492
3.11335
3.05673
2.93514
3.20732
3.24621
2.98642
3.17926
3.22929
3.41508
2.49721
2.80404
3.04238
2.89451
3.17996
2.94322
3.03586
3.3991
3.21125
3.28249
3.7491
2.94421
2.81219
3.18547
2.68463
3.13584
3.26457
3.22732
3.2758
3.34585
2.95081
3.13451
2.71232
2.89151
2.94279
4.35579
3.49928
3.45352
3.99092
3.19639
3.67665
4.04075
3.54144
2.73793
3.0076
3.13568
2.54659
3.54806
2.30212
3.48204
2.22104
3.64461
3.49708
3.17278
3.56867
3.30256
2.65967
3.44556
3.32584
3.55756
3.65982
3.78961
3.58224
3.23836
3.2929
3.18146
3.46127
2.99547
3.1963
3.64075
2.99912
2.46462
2.97029
2.66899
2.73459
2.69993
3.08629
3.10871
3.14067
3.03124
3.16503
2.12854
3.43207
2.99809
2.54245
2.53387
2.7457
2.61777
3.01183
3.06389
3.02815
3.57693
3.43627
3.96171
3.15918
3.05971
3.52933
3.24489
3.43309
2.86204
3.28672
3.70899
3.08945
3.55859
3.58041
3.11596
3.29487
3.40723
3.33585
3.51001
1.96661
2.64471
2.29463
2.29408
2.41579
2.51416
3.12945
2.88349
1.59135
3.09675
2.95687
3.09705
2.17813
2.75886
2.63268
2.54805
2.63364
3.35188
2.73446
3.02086
2.9471
2.57411
2.37677
3.33269
2.75211
3.38048
2.96132
3.17744
2.84481
3.44543
3.54885
3.69218
3.45516
4.114
3.04955
3.11986
2.82186
3.09088
2.22789
3.17122
3.46925
2.52576
3.63447
3.17384
2.53104
2.46839
2.56428
2.47069
2.53592
2.64906
2.16406
2.30954
2.17233
2.88398
3.22997
3.38703
3.52346
2.2364
3.64849
3.35523
3.64925
3.80349
4.23658
3.23389
2.64012
2.74642
3.1633
2.85165
3.37538
3.42182
3.11788
3.05403
3.15128
3.09848
3.31532
3.02936
2.98818
3.00438
3.34138
3.46062
2.74746
2.88225
2.88865
2.77848
2.97551
2.83658
2.7676
3.47399
2.82507
3.29685
3.33323
2.81123
2.59949
3.13534
3.03712
3.05325
3.392
3.32166
3.20132
3.51203
3.46857
3.41137
2.75564
2.98294
2.90492
4.12828
3.10573
3.38173
4.04648
3.57484
3.4592
3.02986
3.54126
3.08019
3.61321
2.83593
3.07524
3.15934
2.47594
3.30537
2.73006
3.81055
3.94547
2.97366
3.54973
3.72787
3.09208
2.88955
3.27694
3.18058
3.76495
3.89801
3.52138
3.22149
3.16639
3.10293
3.42191
3.12814
2.94939
3.07232
2.48835
2.75624
3.06102
2.8327
2.82514
2.77666
3.2522
3.23793
2.96669
3.03626
2.93129
2.21834
2.85822
2.77937
3.0904
3.11486
3.07976
2.68902
2.85346
2.9282
2.64822
4.17504
3.61261
3.52091
2.92375
3.03519
3.83015
4.09477
3.46832
2.83491
2.88293
3.5414
3.35551
2.71457
3.81446
2.84659
3.39591
3.13587
3.89914
3.69306
