1.75987
3.07155
2.6613
2.24307
2.58247
2.84405
2.9362
2.92042
1.92967
2.73927
3.49021
3.11052
2.46638
2.48679
3.01461
2.8058
2.79422
3.1089
2.38756
2.94983
3.63919
3.3279
2.69934
3.36827
3.96197
3.09258
2.82056
3.21219
3.38911
3.17921
3.41952
4.07328
3.28974
3.59099
3.44012
3.16992
2.75121
3.05347
3.03912
3.12943
3.52338
2.5501
3.81534
3.64115
2.65039
2.58688
2.82178
2.21855
2.78355
2.66777
2.83344
2.68173
2.15985
3.10614
3.18894
3.49216
3.75279
2.30094
3.65749
3.066
3.2048
3.47491
3.66508
3.17118
3.02157
3.08457
3.32332
2.95964
3.56319
3.69858
2.98395
3.21574
2.975
3.62678
3.21216
2.87241
2.88749
3.11355
2.99857
2.8778
3.26841
2.98392
2.80658
2.7578
2.73659
2.62758
3.01
3.367
2.8695
3.56683
3.22354
3.33804
2.98457
3.52819
2.44103
2.80801
3.27479
3.34573
3.56283
2.98005
3.67672
3.74593
2.41145
2.75277
3.03517
4.11271
3.50961
3.2671
3.67335
3.40901
3.35616
3.86434
3.55043
3.12277
3.58423
3.05133
2.65491
3.13863
2.4046
3.17006
2.39652
3.64833
3.61957
2.63205
3.27783
3.15261
2.80935
3.37669
3.16886
3.6222
3.55915
3.98516
2.94303
3.35993
3.10472
3.31026
3.3947
3.05581
3.15941
3.05133
2.70386
2.74643
3.31235
2.71881
2.68526
2.67663
3.20554
3.31515
3.09485
3.27673
3.2667
2.76223
3.3811
2.9311
2.65106
3.34454
2.93168
3.0801
2.81242
2.44847
3.21246
3.19846
3.37842
3.39732
2.85786
2.78454
3.26228
3.46403
3.32122
2.87493
2.54269
3.49359
3.04318
2.83226
3.40483
3.27606
3.52396
3.0849
3.38939
3.41574
1.92009
2.78579
2.5631
2.26384
2.61085
2.79134
3.31387
3.01159
2.0545
2.98758
2.96963
2.89391
2.40864
2.92284
2.66537
2.58062
2.75393
3.29671
2.72171
2.6643
3.10882
2.96716
2.87737
3.00167
3.25464
3.31726
3.06761
3.13986
3.12175
2.9241
3.3299
4.22019
3.44994
3.97266
3.50957
2.73302
2.79557
2.91703
2.60407
3.2471
2.93296
2.7845
3.7574
3.39371
2.73944
3.04991
2.7741
2.78711
2.68631
2.44662
2.68769
2.46711
2.26008
2.8231
3.32235
3.37541
3.6339
2.88243
3.9611
3.41826
3.26883
3.64269
3.79499
2.99533
3.3269
2.62109
3.01292
2.86718
3.61563
3.74412
2.92424
3.27388
2.98304
3.12569
3.10646
3.11099
3.01435
2.94408
3.00146
2.8045
2.83045
2.9316
2.91773
2.88865
2.70388
2.7687
2.80995
3.45005
2.6214
2.76604
3.13205
3.26848
3.04566
3.08866
3.07123
3.03146
2.92924
3.07647
3.57488
3.21739
3.53765
3.46616
2.52502
2.78036
2.98203
4.47072
3.42985
3.6219
4.04933
3.60599
3.36932
3.61452
3.75192
3.18365
3.52697
2.83903
2.63415
3.67156
2.61054
3.41233
2.82823
3.91756
3.58807
2.6521
3.07538
3.19191
2.9979
3.42702
3.20077
3.24978
3.21119
3.48587
3.43989
3.56666
3.10945
3.10547
3.33979
3.06331
3.10657
2.93286
2.68484
2.8977
3.3623
2.79154
2.94315
2.70901
3.09751
3.30329
2.95531
2.95593
3.15057
2.54617
2.89881
2.95636
2.68013
2.61404
3.07844
2.76347
2.7844
2.60459
2.96955
3.17518
3.34257
3.52638
2.75684
3.51633
3.26264
3.40727
2.98996
2.75751
2.70059
3.65666
3.00064
2.534
3.11472
3.19459
3.37561
2.98364
3.42464
3.67516
