1.87701
2.78084
2.47503
2.2647
2.50965
2.78655
3.2821
3.06153
1.79513
3.41172
3.26586
3.19841
2.26138
2.46274
3.08024
2.77756
2.89069
3.18576
2.85934
2.58617
2.95058
2.49952
2.72773
2.81184
3.08569
4.08775
3.06698
2.94646
2.76629
3.48673
3.46549
3.54943
3.69411
3.8559
3.17887
3.06179
2.75862
3.31343
2.71133
3.0576
3.34464
2.6223
3.47125
3.50446
3.09802
3.07856
2.49805
2.85904
3.01321
3.03065
2.76728
2.54289
2.09109
3.20489
3.49095
3.30082
3.75538
1.92454
3.70688
3.37295
3.57372
3.53986
4.26848
3.42818
2.7239
3.70207
3.31635
3.29076
3.89387
4.0374
3.31187
3.5283
3.17597
3.26405
3.28861
3.42794
3.46705
3.52927
3.01202
3.27468
3.13866
3.05597
3.46487
3.12583
3.55638
3.56874
3.42917
3.66345
3.19081
3.81074
3.58959
3.76896
3.03556
3.65343
2.95369
3.24045
3.90204
3.70423
3.40236
3.15842
3.64217
2.99992
3.08205
3.01787
3.29752
4.38979
2.94459
3.49035
4.25888
2.36678
3.63722
4.47412
3.4159
3.22761
3.21576
2.83967
2.84396
3.04776
1.8654
2.86546
3.04987
3.4693
3.86323
2.72548
3.49526
3.06189
2.93671
3.37196
3.35419
3.63585
3.72281
3.81112
3.50545
3.26345
3.73339
2.90288
3.28931
2.90079
3.0843
2.92067
3.00621
2.81032
3.28014
3.02808
2.89936
3.07957
3.1135
3.18443
3.19232
3.02329
3.48196
2.65395
2.68383
3.03587
2.53706
3.23801
3.16419
2.73662
3.01572
2.62961
3.22226
3.07478
3.85421
2.97526
3.65235
3.13298
3.76624
3.72965
2.97534
3.16638
3.47256
3.51445
2.85185
2.64475
3.34443
3.09625
3.3511
3.06668
3.68574
3.49984
1.75871
2.74122
2.63276
2.19105
2.49083
2.61323
3.24428
3.25099
1.84952
3.2441
3.11936
3.60187
2.42406
3.04484
2.93146
2.63479
2.73839
3.22266
2.58808
2.59774
2.85067
2.78251
2.73116
3.00158
3.14708
3.89648
3.14629
3.41593
3.51366
3.68931
3.39664
3.63761
3.77509
3.37087
3.36369
2.41393
2.7702
3.07001
2.51152
3.22039
3.31452
2.74359
3.88837
3.76032
2.99759
3.19278
2.71784
2.64782
2.68281
2.68778
2.70247
2.61045
2.06866
3.27028
3.26987
3.36165
3.46356
2.45869
3.61298
3.56047
3.43363
3.5739
4.06798
3.0699
3.31324
3.17601
3.29246
3.32354
3.91058
3.96714
3.54444
3.51436
3.36145
3.67171
3.0708
3.40246
3.40402
3.39779
2.97414
3.39997
3.49666
3.21405
2.9166
3.29502
3.14414
3.25334
3.55353
3.71299
3.10894
3.56353
3.46469
3.32313
3.05309
3.37652
2.77952
3.10116
3.25301
3.64871
3.75713
3.22923
3.31378
3.45599
2.88077
2.72402
3.34046
4.49634
3.16623
3.43147
4.0088
2.79999
3.62222
4.16476
4.07271
3.1448
3.43521
3.08955
2.94513
2.7925
2.10665
2.78343
3.24546
3.69005
3.61502
2.5138
3.0722
2.95863
2.97626
2.89959
2.66314
3.04188
4.00076
3.86866
3.70643
3.4431
3.61732
3.03322
3.3016
2.86024
3.03125
2.80519
2.86577
2.82615
3.40398
3.00757
2.77968
2.65787
2.99385
3.0446
2.90469
2.92082
3.19942
3.08126
2.7382
3.2563
2.7049
2.78842
3.0358
2.56196
2.61089
3.34401
3.12903
2.58637
3.47726
3.30788
2.76706
3.03678
3.65929
3.68742
3.03872
3.28409
3.19167
3.27896
2.55796
2.71873
2.81802
3.03741
3.37689
3.18075
3.53698
3.46281
