1.75083
2.54964
2.29052
2.18941
2.25808
2.55197
2.9503
2.25327
2.57623
1.85411
1.6759
1.71379
2.3571
2.96702
2.57423
2.73889
2.5724
3.04407
2.24574
2.67346
2.61032
3.14111
2.20001
3.20632
2.61895
3.2224
3.07204
3.07909
2.65761
2.99053
3.14509
3.76414
3.29701
3.30062
3.23721
2.19998
2.93605
3.25374
2.60054
3.14264
2.91166
2.14468
3.23241
2.73571
2.5553
2.44
2.62699
2.23012
2.6493
2.54912
2.70577
2.63467
2.5431
1.49834
2.24184
2.07274
3.39553
2.11779
3.49075
3.16353
3.23329
3.23861
3.73666
3.0796
2.8344
3.03016
2.67609
3.14366
3.18198
3.37516
2.93061
3.3183
2.96362
2.88706
3.35563
3.13145
3.01601
2.56608
2.93177
2.39439
3.00643
2.86619
3.01967
3.09647
2.72715
3.005
3.03296
3.08612
2.6611
2.91694
3.21065
3.07396
2.41076
3.50749
2.83403
2.30743
2.99305
3.01891
3.17387
2.94425
2.81564
3.37156
2.84221
2.91423
3.24568
4.32609
3.44814
3.17065
3.96122
2.69677
3.65793
4.02382
3.25524
3.39145
3.32922
2.62087
2.8469
3.13872
2.52625
3.00782
3.32054
3.65492
3.95588
3.12263
3.40604
3.53902
2.90386
3.12842
3.51223
3.50599
3.49275
3.42429
3.20094
3.39593
3.01013
3.16503
3.16315
2.92949
3.03115
3.28625
2.76358
2.82155
3.0243
3.27107
2.64216
2.8998
2.41041
2.83183
2.88717
3.00244
3.07594
2.19326
2.39483
3.25599
2.32467
2.50673
2.93694
2.43116
2.78855
2.71585
3.0055
2.9529
3.18608
3.37653
2.9781
2.93883
3.18854
3.05211
3.07302
2.74569
2.86192
3.29152
3.16035
2.74093
3.22461
3.46185
3.41996
2.82689
3.42666
3.45642
1.71033
2.75732
2.53134
2.08657
2.30988
2.4338
2.82185
2.68409
1.95702
2.63346
3.04722
2.88242
2.34791
3.23747
2.57557
2.45016
2.56163
3.04265
2.52341
2.49704
2.6352
2.64231
2.74431
3.4659
2.98733
3.62823
2.71225
3.01487
2.79833
3.26613
3.41426
4.03036
3.35302
3.33705
3.26679
2.39696
2.8197
3.53328
2.30884
3.33908
3.15187
2.42783
3.29745
3.00589
2.62734
2.75909
2.86671
2.32895
2.80226
2.66885
2.70837
2.64028
1.85893
2.58529
2.97531
3.40227
3.64372
2.29216
3.26347
3.3932
3.55797
3.55469
3.74336
2.93048
3.0313
2.79245
2.93892
3.15277
3.18887
3.2524
2.98884
2.94397
3.14095
3.24256
2.95427
3.28016
3.1003
2.85324
3.13067
3.16596
2.86297
3.10162
2.74169
2.9929
2.68111
2.95575
3.01254
3.01323
3.2265
3.19689
3.11935
3.12614
2.46573
3.66971
2.72579
3.01692
3.34281
3.42286
2.53238
3.02663
3.41378
3.34604
2.64585
2.85967
2.75297
3.79204
3.33654
3.14818
3.54415
2.77188
3.60265
3.56515
3.38381
3.10332
3.23661
3.10336
2.71637
3.65002
2.58626
3.07257
3.74952
3.73615
3.67394
2.92583
3.14179
3.7947
2.99154
2.76382
3.27093
3.25292
3.48941
2.87205
3.38508
3.03221
2.91747
3.09278
3.19188
2.90659
3.50985
2.79586
2.72152
2.73377
2.8578
2.79597
2.75705
2.69564
3.40378
3.19722
2.95887
3.01896
3.13642
2.38389
2.91911
2.66503
2.8536
2.58389
2.70808
2.5484
2.63663
2.80648
3.16248
2.91336
3.27482
3.15277
2.53987
3.03183
3.11414
3.59184
3.2893
3.08039
3.33794
3.1714
3.05714
3.25117
3.36455
2.92587
3.26985
3.07905
3.4092
3.52721
