1.98093
2.54842
2.90508
2.17769
2.64333
2.78657
3.29996
3.06988
1.86175
3.07517
2.67803
3.0391
2.66396
2.57854
3.01689
2.66716
2.64256
3.05941
2.79118
3.04788
2.7431
2.6917
2.76077
3.20852
2.93055
4.05626
2.98563
2.96704
3.30452
3.83169
3.46534
3.73654
3.48605
4.12152
3.5373
2.79411
3.06321
3.21072
3.14772
3.16828
3.26099
2.63456
3.37639
3.83142
2.9848
2.88436
3.1815
2.56096
2.90277
2.82291
2.67873
2.6885
2.27079
3.33495
3.22468
3.151
3.60928
2.10222
3.92641
3.19627
3.5544
3.60575
3.67607
3.15541
2.93386
3.01499
3.15862
3.38668
3.78347
4.3148
3.75044
3.74622
3.00965
3.32134
3.37258
3.45093
3.26179
3.21891
3.25574
3.13802
3.31411
3.07777
3.28027
3.27868
3.10114
3.43106
3.65204
3.75213
2.96995
3.43284
3.78306
3.26562
2.71328
3.74065
2.66566
3.23564
3.51586
3.36756
3.14914
3.01397
3.46308
3.03338
3.58436
3.22935
2.85548
4.30013
3.29773
3.33747
4.0874
2.88229
3.41878
4.37667
3.41145
3.10683
3.62459
3.40914
2.8436
3.18015
2.27576
2.93136
2.70678
3.34151
3.725
3.4443
3.6298
3.52033
2.74385
3.164
3.484
3.5091
3.81684
3.51042
3.49576
3.09894
3.14692
3.18207
3.22227
3.10767
3.05414
2.91018
2.83982
3.08941
3.35923
3.07644
2.95266
2.89839
2.86067
3.40142
3.18921
3.23759
3.45431
2.77449
3.23857
3.01017
2.64036
3.17938
2.67225
2.82606
3.07968
2.5452
2.74337
3.4979
3.62634
3.34636
3.02939
3.03805
4.44261
3.44741
3.21059
2.89415
3.47807
3.7732
2.9726
3.29824
3.65393
3.18042
3.26229
3.40833
3.17663
4.11484
1.8954
2.7595
2.51744
2.33447
2.57062
2.70633
2.55696
3.11562
1.89009
3.38004
3.27262
3.05545
2.46043
2.76841
2.91431
2.68211
2.8547
2.95562
2.66462
3.06215
3.41767
3.03077
3.04899
2.94557
2.68161
3.94626
2.91912
3.11483
3.37882
3.22729
3.259
3.62396
3.64833
3.54414
3.10277
2.745
2.78907
3.25511
3.01685
3.50834
3.28628
2.88976
3.58004
3.44406
3.01361
3.3088
3.05993
2.78699
3.40317
2.88428
2.79752
2.56913
2.22983
3.59648
3.31263
3.73253
3.21745
2.18003
3.13617
3.34638
3.34327
3.61547
3.8601
3.20597
3.24024
3.5104
3.1975
3.41233
3.50159
3.86326
3.50068
3.54372
3.40038
3.25109
3.36933
3.40924
3.65006
3.23285
3.28386
3.37983
2.77933
3.11892
3.24761
3.28313
3.10769
3.15575
3.51995
3.68437
2.92699
3.38359
3.5315
3.28228
2.66229
3.5782
2.96773
3.19686
3.69658
3.83415
3.14646
3.27571
3.07419
3.38473
3.10351
3.04554
2.81127
3.54518
3.39688
3.75878
3.7266
3.16081
3.68033
4.39961
3.28261
3.07472
3.37285
2.76752
3.05814
2.78137
2.22328
2.70858
3.52654
3.2275
4.14179
3.05095
3.34993
3.289
2.87732
3.47552
2.90161
3.27617
3.71172
3.29613
3.20188
3.05619
3.6303
3.06023
3.44704
2.77341
2.77305
2.89165
2.99288
2.82026
3.14068
3.21593
2.95477
2.81841
3.19146
3.29721
3.38652
3.32588
3.28928
2.62479
2.64699
2.95679
2.47368
3.15383
2.88471
2.83655
3.19451
3.05534
2.95618
3.27812
3.36933
3.80264
2.6595
3.14742
3.37134
2.9539
3.60285
3.08457
3.25377
4.1597
2.79387
2.40483
3.4458
3.24469
2.84489
3.80351
3.71049
3.55025
