1.93327
3.13768
2.28006
2.25955
2.38398
2.70728
3.0151
2.94992
1.63455
2.78136
3.29234
3.00783
2.15297
2.94767
2.60312
2.21981
2.38524
3.16508
2.31355
2.98539
2.90871
2.90624
2.96881
2.95297
2.92388
3.21857
3.06034
2.89608
3.02101
3.1213
3.59409
3.79474
3.6303
3.464
3.1952
2.40675
2.87823
3.45115
2.42285
3.28525
3.33687
2.51093
3.29523
3.12636
2.48337
2.66147
2.56856
2.68709
2.66596
2.61254
2.21201
2.37056
2.10946
2.87514
3.29319
3.13259
3.62713
2.40578
3.64314
3.24423
3.18118
3.54896
3.5437
3.60139
2.91138
2.76235
2.96192
2.95673
3.41108
3.35719
2.87786
2.84075
2.85177
3.23583
2.93526
3.18302
2.99613
3.09716
3.06369
3.0491
2.86225
3.074
2.85796
2.87195
2.98673
2.80459
3.27757
2.95991
2.8198
3.0336
3.27278
3.2106
2.83175
3.40051
2.88366
3.01556
2.95358
2.91462
3.01975
3.5309
3.25476
3.3687
2.6372
3.00744
3.03151
4.25189
3.02742
3.25306
3.83916
3.15748
3.75848
4.56733
3.37399
3.00514
3.47526
3.03481
2.7375
2.82468
1.90926
2.49467
3.10718
3.18916
3.73427
3.0297
3.37076
2.81569
2.69141
3.39744
3.24394
3.64691
3.66372
3.60917
3.22682
3.1745
3.07902
3.01403
2.6691
2.66772
3.10625
2.8771
2.60737
2.58055
3.0563
2.92502
2.84219
2.7504
3.26674
3.19003
3.09287
2.8723
3.01259
2.21754
2.48854
2.87865
2.38499
2.79855
2.74396
2.38125
2.69616
2.7217
2.70252
3.2502
3.71528
3.5883
2.68444
2.91734
3.32649
3.33795
2.94784
2.8956
2.86934
3.5675
2.73153
2.71043
3.5471
3.56953
3.38579
3.1338
3.3224
3.64108
1.85625
2.66192
2.11135
2.20708
2.47021
2.69075
3.41044
2.88891
1.66056
3.03585
3.09832
2.91026
2.40734
3.2911
2.95177
2.68512
2.71418
2.95451
2.75373
2.62879
3.22142
2.83755
2.68174
2.90397
2.82492
3.324
2.81317
3.07957
2.88652
3.20402
3.37436
3.74766
3.73898
3.96378
3.15641
2.44155
2.62931
3.29787
2.37689
3.50121
3.24635
2.55659
3.18974
2.92695
2.74598
2.57728
2.37708
2.56865
2.74094
2.86092
2.33607
2.53036
1.99954
2.92756
2.8802
3.08091
3.77681
2.54657
3.28682
3.53384
3.37978
3.68139
3.34844
3.20099
2.91345
2.94853
2.90349
3.09883
3.28641
3.43064
2.81154
2.87489
2.91076
2.68709
3.12755
3.0494
3.04303
2.97218
2.95353
3.14556
2.80499
2.72415
2.64708
2.83461
2.72039
2.81443
2.98969
3.33858
2.65157
2.87225
3.32946
3.58329
2.7799
3.44218
2.5093
2.90932
2.82391
3.22554
2.90372
3.26203
3.01489
2.97937
2.86763
2.97482
3.50874
4.21795
2.99069
3.23558
3.62193
3.40123
3.54122
4.65197
2.98974
3.14003
3.53124
3.14563
2.65316
3.26751
2.25839
2.91409
3.0524
3.66393
3.53476
2.58608
3.08415
2.93425
3.05558
2.98502
2.82166
3.45906
3.57293
3.6014
2.95673
3.46083
3.23769
3.17161
3.07959
2.75425
2.83928
2.76596
2.93422
2.69655
3.26762
2.7262
2.73129
2.69542
3.18463
3.09687
3.07927
2.74892
3.10852
2.53846
2.32692
2.93327
2.43371
2.87232
2.92181
2.81734
2.85836
2.76195
2.94492
3.11493
3.58484
3.32629
3.11323
3.14496
3.15363
3.65375
3.18824
2.63383
2.84033
3.639
2.79826
2.6776
3.07591
2.94825
3.10303
2.87165
3.55042
3.54855
