1.97445
2.56995
2.17134
2.13412
2.19105
2.70152
2.81251
2.91486
1.6578
2.92424
2.60197
2.80634
2.65176
2.30046
2.68465
2.6895
2.69696
3.09122
2.89064
2.83779
3.03279
3.1273
3.00123
3.02142
3.00242
3.02335
2.96807
3.22342
3.25057
3.11197
3.15973
3.44105
3.53246
3.84366
2.98975
2.48179
2.80824
3.23851
2.57079
2.7641
3.47257
2.59663
3.10382
3.08848
2.78766
3.025
2.58825
2.5824
2.76727
2.51161
2.42242
2.59793
2.03616
3.07515
3.00109
3.13131
3.6231
2.02551
3.80673
2.90329
3.42606
3.76541
3.90313
3.33932
3.0927
3.64454
3.01409
3.28767
3.77744
3.28736
3.14369
3.2949
3.06009
3.3921
3.31278
3.55643
3.34766
3.24817
2.72328
2.94243
2.70272
2.88587
3.22282
3.0186
2.88129
3.04471
3.16443
3.20026
3.47927
3.28744
3.71635
3.35614
2.86542
3.41366
2.60297
2.90697
3.06357
3.45186
3.04063
3.18341
3.28034
3.34062
3.0122
3.21067
3.19097
3.67395
3.33502
3.60181
3.97974
2.87772
3.74809
4.64885
3.54177
3.18625
3.33248
2.83495
2.82728
2.92076
2.2877
3.08026
3.2906
3.13947
3.77863
3.04415
3.55419
2.90361
2.85435
3.18892
3.52969
3.5087
3.51584
3.8912
3.36778
3.33089
3.38229
2.99348
3.44872
2.78304
3.18905
2.88797
2.71887
2.8609
2.94042
2.83458
2.86366
2.81988
3.25557
2.89906
2.99732
2.96064
3.26139
2.23727
2.92621
3.14295
2.72988
2.76366
2.49777
2.57565
3.19663
2.62724
2.66233
3.1608
3.16831
3.67233
3.22022
3.44398
3.89978
3.45704
3.55246
3.04204
2.95703
3.64245
3.01872
2.89439
3.58001
3.68787
3.54592
2.53484
3.24398
3.52621
2.02918
2.35104
2.30294
2.24092
2.31549
2.6353
3.10872
2.78157
1.71134
3.1185
3.02985
2.82775
2.26808
3.11762
2.49656
2.52346
2.35476
3.28107
2.77867
2.40013
2.77266
2.75914
2.58773
3.04538
2.8213
3.35235
2.8899
3.02258
2.55425
3.03053
3.15858
3.44469
3.40478
3.74255
2.9581
2.44509
2.46845
2.91537
2.38884
3.02516
2.80946
2.36731
3.392
3.14249
2.40912
2.7664
2.62863
2.81472
2.62554
2.6197
2.42979
2.64117
2.07997
3.00953
3.08581
3.09968
3.5463
2.26115
3.36538
3.24428
3.26408
3.46089
3.50537
2.96853
3.48504
3.22017
3.25187
2.97385
3.33821
3.84081
3.19
2.91673
3.01205
2.85848
3.24486
3.4513
3.0756
3.05286
2.86242
2.95012
2.61151
2.90793
2.95556
3.0374
3.26673
3.146
3.05273
3.38118
3.30117
3.35621
3.85203
2.97454
2.56548
3.56266
2.96624
2.8661
3.10525
3.34597
3.02588
2.69542
3.14704
3.01704
3.03746
3.05528
2.93455
4.16792
3.28345
3.35237
4.06035
3.8812
3.42105
4.42739
3.52508
3.33963
3.27047
3.45639
2.77503
2.55451
1.99396
2.74646
3.23968
3.17108
3.57754
2.83451
3.11691
2.7921
2.92563
3.10451
2.78468
3.30571
3.65361
3.67714
3.31706
3.30861
3.3694
3.21338
3.09712
2.90507
2.86605
2.94827
2.51614
2.53222
3.23359
2.9747
2.85815
2.7303
3.06916
2.90352
3.13812
2.93526
2.76716
2.25963
2.98269
2.90934
2.54367
3.0079
2.87079
2.9601
2.9162
2.70516
2.78146
3.20493
3.75701
3.44201
2.5086
3.11045
4.10504
3.06852
3.08095
3.00624
2.91353
3.68456
3.48249
2.48855
3.13557
3.19802
2.97308
3.22045
3.41211
3.15645
