1.79231
2.9579
2.39316
2.18425
2.41619
2.69734
2.84047
2.25272
2.62972
1.965
2.69613
2.19983
2.36446
2.44297
2.82585
2.14479
2.20982
3.13614
2.43605
2.9375
2.83299
3.61766
2.84959
2.65365
3.25486
3.81287
3.14783
2.96621
2.99982
3.11149
3.32992
3.82885
3.58422
3.75684
3.31406
2.63406
2.7882
3.14883
2.56716
2.72675
2.95571
2.54887
3.1546
3.63241
2.68059
2.22198
2.59929
2.44185
2.62836
2.39186
2.6582
2.65704
2.50737
1.76086
2.57862
1.93164
3.1499
2.57002
3.12039
3.31564
3.54945
3.71277
3.895
2.85895
2.90251
3.15759
3.14778
3.15453
3.89027
3.71361
3.14716
3.40137
3.23257
3.32376
3.41946
3.31532
3.41419
3.09832
2.91513
3.37192
3.00268
2.80995
3.04726
3.37373
3.25784
3.15029
3.33455
3.43475
3.22688
3.48481
3.84934
3.5969
2.43662
3.86715
2.74564
2.88627
2.87808
3.67323
3.28858
3.69116
3.83697
3.43781
2.79738
3.00134
3.2762
4.42133
3.19858
3.47941
4.19882
2.23847
3.83046
3.64262
3.79369
3.31922
3.62042
3.17176
2.75218
3.48232
2.12474
3.1347
2.42738
3.86827
4.27908
2.80296
3.53445
3.26175
2.77955
3.39048
3.09292
3.60355
3.88423
3.87812
3.57014
3.61773
3.08722
3.07598
3.54125
3.45703
3.37017
2.97546
3.04785
2.24504
2.78713
3.08819
2.74026
2.83734
3.35986
3.16903
2.89309
3.24235
3.37767
2.26637
3.19605
3.14658
2.66735
2.63415
2.80462
2.43678
3.0955
2.41978
3.6167
2.76682
3.76446
3.52732
2.7416
3.77796
3.65966
3.41497
3.30978
2.98263
3.28994
3.58438
2.53915
2.73604
3.27409
3.40923
3.18813
2.88649
3.84306
4.01969
1.91757
2.61605
2.04119
2.1621
2.45851
2.72582
2.74855
2.36087
2.80607
2.23239
2.18607
2.09329
2.51349
2.56509
2.35151
2.6591
2.62334
2.89588
2.48606
2.13833
2.90418
2.65686
2.96208
2.76639
3.43984
3.46428
2.7146
3.12936
2.42122
2.68426
3.52712
3.99567
3.84863
3.69031
2.96509
2.90512
2.66897
2.89498
2.78309
2.78263
3.1688
2.3699
3.78267
3.26439
2.40683
2.24656
2.4908
2.92312
2.1359
2.65104
3.05511
2.70411
2.85407
1.71755
2.33338
1.86355
3.27961
1.93107
3.63517
3.69543
3.82867
4.10814
4.20601
3.81937
4.05299
3.36762
3.10342
3.1872
3.86874
3.37206
3.3674
4.05073
3.14709
3.13787
3.18978
3.27973
3.15057
2.91922
3.28257
3.16732
3.10474
3.21394
3.24411
3.41702
3.20668
3.05184
3.29712
3.4955
2.91841
3.26529
3.76643
3.68769
2.62345
3.86935
3.08551
2.9756
3.13823
3.72697
3.0356
3.57023
3.76665
3.57531
2.80559
2.94461
3.42223
4.34959
3.23598
3.41926
3.67514
3.43252
3.5249
4.0405
3.519
3.02058
3.21985
3.3082
2.97186
2.92405
2.26056
3.01236
2.73542
3.6889
3.97939
2.93406
3.23304
3.23109
3.39747
2.68392
2.97546
3.22474
4.01801
3.1233
2.92738
3.33379
3.46401
2.82982
3.11606
3.11921
2.78285
3.35449
2.60059
2.45718
2.8698
2.81175
2.63719
2.9644
3.33732
3.12387
3.35359
3.20459
2.97476
2.48594
2.30971
2.98564
2.93123
2.53072
3.11508
2.48459
2.63157
2.63911
3.07408
3.04888
3.52753
3.25799
3.12723
2.92461
3.51219
3.5991
3.32881
2.93837
2.85765
3.05699
2.71863
2.84825
2.7828
3.08913
2.89566
2.96387
3.87511
3.9394
