1.79376
2.50729
2.62805
1.96259
2.05831
2.49177
2.8543
2.99486
1.76287
2.94714
2.76589
3.05579
2.21852
2.36362
2.85301
2.23515
2.57381
2.98751
2.71909
2.66565
2.98998
2.68883
2.54213
3.0642
3.0296
3.57055
2.92033
3.03688
2.62943
3.37376
3.28693
3.69398
3.6183
3.58648
3.11525
2.434
2.6845
3.34183
2.50092
3.38427
3.31977
2.61779
3.32459
3.33802
2.86816
2.73607
2.8126
2.56477
2.63024
2.54178
2.34789
2.54846
2.14618
2.8924
3.2353
2.98827
3.40974
2.4088
3.32231
3.24904
3.01635
3.76863
3.74769
3.11905
3.17145
3.85872
3.33051
2.90953
3.29957
3.57485
3.07936
3.14936
3.07341
2.95224
3.20081
3.60904
3.30685
2.89455
3.19189
3.44376
2.92795
3.21435
2.95297
2.96476
3.20237
3.00623
3.00068
3.10448
3.08405
3.05828
3.25088
3.37101
2.63771
3.33214
2.71866
2.99488
3.34848
3.42018
2.8896
3.02676
3.69423
3.65156
3.16932
3.0741
3.03996
3.77958
3.19246
3.32506
4.19763
3.18857
3.39258
4.06851
3.46679
3.00956
2.95364
2.97021
2.83849
2.67784
1.88951
2.83906
2.4069
3.25348
3.35803
3.15944
3.18878
2.9774
2.8609
2.77057
2.9531
3.27099
3.39348
3.47652
3.05606
3.10859
3.09958
2.98914
2.96866
2.98085
3.23449
2.57536
2.67099
2.93792
3.04606
2.92914
2.74929
2.83998
3.04238
3.10541
3.11353
3.16228
3.04838
2.5797
3.25116
3.50845
2.61621
3.13002
3.23349
2.77819
2.78791
3.05641
2.82725
2.90931
3.52946
4.04483
2.94999
3.59685
3.77732
3.34943
3.14746
2.97982
2.98395
3.71809
2.96522
2.85205
3.31071
2.92567
3.18043
2.98801
3.44101
3.20304
1.70117
2.51621
2.62578
2.05422
2.2509
2.54495
3.12341
2.89602
1.84191
3.00209
3.20795
3.13132
2.45184
2.51445
2.78758
2.54494
2.48809
2.79772
2.87805
2.48833
3.05617
2.57574
2.65875
2.97741
3.14675
3.5536
2.86105
3.39175
2.68649
2.91567
3.36233
3.81979
3.39012
3.54877
2.9219
2.40747
2.82193
3.36827
2.39854
3.29943
3.11592
2.8562
3.64134
3.57797
2.6416
2.78366
2.83363
2.48326
2.56881
2.59572
2.55286
2.62051
2.19793
3.25419
2.93569
2.98344
3.72384
3.71619
3.46114
3.06122
3.473
3.42565
4.0994
3.05848
2.59922
3.55583
3.19752
3.152
3.48409
3.9687
2.99948
2.89197
3.13859
3.06306
2.93947
3.10787
3.15932
3.20635
3.06172
2.76543
2.87004
3.24038
3.22136
3.22538
2.93231
3.06866
3.05457
3.06747
3.12096
3.45104
3.355
3.50928
2.33759
3.71295
2.91673
2.94409
3.45883
3.35338
3.01557
3.12042
3.54667
3.21899
3.24065
3.10503
2.91506
4.08512
3.73502
3.32921
3.82934
3.28284
3.44214
4.20835
3.43512
3.31632
3.40909
2.91144
2.87735
2.44008
1.8703
2.39746
2.36153
3.15822
3.77524
3.09424
3.21732
2.6763
2.95366
2.87263
3.08685
3.21675
3.68065
3.3639
3.29658
3.13049
3.33408
2.91604
3.42002
2.81745
3.09894
2.87803
2.83594
2.70787
3.02725
2.99926
2.89593
2.77918
3.0073
3.39145
3.16329
3.3069
3.14515
2.2468
2.66546
2.88476
2.56111
2.78008
3.05304
2.75993
3.06249
3.16247
2.7595
3.29016
3.49803
3.3264
2.46355
3.5282
3.96363
3.28469
3.31008
3.03834
3.00976
3.86477
3.12306
2.94506
3.31303
3.06942
3.1261
3.14243
3.3077
3.77236
