1.75703
2.89246
2.25599
2.16044
2.37911
2.6267
3.4821
2.75187
1.59036
2.69499
2.77582
3.16528
2.18976
2.336
2.69264
2.78781
2.59501
3.18976
2.8089
2.9037
2.73485
2.69522
3.11796
3.21231
3.32994
3.22213
2.86452
2.98363
2.63025
3.10266
3.22658
3.63219
3.48074
3.98707
2.93803
2.19609
3.1004
3.05287
2.57339
2.98709
3.14242
2.80496
3.17071
3.08786
2.90905
2.60801
2.44222
2.4821
2.71078
2.68047
2.09296
2.3899
2.10186
2.83166
2.9483
2.87882
3.63216
2.13149
3.69158
3.10857
2.90501
3.61011
3.43901
2.8269
2.52434
2.64254
2.91625
2.92644
3.28082
3.10854
2.89551
2.80909
2.79674
3.08875
2.76507
2.71253
2.84584
2.65237
2.53293
2.97097
2.62164
2.59527
2.55989
2.71106
2.77533
2.50787
2.70803
3.03842
2.6577
2.85511
3.04642
2.9047
2.67957
3.22347
2.79748
2.68263
3.27695
3.30842
2.98392
3.06597
3.44433
3.25251
2.42882
2.88139
3.08183
4.03564
3.08108
3.29299
3.82275
2.48367
3.03572
3.56427
2.92056
3.01373
2.93101
2.74579
2.62668
3.32836
2.40501
3.26833
2.7631
3.79257
3.46319
3.15503
3.077
3.27693
2.82548
3.2349
3.12613
3.51824
3.51316
3.25065
3.48285
3.33471
3.22782
2.86432
3.07055
3.07519
2.89058
2.91731
2.9655
2.70172
3.0758
2.90804
2.63065
2.75201
2.89781
2.83504
3.00232
3.01337
3.03854
2.30562
3.0142
2.75731
2.70541
3.20931
2.92472
2.93883
2.90706
2.68876
2.78181
3.16554
3.74583
3.70765
2.6272
2.91855
3.67588
2.96368
2.89634
2.77469
2.95499
3.60067
2.66153
2.95584
3.35518
3.09464
3.23254
2.94473
3.14903
3.18166
1.8479
2.54367
2.32519
2.24636
2.47617
2.68136
3.38324
2.69829
1.59667
2.86849
3.24715
3.25311
2.22352
2.22974
2.50946
2.82385
2.61354
3.01948
2.82759
2.91618
2.97445
2.93577
2.98293
3.04075
3.25915
3.17262
3.09746
3.03403
2.70069
3.36612
3.34457
3.60211
3.49635
3.6299
3.11635
2.13789
2.64618
3.12024
2.54587
3.04161
2.99372
2.47524
3.29968
3.22248
2.54874
2.74009
2.53677
2.61979
2.71571
2.64803
2.34001
2.41509
2.11495
3.0621
2.97769
3.38762
3.09623
2.31891
3.25317
3.11156
3.37551
3.48559
3.43236
2.90172
2.82304
2.9821
2.94843
2.87181
3.26118
3.27601
2.77956
2.6879
2.85401
3.01696
2.806
2.85032
2.98983
2.99726
3.17504
2.73196
2.87664
2.88709
2.89105
2.70808
2.95808
2.69802
2.79328
3.15251
2.68868
3.20275
3.00368
3.24791
2.46975
3.08259
2.88728
2.99046
2.80598
3.25906
3.0012
3.19472
3.0344
3.00897
2.76264
3.12203
3.11135
3.33224
3.15778
3.14458
3.62921
3.27321
3.18023
3.19654
3.60117
3.17333
3.285
3.08118
2.68968
3.51303
2.1924
2.828
2.9805
3.67322
3.53642
2.53493
3.07187
4.05204
3.11365
2.92678
3.03279
2.9365
3.47512
3.61428
3.27525
3.20062
3.0778
2.85113
3.35042
3.13725
2.84916
2.95393
3.02774
2.68806
2.98696
2.8056
2.85748
2.91533
3.02093
3.11977
2.99437
3.19386
3.15053
2.65206
3.10554
2.95077
3.25957
3.04361
2.78467
2.53128
2.63516
2.71807
2.94658
3.22957
3.81549
2.97895
2.31545
2.8723
3.66598
3.53911
3.02825
2.7483
2.73645
3.36377
3.01346
2.88789
3.03101
3.34256
3.67576
2.80502
3.17326
3.1911
