1.73654
2.69211
2.02468
2.0596
2.39166
2.74461
2.69153
2.69439
1.71243
2.92703
2.56744
3.19109
2.32938
2.99686
2.62398
2.19827
2.56605
3.34442
2.54504
2.57692
2.97983
3.29731
2.69867
3.19727
2.95717
3.37393
2.93144
2.93145
2.98182
3.09518
2.98318
3.70684
3.13913
3.49967
2.86578
2.31191
2.41996
3.03003
2.57965
3.11346
3.25862
2.50963
3.4695
3.13217
2.51863
2.42696
2.41877
1.85454
2.41313
2.313
2.5349
2.55993
1.89913
2.87904
3.03236
3.67298
3.46777
2.2951
3.83925
3.34096
3.12498
3.55603
3.61672
2.92825
2.84007
2.94224
2.94308
2.87995
3.17281
3.5462
3.15869
3.11344
2.92288
3.06128
2.97308
3.08268
3.10017
3.02782
3.0262
3.09657
3.05161
2.85705
2.80025
2.81999
2.99722
2.6529
3.25771
3.05127
2.82193
3.29626
3.70812
3.20299
2.50493
3.39179
2.43546
2.78546
2.90787
2.9565
3.42607
3.16504
3.08526
3.39206
2.59939
2.74087
2.66611
4.22785
3.07603
3.17828
3.63441
1.86394
3.32295
3.92823
3.0177
3.0581
3.40355
2.90853
2.78157
3.41055
2.49824
3.13591
3.04885
3.40494
3.34895
2.81409
3.45123
3.23153
2.9752
2.87298
3.18212
3.33103
3.50498
3.8245
3.84508
3.16936
3.51424
2.85427
3.10085
3.30523
3.0023
3.27171
2.88764
2.51937
2.74135
2.61179
2.32052
2.45162
3.08431
3.20853
2.83591
2.9908
2.69657
2.30387
2.22384
2.8651
2.87603
2.66425
2.56842
2.57346
2.74468
2.64115
2.68817
3.11878
3.12047
3.23741
2.80962
3.15939
3.21418
3.23142
2.76454
2.8514
2.81389
3.57071
3.11773
2.75006
3.5583
3.18044
3.45762
2.20211
3.31255
3.38618
1.57252
2.72644
2.1557
2.01292
2.33686
2.76191
2.76181
2.83286
1.74563
2.69355
2.43236
3.07041
2.36187
3.26252
2.94738
2.6174
2.55498
3.12472
2.61229
2.87393
2.93677
3.52674
2.70976
3.31199
3.00674
3.73443
2.7586
3.48436
2.70239
3.33277
3.40612
3.76412
3.40423
3.47551
3.00802
2.28754
2.55398
3.26675
2.49756
3.38824
3.11435
2.50079
3.34649
3.01718
2.91676
2.20471
2.30818
2.2552
2.40052
2.66594
2.53242
2.45346
1.8364
3.05036
2.95547
3.28348
3.25986
3.23732
2.80267
3.43522
3.42892
3.33939
3.76114
2.86807
3.17401
3.18248
3.08535
2.97077
3.53212
4.02693
3.18677
3.63787
2.74033
3.25401
2.78316
2.71592
3.27307
2.65294
2.97213
2.77306
2.96253
2.69427
2.91342
2.89607
2.7866
2.89956
3.12676
3.38772
2.50804
3.48494
3.55776
3.38067
2.39512
3.1078
2.68659
3.04594
3.54683
3.0715
3.12278
3.40313
3.60984
3.25079
2.27734
3.00063
3.01132
3.71526
3.16079
3.25806
3.88482
2.22852
3.3146
3.43224
3.17045
2.90697
3.27921
2.71725
2.54292
3.31745
2.51985
2.91255
2.86457
2.90313
3.32682
2.82776
3.42694
3.32159
3.02574
3.0354
3.28635
3.43237
3.49787
3.82951
3.34121
3.09574
3.46383
2.99824
3.27675
3.22669
2.99809
3.01177
2.78625
2.52616
2.9679
2.86977
2.65607
2.75336
3.17252
3.0244
2.80429
3.17781
2.78118
2.22706
2.64311
3.04642
2.70761
2.78437
2.75049
2.76306
2.83592
2.49978
2.67041
3.6174
3.47712
3.21634
2.77012
3.13776
3.0073
3.36544
2.80774
2.82339
2.82167
3.52883
2.82482
2.84775
3.25105
2.99477
3.56863
2.81284
3.41792
3.38052
