1.75415
2.80851
2.19706
2.06671
2.17627
2.41807
2.8169
2.9882
1.5809
2.77835
2.62461
3.17773
2.08438
2.76403
2.52811
2.68035
2.40958
2.92077
2.54381
2.53816
2.41465
2.49028
2.83706
2.92204
3.32363
3.63759
2.9002
2.88281
2.71512
3.02965
3.29667
3.7351
3.384
3.40945
2.99208
2.46993
2.67316
3.01342
2.37525
3.08602
3.33717
2.54754
3.82932
3.17269
3.07444
2.40746
2.7289
2.21277
2.58903
2.59869
2.54563
2.46947
1.95237
2.71994
3.27577
2.81037
3.71095
2.06592
3.27929
3.30446
3.39412
3.18066
3.56531
2.83751
2.99613
2.93247
3.01634
2.9506
3.36656
3.28159
3.36135
3.09187
2.97607
2.90303
3.12749
3.15991
3.1893
2.94664
3.06132
3.09011
2.76527
2.85152
3.0719
3.09665
2.86051
2.94646
3.2852
3.15165
3.12627
2.92506
3.57238
3.12953
2.80814
4.06355
2.68549
2.95835
3.1699
3.04118
3.18941
3.2472
3.5509
3.03413
2.49521
3.04015
2.97593
3.9225
3.2894
3.18681
3.86345
3.52568
3.60048
4.29674
3.42777
3.11371
3.10425
2.78627
2.71651
2.81132
2.94549
2.61275
3.23621
3.26209
3.30697
2.87195
3.06254
2.99158
2.94
2.85418
3.08313
3.32227
3.48055
3.43335
3.15872
3.65882
3.06923
2.93695
3.00281
3.01184
2.83531
3.17993
2.85482
2.497
3.33998
2.8395
2.77081
2.7624
3.0439
3.01125
2.96739
3.14189
3.39755
2.26524
2.93564
3.18613
2.70394
2.34764
2.835
2.9877
2.81426
2.76513
2.44903
2.95305
3.39139
3.82459
3.36975
3.25922
3.47924
3.35253
2.83683
3.13853
2.94557
3.62396
2.56322
2.4839
3.1432
2.9745
3.68441
2.64952
3.15662
3.26574
1.73172
2.82991
2.35075
2.06577
2.20059
2.30418
2.54096
2.92193
1.69699
2.78199
2.80091
3.35055
2.10382
3.12511
2.68495
2.5648
2.36606
2.71588
2.72983
2.44254
2.87617
2.40155
2.90907
2.9541
3.31572
3.30432
2.88614
3.34539
2.59451
2.95201
3.17915
3.68641
3.54793
3.73885
3.09523
2.40642
2.4719
3.07372
2.29133
3.03538
3.00339
2.44831
3.57058
3.04084
2.83371
2.68836
2.61237
2.24737
2.72086
2.41101
2.46863
2.35197
2.05967
2.93517
3.08253
3.00732
3.77574
2.43779
3.72185
3.3122
3.59278
3.41728
3.77274
3.03983
3.38511
2.88579
3.03632
2.95771
3.26039
3.41457
2.79136
3.15064
2.90133
2.9451
3.14752
3.52842
3.39142
3.03322
2.73661
3.16839
2.78917
3.47362
3.06277
2.89686
3.23528
2.97755
3.08466
3.4791
2.97129
3.46686
3.82573
3.28005
2.81697
3.97507
2.65482
3.04037
3.16312
3.04439
2.96897
3.02395
3.09507
3.1402
2.42492
2.9839
3.09239
3.80866
2.61172
3.16476
3.39649
3.21547
3.92109
4.50391
3.36064
2.9039
3.36116
3.02956
3.04526
2.8473
2.70943
2.95682
3.19519
3.33511
3.35062
2.84467
3.11704
3.14477
3.2962
2.86646
3.01477
3.01958
3.45505
3.09482
3.10964
3.17369
3.14033
2.7699
3.06019
2.98112
2.90656
2.82292
3.04561
2.40988
3.17066
2.775
2.63321
2.89212
3.01889
3.08001
2.85733
2.97445
3.13773
2.2896
2.60872
2.696
2.86463
2.81164
2.97629
2.87704
2.67386
2.46444
2.96009
3.32303
2.94338
3.33802
2.52374
3.26165
3.73422
3.35026
3.36363
2.87915
3.04972
3.5386
2.70454
2.58417
3.17611
2.94178
3.154
2.9251
3.26744
3.46473
