1.83206
2.39271
2.35693
2.34999
2.26564
2.51194
3.19386
2.84072
1.68226
2.87174
3.01321
3.2935
2.40062
2.37888
3.07693
2.62604
2.48739
3.39158
2.49322
2.74029
2.72056
2.82763
2.61843
3.24302
3.1991
3.43083
2.64208
3.0751
3.35874
3.36408
3.70609
3.50343
3.3534
4.2075
3.11988
2.67666
2.72834
2.84311
2.63821
3.16782
3.28742
2.32268
3.22303
3.09556
2.77286
2.83233
2.71677
2.42757
2.58561
2.39404
2.59762
2.59231
2.08785
3.09444
2.53503
3.23486
3.54553
2.09441
3.54509
3.06214
3.16236
3.2209
3.70737
2.94909
3.05204
2.96231
3.1085
3.07852
3.20718
3.41685
3.2892
3.21376
2.93762
2.9689
3.0339
3.20616
3.2641
3.01781
3.06639
2.71046
3.02986
2.9006
2.84771
2.99093
3.34199
2.7819
3.04638
3.10479
2.82167
2.96331
3.5584
3.38623
2.72982
3.51213
2.51225
2.90351
3.07881
3.15762
3.16971
3.1463
3.04798
3.27395
2.70606
2.84217
3.06705
4.164
3.14893
3.21786
3.58757
3.21
3.55439
4.49278
3.60039
3.22753
3.31692
3.07647
2.7808
2.47757
2.11597
3.43618
2.61289
3.49951
3.76871
2.8209
3.25078
2.96497
3.06861
3.10203
3.20162
3.48169
3.64473
3.48764
3.27375
3.46411
3.35818
2.85207
3.49654
2.86409
3.00459
3.16964
2.88578
2.85038
3.16135
2.98561
2.80224
2.59947
3.12489
2.95934
3.1679
3.13468
3.04271
2.53056
3.09624
2.9734
2.70785
3.07195
3.06965
2.54454
2.64833
2.97637
2.74649
3.67938
3.43597
3.63191
2.80699
3.23205
3.57303
3.48187
2.89943
2.93773
2.88131
3.90773
2.83151
3.16113
3.15984
2.92831
3.44688
3.01341
3.20833
3.22295
1.99206
2.88285
2.39136
2.26331
2.49734
2.65983
2.97119
2.92404
1.78221
2.97005
2.63066
3.00479
2.41417
3.02415
3.03362
2.58206
2.47899
3.4086
2.62847
2.64917
2.96747
2.89757
3.00366
2.5511
2.90009
3.80567
3.08223
3.46947
3.35562
3.29138
3.39726
3.64579
3.51099
3.37591
2.90916
2.78069
3.1011
3.05076
2.70442
3.19006
3.17659
2.61884
3.58812
2.91281
2.99102
2.87351
2.50837
2.31535
2.43619
2.45521
2.40649
2.60668
2.02182
3.08546
3.17417
3.23174
3.21847
2.5728
3.14151
3.30524
3.23941
3.56146
3.72987
2.90267
2.86506
2.84008
3.0816
2.93964
3.47537
3.65291
3.22518
3.15809
3.05155
2.87476
2.67712
3.20746
3.06185
2.88165
2.9243
3.32997
2.88312
2.65938
2.85113
2.7239
2.88162
2.98453
2.79229
3.30618
2.82271
3.15865
3.2226
3.1932
2.89154
3.45821
2.85721
2.93604
3.0872
3.39062
2.90936
2.99191
3.34753
2.89165
2.79298
3.0927
3.47353
3.82402
2.9781
3.37045
3.80712
3.86634
3.53212
4.52076
3.13294
3.30777
3.41107
2.82309
2.84139
2.52038
2.27019
2.96997
3.04567
3.29114
3.68081
2.78992
3.58504
2.6369
3.43459
3.12256
3.01674
3.03094
3.64857
3.64116
3.1461
3.16538
4.01877
3.32731
3.14386
3.1203
3.19336
3.39762
2.8117
2.85292
3.04148
3.10818
2.73379
2.87921
3.04801
2.88143
2.96524
3.21783
3.02316
2.81603
2.85389
3.19449
2.68895
2.67982
2.89112
3.00386
3.08291
2.92502
3.04001
3.07781
3.68361
3.52672
2.84193
2.98072
2.82905
3.40415
2.80359
2.81731
2.64245
3.68138
2.97578
2.59328
3.00342
3.16452
3.41019
3.01455
3.3371
2.86874
