1.77229
2.9344
2.08434
2.10943
2.43218
2.59085
2.93397
3.04542
1.74419
3.16846
3.21391
3.10071
2.30011
2.25498
2.79976
2.52261
2.54393
3.17272
2.59385
2.81484
2.51891
3.13568
2.83109
3.52075
2.89033
3.40931
2.81673
3.21415
2.78253
3.3464
3.8728
3.96376
3.19729
3.73066
3.27871
2.69503
2.64374
3.27302
2.18134
3.44751
3.37875
2.59193
3.38194
3.20576
3.01634
2.48952
2.84301
2.59951
2.70294
2.54733
2.50665
2.62834
2.25797
3.18282
3.11146
3.43783
3.47616
2.18746
4.05732
3.64204
3.62526
3.50637
3.40027
3.25237
2.78317
2.98518
3.34589
3.41557
3.40592
3.25361
2.9308
3.06523
3.05295
3.07897
3.01042
3.10529
3.12166
3.19048
3.10917
3.54921
3.1202
3.06778
3.21161
3.22093
2.9271
3.12105
3.06023
3.19831
2.87599
3.10145
3.50974
3.29607
2.59488
3.52114
2.55951
3.17726
3.0514
3.54462
3.44105
3.53379
3.61883
3.32735
2.85946
3.0131
2.92866
3.56733
3.29815
3.59089
3.72888
3.22275
3.41151
4.10473
3.82404
3.11616
3.0549
2.771
2.7861
3.24326
2.29822
3.56611
2.33647
3.49822
3.49777
3.34368
3.31307
3.84533
2.93033
3.30871
3.15655
3.27392
3.6237
3.99098
3.35705
3.12594
3.18751
3.81861
2.86372
3.01819
3.0901
2.75477
2.75417
3.06366
3.28158
2.84652
2.80505
2.65878
3.2167
3.04705
3.2435
3.34883
3.44656
2.61529
3.09734
2.69493
2.81717
2.45624
2.87709
2.8985
3.06644
2.74585
2.87844
3.17076
3.33222
4.04347
3.38263
3.02438
3.94374
3.31693
3.07887
2.88058
2.9542
3.7242
3.22086
3.02784
3.48445
3.64866
3.58367
3.16299
3.82078
3.95476
1.7878
3.19016
2.56144
2.15609
2.59834
2.74366
3.28544
3.01063
1.79359
2.97924
2.67522
3.2442
2.22466
2.71995
2.74771
2.54403
2.70987
3.52637
2.84354
2.54568
3.13284
3.30967
2.79094
3.10262
2.84759
3.17712
2.90166
3.11711
3.22615
3.37753
3.40764
3.96889
3.68961
4.11576
3.14625
2.61329
2.5548
3.14386
2.22366
3.14832
3.00627
2.4479
3.42706
3.09964
2.78773
2.86137
2.452
2.75193
2.95355
2.90274
2.79094
2.67709
2.28789
3.25523
3.34408
3.71834
3.35728
2.53287
3.7253
3.36712
3.74708
3.4791
3.85294
3.07352
2.95013
3.59504
3.32665
3.15823
3.43532
3.4515
3.06502
3.14595
3.20899
3.0529
2.99026
3.25742
3.18707
3.07221
3.31238
3.41732
3.12913
2.94814
3.00949
3.14858
2.96971
3.00401
2.73384
3.30384
3.08974
3.11257
3.42424
3.55601
2.58457
3.65846
2.78831
3.31465
3.65688
3.39533
3.41486
3.57055
3.77117
3.11697
2.78934
3.0254
3.13764
3.96599
3.22071
3.38866
3.90247
3.70482
3.58429
4.05342
3.52449
3.11802
3.31274
3.35349
2.91978
3.12274
2.76603
3.22184
2.76455
3.60593
3.62008
2.4895
3.13633
3.8035
2.92135
3.21507
3.05543
2.91749
3.68984
3.6441
3.53202
3.17774
3.11522
3.60061
3.31415
2.99115
2.80744
2.91768
3.09717
2.93636
3.51989
3.03069
3.16918
2.93236
3.58893
3.50953
3.18521
3.08753
3.19582
2.77271
3.4332
2.98618
2.51656
3.05221
3.16768
3.11555
3.37255
2.98031
2.78933
3.37838
3.21629
3.7053
2.84569
3.53301
3.70507
3.71407
3.12033
2.93892
3.02417
3.9572
3.0565
2.51512
3.00436
3.27997
3.312
3.38016
3.49327
4.08552
