2.19941
3.06353
2.40037
2.69625
2.79344
3.0691
3.30317
3.07817
2.18988
3.08004
3.06282
3.39609
2.90539
2.68084
2.9325
2.69895
3.04081
3.24029
2.57352
3.26351
3.90899
3.08979
3.03729
3.04633
3.51975
3.82107
3.2244
3.35635
3.77589
3.88587
3.73651
3.45223
3.61585
4.27339
3.51761
2.75777
3.1512
3.122
2.86992
3.47271
3.33995
2.6236
3.71522
3.66454
2.91483
3.0898
2.88759
2.83808
2.72888
2.93078
2.91752
2.68046
2.14733
3.26705
3.47079
3.37237
3.26346
2.79358
3.51092
3.33225
3.47403
3.51352
4.00353
3.54908
3.70368
3.14855
3.62127
3.41997
3.94939
4.02167
3.55892
3.57093
3.34157
3.63468
3.44258
3.55938
3.30791
3.29786
3.09565
3.14505
3.05947
2.94275
3.20436
3.15885
3.11444
3.19113
3.21378
3.59949
3.10992
3.67439
3.99246
3.41051
2.69365
3.73633
3.02188
3.21001
3.57964
3.45195
2.99991
3.31732
3.54929
3.42024
2.75497
3.15383
3.3248
3.54989
3.51013
3.42788
4.36486
2.68676
3.61262
4.09163
4.02545
3.34793
3.36559
2.76675
2.89795
2.76115
2.37767
2.83517
2.7036
4.21188
4.18327
3.21342
3.84003
3.6479
2.82192
3.72418
3.65974
3.69224
3.73615
4.05083
3.76588
3.57194
3.50065
3.82059
3.78066
3.21455
3.21047
3.51702
3.20769
2.89024
3.10236
3.06993
2.89202
3.02007
3.52228
3.32279
3.12749
3.24744
3.27063
2.856
3.2039
3.3349
2.62602
3.12169
3.2604
2.88555
3.27766
2.78237
3.01251
3.39954
3.65151
3.89871
3.53699
3.43889
3.55927
3.40603
3.22565
3.21503
3.05163
3.95666
2.8533
3.16377
3.60195
3.35172
3.60964
3.12471
3.84565
3.93713
2.09854
3.11922
2.77856
2.59014
2.76876
2.85218
2.86455
3.10557
2.1444
3.18253
3.21586
3.09865
2.6215
2.38121
2.7987
2.93451
2.72551
3.21799
3.165
2.77758
3.20387
2.95164
3.17894
2.83443
3.08506
4.28346
3.15584
3.38286
3.34674
3.62029
3.75197
3.14394
4.089
4.02381
3.26048
2.7097
2.78873
3.02893
2.82279
3.38886
3.12535
3.07882
3.95162
3.46571
2.90482
3.30529
2.65962
3.08686
3.41178
2.89977
2.99089
2.67842
2.17111
3.26706
3.24942
3.69644
2.68711
2.5288
3.0044
3.3846
3.2697
3.60493
4.09148
2.94827
2.58936
2.69632
3.73928
3.31797
3.90617
4.30975
3.50711
3.11498
3.39351
3.45323
3.26484
3.56581
3.42399
3.26498
3.31795
3.2494
3.233
2.98591
3.10474
3.55448
3.12802
3.17826
3.40225
3.25929
3.28305
3.2829
3.71418
3.69036
2.55466
3.85091
3.03522
3.09537
3.22456
3.35975
3.50124
3.28268
3.46295
3.51485
2.60195
3.1397
3.01403
3.87637
3.87547
3.62595
3.82333
3.7897
3.80555
4.42792
3.77559
2.86425
3.36774
3.28818
2.96552
2.93676
2.24406
2.84358
2.5791
4.38168
3.74237
2.81807
3.40374
3.74459
3.32252
3.67054
3.19733
3.35666
3.71722
3.73601
3.48643
3.71674
3.299
3.33441
3.2228
3.00373
3.10245
3.07918
2.88755
3.06855
3.52368
2.88689
2.92751
3.03612
3.50701
3.31406
3.81865
3.4003
3.20373
2.8798
2.99606
2.76427
3.20868
3.11665
3.46128
3.08146
2.84071
3.33024
3.09177
3.57755
3.44006
3.99643
2.6099
3.3931
3.30585
3.52282
3.16328
2.95434
3.182
4.00944
3.09781
2.86408
3.52096
3.21808
3.70907
3.36056
3.21307
3.79917
