1.98969
2.97223
2.55168
2.2814
2.41575
2.61345
2.9266
3.00699
1.68468
3.33795
3.00998
3.25715
2.40731
2.45285
2.73916
2.66558
2.52416
3.12548
2.59148
2.7913
3.18749
2.7009
2.9345
3.17827
3.49298
3.51062
2.83052
3.16294
3.11391
3.34835
3.48755
3.84317
3.84492
3.94641
3.16761
2.72422
3.05973
3.22024
2.54657
3.25434
3.50848
2.93411
3.75721
3.36117
3.12574
2.84301
2.80059
2.57431
3.10223
2.88676
2.61159
2.69488
2.02578
3.03984
3.07308
3.51348
3.15081
3.20225
3.6831
3.06302
3.13141
3.13041
4.01044
2.90001
2.68033
2.64211
3.1636
2.98829
3.5644
3.45967
3.02595
2.77757
3.17319
2.98416
3.17458
3.24821
2.87709
2.93321
3.03684
3.29435
2.86158
2.77762
2.85899
3.03672
2.89797
3.01061
2.93638
2.94699
2.83142
2.75136
2.96158
2.70292
2.26712
3.39153
2.95624
2.97305
3.24901
3.32894
3.70688
3.76642
3.77057
3.17361
2.47723
3.06913
3.09696
4.29504
3.36001
3.19455
3.74903
2.72247
3.23684
3.91507
3.62668
3.04225
3.17269
3.28962
3.02012
2.86047
2.17317
3.20419
3.2352
3.85307
3.73192
3.00322
3.75712
3.39549
3.21644
3.29475
3.22089
3.4663
3.50978
3.61698
3.86438
3.24278
3.01249
2.93573
3.31559
3.02429
3.15107
2.96237
2.74607
2.93507
3.16459
2.8031
2.76353
2.6588
3.32962
3.16101
3.09182
3.27526
3.35381
2.43
3.01504
2.90459
2.82552
2.80392
2.80663
3.1423
2.67897
2.84288
2.84612
3.0788
3.58872
3.43428
3.21276
3.22845
3.41396
3.33637
2.98484
2.70817
2.99158
3.44207
2.89798
2.87642
3.50877
2.93068
3.58009
2.63375
3.0711
3.60955
1.89194
3.05149
2.80539
2.16677
2.51563
2.71775
3.17226
3.21806
1.96451
2.98502
2.99898
3.48822
2.2384
2.58903
2.64966
2.52366
2.97957
2.81548
2.63875
2.62342
3.63005
3.27467
2.84384
2.93836
3.19625
3.52078
2.85297
3.13132
2.73275
3.16031
3.38483
3.23455
3.46452
3.81018
2.90063
2.43193
2.72639
2.97931
2.34697
3.18884
3.06867
2.84296
3.77232
3.2955
2.40883
3.12204
2.78972
2.79436
3.12942
3.00498
2.87441
2.68275
2.31285
3.30499
3.12334
3.4838
3.20487
2.47035
3.47177
3.11736
2.96227
3.54992
3.725
3.06798
2.56805
2.69384
3.10319
3.08482
3.39749
3.68844
3.12314
2.79576
2.95513
3.14535
3.19939
3.33507
2.86363
2.90076
2.78425
3.34471
2.88843
2.72936
2.78036
2.85079
2.80351
2.83236
2.76768
2.91185
2.92623
2.96809
2.92891
2.89731
2.31317
3.49047
2.81238
3.1732
3.00986
3.32366
3.19
3.59316
3.53752
2.81783
2.48487
3.07023
3.18442
3.97299
3.20904
3.20445
3.64469
3.32123
3.49034
3.76034
3.26865
2.94605
3.65651
2.90584
2.76876
3.08676
2.59314
3.04269
2.86149
3.65319
4.30474
2.75837
3.33706
3.83908
3.28378
3.00493
3.05252
3.28944
3.54083
3.57563
3.76399
3.29237
2.91629
3.24541
3.16112
2.99898
2.93444
3.27298
3.00619
2.90052
3.3196
2.939
2.76673
2.92366
3.63433
3.2259
3.00934
3.20899
3.49833
2.50423
2.54684
2.71215
2.7047
3.37473
3.12392
2.7567
2.87932
2.78757
2.72497
3.40252
3.37438
2.83214
2.5379
2.83292
3.28169
3.23943
3.15068
2.59339
2.73135
3.19468
2.66747
2.39618
3.34471
3.02355
3.1825
2.57848
3.22955
3.66777
