1.78779
2.4679
2.38918
2.42343
2.48634
2.59178
3.08648
2.88755
1.73647
3.00474
3.39033
3.61751
2.49278
2.29063
3.23522
2.83918
2.97215
3.27509
2.5073
2.58905
3.11739
2.6799
2.49089
2.91121
3.3882
3.63793
2.9821
2.67906
3.23763
3.23818
3.57407
3.77071
3.52385
3.82527
3.31779
2.94676
2.71727
3.36774
2.92215
3.26385
3.18394
2.71333
3.55275
3.51138
3.05146
3.25049
2.86712
2.33685
2.96054
2.68156
2.65352
2.56538
2.11763
3.23156
3.23319
3.58471
3.55908
2.25851
3.64882
3.22286
3.54075
3.5373
3.91963
3.13417
3.70608
3.10044
3.44514
3.11173
3.84952
3.77605
3.27102
3.74781
3.09289
3.50762
3.43422
3.32601
3.5383
3.13585
3.07316
2.78145
2.97897
2.87159
3.13202
3.02149
3.34496
3.59896
3.54828
3.62521
2.94075
3.27444
4.05541
3.4141
2.90866
4.02925
2.73899
3.21404
3.42827
3.46525
3.7471
3.40826
3.43736
3.82204
2.64817
3.03262
2.9356
4.03838
3.42512
3.38894
4.09727
2.83503
3.77561
3.90181
3.7724
3.04485
3.34363
3.01066
2.86164
2.72399
2.13544
3.0138
3.00123
3.3798
4.07854
3.03594
3.6219
3.55839
2.85435
3.00947
3.49082
3.56875
3.77609
3.68517
3.29479
2.99964
3.7983
2.89904
3.11062
2.98867
3.42646
2.87314
3.00929
3.01643
3.18555
3.03726
2.69699
2.83149
3.16595
2.99299
3.00805
3.14044
3.24993
2.81838
2.95865
3.15111
2.68898
2.72662
2.76202
2.80992
2.84886
3.15097
3.14996
3.29764
3.55234
3.2283
3.22135
3.25355
3.44622
3.83463
3.17489
3.30066
3.3288
3.93169
2.68386
2.91658
3.53967
3.25876
3.67785
3.05492
3.46201
3.89441
1.78103
2.76128
2.30956
2.26938
2.41885
2.65602
2.9889
2.86157
1.78923
2.91479
3.15869
3.08811
2.67813
2.48799
2.67708
2.69888
2.84265
2.86376
2.72426
2.34947
2.47408
3.05489
2.73356
2.62993
3.36955
3.72097
3.01733
3.26851
2.97772
3.66584
3.28422
3.7094
4.19339
3.65972
3.24082
2.48537
2.57671
3.22754
2.7867
3.36453
3.38936
2.64883
3.43216
3.3526
2.85101
3.03036
3.12997
2.68421
2.96601
2.78328
2.79194
2.409
1.95812
3.74836
3.43728
3.82009
3.45574
1.81654
3.20138
3.2192
3.41721
3.50285
3.99957
3.20575
2.96513
3.80416
3.23092
3.23868
3.82008
3.75933
3.06849
3.63069
3.18797
3.57957
3.2741
3.16521
3.61785
3.22886
3.48352
3.07311
3.03192
2.86484
2.86087
3.06595
3.36209
3.14519
3.03484
3.47232
3.10044
3.39774
3.726
3.70382
2.88465
3.87588
2.52919
3.28171
3.5147
3.05564
3.2086
3.19402
2.91573
3.81896
3.04445
2.94213
3.29483
4.14606
3.27547
3.68263
4.18299
3.57162
3.78484
4.04703
3.54573
3.09143
3.51724
2.7739
2.80062
2.85472
2.34002
2.82694
3.1374
3.67187
4.30764
3.04388
3.74962
3.4343
2.92071
3.30803
3.10617
3.42608
3.79627
3.74842
3.84124
3.26669
3.7149
3.30551
3.54615
3.15086
2.93338
3.10822
2.94851
2.86222
3.66224
2.87783
2.81306
3.2585
2.87975
3.15392
3.31413
3.31035
3.34102
3.09128
2.82677
2.75146
2.7677
3.0673
2.91482
3.37252
3.20034
3.04107
3.17643
3.40236
3.28832
3.27835
2.5768
3.18126
4.06212
3.88786
3.36784
3.00346
3.53256
3.62321
3.16666
3.108
3.6073
3.32317
3.48622
3.27652
3.47701
3.47186
