2.13849
3.04651
2.40917
2.35638
2.50793
2.74867
3.37024
3.07447
1.55956
3.08537
3.57945
3.63822
2.51787
2.425
2.71154
2.79458
2.84384
3.35415
2.80985
2.96883
3.1439
2.61825
2.90971
2.93935
3.3044
3.5549
2.92393
2.84192
2.81201
3.53306
3.30566
3.52406
3.33156
3.69775
3.08003
2.49716
2.49928
3.02498
2.63656
3.38477
2.93146
2.71151
3.45796
3.33443
2.62398
2.80924
2.60247
2.75003
2.5138
2.88239
2.49394
2.52366
2.04855
2.91702
3.34118
3.32487
3.26985
1.91774
3.10907
3.42189
3.23201
3.36316
4.15423
3.10393
2.62809
3.64553
2.97754
2.88992
3.52338
3.68864
3.06691
3.26316
2.96665
2.89539
3.22874
3.60666
3.47268
3.19005
3.00868
3.27216
3.01293
3.15086
3.08913
3.0121
3.06566
3.0027
3.14524
3.25654
2.78276
3.466
3.77122
3.64939
2.78392
3.59226
3.10957
3.20196
2.92757
3.49046
3.04129
3.00571
3.22275
3.58149
2.83541
3.01125
3.02766
4.03598
2.91162
3.55542
4.56544
2.5835
3.37601
4.18658
3.52621
3.62795
3.20968
2.9587
2.54847
3.01604
2.30269
3.29651
3.18895
3.57694
4.16014
2.86629
3.46825
3.69851
2.93173
3.57602
3.22959
3.5314
3.8331
3.89878
3.51636
3.3746
3.33028
3.02743
3.27774
3.10346
3.0365
3.21677
2.90529
2.89725
3.35427
3.10396
3.03267
2.881
3.12702
3.21294
3.16822
3.32267
3.38898
2.31951
2.97583
2.80774
2.99736
2.97655
2.84914
2.88314
2.94194
2.72217
3.14357
3.05517
3.50718
3.18586
3.82951
3.24736
2.96423
3.68468
3.26899
2.93968
3.01583
3.61878
2.65701
2.41015
3.42655
3.82784
3.60945
2.48373
3.6695
3.35134
2.11789
2.76352
2.56188
2.44051
2.57558
2.86168
2.89295
2.91921
1.69614
3.26203
2.8001
3.02498
2.71173
2.45571
2.84493
2.59896
2.6434
3.22413
2.71119
2.78129
2.95513
2.92252
2.83173
2.63695
3.34235
4.04551
2.97484
3.23568
2.6953
3.42842
3.13033
4.07648
3.39688
4.01189
3.24351
2.50062
2.43846
2.90982
2.4669
3.32605
3.07407
2.70252
3.84553
3.4234
2.70046
2.63756
2.33239
2.62708
2.69252
2.73056
2.5577
2.53423
2.05601
3.08769
3.06498
3.24031
3.34206
2.30777
3.19628
3.41606
3.14517
3.21115
3.81163
3.31764
2.76063
3.4921
3.21191
3.06693
3.75343
3.50942
2.83183
3.21132
2.97553
2.84953
3.28817
3.19542
3.43861
3.01209
3.02678
3.18816
3.02275
3.07159
3.1015
3.17437
2.97951
2.95172
3.25777
3.27976
3.07065
3.73853
3.59815
3.99837
2.79365
3.48726
2.83891
3.12156
3.27133
3.28452
2.58334
3.20911
3.50506
2.89344
2.87925
2.90425
3.50488
3.95778
2.78077
3.31862
3.89713
2.97274
3.31725
4.21542
2.9097
3.03194
2.95531
3.21712
2.52586
3.05225
2.13411
3.38048
2.82389
3.521
3.82494
2.59673
3.37565
3.61313
3.1818
2.9797
2.9052
3.18392
3.88545
3.89917
3.38964
3.40036
3.48336
3.51907
3.32023
2.96966
3.31842
3.1541
3.13979
2.67157
3.18386
2.91462
2.92655
2.87144
3.48413
3.19978
3.20838
3.26279
2.97968
2.39558
2.78819
3.01895
3.36624
2.93756
2.591
2.82714
2.88205
3.17235
2.63267
3.93474
3.68131
3.47616
2.57147
3.30622
3.71663
3.32908
3.2411
2.71637
2.97966
4.23009
2.59973
2.71007
3.14597
3.31513
3.5601
2.86102
3.70529
3.68431
