1.88125
2.55852
2.38407
2.21032
2.45335
2.66911
2.87531
2.89667
1.59882
2.99886
3.05668
3.27488
2.19263
2.51687
2.60543
2.30993
2.39183
2.96984
2.43859
2.44731
3.19454
3.01576
2.63123
2.87706
3.1483
3.57926
2.4766
3.18403
2.32344
3.16938
3.10931
3.54426
3.11108
3.51687
2.98998
2.3109
2.51335
2.91086
2.33456
3.17078
2.89916
2.43608
3.74918
3.63215
2.46816
2.39816
2.54259
2.44834
2.53087
2.72169
2.32771
2.29535
1.85701
3.30137
2.9544
3.28708
3.30605
2.12868
3.68642
3.57321
3.0389
3.12381
3.58683
2.99384
2.50563
3.345
3.1726
3.04112
3.59329
3.74874
3.20878
3.07583
3.06998
3.04189
3.02615
3.07447
3.28374
2.87231
2.92027
3.13933
2.90957
2.79108
2.95671
3.11197
3.28558
3.00153
3.34132
3.5279
2.72057
3.08051
3.43706
3.34512
2.46011
3.1975
2.69665
3.09225
3.13941
3.25137
3.105
3.14067
3.09833
3.57948
2.77094
2.73331
2.95902
4.12919
2.8495
3.40662
3.93288
3.24102
3.11321
3.99025
3.18218
3.15061
3.0054
2.79547
2.69221
3.36795
2.27724
3.54262
2.67679
4.06708
3.40941
2.59505
3.15149
3.49146
2.76392
3.08905
2.96732
3.13698
3.60626
3.75512
3.14405
3.23584
2.99441
3.19074
2.76468
3.28767
2.96464
2.82526
2.83336
2.51889
2.79188
2.84002
2.80716
2.47812
2.93277
3.03449
2.75749
2.9777
2.98246
2.10202
2.34816
2.86591
2.6043
2.64506
2.66006
2.36932
2.67804
2.65823
2.95917
2.52993
3.38497
3.20743
2.41054
2.73437
3.51058
3.31646
2.88815
2.74846
2.74642
3.92736
2.56322
2.76552
2.88302
2.92928
3.66317
2.48824
2.94889
3.42729
1.92375
2.55576
2.52995
2.3351
2.50435
2.4878
2.89747
2.94771
1.74355
3.00277
3.13681
2.96482
1.99692
2.74521
2.63059
2.41433
2.47247
2.92647
2.32207
2.20765
3.00057
2.98803
2.68772
2.71293
3.17979
3.79989
2.79598
3.3096
2.7321
2.85478
3.28385
3.64996
3.11604
3.27765
3.01778
2.24819
2.41444
2.79057
2.30775
3.1927
2.88689
2.6021
3.68996
3.22754
2.36702
2.32782
2.63243
2.66094
2.36203
2.36648
2.38787
2.41932
1.88813
3.36545
3.25069
3.45052
3.33241
2.59316
3.16444
2.82498
3.16294
3.69231
3.60171
2.91977
2.75184
3.27895
3.4443
3.04776
3.6921
3.82172
3.30373
3.28154
2.99945
2.91962
3.05232
3.09863
3.19969
2.98879
2.90859
2.88357
3.00612
3.00914
3.02802
2.92399
2.89402
2.95415
3.48279
3.26349
2.82137
3.19723
3.43104
3.30265
2.32705
3.30207
2.81613
2.9637
3.35356
3.51319
3.07134
2.96044
3.28741
2.85042
2.72978
2.8418
2.94823
4.04127
2.90183
3.22903
3.71033
3.05982
3.54382
4.02534
2.98722
2.97705
3.03305
2.90355
2.597
3.02179
2.30841
3.67703
2.81732
3.82349
3.56037
2.7981
2.97393
3.11749
3.33644
2.89838
2.82843
3.14147
3.67517
3.47968
3.13401
3.27966
2.95788
3.22323
2.94836
2.82132
2.74913
3.07008
2.58393
2.55211
2.73238
2.67627
2.95526
2.72327
2.76655
2.95918
3.14948
3.06584
2.79934
2.40963
2.98992
2.68794
3.17332
2.85421
2.94274
2.60358
2.48889
2.73508
2.75779
3.44218
3.38875
3.6262
2.6994
2.97696
3.39242
3.14689
3.27179
3.11879
2.90319
3.65989
2.32575
2.80175
2.75342
2.84716
2.39165
2.78399
3.45214
3.02921
