1.93819
3.28311
2.43268
2.41514
2.47792
2.82483
2.74219
2.72419
1.58258
2.5857
2.67464
2.86275
2.33632
2.18763
2.78908
2.52923
2.49317
3.29392
2.37082
2.86615
3.12181
2.94351
3.00567
2.01772
2.62933
3.24334
2.76847
3.0712
2.71864
2.94349
3.36809
3.57572
3.40401
3.79685
2.90453
2.13715
2.61722
3.07077
2.53031
2.94786
3.20147
2.28586
2.93048
3.07327
2.46094
2.40557
2.59244
2.35384
2.24357
2.58144
2.35604
2.5289
2.04436
2.81139
3.08524
3.11789
3.23876
1.59216
3.42744
3.25277
3.11725
3.54671
3.41504
3.00747
2.86965
3.22433
2.83124
3.00053
3.31091
3.34064
3.08002
2.65509
2.88207
3.16384
2.96718
3.30058
3.20989
3.06195
2.92789
2.8305
2.67031
2.70812
2.83306
2.91565
2.90886
2.70949
2.72945
3.33719
2.8806
3.35787
3.45144
2.96536
2.58349
3.44607
2.50392
2.89952
2.91957
3.38353
3.0417
3.29911
3.5086
3.06457
2.84634
2.52034
3.1128
3.41338
2.90583
3.3497
3.56854
2.92522
3.82962
4.08505
3.15727
3.05345
2.89394
2.88299
2.94157
3.42675
2.66794
3.29759
3.02488
3.633
3.71719
2.62381
3.20958
3.4109
2.72376
2.98195
3.07273
3.11078
3.68848
3.48806
3.63824
3.0748
3.07392
2.98672
3.21454
3.18737
2.961
2.91412
2.9426
2.65747
3.04477
2.76991
2.97554
2.89376
2.88785
3.19217
3.09548
3.09052
3.21115
2.59504
2.83449
2.98641
2.54539
3.12743
3.33726
3.07413
2.9394
2.7485
2.78487
3.61458
3.49268
3.77091
2.57424
3.51233
3.42931
3.066
3.09063
2.81114
3.55905
3.76703
2.4723
2.81141
3.32693
3.11783
3.68765
2.77797
3.21846
3.35985
1.95058
2.84938
2.48594
2.40329
2.55664
2.64532
2.88025
2.72927
1.66393
2.53746
2.67604
2.9651
2.49581
2.87661
2.65311
2.50258
2.34294
3.5178
2.46124
2.73997
3.14557
2.93204
2.91667
2.55541
2.94694
2.96308
2.62406
2.58659
2.98771
2.79321
3.21642
3.34939
3.28436
3.57841
3.15682
2.29403
2.49003
3.07242
2.2072
2.91396
2.79297
2.36273
3.09045
2.9709
2.56695
2.59108
2.36185
2.27366
2.51394
2.59111
2.22168
2.37826
2.08532
2.66081
2.68659
3.22183
3.62087
2.38837
3.24052
3.17781
3.45474
3.25201
3.41172
3.20521
2.86694
3.36703
2.98699
3.05548
3.43687
3.29614
3.22286
3.15682
2.96606
3.22653
2.71821
3.42113
3.31423
2.80991
2.66607
2.70608
2.42821
2.56864
2.57212
2.86838
2.83747
2.79912
2.84752
3.2485
2.8395
3.53938
3.33438
3.7638
2.69552
3.67647
2.83668
2.82052
2.8678
3.05705
3.01128
3.23795
2.99898
3.30448
2.48885
2.86805
2.5107
4.36272
3.21214
3.38939
3.96109
4.16615
3.34658
4.54188
3.21727
3.06642
3.13417
2.9758
2.70584
3.49651
2.52439
2.97074
3.24041
3.74551
3.74568
3.17954
3.13642
3.73401
3.02486
3.02336
3.3226
3.36388
3.73282
3.57702
3.4041
3.15811
3.59671
3.09801
3.05128
3.12391
3.08132
2.95092
2.56386
2.93685
2.72186
2.72276
2.8376
2.63962
2.71109
2.69896
2.89649
2.97472
3.02939
2.59401
2.78197
2.64944
3.23982
3.09671
2.9991
2.6767
2.7777
3.50238
3.02748
3.24601
2.94072
3.60859
2.86195
3.30116
3.76241
3.28835
3.29272
2.69108
3.0052
3.85548
2.69329
2.72973
3.2915
3.09388
3.43363
2.91259
3.32223
3.94576
