1.88596
2.72103
2.10487
2.14373
2.47679
2.67276
2.69873
2.89493
1.9472
2.96925
2.49438
3.26491
2.36861
2.34301
2.59184
2.4396
2.68897
3.144
2.43342
2.54024
2.31561
2.85398
2.5358
3.01093
2.72261
3.58401
2.95122
2.75031
2.93366
2.93011
3.08838
3.40906
3.24246
3.83344
2.74057
2.45135
2.81805
3.20307
2.53658
2.9786
2.80546
2.53197
3.27513
3.45401
2.61883
2.95611
2.80517
2.47884
2.36271
2.68532
2.55431
2.65165
2.04947
2.80724
2.97655
3.3729
3.51084
1.97935
3.11185
3.00373
4.20416
3.30692
3.48696
3.06873
3.5156
3.40706
2.99032
2.89882
3.76465
3.6336
3.17052
3.30708
2.98629
2.73311
3.34337
3.28405
3.40466
3.15151
2.95877
2.98417
2.87908
2.9559
2.82632
3.00741
3.18895
3.08842
3.11706
3.30504
2.88007
3.04314
3.5499
3.45067
2.68919
3.48834
2.94093
2.88433
3.12693
3.16498
2.8525
3.01386
3.16085
3.26782
2.64134
2.844
2.9102
3.71831
3.07106
3.44083
3.64157
2.84071
3.54059
4.28381
2.9939
3.11552
3.32323
2.9934
3.10767
2.85435
2.29849
2.57399
2.76392
3.14509
3.29039
3.1683
3.30623
3.12882
2.58139
2.96973
2.98932
3.21236
3.70355
3.60955
3.22259
3.38562
3.26577
3.12949
2.98558
2.94197
3.23101
3.03026
2.8763
2.8285
3.10266
2.8183
3.16759
2.74622
2.92377
2.96225
3.05173
2.79783
2.80489
2.14795
3.21454
2.82164
2.46201
2.89313
2.74478
2.43815
2.81039
2.56053
2.79516
2.7666
3.24258
3.3674
3.62178
2.91098
3.5354
3.58788
3.14296
3.0634
2.95194
3.70956
2.75163
3.31821
3.34557
2.88338
2.95131
3.05624
3.21222
3.42916
1.87433
2.45692
2.16977
2.25669
2.59539
2.58751
3.19422
2.86787
2.02137
2.79486
2.77788
2.87197
2.44621
2.39954
3.14185
2.70403
2.60947
3.43151
2.57295
2.56915
2.77478
2.84237
2.63806
2.78363
3.20423
3.53476
2.8521
2.83922
3.04777
2.91214
3.07671
3.30455
3.02484
3.22375
2.98129
2.53808
2.86867
2.97354
2.40657
2.9292
3.06061
2.59941
3.5553
3.21887
2.59494
2.72534
2.46148
2.42934
2.60459
2.68308
2.53879
2.56232
2.16908
2.9611
3.17452
3.10951
3.35235
2.30121
3.33998
3.36153
3.58023
3.51453
3.79817
2.87092
3.30583
3.59841
3.11812
2.98247
3.43081
3.56757
3.21309
3.26099
2.94558
2.94533
2.99006
3.45434
3.22202
2.78332
3.03104
2.98083
2.97985
2.79076
2.87212
2.87529
3.09726
2.93868
3.29046
3.51065
3.11103
3.38676
3.81519
3.27938
2.56253
3.48958
2.37743
2.92164
3.20692
3.42703
3.32599
3.08069
3.25673
3.21379
2.76936
2.94398
3.23704
4.14202
3.38447
3.31193
3.31086
2.96217
3.42354
3.95183
3.40738
3.00477
3.34138
2.79565
2.94866
2.97968
2.47921
2.60592
2.90684
3.52828
3.94251
2.71372
3.28231
3.35192
2.88838
2.75715
3.25044
2.87982
3.5272
3.42489
3.27737
3.16077
3.48689
3.15881
3.19102
2.95712
3.03166
3.12588
2.86779
2.61411
3.03763
2.76207
2.61003
2.64287
3.19425
2.87763
2.8196
2.99836
2.75064
2.45096
3.35364
2.89391
2.78634
2.84318
2.60141
2.97911
2.78707
3.37832
2.83981
3.21737
3.51371
3.49723
3.07915
3.09258
3.23624
3.84429
3.12968
3.23611
3.09442
3.49709
2.6375
2.65523
3.50589
2.72425
3.18495
3.26028
3.31686
3.37819
