1.85799
2.59214
2.45448
2.20637
2.37811
2.63767
2.84804
3.03369
1.80998
2.9248
2.85734
2.69736
2.40652
3.1552
2.61645
2.55564
2.44323
3.01264
2.48843
2.5306
2.76733
3.13555
2.5859
3.30892
3.06686
3.62446
2.81048
2.7298
2.68931
3.09047
3.39631
3.93293
3.05625
3.55767
2.84062
2.80957
2.83736
2.9594
2.67809
3.15957
3.1715
2.63299
3.64944
3.67775
2.65239
2.37191
2.66986
2.42334
3.0532
2.75797
2.03665
2.51629
2.212
2.73957
3.67478
3.33335
3.55355
3.01789
3.03708
3.31764
2.93251
3.38279
3.19326
2.60013
2.71207
3.05913
3.16593
3.10531
3.21027
3.50654
3.18663
2.84299
3.0067
2.75155
2.9714
3.1091
3.06385
2.98207
2.94179
2.72185
2.69659
2.75881
2.70932
2.91823
2.8038
2.83598
2.57915
3.07523
2.59845
2.91048
3.14003
3.13062
2.54888
3.25338
2.54847
2.88165
2.98241
3.21216
3.22692
3.4248
3.28136
3.1218
2.8585
3.08504
3.13811
4.08405
2.88831
3.12153
3.40443
3.17032
3.12194
3.77422
3.19884
2.96558
2.83965
3.22665
2.68062
2.99002
2.40963
3.01166
2.92965
3.07868
3.53423
2.8983
3.32101
3.05718
2.7095
2.81413
3.31055
3.71268
3.20808
3.84307
3.28318
3.2752
3.16508
3.04047
3.04559
2.85595
3.06381
2.95791
2.78624
2.56516
2.93348
2.84314
2.76613
2.74106
2.99594
3.10187
3.11029
2.88088
2.85587
2.49497
2.80392
2.87306
2.23912
2.8653
2.85828
2.76885
2.82039
2.79087
2.75383
3.49032
3.35168
2.98923
2.52621
2.9517
4.43631
3.29875
2.90578
2.77161
2.88968
3.46578
2.9374
2.86076
3.4605
2.94323
3.0943
2.9036
3.43473
3.52486
1.9514
2.69678
2.55911
2.12787
2.52194
2.58766
3.02545
3.12971
1.6989
3.01348
2.54116
3.25253
2.49628
3.17191
2.9283
2.34043
2.44002
3.18946
2.75336
2.86683
2.93407
3.35008
2.82687
3.19035
2.99604
3.77432
2.93667
3.30847
3.44295
3.09538
3.66564
3.82143
3.31593
3.74463
3.04944
2.54038
2.44415
3.11696
2.63987
2.90798
3.25355
2.72014
3.22458
3.28379
2.58654
2.81565
2.62769
2.062
3.01291
2.46807
2.50384
2.48466
2.08361
3.269
3.19313
3.2282
3.13796
3.00206
3.46632
3.05105
2.9473
3.03844
3.87215
2.94708
2.77682
2.66572
3.55816
3.22378
3.39686
3.56499
3.2872
2.84644
3.40136
3.00242
3.14379
2.81696
3.10112
3.04603
3.46326
3.45372
3.44218
2.98958
3.07689
3.24898
3.1727
2.9081
3.02213
2.94458
2.93535
2.87566
3.3958
3.39192
2.37219
3.00989
2.45511
3.02845
3.28119
3.40111
2.93906
3.5037
2.95355
3.15321
3.11998
3.5413
3.4614
4.40562
3.55204
3.36284
3.44344
3.21076
3.25051
3.83462
3.44364
2.92764
3.1941
3.16794
3.06404
3.09616
2.79411
3.20288
2.91032
3.23762
4.07625
2.94033
3.45782
3.67456
2.99894
2.91608
3.21489
3.27777
3.48391
3.74389
3.14086
3.27531
3.11219
3.41384
3.43814
2.77828
3.04534
3.31202
3.02763
2.54096
3.08692
2.83927
2.90324
2.82312
3.91661
3.16403
2.72426
2.95028
3.13703
2.46622
2.39648
3.23404
2.86553
2.76285
2.51275
2.8098
2.75923
2.91093
3.07351
3.35784
3.63532
2.4308
2.54689
3.16976
4.15285
3.52883
3.34804
2.87258
2.82982
4.06068
3.05452
2.83838
3.24442
3.24001
2.83224
3.31731
3.41404
3.14122
