1.80358
2.64055
2.28203
2.26435
2.51141
2.61676
3.23684
2.84855
1.84076
2.67788
2.994
2.61867
2.26399
2.55647
2.94547
2.58471
2.51423
3.64179
2.57581
2.84551
2.57269
3.23711
2.69135
2.83503
3.14732
3.17729
2.93974
2.74533
3.09823
2.90542
3.31642
3.8908
3.39174
3.83152
2.91745
2.64017
2.71801
3.1775
2.31941
2.85198
3.19744
2.73086
3.2371
3.23977
2.68153
2.71029
2.52184
2.619
2.15324
3.01888
2.47282
2.48492
2.0677
2.74272
2.93952
3.26781
3.77911
2.01655
3.90105
3.196
3.18664
3.09049
3.34372
3.16173
2.65397
2.80224
2.908
2.85496
3.26731
3.2634
2.80455
2.79603
2.84292
3.09102
2.81025
2.83922
2.77623
3.10863
2.81206
2.91162
2.7405
2.8693
2.60397
2.78689
2.92283
2.75078
2.84961
3.19397
2.47655
2.83335
3.14502
2.87457
2.52346
3.42986
2.71889
2.86044
2.85788
3.18187
3.07481
3.56604
2.63325
3.01177
2.58382
2.80909
3.37986
3.80635
3.24185
3.29112
3.83435
3.49747
3.53581
4.42378
3.22085
2.84262
3.09314
2.69572
2.77331
3.24429
2.4961
3.10986
3.17214
3.40466
3.5911
2.88371
3.08625
3.29141
2.70916
2.76923
3.33007
3.87215
3.51096
3.70208
3.34555
3.46969
3.00232
3.43808
3.11034
3.26484
3.11568
3.43794
2.78396
2.71807
3.0237
2.75328
2.85332
2.85693
3.29519
3.07287
3.10806
3.11456
3.073
2.83898
3.0391
2.66949
2.07974
2.84531
2.72788
2.34066
2.99323
2.44101
2.83835
2.97547
3.28673
3.42323
2.68492
3.0102
3.40241
3.14703
3.05133
2.62474
2.69261
3.35336
3.31023
2.8643
3.52424
3.34923
3.71951
2.93567
3.46055
3.41426
1.99315
2.746
2.27066
2.30588
2.62121
2.60949
3.87016
2.85723
1.90034
2.87895
2.67631
2.90519
2.13508
3.50148
2.62334
2.56287
2.72001
3.1794
2.62943
2.79826
2.92631
2.85123
3.01192
3.04107
3.10602
3.0531
2.69226
3.65367
3.16828
2.73542
3.64501
3.88076
3.12023
3.26012
2.85707
2.35521
2.57287
3.03375
2.49901
3.12597
2.87094
2.49421
3.31654
3.12293
2.6048
2.59729
2.40674
2.43337
2.70718
2.66316
2.69312
2.46083
2.18142
3.05481
3.02033
3.25754
3.48161
2.75998
3.48038
3.37738
3.22289
3.28683
3.28851
3.06233
2.76328
2.82659
3.04375
3.05069
3.29808
3.13678
3.00066
2.91661
2.98722
3.22885
2.98927
2.80159
2.94111
3.00581
3.1219
3.01525
2.94551
2.67067
3.10544
2.72755
2.77206
2.79108
3.03623
3.2337
2.51641
3.0096
2.83272
3.36513
2.51785
3.24817
2.77403
2.87949
2.79957
3.03281
3.42058
3.54163
2.86363
3.14915
2.58776
2.82782
3.09104
4.06312
3.20806
3.36739
3.86678
3.05447
3.39526
3.4301
3.97737
3.05864
3.49924
3.02468
2.78868
2.26977
2.52415
2.69114
3.73448
3.28063
3.53342
2.75612
3.40574
3.04907
2.91494
3.21898
3.04129
2.98944
3.58977
3.43817
3.41806
3.48342
3.11651
3.15512
3.34816
3.31292
3.38494
3.21781
3.04169
2.61584
3.23126
2.98692
2.79174
2.92075
3.6724
3.09483
2.98211
2.98683
2.89497
2.37927
2.92752
2.92194
2.39038
3.22554
2.98488
2.92089
2.41389
2.9481
2.82993
2.9934
3.55094
2.84437
2.86649
2.82157
3.85146
3.42453
3.2504
2.38871
2.783
3.89198
3.18274
2.6779
3.49493
3.04125
3.61442
2.93857
3.08341
3.09763
