1.91764
2.84156
2.21159
2.05959
2.38153
2.77685
3.26055
2.91185
1.84057
3.02879
3.13723
3.03536
2.69304
2.47171
3.00824
2.83156
2.82188
3.35241
2.54745
2.71382
3.23987
3.06099
2.70039
3.05285
3.36718
3.51267
2.94507
3.10585
2.67575
3.11194
3.61961
3.48269
3.41757
3.87773
3.026
2.65157
3.13556
3.1314
2.85409
3.23243
3.25354
2.55357
3.72773
3.34016
2.84892
2.95946
3.07336
2.40274
2.93606
2.86698
2.63256
2.54758
2.24951
3.09604
2.98872
3.00111
3.69504
1.94286
3.43253
2.98185
3.56193
3.56614
4.0534
3.2288
2.66552
3.06851
3.30485
3.11714
3.41906
3.33408
3.8609
3.10684
3.22122
2.9541
3.44933
3.29813
3.22246
3.05005
2.90166
3.27073
3.05341
2.90523
3.09622
2.95766
2.90376
2.8425
3.13872
3.20721
3.14496
3.2026
3.48793
3.14142
2.95369
3.74902
2.86483
3.08642
3.04882
3.34608
3.02835
3.78574
3.66485
3.03316
3.15545
3.07988
3.64762
4.26683
3.51235
3.25509
4.08761
3.29854
3.37375
4.16816
3.75026
3.34058
3.58698
2.92876
2.91092
2.95878
1.98916
3.1878
2.85713
3.71198
4.36868
3.34164
3.26251
3.37859
2.65027
3.44774
3.15202
3.29725
3.88398
3.99987
3.36656
3.2902
3.26091
3.14759
3.19325
2.92533
3.27971
3.12473
2.86567
2.70698
3.09598
3.11732
2.9612
3.07998
3.55407
3.32411
3.18081
3.0741
2.87529
2.59869
3.40663
3.21686
2.71776
2.74294
2.92272
2.88661
2.75778
2.67554
3.19183
3.2596
3.56376
3.49334
4.42372
3.30821
3.52613
3.32085
2.76894
3.02609
2.8333
3.84759
2.89551
3.24311
3.54267
3.25655
3.67761
2.96373
3.27593
3.0831
1.92436
2.66981
2.23795
2.26474
2.40869
2.50422
3.24402
2.89857
1.95494
2.97375
2.84541
3.23783
2.54372
2.63569
3.05093
2.8138
2.72334
3.31245
2.9074
2.77431
3.06089
2.70988
2.93161
2.83692
3.19988
3.66364
3.3219
3.17241
2.71383
3.14676
3.52215
3.46619
3.51082
3.70529
3.0647
2.77595
2.92253
3.21731
3.03185
3.84179
3.24049
2.91864
3.24855
3.18179
2.97125
3.13087
2.60365
2.81258
2.97034
2.827
2.79173
2.74713
2.29799
2.92855
3.3051
3.23126
3.49006
2.03563
3.38955
2.94918
3.58116
3.78721
4.11922
3.48885
3.41799
3.03013
3.26027
3.35828
3.82915
3.62012
3.65127
3.48085
3.16826
2.71207
3.30928
3.80825
3.04753
2.70906
3.0659
3.17252
3.25447
2.972
3.01519
3.2381
2.72943
3.11355
3.3386
3.38816
3.16157
3.39387
3.42856
3.2091
3.12489
3.46133
3.0485
2.98616
3.1785
3.22087
3.00995
3.33276
3.55018
3.22644
2.84571
3.22319
2.81055
4.16865
3.18713
3.20812
4.00015
4.09104
3.46687
4.25546
3.57334
3.43093
3.49941
3.06073
2.71901
3.06721
2.02453
2.71637
3.06942
3.75953
3.8584
2.96942
3.51802
3.87474
3.20924
3.34906
2.95478
3.27728
3.80935
3.75
2.95023
3.15836
3.11786
3.29997
3.01949
3.15683
3.21945
3.07397
2.76204
2.54992
3.30905
2.92536
3.13294
2.76549
3.08909
3.34857
3.37859
3.27832
2.86882
2.63831
3.13867
2.40312
2.89265
2.90808
3.12641
2.71464
3.12306
2.59592
3.0248
3.4527
3.49113
3.57443
3.07689
3.18317
3.33442
3.2593
2.92937
3.39361
2.79706
3.84836
2.93989
3.44279
3.27765
3.5025
3.34187
2.86597
3.31662
3.50023
