2.04161
2.67899
2.67883
2.18203
2.45209
2.75815
3.12211
2.90374
1.99161
2.72633
2.94555
3.21853
2.4023
3.2908
2.62989
2.8766
2.63652
3.26007
2.57605
2.49101
2.60615
2.75893
3.13038
3.15321
2.94176
3.54142
3.05471
3.08535
2.52314
3.12306
3.54176
3.7201
3.16049
3.27552
2.97733
2.48523
3.11157
3.28751
2.87181
3.10375
3.11812
2.80192
3.32115
3.31129
2.92816
2.76649
2.58599
2.80355
2.77761
2.65048
2.61117
2.7356
2.17429
2.99284
3.04909
3.45489
4.10177
3.61736
3.66996
3.31659
3.4912
3.1706
3.50361
3.04603
3.16767
2.83068
2.82625
3.12545
3.23494
3.50432
3.07096
3.19083
3.18175
3.08806
2.85072
3.31698
3.09838
3.10218
3.18116
3.02215
2.6892
3.02392
2.67612
2.74125
2.77834
2.89344
2.88099
3.05808
3.02539
3.37057
3.63511
3.32584
3.24805
3.46203
2.68963
2.94975
2.86306
3.31691
3.19197
3.34648
3.63484
3.23006
2.8367
3.00905
3.31947
3.35182
3.36127
3.39046
3.66449
2.4104
3.81501
3.80578
3.66006
2.97583
3.60168
2.65148
2.89565
3.0985
2.26728
3.24387
2.74903
3.8932
3.48463
3.08641
3.27705
3.46459
3.04321
3.23484
3.26738
3.64551
3.54972
3.77005
3.14374
3.11267
3.14423
3.06299
3.67745
2.71258
3.68357
3.20915
3.12132
2.80887
2.89321
2.86602
2.74009
2.97636
2.95573
3.17187
3.02825
3.01941
3.1031
2.62894
2.51337
2.8483
2.94348
2.97576
2.8722
2.82076
2.86585
2.85027
2.89937
3.35398
3.34264
3.76518
3.24861
3.4626
3.34454
3.25634
3.00554
2.68502
2.87106
3.97903
2.59285
3.07991
3.35827
2.83868
3.45868
2.8362
3.54654
3.78779
1.8961
2.75035
2.44987
2.21782
2.42876
2.6004
3.20936
2.97263
1.93796
3.03911
3.02332
3.4318
2.37654
3.16223
2.66485
2.74159
2.33652
3.10128
2.73731
2.68787
2.8254
2.90202
2.84213
3.20243
2.79551
3.4216
2.78326
3.20301
2.88519
2.97015
3.30489
3.71907
3.22931
3.68571
2.82438
2.47514
2.57022
3.11852
2.56883
3.20685
3.08658
2.57801
3.28245
3.02789
2.70921
2.70064
2.66747
2.37657
2.78824
2.71966
2.68731
2.51974
2.31605
3.1393
3.15062
3.27132
3.19439
3.15735
3.24745
3.6663
3.52248
3.34186
3.6787
3.16004
2.95659
2.80421
3.25914
3.0795
3.21983
3.72523
3.0996
2.73873
2.90132
3.15764
3.16165
3.25156
3.48416
3.07856
2.88664
2.56639
2.67143
2.9397
2.95445
2.96222
2.77202
2.89856
2.81347
3.45288
2.99915
2.94713
3.33936
3.25652
2.59353
3.35093
2.70501
3.07835
3.19505
3.51283
2.93427
3.12835
3.21782
3.32425
2.916
2.97675
2.75374
3.60716
3.19572
3.18821
3.40392
3.13112
3.30091
3.44353
3.22791
3.00291
3.26604
3.01131
2.79833
3.41964
2.52878
3.41742
2.83497
3.87688
3.59741
2.91674
3.20325
3.46629
3.27274
3.22136
2.89793
3.24778
3.70836
3.62521
3.37022
3.15331
2.9182
3.09942
3.23515
2.79849
3.09234
3.22854
2.87265
2.61356
3.16425
2.67048
2.74322
2.68668
3.04659
2.94481
3.00383
3.06514
3.07739
2.76881
2.9693
2.945
3.11999
3.13827
2.93377
2.85008
2.72893
3.2504
2.9473
3.08851
3.18223
3.47378
2.81857
3.3247
3.80996
3.1919
3.07284
2.7994
2.92975
3.20134
3.08332
3.05482
3.19571
2.98288
3.63886
3.11448
3.50374
3.43824
