1.74287
2.99611
2.49662
2.13484
2.39238
2.82664
3.24407
3.24626
1.88597
2.80371
2.83363
3.11672
2.54687
2.50235
2.75695
2.73499
2.75575
3.88504
2.75828
2.75999
3.24333
3.12181
2.82284
3.26968
3.21013
3.91174
3.06718
3.40688
3.57649
3.51013
3.54538
3.57918
3.71543
3.6798
3.2401
2.65557
2.58174
3.25277
2.40122
3.31007
3.26048
2.77705
3.88041
3.62385
2.89253
2.54439
2.68392
2.23447
2.951
2.85673
2.68823
2.68267
2.42316
3.24763
3.34872
3.44022
3.35907
2.66012
3.7179
3.49718
3.36787
3.53085
3.67197
2.733
3.39058
3.45123
3.29246
3.40788
3.64338
3.76297
3.35176
3.74634
3.17805
3.35294
3.35873
3.55373
3.28934
2.96048
3.01562
3.17337
2.94587
3.11751
3.37122
3.09355
2.90752
3.07631
3.4175
3.36023
3.06683
3.5979
3.60397
3.52486
3.07258
3.42265
2.59219
3.2433
3.16549
3.79096
3.30718
3.38736
3.46964
2.87487
2.50015
3.03966
3.12922
4.41283
3.45261
3.55878
3.87343
3.22388
3.41215
4.13772
3.55633
3.38546
3.20167
3.01723
2.75907
3.17087
2.35132
3.03487
2.70135
3.49971
3.92718
3.09566
3.58353
3.56896
3.01921
3.1227
3.47551
3.64841
3.80465
3.58727
3.54229
2.90319
3.86109
3.03984
3.39698
2.93501
3.32935
3.45468
2.85093
2.49354
3.55697
2.91483
2.75121
2.90006
3.61158
3.29114
3.18126
3.24486
3.12509
2.76636
3.22694
3.13212
2.84141
3.18544
3.05025
2.90586
3.09974
3.06087
2.99986
2.87615
3.42961
3.71475
3.20978
3.2875
3.48017
3.24751
3.09986
2.89264
2.95243
4.08863
2.96455
3.16276
3.73086
3.42937
3.70902
2.71642
3.34419
3.4923
1.91018
2.90255
2.26408
2.30404
2.60485
2.8121
3.60404
3.1933
1.9683
3.16619
3.06952
3.3199
2.54563
2.61551
2.65469
2.83931
2.88165
3.49355
2.92963
2.82732
3.34728
3.07059
2.60308
3.2607
3.24123
4.03117
2.82098
3.10816
2.56289
3.21019
3.7151
4.10263
3.5523
4.17742
3.33343
2.84497
2.87987
3.27057
2.43677
3.433
3.25826
2.7439
3.74349
3.38188
2.73191
2.61927
2.8052
2.73266
2.64332
2.7302
2.69543
2.93447
2.3991
3.38966
3.53276
3.54208
3.40082
2.92102
3.35991
3.53614
3.32012
3.81864
4.01849
2.86078
2.72332
3.17466
3.37702
3.15276
3.38403
3.65979
3.19471
3.34703
3.35202
3.15854
3.36492
3.41894
3.57314
3.30224
3.45861
3.42344
3.06465
3.1517
3.52397
3.46991
3.08638
3.27283
3.07994
3.5288
3.3285
4.15328
4.13564
3.7847
2.81184
3.65759
2.83895
3.23321
3.10275
3.76579
3.3921
3.6127
3.97784
3.29789
2.56972
2.94767
3.53883
4.54922
3.47171
3.79559
4.00589
3.58217
4.04262
4.76846
3.81879
3.28511
3.54004
3.26249
3.02152
2.97678
2.55812
3.01635
2.73662
3.72431
3.98812
2.8862
3.77114
3.85233
3.23154
3.11568
3.13675
3.30136
3.79372
3.93788
3.53257
3.26746
3.46313
2.83617
3.58878
2.84086
3.18985
3.12684
2.97647
2.51959
2.96878
3.15016
2.74937
2.83378
3.18219
3.00912
3.36599
3.1989
3.15762
3.04641
2.6846
2.97222
3.03435
2.92889
3.26625
2.95918
3.068
3.39043
2.90405
4.18153
3.8669
4.15901
2.96589
3.34051
3.68339
3.61665
3.3443
2.82798
3.08323
3.51395
3.27205
3.53062
3.61561
3.06822
3.18837
3.33466
3.81459
3.42934
