2.06112
2.58954
2.14788
2.32203
2.36
2.50846
3.39251
2.60474
1.57421
2.68547
2.42061
2.8747
2.31554
2.59278
2.87144
2.64108
2.37332
3.07691
2.49951
2.68863
2.38459
3.05611
2.67683
2.59538
3.04276
3.53331
2.74041
2.88543
2.22773
3.18307
3.22392
3.52832
3.33913
3.70607
2.81209
2.61584
2.8342
3.042
2.31809
2.8689
3.0835
2.46722
3.17731
3.17469
2.56213
2.62661
2.53011
2.27295
2.52066
2.60355
2.21244
2.2922
1.97442
2.60613
2.72556
3.02819
3.62443
1.96873
3.60238
3.53393
3.51271
3.2748
3.78695
2.88385
2.67584
3.06169
2.83705
2.69087
3.21819
3.36396
2.79773
3.21281
2.77385
2.85492
3.169
3.32794
3.11588
2.76566
2.40683
3.12057
2.79944
2.71287
2.86317
2.86052
2.75517
2.8122
3.36008
3.25925
2.78177
3.51859
3.46796
3.35344
2.89129
3.2582
2.28906
2.86596
2.88384
3.21759
2.81909
3.14054
3.15148
3.22693
2.38945
2.70666
3.18006
3.77569
3.08445
3.17495
3.73096
2.89364
3.06211
3.99839
2.8545
2.87223
3.07656
2.5714
2.703
3.39799
2.74902
3.69669
2.97444
3.31977
3.47597
2.47537
3.00521
2.73802
2.84886
3.2272
2.73216
3.19783
3.64108
3.39071
3.15618
3.56457
3.08222
3.11783
3.29783
3.01754
2.77854
3.1072
2.81859
2.62495
3.12577
2.48711
2.99088
2.81653
3.10675
2.86926
2.7169
3.05763
3.00504
2.36712
2.90585
2.8986
2.46993
2.42869
2.66449
2.49129
3.09576
2.96881
2.39821
3.48911
3.61814
3.51827
3.32933
3.57564
3.44046
3.14526
3.00496
2.74894
2.79589
3.73196
2.45742
2.5921
2.96069
2.8563
3.14264
2.58928
3.39104
3.28669
1.95285
2.83607
2.13061
2.35688
2.28101
2.45236
3.00667
2.70695
1.71433
3.05517
2.80038
2.55237
2.44797
2.89968
2.63279
2.39168
2.64212
3.43329
2.49545
2.42271
3.36873
3.39266
2.78433
2.58286
2.98137
3.618
2.50249
2.96581
3.06874
3.24176
2.9846
3.60445
3.69473
3.69906
2.84449
2.37861
2.59633
3.05291
2.52705
3.02519
3.07223
2.63924
3.32785
2.89677
2.67717
2.52897
2.38285
2.31029
2.84344
2.46824
2.27154
2.3823
2.08993
2.77957
2.65192
2.83082
3.66049
2.80229
3.23173
3.29792
3.62072
3.72713
3.71359
3.39806
3.14568
3.22937
2.6749
2.87872
3.26434
3.05343
2.96651
2.86454
2.85178
2.77624
3.32933
3.12931
3.16938
2.65856
2.82354
2.72969
2.81102
2.84561
2.79602
2.91163
2.83756
2.8856
2.59132
3.2933
3.06902
2.90773
3.31633
2.93234
2.54576
3.32467
2.56793
2.84297
2.87476
3.15185
2.98842
3.05204
3.18946
3.57422
2.57667
2.72588
3.0435
3.50674
2.8469
3.29699
3.59366
3.06792
3.55519
4.09772
3.29753
3.0632
3.64011
2.66211
2.62211
3.18551
2.59491
2.96363
2.74646
3.68355
3.51508
2.67201
2.9469
3.03883
3.05797
2.9681
2.86967
3.14972
3.7618
3.71015
2.8312
3.50355
3.00548
3.36417
3.22808
3.13319
2.71735
2.95553
2.69587
2.55732
2.93781
2.61848
2.72504
2.84278
2.88603
2.87523
2.92782
2.94057
2.89002
2.21668
2.84194
3.08151
2.44192
2.84715
2.91096
2.84313
2.59318
2.8522
2.51905
3.4026
3.49768
3.45915
2.82013
3.35349
3.4503
3.20129
3.16195
2.84679
2.84693
3.87386
2.4671
2.53983
2.86716
3.17674
2.69974
2.9128
3.39465
3.64326
