1.80934
2.84048
2.03592
2.08109
2.20453
2.46627
3.01127
2.8866
1.75444
2.81202
2.65636
2.92564
2.18221
2.51276
2.79141
2.52215
2.50945
3.09373
2.91317
2.37229
2.81746
2.56259
2.62215
2.50433
3.10305
3.80333
2.95114
2.90455
3.26713
3.10356
3.17731
3.41074
3.34954
3.67107
3.51809
2.49384
2.59452
2.81174
2.71041
3.11527
3.09721
2.87991
3.84455
2.98679
2.71885
2.62118
2.50826
2.49068
2.59035
2.536
2.52526
2.57816
2.23957
2.89496
2.94817
3.27712
3.41371
2.33589
3.53906
3.14012
3.10518
3.9562
4.09955
3.06646
3.27725
2.94271
3.07551
3.18152
4.0871
3.75874
3.18159
3.40541
2.87948
2.96996
3.31374
3.33063
3.40598
3.09487
2.81464
3.02581
2.88852
2.93545
3.07157
3.0939
3.05091
3.07252
3.47841
3.40162
2.88254
2.99871
3.31223
3.19511
2.6808
3.45292
2.49171
2.9818
3.32398
2.78917
3.07557
3.15738
3.27879
4.05091
2.7188
2.83808
3.26246
4.04727
3.37846
3.39504
3.8577
3.54359
3.74207
4.14902
3.50716
3.13524
3.19026
2.85743
2.5359
2.55899
2.04363
2.45434
2.33139
3.48346
4.027
2.64366
3.25685
2.91036
3.06446
3.2938
3.06763
3.22817
3.9398
3.42198
3.14528
3.13666
3.06145
2.94056
3.07805
2.90963
2.8334
2.66193
2.67321
2.56586
3.07542
2.81579
2.58659
2.76251
3.19406
3.03335
2.8675
3.00405
3.11124
2.62417
3.147
2.93257
2.52662
2.38791
2.71242
2.56804
2.7486
2.91331
2.73045
2.93789
3.58869
3.00634
3.66565
3.04629
3.47874
3.70152
2.90302
3.19444
2.96608
3.71911
2.61324
2.80586
3.25508
3.26582
2.83087
3.177
3.39747
3.56267
1.82979
2.72388
2.4834
2.27791
2.38651
2.40495
3.37859
2.99133
1.93751
2.82078
2.78657
3.45041
2.49252
2.52999
2.88064
2.57923
2.53701
3.25461
2.65753
2.16759
2.64752
2.85542
3.11987
3.08996
2.71647
3.47861
3.17391
3.16151
3.32924
3.55289
3.46209
3.63084
3.50322
3.82645
2.73029
2.53964
2.64559
2.81537
2.53424
3.50487
3.61716
2.5823
3.69942
3.25903
2.99367
2.48618
2.82239
2.33179
2.9195
2.64909
2.61576
2.54331
2.33675
3.07705
3.13551
3.18701
3.39015
1.84721
3.20854
3.49666
4.17315
3.86481
3.9692
3.12067
3.84692
3.646
3.47658
3.25683
3.81775
3.71443
3.01647
3.31675
3.07544
2.74854
2.9994
3.17998
3.68151
2.94285
3.09095
3.17709
3.09428
3.28517
3.39232
2.90435
3.35744
3.35061
3.41031
3.63315
2.95053
3.14211
3.71581
3.38301
2.46656
3.35726
2.36133
2.85649
3.00967
2.89138
3.10152
3.14405
3.50056
3.48109
2.97953
2.94089
2.75986
4.27319
3.82605
3.3462
3.59648
3.6703
3.5084
3.9295
3.23682
2.88712
3.38245
2.93715
2.71102
3.03964
2.20042
2.7118
3.26393
3.44202
3.9461
2.53943
3.43036
3.47722
3.1262
3.31147
3.02681
2.79775
3.73787
3.42298
3.02264
3.22788
3.43451
3.22985
3.12367
2.9236
3.22553
2.77065
2.70282
2.72742
3.37049
2.53486
2.74734
2.58806
3.11046
2.98361
3.02902
3.01931
3.20935
2.29955
3.68187
3.08477
2.69154
3.4389
2.8003
2.29026
2.71461
3.0256
2.82698
3.60997
3.37282
3.8662
3.60061
3.21261
3.94304
3.51368
3.04438
3.15578
2.97891
4.26945
3.19854
2.89068
3.12433
2.9736
2.88659
3.57414
3.53046
3.74797
