1.84791
3.13934
2.68736
2.07745
2.41141
2.87877
3.00501
3.18794
2.072
3.22902
3.09159
3.27166
2.50651
2.81089
2.80339
2.32734
2.69226
3.494
2.60054
2.64024
3.13757
2.69727
3.59654
2.88265
3.25139
4.08522
3.1707
3.5653
2.73595
3.48644
3.40487
3.9915
3.94955
3.8677
3.44504
2.60839
2.96203
3.19074
2.68815
3.49561
3.22151
2.69136
3.33465
3.44387
2.87825
2.65612
2.67674
2.59608
2.82326
2.71428
2.49967
2.72281
2.41726
3.57587
3.39252
3.3924
2.80708
1.98757
2.42463
3.12977
3.36844
3.41407
3.53896
3.32771
2.7325
3.4721
3.29098
3.00026
3.51009
4.02557
3.4235
2.84755
3.12201
3.51078
3.92194
3.52113
3.04758
3.47707
2.9352
2.93342
3.09923
2.96621
3.2098
3.24665
2.67974
3.02719
3.27665
3.1465
2.70957
3.08298
3.55478
3.3817
2.66954
3.46743
2.81961
3.07311
3.13035
3.70267
3.17395
3.13095
3.22847
3.09362
3.34704
3.18022
3.42767
3.68173
2.79518
3.3719
3.72977
2.98353
3.44388
3.99243
3.36917
3.26596
3.16922
3.02079
2.98868
3.00758
2.3099
2.77277
2.54672
3.75283
2.87825
3.48672
3.62749
3.19332
2.92102
3.01617
3.34553
3.48709
3.32044
3.57877
3.32742
3.63389
3.30797
3.14478
3.46115
3.21462
3.22002
3.15557
2.95687
2.78225
3.20954
3.02384
2.95327
2.80657
2.90345
3.22366
3.42452
3.12916
3.2085
2.57181
3.25434
3.25363
2.52818
2.90927
3.10553
2.87843
3.02715
2.63349
3.42718
2.99753
3.3662
3.47631
3.30265
3.46838
3.97944
3.6898
3.5588
2.70049
2.75632
3.93784
3.08605
3.4838
4.00153
3.12956
3.91066
2.45801
3.41686
3.19676
1.79409
3.12658
2.57389
2.19366
2.48444
2.90984
3.58044
3.15935
1.98805
3.01045
3.51559
3.42521
2.43181
3.0169
3.04631
2.43967
2.5133
3.44261
2.69165
3.10248
3.32434
3.15793
2.95071
3.381
3.24759
3.86151
3.13523
2.81706
3.02557
3.41682
3.53635
3.7154
3.5057
4.28588
3.39948
2.55093
2.80989
3.06529
2.70635
3.28679
3.23749
2.90936
3.64637
3.62514
3.04041
2.92097
2.59528
2.96907
2.86949
2.77286
2.59831
2.60854
2.5163
3.37201
3.44016
3.72911
2.85431
2.43977
2.66485
3.17026
3.70344
3.8572
3.71706
3.30979
3.29177
3.38099
3.48032
3.41212
3.61477
3.89844
3.82333
3.17717
3.23147
3.85721
3.52855
3.92184
3.43617
3.38529
3.40269
3.0418
3.23089
3.18163
3.40969
3.27295
2.93851
3.16002
3.15655
3.40803
2.72623
3.11686
3.4149
3.23873
2.80926
3.24057
3.22866
3.38273
3.17214
3.58328
3.03663
3.4165
3.41211
3.15889
3.44978
3.19566
3.19951
3.94293
2.74162
3.34118
3.78609
3.36291
3.51523
3.91713
3.39349
3.13402
3.20013
2.90839
2.79428
3.46798
2.48918
2.98474
3.49283
3.62266
3.03342
2.96183
3.07138
3.66443
3.22747
2.85552
2.9722
2.94852
3.4955
3.47489
3.21825
3.50672
3.21374
3.19025
3.15863
3.13069
3.12029
2.93053
2.82604
2.60048
3.49664
2.9003
2.92382
2.84124
3.13688
3.24064
3.18872
2.85543
3.17845
2.52516
3.04167
2.74908
2.7709
2.83462
3.18881
3.34535
3.22331
2.52744
3.10614
2.84739
3.36451
3.49742
3.96534
3.003
3.80187
3.57072
3.25204
3.00727
2.99808
3.80673
2.85533
2.86694
3.39577
3.02449
3.48791
2.91184
3.27919
2.97431
