1.80374
2.82392
2.39425
2.36618
2.48148
2.70407
2.95484
2.99387
1.86193
2.92872
3.20969
3.16461
2.50177
2.45713
3.03535
2.62765
2.59259
3.14221
2.6254
3.15572
3.31751
2.99888
2.8559
2.84941
3.50294
3.95188
3.03115
3.04486
3.06219
3.00892
3.23244
4.18923
3.56711
4.50583
3.25807
2.81193
2.89448
3.24122
2.79152
3.21951
3.11151
2.77998
3.4415
3.53975
2.94122
2.48471
2.71735
2.45541
2.65171
2.85691
2.65702
2.60517
2.19626
3.10094
3.41502
3.64034
3.69158
2.07993
3.53283
3.08508
3.12295
3.66757
4.10513
3.01473
3.10813
3.03138
3.0679
3.10382
3.46941
3.63396
3.11182
3.13278
3.2362
3.29246
3.32176
3.24365
3.28396
3.16555
3.22329
3.37989
2.86601
3.01765
3.10044
3.16748
3.1617
2.90961
3.1382
3.39181
2.86708
3.52084
3.34259
3.25387
2.63628
3.52518
2.98601
3.23689
3.18716
3.57427
2.95122
3.26479
3.06234
3.28589
2.95988
2.87075
2.84047
3.808
3.77671
3.34905
3.3089
2.23147
3.27375
3.89912
3.60703
3.01507
3.31479
2.81167
2.81688
3.58801
2.52729
3.29654
2.61013
3.48862
3.70195
3.36456
3.47318
4.04954
3.00691
3.43202
3.3577
3.57091
3.47066
3.99056
3.13073
3.11927
3.39459
3.17906
3.6239
3.15475
3.53577
3.17014
3.10154
2.92196
2.98771
2.91379
2.80062
2.92766
2.65571
3.29874
3.19875
3.27331
3.21109
2.91542
3.21337
3.25174
2.84342
3.01724
3.07723
2.83835
3.14233
2.8102
3.02856
3.11742
3.22083
3.54174
3.91516
3.08735
3.17399
3.20368
2.98994
2.94447
2.93982
3.77673
3.35734
3.27741
3.58693
3.16857
3.10939
3.14388
3.30361
3.34187
1.87254
2.83988
2.45496
2.32748
2.52376
2.62953
3.52084
3.07747
1.97427
3.0796
2.6878
3.63781
2.55003
3.01171
3.02667
2.7675
2.75261
3.23337
2.43742
2.49182
2.82096
3.10155
2.62661
3.01169
3.16881
4.06096
3.05804
2.9376
3.01232
3.0122
3.2494
3.57729
3.40331
3.48555
3.30137
2.83809
2.75804
3.07441
2.71377
3.309
3.31634
2.98306
3.61003
3.40635
2.92349
3.14011
2.6425
2.71682
2.92932
3.02711
2.71487
2.78577
2.24126
3.17043
3.17472
3.60976
3.44042
2.67546
3.65834
3.53357
3.40211
3.56655
4.2782
2.88459
3.45715
2.76512
3.076
2.99703
3.81046
3.68619
3.1881
3.26437
3.23149
3.21555
3.38591
3.54963
3.31558
3.25883
3.2395
3.15268
2.69928
3.03218
2.83524
3.08009
3.00037
2.94602
2.85508
3.39295
2.97049
3.0932
3.39339
3.31285
2.55719
3.43868
2.46946
3.0543
3.26932
3.46145
3.12409
3.16783
3.39964
3.18169
2.5661
3.08871
3.18192
3.61831
3.96877
3.43111
3.58704
2.52693
3.28704
3.62202
4.1172
3.08669
3.51862
2.85953
3.0207
3.33147
2.66433
3.12447
3.03985
3.22838
3.86258
3.20986
3.28907
3.66819
3.15598
3.35969
3.19267
3.18644
3.70498
3.82841
3.53526
3.43103
3.31332
3.41958
3.21651
2.91238
2.98513
3.20814
3.17016
2.82862
2.92851
3.02182
2.87583
2.91646
2.8969
3.19027
3.07308
3.17921
3.28722
2.50101
2.85019
2.62332
3.14787
2.86917
3.18752
2.92962
2.93964
3.2181
3.1292
3.48954
3.56238
3.38067
3.67079
3.34968
3.31318
3.531
3.2503
2.66979
3.01119
3.67587
3.15456
3.11956
3.27637
3.15852
3.30596
2.99296
3.65893
3.21125
