1.92781
2.92068
2.30903
2.16527
2.49558
2.66428
2.95822
2.88759
1.69928
2.73837
2.651
3.07281
2.32497
2.53636
2.71358
2.69024
2.58329
3.20925
2.52795
2.63813
2.63499
3.2218
2.81292
2.77158
3.07443
3.89275
2.77862
3.2104
2.9857
2.93568
3.57291
3.41428
3.23927
3.93232
3.14263
2.50507
2.66595
2.72481
2.2569
2.82014
3.2488
2.4845
3.35259
3.37079
2.69642
3.07531
2.42382
2.65399
2.28015
2.43498
2.55048
2.47074
1.9209
2.93252
2.74701
3.02184
3.35977
2.48901
3.39493
3.19065
3.42501
3.4551
3.55593
3.47157
2.54148
2.65132
3.04411
3.01829
3.39863
3.66135
3.16262
2.97192
3.02671
2.85543
3.22378
3.17285
3.15237
2.94876
3.15857
3.02471
2.81762
2.94683
3.01215
2.95168
3.10195
2.80329
2.99222
3.23206
2.81903
3.3801
3.43786
3.17661
2.63868
3.12683
2.71845
3.01055
3.17815
3.38484
3.50352
3.00008
2.67885
2.96872
2.65686
3.05532
3.11385
4.10448
3.37845
3.37776
3.92147
3.25194
3.35532
3.8745
3.41088
3.03831
2.91704
2.90412
2.7963
2.94555
2.46943
3.10587
2.72346
3.45283
4.19033
3.04617
3.47337
3.51819
2.71134
3.5711
3.26186
3.75755
3.56807
3.8906
3.39953
3.15445
3.12034
2.84321
3.38896
3.10913
2.98712
2.90361
2.69727
2.8785
3.15134
2.79989
2.80914
2.72348
2.84971
2.91063
2.92699
3.31265
3.11834
2.26809
2.82888
2.77184
2.90999
2.81557
2.68484
2.75628
3.09207
2.70887
2.59761
3.19206
3.30683
3.61673
3.01305
3.32881
3.3528
3.55012
2.78312
2.85569
2.82045
3.58
2.63617
2.5515
3.4593
3.16542
3.81693
2.60946
3.13797
3.43813
1.95519
2.86456
2.28167
2.22152
2.42997
2.57379
2.6038
2.89141
1.72269
2.92935
2.37501
2.86874
2.31282
2.52312
2.7683
2.61893
2.37634
3.24037
2.64373
2.36333
2.85333
3.1581
2.89905
2.9574
2.79704
3.33454
2.87006
3.22386
2.76157
3.12845
3.20386
3.24915
3.31512
3.94404
3.03118
2.62747
2.57846
3.1728
2.31543
3.17078
3.20377
2.47772
3.30333
3.25163
2.78775
2.49422
2.40909
2.63428
2.58469
2.45049
2.49325
2.44342
2.04395
2.99927
2.90579
3.13296
3.496
2.22138
3.36249
3.26766
3.39662
3.26099
3.43065
3.22479
2.82155
2.80079
3.31961
3.00195
3.74188
3.24439
3.37131
3.09694
2.84461
3.219
3.11687
2.99389
3.3096
2.92368
2.9345
2.95789
2.89157
2.87432
2.86629
3.12135
3.19541
2.94807
3.09422
3.30839
2.80336
3.05655
3.07052
3.39011
2.65305
3.13484
2.60361
2.7833
3.23305
3.32409
3.49343
2.78838
3.29071
2.61241
2.48376
2.67938
2.69913
4.04251
3.04114
3.32084
3.78661
3.88904
3.0464
4.0761
3.23
2.91311
2.89538
2.59358
2.74301
2.94143
2.21728
2.85757
2.83001
3.51347
3.80157
2.46377
3.09219
3.36086
2.8526
3.33563
2.79782
3.30285
3.60313
3.91378
3.04979
3.19653
3.43318
2.87815
3.18379
3.09436
2.55708
2.93766
2.73213
2.71582
3.09324
2.95337
2.73086
2.63308
3.26316
2.99057
2.97553
2.84397
3.08837
2.74102
2.9641
3.29132
2.69987
2.57061
2.80253
3.16936
2.80859
2.431
2.65083
3.35898
3.19749
3.42791
2.46453
3.24097
3.36122
3.27236
2.8924
2.67022
3.14527
3.37529
2.87395
2.54792
2.79525
3.32355
3.22336
3.02133
3.42838
3.44572
