1.93393
3.13777
2.8127
2.25747
2.43199
2.79359
2.80391
2.97623
1.92662
3.02561
2.81153
3.34422
2.42126
2.18767
2.63098
2.78985
2.93371
2.95704
2.61463
2.68616
2.91235
3.02512
2.81848
2.91683
3.07284
3.92052
3.14359
2.96642
3.28185
3.37885
3.46356
3.66438
3.10164
4.26691
3.41241
3.08153
2.80888
2.92853
2.84585
3.25575
3.59705
2.70739
3.56614
3.27028
2.89669
3.03896
2.65172
2.68718
2.64332
2.72478
2.76441
2.75185
2.11564
3.11412
3.15842
3.25656
3.51336
1.99372
3.16997
3.0935
3.3467
3.50444
3.74311
3.11613
3.26245
3.0946
3.38842
3.13755
3.7383
3.19344
3.14433
2.99169
2.97491
2.96019
3.21877
3.35398
3.22527
3.05594
3.00697
3.14542
3.05919
3.24741
3.08778
3.16029
2.95791
2.94526
3.00748
3.14269
2.77449
2.9896
3.29446
3.28335
2.71508
3.31126
2.81857
3.16309
2.93287
3.3538
3.63106
3.22302
3.73238
3.66697
2.7583
2.89835
3.22044
4.12431
3.55593
3.37469
3.82745
2.09369
3.87118
4.27106
3.24832
3.18715
3.78398
2.84374
2.8462
2.85349
2.0757
3.18049
2.14423
3.76593
3.81486
3.12065
3.4913
2.97474
2.71129
3.08949
2.98335
3.36761
3.64809
3.76983
3.42014
3.31887
3.07762
3.17336
3.47209
3.14993
3.1094
3.22433
2.84932
2.68671
3.17921
2.90056
2.63225
2.82915
3.60662
3.10747
3.05403
3.13031
3.3427
2.4022
2.76077
3.13271
2.58714
2.81925
3.16199
2.7287
2.98921
2.57914
3.27974
3.09029
3.45476
3.14149
3.52937
3.12236
3.33575
3.67063
3.20175
2.6881
3.2064
3.43453
2.72874
2.58906
3.3927
3.1811
3.202
2.93221
3.57941
3.72842
1.98301
2.83849
2.57261
2.15421
2.3459
2.61666
3.36534
3.23201
2.06294
2.73676
3.18572
3.39129
2.47976
2.27271
2.7899
2.88365
2.78184
3.3134
2.68905
3.02496
3.17298
2.93939
2.92526
2.75845
3.14964
3.44103
3.11756
3.05528
2.69505
3.06639
3.21158
3.90728
3.25497
3.73937
2.79523
2.48184
3.0882
3.00569
2.84901
3.15011
2.80208
2.9486
3.69513
2.76535
3.15655
2.99783
2.94766
2.68235
2.6917
3.1627
2.85143
2.58001
2.20375
3.26165
3.42868
3.31252
3.42841
2.18761
3.49618
3.66727
3.5072
3.25607
4.04993
3.40096
2.90582
2.88953
3.28444
3.13925
3.54148
3.43878
3.03588
2.99503
3.10813
3.12389
2.86992
3.41312
3.16304
3.1519
3.08387
3.02227
2.79336
3.16846
2.92435
3.2748
3.02018
3.21519
2.89747
3.44622
3.03139
3.31407
3.47949
3.34361
2.49216
3.31599
3.0448
3.15546
3.00372
3.11519
2.89168
3.33035
2.87755
3.23854
2.73844
3.39266
3.22359
4.13088
3.00085
3.40359
3.89966
3.5226
3.87135
4.22792
3.28805
3.07118
3.26085
3.03544
2.82236
3.02545
1.85055
3.13506
2.66366
3.7083
3.86869
2.98376
3.63896
3.31496
3.26585
3.26139
3.36387
3.48288
3.77167
3.70733
3.41704
3.16433
3.35967
3.60021
3.52664
3.00743
3.34342
3.13288
3.0977
2.81567
3.13197
3.15467
3.06703
2.99804
3.12826
3.08428
3.35858
3.13241
3.0737
2.63222
3.09279
2.82265
3.71169
3.20804
2.84099
2.90123
2.75826
2.82124
2.68891
3.20688
3.72033
3.96429
2.70532
2.9269
3.57168
3.60303
3.038
2.8402
3.03256
3.66469
2.69944
2.88726
3.45368
2.99157
3.36766
2.82629
3.14568
3.96772
