1.8784
2.76515
2.93415
2.32117
2.54937
2.77043
2.74588
2.85279
1.78862
3.13849
2.63291
2.90251
2.35835
2.65379
2.88054
2.58914
2.6379
3.12882
2.81692
2.81527
3.19734
3.21055
2.76936
2.94359
3.45173
3.4624
3.14163
2.93147
3.18024
3.51825
3.36204
3.88312
3.52353
3.70891
2.88976
2.50843
3.01937
3.2621
2.6922
3.24037
2.84922
2.73707
3.79203
2.91786
3.07418
2.6673
2.48935
2.5123
2.85943
2.68421
2.72129
2.68195
2.18631
2.73288
3.02686
3.11529
3.50356
1.986
3.39002
3.19935
3.32842
3.22244
3.5144
3.15968
2.53112
3.26447
3.15274
3.07181
3.50407
3.32382
3.23678
3.5927
2.99621
3.35767
3.42872
3.33937
3.24309
3.0561
2.89946
3.00854
2.78193
3.23316
3.16082
2.98757
2.90064
2.86561
2.8354
3.47819
2.9258
3.65018
3.12065
3.35221
2.49445
3.63476
2.79532
3.13465
3.24704
3.42757
3.03821
3.35116
3.52063
3.48939
2.72925
2.96864
3.32543
4.18573
3.67361
2.98985
3.45409
3.1594
3.24527
3.84329
3.27187
3.02571
3.16556
3.04808
2.88421
3.05337
2.67515
3.27455
2.60648
3.64561
4.16549
3.16132
3.41097
3.21371
2.92766
3.0079
3.44824
3.22555
3.63091
3.36715
3.30027
3.31246
3.07274
2.98863
3.3292
3.05808
3.23431
2.95526
2.82877
2.89634
3.00444
3.27184
2.91188
3.04901
3.36065
3.19546
3.33662
3.06283
3.27456
2.68788
3.30394
3.43336
2.55282
3.00226
2.92913
2.94817
3.169
2.78551
2.58704
3.01357
3.34966
3.35167
3.37844
3.41267
3.44329
3.58531
3.08128
3.08704
3.27015
3.44634
2.54272
2.73414
3.34813
3.36057
3.31447
3.04471
3.00854
3.18967
1.867
2.51361
2.39553
2.31821
2.44904
2.61185
3.15593
2.88846
1.96672
3.2918
2.89936
2.97212
2.34032
2.49861
2.52234
2.21267
2.80016
2.95297
2.80041
2.60146
3.12045
2.78108
2.61022
2.78938
2.95397
3.36493
2.8519
3.31438
2.86014
3.39517
3.10873
3.84851
3.76003
3.92001
3.03107
2.57936
2.83402
3.06855
2.93528
3.00418
3.30852
2.70053
3.63861
2.94429
3.20959
2.67625
2.7529
2.63647
2.55717
3.05652
2.84103
2.70444
2.151
3.10466
3.04659
3.14883
3.66889
2.23631
3.74168
3.26871
3.42545
3.59419
3.55287
2.83943
2.8297
3.37408
2.93143
2.96474
3.54973
3.21663
3.02799
3.03262
3.16317
3.04862
2.97188
3.44239
3.09209
3.00784
2.93773
3.0947
2.84756
3.19113
3.10308
2.97756
3.03369
2.86538
2.84418
3.48768
2.97794
3.40758
3.17653
3.26296
2.65279
3.70579
2.81854
2.95891
3.03378
3.48468
3.08152
3.02019
3.3756
3.48705
2.63114
2.50165
2.91576
4.32229
3.21333
3.23557
3.91375
3.45099
3.41762
4.36632
2.65422
3.15261
3.42609
3.1701
2.87777
3.20515
2.38003
2.99496
2.7325
3.49518
3.58605
2.82257
3.29287
3.66153
3.17049
3.19445
3.14948
3.13043
3.53422
3.64279
3.41402
3.32178
3.18801
3.09554
3.32501
2.82822
3.32324
3.28429
2.72013
2.7109
3.12335
2.83078
2.95218
2.84435
3.31074
3.28233
3.0871
3.25174
3.17297
2.38955
2.62475
2.97349
2.76679
3.22813
3.01578
2.74031
2.95855
2.87047
2.9151
3.05455
3.23975
3.291
2.55685
3.19475
3.48684
3.54908
3.2944
2.92732
2.94811
3.47283
3.06309
2.549
3.45167
3.15461
3.43478
2.94796
3.49457
3.03668
