2.0806
2.86349
2.4199
2.36848
2.30914
2.6609
3.17548
2.95735
1.70967
2.79708
2.73996
3.18866
2.60972
2.71678
2.92416
3.22589
2.93883
3.30466
2.80263
2.65915
3.16096
2.85372
2.904
2.77066
3.66451
3.22061
2.98909
3.34668
2.61809
2.71574
3.46504
3.50729
3.4025
3.57788
3.14773
2.48099
2.67935
3.2058
2.49414
3.1703
3.17433
2.54637
3.07417
3.10835
3.11137
2.71205
2.68852
2.61332
2.65941
2.80871
2.50489
2.7085
2.13299
2.8908
3.11895
3.37417
3.27319
2.28784
3.18219
3.06245
3.09731
3.24628
3.54215
2.85369
2.87306
2.98171
3.1775
2.97126
3.34594
3.35793
3.04729
3.0059
3.00794
3.10558
3.35438
3.47613
3.19888
3.00736
3.05315
2.96462
3.017
2.97166
2.94663
2.98967
2.89503
2.82447
2.99986
3.34037
3.13657
3.10467
3.1387
3.40532
2.90859
3.56127
2.90995
3.01218
2.94043
3.11697
3.39106
3.36741
3.38353
3.71759
3.53079
3.16674
3.36443
3.72186
3.36305
3.46803
3.91273
2.3152
3.45011
3.83043
3.46329
3.08883
3.31891
2.91866
3.1055
2.77383
2.18986
2.78857
2.75288
3.33345
4.08496
2.8415
3.49106
3.10949
2.59697
3.30445
3.15718
3.51877
3.82404
3.37858
3.43221
3.04796
3.07288
3.31282
3.5391
3.16367
3.13709
2.99184
3.25167
2.76341
3.37568
3.22806
3.04922
2.91429
3.22934
3.24513
3.29173
3.22689
3.41229
2.86401
3.31134
3.08577
2.44522
2.66106
2.73421
3.15326
2.70406
2.90578
3.12382
2.91367
3.46017
3.80124
3.56844
3.31951
4.18663
3.86899
2.95003
2.85095
3.10132
3.62383
2.48446
2.3844
3.33772
3.10452
3.16779
3.3083
3.24794
3.09987
2.07741
2.71296
2.47933
2.42342
2.45625
2.66801
3.3424
3.07583
1.91235
2.96694
3.10681
3.06936
2.59642
3.03524
2.82396
2.79946
2.62403
3.2793
2.86498
2.47894
2.56052
2.8702
2.88339
2.88184
3.0684
3.40997
2.96622
3.17239
2.49535
3.47867
3.6304
3.55037
3.23468
3.72997
2.97898
2.28277
2.77346
3.29132
2.26698
3.55385
3.23581
2.61824
3.40852
3.0529
2.90239
2.49814
2.41661
2.53743
2.48179
2.6114
2.48992
2.54191
2.23574
3.10869
3.09463
2.97355
3.30275
2.76857
3.13997
3.40528
3.3794
3.71879
3.75448
3.05157
3.4881
3.3009
3.17665
3.05053
3.46802
3.21987
3.19368
3.08844
2.85949
3.11984
3.1104
3.49199
3.13358
3.10391
2.96886
2.96506
3.0536
3.06972
2.9761
3.15407
2.80344
2.93592
2.86761
3.43747
2.95702
3.23141
3.38264
3.05117
2.72152
3.85291
2.76895
3.21398
3.10013
3.19613
3.14734
3.20771
3.18638
3.70513
3.42476
3.07137
3.3282
4.03396
3.3
3.28139
3.58233
2.9884
3.71818
4.22832
3.60102
3.07258
3.67605
3.04043
2.79546
2.38294
2.06899
2.98036
3.01475
3.20835
4.12202
3.04901
3.21052
3.32113
2.84122
3.41745
2.92173
3.4304
3.66101
3.54572
3.21461
3.39415
3.38572
3.01089
3.47222
3.12174
3.08018
3.49932
3.06532
2.88247
3.02443
2.90894
2.95157
2.95179
3.17309
3.1047
3.12686
3.27033
3.12637
2.81963
3.02954
2.94157
2.60234
2.58283
2.97247
3.23998
2.9203
3.27995
2.93131
3.53988
3.32279
3.16612
2.98641
2.9402
4.101
3.71236
3.12899
2.84157
2.99115
3.50295
3.04927
2.8012
3.24922
3.07399
3.2603
3.72346
3.565
3.24929
