2.03237
2.98288
2.5312
2.45622
2.57011
2.70339
3.07965
3.04301
1.82583
3.33608
3.08758
3.50583
2.37819
2.55559
2.88897
2.77539
2.62551
3.31788
2.65067
3.2319
3.20347
3.06785
2.9103
3.12002
3.48917
4.02723
3.52465
3.33774
3.3456
3.29694
3.6088
3.99408
3.64916
4.00626
3.36242
3.06389
2.84014
3.38142
2.5961
3.3455
3.03779
2.66145
4.08717
3.80119
3.01382
2.60266
2.75022
2.64743
2.569
2.6499
2.91803
2.61961
1.8334
3.571
3.49023
3.22607
3.54254
2.338
3.38644
3.36983
3.26523
3.36051
3.66355
3.22486
2.78662
3.28694
3.29962
3.45698
3.82729
3.82914
3.45574
3.48905
3.40766
3.28089
3.16285
3.43346
3.21512
3.04427
3.13435
3.32353
2.94735
3.10063
3.0782
3.1348
3.00322
2.98989
3.22803
3.49271
3.10545
3.43597
3.51879
3.12856
2.56462
3.78155
2.45487
3.07153
3.7145
3.77588
3.18758
3.44403
3.90977
3.87235
2.60747
2.74473
3.17364
4.19883
2.97003
3.56446
4.00904
3.13936
3.41552
4.57128
3.41354
3.29926
3.38376
2.7949
2.89523
3.31441
2.14861
3.20184
2.42741
3.53001
3.50953
3.10841
3.87799
3.37279
2.9993
3.2043
3.43245
4.10209
3.99341
4.1479
3.31301
3.16329
3.40649
3.36038
3.23457
3.07716
3.32931
3.1027
2.75101
2.59356
2.99892
3.06517
3.03754
2.72808
3.20548
3.42603
3.26646
3.1908
3.12253
2.762
3.27003
3.13317
2.912
2.90882
3.15308
2.84063
2.85901
3.09091
3.03054
3.07957
3.19937
3.00076
2.4039
3.17751
3.53051
3.58454
2.98833
3.06779
3.02793
3.89947
2.73981
2.85129
3.65362
4.07023
3.41214
2.97604
3.39405
3.49437
1.92391
2.79454
2.55036
2.24286
2.5127
2.53291
3.3161
3.11414
1.90851
3.26615
3.02086
3.16028
2.25217
2.57087
2.99564
2.46063
2.54109
3.2411
2.81343
2.616
2.55971
2.89941
2.75843
3.23888
2.95201
3.95846
2.90906
3.11192
3.20027
3.23625
3.43929
3.68708
4.12811
4.08988
3.24599
2.30194
2.74806
3.00344
2.77782
3.33859
3.31524
2.55776
3.8617
3.67689
2.92939
2.73387
2.4748
2.34583
2.94246
2.90989
2.6028
2.73692
1.96842
3.09183
3.40507
3.46474
3.52228
2.48593
2.93017
3.54827
3.62365
3.53726
4.16283
3.32997
3.26096
3.12884
3.82919
3.09557
3.86382
3.93923
3.08685
3.29091
3.25864
3.23331
3.22627
3.22063
3.27826
3.1119
3.13843
3.10735
2.90807
3.13012
3.09129
3.22531
3.08414
3.23249
3.16817
3.31853
3.21043
3.17869
3.22778
3.54505
2.58345
3.76382
2.47736
3.02123
3.79646
3.80023
3.17751
3.3212
3.77001
3.15471
2.70732
3.06973
2.95255
4.20464
3.37415
3.5137
4.29813
3.74174
3.50051
4.38833
3.5814
3.12513
3.22464
2.86002
2.77835
3.29897
2.46368
3.56177
3.05781
3.62164
3.76056
3.23243
3.55357
3.50592
3.30896
3.33932
3.1868
3.27275
3.85459
3.73796
3.55274
3.36252
3.59477
3.58045
3.37705
3.00384
2.89462
3.07605
2.64858
2.80285
2.92586
2.76377
2.93599
2.67475
3.05861
3.22287
3.27707
3.07292
2.87268
2.8852
2.82074
2.90237
3.03843
3.01173
3.20081
2.78898
2.98986
3.19622
2.94666
2.72505
3.71614
3.50622
2.83382
3.16296
3.42591
3.25353
3.07948
2.77597
2.83551
4.29597
3.13176
3.32075
3.29015
3.39521
2.74005
3.24578
3.5669
3.22329
