1.84151
2.79124
2.59227
2.12656
2.52321
2.88765
2.88813
2.99148
1.80259
2.7558
3.56515
3.79692
2.42388
2.16167
2.77694
2.17593
2.72993
2.99751
2.68074
2.96484
3.22496
3.07302
2.98315
2.66186
3.57777
3.9058
2.96372
3.52948
2.86063
3.54119
3.29993
3.51198
3.84508
3.8875
3.45863
2.54858
2.75606
3.05766
2.69116
3.32669
3.23334
2.58536
3.3939
3.35631
2.87478
3.05483
3.11058
2.60264
3.27292
3.06795
2.59403
2.61649
2.03916
3.37917
3.05962
3.35875
3.2908
2.48035
3.50687
3.36885
3.70561
3.76715
4.02816
3.12494
3.06082
2.83699
3.35696
3.36838
3.52058
3.73844
3.25732
3.2439
3.08226
3.15065
3.40369
3.44978
3.44118
3.11826
3.01398
3.14312
2.97078
2.91601
3.56613
3.07695
2.90558
2.84887
2.86941
3.4218
2.84154
3.22502
3.53598
3.37504
2.73343
3.69066
3.19863
3.09562
3.45256
3.01572
3.56626
3.62251
3.62426
3.13896
2.87618
2.89887
3.27457
2.88908
3.54109
3.48441
3.48737
2.06053
3.6346
3.38077
3.25147
3.05007
3.35997
3.06958
2.85057
3.10102
2.5611
3.51902
2.77105
4.18188
4.1105
2.98118
3.61721
3.41718
3.31782
3.26218
3.3801
3.50889
3.94362
3.62159
3.441
3.28767
3.08701
3.46942
3.00484
3.08497
3.33722
3.13058
2.90343
2.83109
3.22407
3.03341
2.92918
3.15897
3.30933
3.36325
3.26459
3.25121
3.46191
2.74396
2.91565
3.31447
2.87952
3.1673
2.69031
2.80182
3.05572
2.66989
2.76311
3.25446
3.3317
3.66546
3.45262
2.46395
3.02808
3.55234
3.11015
3.17103
3.38485
3.83376
2.72655
3.05057
3.51429
3.15262
3.30265
3.05522
3.54611
3.64764
1.988
2.89935
2.38387
2.14485
2.53595
2.64354
2.97064
2.9923
1.86493
2.87786
3.41693
3.41018
2.39057
2.80285
2.8134
2.54374
2.91979
3.40539
2.50877
2.94149
2.71898
2.93246
2.66618
2.92622
3.34605
3.87288
2.87307
2.81263
3.16389
3.44623
3.37926
3.51639
3.59549
3.82123
3.05342
2.59916
2.60093
2.99602
2.46114
3.23793
3.65128
2.72636
3.51675
3.51128
2.84429
3.24748
2.94368
2.24219
3.13636
2.71246
2.59173
2.72942
2.10262
3.17375
3.36685
3.4867
3.27393
2.64901
3.62189
3.23626
3.39107
3.29604
3.84537
2.93181
3.1135
2.87497
3.43813
2.94976
3.62636
4.06464
3.49957
3.50667
3.21443
3.01488
3.11985
3.1341
3.16487
3.05164
3.02535
2.97388
3.00632
3.1358
3.02974
3.21023
3.22122
3.06495
3.17274
3.33855
2.79803
3.21818
3.50615
3.51974
2.65242
3.34862
2.61874
3.1344
3.31894
3.11203
2.96798
3.1842
3.80338
3.17445
2.72922
3.10626
3.14965
3.60629
3.33354
3.35851
3.37832
2.8406
3.67737
4.06717
2.98994
3.04069
3.18237
3.17804
2.99221
3.15109
2.09783
3.23367
2.76598
3.95946
4.10997
2.98819
3.20803
3.06775
3.70356
3.11878
2.95836
3.18574
3.82144
3.63239
3.48007
3.14511
3.03112
3.35372
2.87629
3.29923
2.8853
2.91694
3.33691
2.94944
3.28296
2.88659
2.77575
2.78193
3.20224
3.09837
3.34795
3.22091
3.24606
2.7953
2.95965
2.7944
3.58164
2.86502
2.85384
3.20088
2.67942
2.75823
3.24931
3.57718
3.41023
2.94731
2.79354
2.60803
3.50355
3.28898
3.18479
2.97698
3.19307
3.34273
3.09868
2.8894
3.39946
3.34363
3.41075
3.03943
3.50323
3.81734
