1.91046
2.77893
2.73454
2.32738
2.63254
2.74791
3.16627
2.9794
1.79256
3.07285
2.66814
3.02041
2.39034
2.67517
3.18891
2.66148
2.66859
3.36623
2.67246
3.06686
3.14156
3.24341
2.84489
2.72223
3.53311
3.92139
3.18141
3.28404
3.18443
3.73747
3.49865
3.82169
3.80178
3.72217
2.98226
2.43529
2.88442
3.25647
2.37037
3.36966
3.07104
2.75557
3.69672
3.27164
3.44582
3.0433
2.77977
2.52474
2.70464
2.79775
2.76361
2.6251
2.07244
3.04091
3.2751
3.29922
3.30832
2.44872
3.8014
3.30986
4.07765
3.43187
3.68594
3.1648
2.87027
3.12219
3.30181
3.13531
3.36418
3.61914
3.01271
2.93873
3.05904
3.0943
3.36932
3.18333
3.55983
3.10989
3.03858
3.21124
2.9542
3.0451
3.03787
3.02966
3.09464
3.07342
3.14824
3.60427
3.11874
3.19375
3.66437
3.52012
3.04225
3.28278
2.78438
3.17966
2.80102
3.14962
2.69058
3.62032
4.29733
3.71683
3.04623
3.11819
3.38059
4.15491
3.3507
3.56301
4.05915
2.6843
3.87478
3.92383
3.32212
3.20413
3.46345
3.28891
2.9547
3.23713
2.30137
2.92388
2.63495
3.38087
3.48625
3.07573
3.37471
3.03952
2.98269
3.18412
3.45237
3.64129
3.7669
4.12754
3.77352
3.33128
3.69504
3.43507
3.46084
3.22271
3.27478
3.14428
2.90502
2.88107
3.69092
2.90757
2.97496
2.95379
3.57353
3.48231
3.12866
3.36943
3.67958
2.70817
3.50749
2.84546
2.66009
3.31685
3.49314
2.88824
3.58185
3.08153
2.75416
3.21591
3.41313
4.20017
3.27931
3.50941
3.84843
3.47487
3.40362
2.943
3.18398
4.03715
3.2452
2.88463
3.35811
3.56367
3.42669
3.23649
3.37368
3.64454
2.01011
2.94199
2.83773
2.53085
2.78488
2.83593
3.36799
2.89969
2.08574
3.28591
3.12873
2.97599
2.54879
2.35958
3.2002
2.6987
2.73103
3.54375
2.68601
2.42542
2.87707
2.78092
2.86774
2.69706
2.80494
3.57531
3.17105
3.51575
3.25465
3.38083
3.76885
3.8159
4.00803
3.74153
2.84891
2.70206
2.7391
3.43629
2.49375
3.25503
3.06877
2.41434
3.54573
3.25137
2.76612
2.94087
2.77791
2.79979
2.70729
2.96507
2.66568
2.74287
2.28244
2.84091
3.39009
2.85394
3.27894
2.78495
3.03853
3.45796
3.60898
3.22904
3.86027
2.99244
2.94648
3.02256
3.31641
3.03034
3.55087
3.36337
3.24869
3.16269
3.15969
3.05231
3.32712
3.58899
3.28095
3.16363
2.85106
3.61893
3.0553
2.90939
3.23279
2.89123
3.06539
2.81685
3.07647
3.36397
2.93774
2.98626
3.7699
3.3056
2.97186
3.45465
2.70623
2.98462
2.93388
3.38604
3.17952
3.03275
3.11991
3.32333
2.8832
3.15248
2.92523
4.1815
3.756
3.13962
3.23039
3.41491
3.26986
4.26066
2.70702
2.96373
3.07759
3.03173
2.78187
3.27451
2.43405
2.99495
3.06901
3.45312
3.9644
2.76104
3.44272
3.04289
2.90643
3.41648
3.30081
3.44923
3.81272
3.72673
3.45463
3.51003
3.52691
3.56306
3.57043
3.10181
3.34233
3.30743
3.14783
2.92056
3.24458
2.73871
3.05924
3.07161
3.22759
3.29236
3.43866
3.37699
3.12785
3.19129
2.79327
2.9505
2.61397
3.31271
3.20169
3.03178
3.20065
3.32544
3.0466
3.17826
3.34375
3.87399
2.65516
3.39382
3.55875
3.50399
3.0478
2.71607
2.87326
3.62538
2.96758
2.61829
3.35309
3.45065
3.69828
3.33431
3.56739
3.69143
