1.91248
2.77258
2.50198
2.3057
2.47691
2.63988
3.17514
2.89782
1.92226
2.99912
3.61371
3.70294
2.33381
2.48549
2.86999
2.63537
2.56569
2.95489
2.57795
2.35569
2.71838
2.49514
2.71978
3.35825
3.30651
3.54198
3.24814
2.93747
2.98244
3.12894
3.20066
3.45787
3.36232
3.446
3.29145
2.63937
2.79401
3.0395
2.586
2.96727
3.65311
2.83012
3.27963
3.33275
2.75571
2.79255
2.74565
2.45465
2.93195
2.75889
2.79006
2.74348
2.06554
3.25663
3.12121
3.76181
3.65858
1.76898
3.20795
3.30606
2.83081
3.42581
3.33501
2.83654
2.69311
3.15576
3.26405
2.95592
3.31414
3.45561
3.07926
2.78573
3.07873
3.16751
3.18598
3.21289
3.32621
3.22573
3.22741
3.20615
2.80756
2.69847
2.78184
2.96486
3.04719
2.86913
2.8954
3.07813
2.81833
3.40319
3.64474
3.76851
2.65296
3.5057
2.90387
3.13164
3.23735
3.13274
3.24518
3.69968
3.60848
3.2589
2.6938
2.88673
3.05012
4.12764
3.70746
3.10865
4.07806
2.90351
3.51963
3.95579
3.5255
3.05833
3.64968
3.30226
2.84677
3.08364
2.08894
3.01048
2.86257
3.74823
3.51976
3.25047
3.61168
3.21925
2.64007
3.06308
3.24269
3.35746
3.65679
3.61637
3.07536
3.19674
3.19001
2.6902
3.40833
3.23316
2.96858
2.96235
3.01136
2.85304
3.16356
3.25107
2.83287
2.74206
2.88798
3.23605
3.32149
3.03446
3.22335
2.78842
3.18802
2.6825
2.30947
3.04975
2.91133
2.88223
3.05767
2.66521
2.88635
2.87503
3.51137
3.41978
2.9679
2.66435
3.20759
3.49832
3.11778
3.08651
3.02221
3.68817
3.4559
3.23838
3.64675
3.3023
3.52643
2.92739
3.23471
3.45982
1.8705
2.84177
2.48872
2.3454
2.43541
2.65635
3.14786
2.89364
1.93314
2.86906
2.74976
3.68979
2.30516
2.80657
2.87068
2.42257
2.38401
3.1288
2.53687
3.15402
2.8779
2.60519
2.66883
3.09273
3.53873
3.74106
2.80312
3.45265
3.22309
3.03707
3.37271
3.56788
3.35878
3.80096
2.79198
2.38039
2.84466
2.91961
2.44199
3.13026
3.11249
2.65372
3.35644
3.34212
2.99216
2.53009
2.78778
2.87907
3.06201
2.62409
2.70659
2.73581
1.96579
3.12646
3.04598
3.25351
3.52702
2.66795
3.42798
3.18321
3.45111
3.35929
3.60605
3.35677
2.91015
3.32505
3.32345
3.089
3.42975
3.33039
3.43255
2.84929
3.16367
3.21872
3.26289
3.375
3.48215
3.15421
3.11561
2.95972
3.4179
2.87527
2.88
3.01328
2.81986
3.09481
3.25371
3.16459
3.14401
3.32958
3.43646
3.58869
3.01489
3.20326
2.71093
3.01433
3.09456
2.9387
3.20735
3.52762
3.91598
3.3002
2.55254
3.00991
3.4484
4.1522
3.21864
3.43208
3.5831
3.6465
3.29608
3.62542
3.60378
3.12776
3.99285
3.29172
2.92055
3.1779
2.38143
2.94427
2.96798
3.96789
3.06214
3.15314
3.42875
3.73718
2.97298
2.83284
2.99172
3.33969
3.58453
3.32647
3.02067
3.37247
3.33297
3.43162
2.97125
2.91805
3.16809
2.77482
2.91729
2.6429
3.33809
2.78695
2.81404
2.59268
3.62183
3.09815
3.04699
3.13642
3.2508
2.61165
3.34997
2.80458
2.72038
2.8369
2.72147
2.84196
2.96399
2.7876
2.95028
3.59087
3.39138
3.60486
2.94467
3.40839
3.38606
3.28618
3.31748
2.72651
2.84308
3.35404
3.00386
2.86752
3.54374
2.98008
3.48002
3.23249
3.4832
3.51355
