1.89019
2.76769
2.21759
2.23149
2.47884
2.55493
2.90193
2.80622
1.57965
3.04161
2.78112
3.19851
2.24992
2.43766
2.87611
2.507
2.46006
3.43821
2.55996
2.66128
3.29243
2.5485
2.72503
3.03887
3.28435
3.44993
3.47135
3.35602
3.46597
3.28647
3.49441
3.88343
3.34987
3.90392
3.13548
2.46582
2.56002
3.30384
1.93946
2.97602
3.34256
2.36438
3.50526
3.19244
2.45739
2.61596
2.80716
2.4249
2.46762
2.72873
2.28156
2.59632
2.09086
2.77589
2.92256
3.05664
3.74746
2.71255
3.57835
3.13278
3.45798
3.1338
3.4947
2.79831
2.77356
2.78155
3.08347
2.96071
3.24643
3.23316
2.92363
2.85308
2.9672
3.35576
3.36061
2.92732
2.91656
3.02081
3.0253
3.23004
2.90255
2.95534
3.01973
3.01608
2.94763
3.18677
2.99559
3.17361
2.56477
2.98766
3.17595
3.35181
2.56917
3.07324
2.98113
2.8894
3.0767
3.04871
3.34013
3.2645
3.04221
2.94402
3.0163
3.1418
3.16127
4.22
3.3421
3.32505
4.1157
3.09566
3.37417
3.69307
3.3581
2.9574
3.17877
3.02465
2.93854
3.42509
2.21309
3.72525
2.75456
3.65781
4.14191
3.15937
4.05867
3.68378
2.5989
3.52174
3.44759
3.83281
3.56731
3.61604
3.71197
3.29469
3.21799
2.90561
3.46642
3.33353
3.48263
3.08071
2.82072
2.5839
2.97819
2.80643
2.83247
2.62992
2.77363
3.3924
2.81338
3.23068
3.30093
2.48474
3.39851
2.96692
2.78648
3.35142
3.08552
2.73716
3.17552
3.07953
2.79095
3.28906
3.3472
3.65593
2.82515
3.06656
3.8143
3.46444
3.09196
2.92984
2.81791
3.53993
3.1316
2.55139
3.84795
3.21211
3.61713
3.0378
3.18225
3.88482
1.91872
2.44834
2.16402
2.29396
2.5237
2.47383
2.75463
2.84352
1.68525
2.55028
2.86363
2.91946
2.2127
2.64868
2.77542
2.48621
2.2974
3.25069
2.74543
2.81834
2.94123
2.86473
2.64736
2.76943
3.16906
3.23417
3.06862
3.22908
2.96879
3.00827
3.41224
3.69382
3.31504
3.85498
2.84404
2.59326
2.98394
3.43161
2.04516
3.37004
3.68221
2.80528
3.36304
3.07715
2.89769
2.41484
2.63286
2.71286
2.54089
2.66617
2.24159
2.4578
1.96967
2.61249
2.82362
3.46481
3.73466
2.83898
3.2601
3.19779
3.12511
3.29169
3.63948
3.55203
3.02404
2.7211
3.2118
3.01369
3.1925
3.23674
2.98761
2.99768
3.06631
3.33064
3.20961
2.92102
2.97042
2.97812
3.21725
3.14454
2.94244
3.01352
2.72437
2.91543
2.94847
3.32559
3.00388
3.17945
3.16033
2.74878
3.52047
3.12582
2.63357
3.11544
2.51338
2.9052
2.95935
3.05528
3.36985
3.23974
3.21759
3.05022
2.74634
3.22577
3.44441
4.21403
3.17417
3.29196
4.0375
3.15301
3.31951
3.80314
3.48194
3.0944
3.53987
3.30696
2.5465
3.50299
2.80292
3.25076
3.40335
3.68346
3.98087
3.15483
3.75391
4.21338
3.26647
3.41505
3.32655
3.53546
3.65278
3.52441
3.2261
2.90544
3.07162
2.9079
3.0447
3.28009
2.92839
2.86423
3.06772
2.69078
2.88603
2.8892
2.67372
2.76841
2.96991
2.93102
2.89118
3.01346
3.06517
2.38975
2.95603
2.97599
3.18816
3.02295
2.84825
2.98688
2.74577
3.52167
2.67105
3.48031
3.64456
2.97264
2.65849
3.17316
3.43638
3.33232
2.95009
3.09999
2.8029
2.88531
3.10452
2.78032
3.53786
2.99497
3.5679
3.29096
3.42565
3.52661
