2.05379
2.7641
2.24132
2.27706
2.48554
2.69899
2.58544
2.89703
1.64316
3.16465
3.13625
3.53103
2.47736
2.85413
2.69712
2.12659
2.66813
2.85286
2.51855
2.89417
3.19058
2.9233
2.59287
3.11419
3.04519
3.27623
3.04806
2.78803
3.62441
3.59629
3.6725
3.75021
3.49012
3.58045
2.95601
2.25482
2.60192
2.96058
2.42104
3.11072
3.32998
2.42238
3.40877
3.38832
3.16616
2.72508
2.386
2.68522
2.62699
2.43962
1.9855
2.29544
2.0511
2.92663
3.15476
3.38819
3.73884
2.89775
3.77955
3.39898
3.2453
3.13479
3.73629
3.08488
3.14649
2.76756
3.02616
3.21484
3.55868
3.60397
3.14088
3.30314
3.07122
2.86062
3.25645
3.26434
3.05695
2.99464
2.94843
3.14565
2.76708
2.78734
2.92186
3.05922
2.81678
2.79596
3.04043
3.74932
2.9268
3.75747
3.15931
3.20403
2.75932
3.4803
2.44008
2.93684
2.99166
3.07295
3.09723
3.2423
3.32154
3.38263
2.64066
2.86485
3.01178
4.43058
3.50158
3.19927
3.9441
2.27055
3.29381
3.84937
3.92125
3.17265
3.56081
2.99091
2.88697
3.35979
2.39455
3.19885
2.73558
3.74438
4.24194
2.5885
3.27331
3.58002
2.96315
3.17046
3.18352
3.42178
3.8561
3.86286
3.56519
3.18999
3.57482
2.96482
3.04543
3.12295
3.37618
3.14374
2.84147
2.62259
2.93156
3.1781
2.74044
2.73067
3.53244
3.10537
2.97665
3.10923
3.14217
2.54725
3.05028
3.56536
3.1127
3.02543
2.75854
2.53526
3.07994
2.88557
2.61494
3.38625
3.2641
3.78422
2.81484
2.88912
3.35193
3.41023
2.83642
2.89417
3.02767
3.70319
3.0121
2.91328
3.24906
3.15237
3.34782
3.22427
3.07586
4.00713
1.848
2.53771
2.47919
2.37163
2.59346
2.67718
3.08715
2.96088
1.60452
3.01141
2.80181
2.81808
2.39089
2.65507
2.77942
2.77729
2.53505
3.66786
2.50274
2.9507
3.22133
2.56919
2.39799
2.77259
3.21728
3.47726
3.03
3.92662
3.3355
3.13479
3.50225
3.66466
3.49434
3.75221
3.01452
2.09465
2.45782
3.02988
2.19548
3.28737
3.34813
2.34663
3.56495
3.46959
2.72224
2.50955
2.47816
2.19148
2.42197
2.62803
2.16069
2.37514
2.08011
3.13514
2.98725
3.38162
3.71971
2.88358
3.35203
3.35092
3.31273
3.23242
3.38853
2.95873
3.3748
3.33056
3.21291
3.01613
3.36756
3.78122
3.06634
3.07522
2.92339
3.19856
2.98495
3.45677
2.99497
2.954
2.88059
3.04097
2.62349
2.8469
3.01579
2.88709
2.79773
2.82753
2.87684
3.27236
2.80088
2.95375
3.43857
3.21018
2.91581
3.69707
2.87193
3.07273
3.04169
3.80901
2.9994
3.32869
3.11512
3.3632
2.52388
3.01085
3.26776
3.80842
3.86248
3.34741
3.5274
3.44731
3.39966
3.76372
3.35159
3.18496
3.35786
3.38718
2.71958
3.05453
2.47493
2.73134
2.4321
3.89704
3.96121
3.01391
3.35835
3.59903
2.98384
3.12871
2.92895
2.96797
3.54131
3.64292
3.68996
3.44346
3.41031
3.13027
3.27777
3.06048
2.7449
2.82163
2.67413
2.46442
3.26208
3.18016
2.67556
2.832
3.91361
3.16696
2.9666
2.98656
3.22739
2.48149
2.63571
2.93394
2.97159
3.2143
2.6771
2.8136
2.89243
2.67147
2.87096
3.22173
3.49529
3.18875
2.95748
2.90737
3.5781
3.28651
2.95259
2.58403
3.03173
3.49167
2.975
2.8437
3.63795
3.11182
3.68512
2.9789
3.52018
3.05863
