1.80003
2.80506
2.33172
2.11869
2.33218
2.56664
2.92196
2.66036
1.68499
2.57578
2.74037
3.2229
2.12268
3.0206
2.82615
2.5473
2.51535
3.03494
2.77637
2.86607
3.48411
3.27696
2.83918
3.30984
3.06901
3.81414
2.74104
3.10196
3.47777
3.32929
3.55818
3.91741
3.02119
3.93219
3.0327
2.38663
2.57385
2.80887
2.59234
3.39063
3.38518
2.42566
3.40539
3.75333
2.72705
2.54739
2.62997
2.54341
2.71669
2.61542
2.24668
2.32367
1.87561
3.10898
3.48389
3.10106
3.36002
2.91704
2.73669
3.26587
3.89864
3.38296
3.59826
2.9149
2.84904
2.71153
3.2048
3.14436
3.7608
3.69834
3.87983
3.52058
3.13173
3.06245
3.05349
3.25597
2.82189
3.0235
3.3242
2.9236
3.05426
2.90614
2.95574
3.08309
2.71466
3.14645
3.10203
2.85561
2.62712
3.20927
3.26502
3.02454
2.50319
3.2793
2.83225
3.02102
3.19292
3.80725
3.20523
3.50388
4.08727
3.37082
2.54871
2.90704
3.49627
3.85642
3.0977
3.17431
3.76047
3.48277
3.29673
4.31135
3.46161
2.90107
3.36063
2.36816
2.58457
3.57982
2.46386
3.02957
2.27293
3.73963
3.58091
2.83847
3.14338
4.06286
3.38843
3.09294
2.74334
3.2338
3.54784
3.50974
3.50164
3.58461
3.03529
3.56146
2.96214
3.33653
3.05417
3.04154
3.09339
2.87606
3.24746
2.9043
2.89969
2.90972
3.04292
3.07634
2.81686
3.07881
3.21436
2.33939
3.47082
3.09297
3.02671
3.56562
3.19628
2.83583
3.35457
2.92794
2.9028
3.14363
3.21805
4.42812
3.61916
3.24874
3.21718
3.78753
2.79576
2.67173
2.90803
3.66591
2.94352
3.01624
3.32197
2.86859
3.51233
2.68667
3.66809
3.13917
1.80934
2.76704
2.3523
2.12035
2.27641
2.78565
2.50274
2.57059
1.73754
3.00352
2.51045
2.89383
2.02411
3.27629
2.82461
2.69873
2.81196
3.11658
2.8796
2.49015
3.36484
3.55832
2.94392
2.7903
2.67245
3.49428
2.7096
3.32331
2.86266
3.25451
3.06678
3.61155
2.91267
3.26722
3.11555
1.94577
2.59826
2.94877
2.4966
3.30237
3.34317
2.53076
3.704
3.4897
2.58775
2.61163
2.61913
2.60264
2.72646
2.80225
2.41567
2.56686
1.74764
3.04522
3.63337
3.16311
3.26426
2.84723
2.84045
3.31356
3.41031
4.0343
3.79675
3.13262
2.95265
2.93008
3.18598
2.99289
3.56135
3.33314
3.18549
3.14743
2.73069
3.29409
3.16176
3.01517
3.22197
2.98864
3.10469
3.01953
2.96815
2.76471
2.82201
3.0027
2.6153
2.82155
2.82266
2.97585
2.54661
3.24272
3.41785
3.57004
2.68341
3.27712
2.79017
3.12251
3.56527
3.24293
3.13514
3.0904
3.64393
3.07956
2.44043
3.00049
3.04209
4.7276
3.4576
3.33191
4.08949
3.74901
3.12444
4.27052
4.05067
3.21706
3.57627
3.06111
2.8717
3.42025
2.76033
3.01399
2.17913
3.53841
3.54662
3.06023
3.46422
3.43711
3.49555
3.48525
3.00666
3.26574
3.60162
3.68081
3.47704
3.87182
2.84825
3.78173
2.9294
3.70665
3.03924
3.01096
3.00028
2.79456
3.33723
2.97247
2.99718
2.75052
2.98743
3.09151
3.11424
2.94986
3.44912
2.73658
3.84477
3.33818
2.87294
3.35403
2.6997
2.88383
2.74737
3.00269
3.00728
2.57628
3.13344
3.77783
3.12455
3.65308
3.49821
4.12449
2.93011
2.47722
2.85792
3.4584
3.04239
2.91304
3.3702
3.24524
3.16782
2.69191
3.3792
2.92442
