1.84984
2.99639
2.4655
2.23476
2.47825
2.72104
2.98856
2.91579
1.82751
3.03106
2.75409
3.26152
2.42473
2.29804
2.64508
2.19632
2.65377
3.03767
2.8451
3.16348
3.14166
3.04051
3.00728
3.30281
3.46748
3.6066
2.46405
2.79025
3.04433
3.3366
3.39477
3.83085
3.5406
3.5705
3.19
2.43243
2.88369
3.04146
2.83059
3.2775
3.33715
2.47335
3.1558
3.18795
2.60217
2.23742
2.30779
2.29873
2.49855
2.46159
2.57761
2.45025
2.12215
3.22663
2.7878
3.06475
3.61049
2.38251
3.55248
3.51915
3.21209
3.35542
3.65341
3.06883
3.2354
2.97509
3.0138
3.18672
3.51453
3.53183
3.15265
3.44375
3.27628
3.19145
3.29365
3.35077
3.09261
2.99191
3.15556
3.38939
2.94791
2.70166
3.05855
2.87731
3.40077
3.04655
3.52537
3.12426
2.71819
3.32225
3.43496
2.91829
2.72751
3.38287
2.83662
3.02675
3.15252
3.14747
3.13567
3.4102
3.50265
3.27586
2.91004
3.03337
3.20089
4.01279
3.18527
3.32003
3.7485
2.86655
3.54232
4.17553
3.02847
3.14604
3.39821
2.89169
2.74596
3.38001
2.19011
3.21953
2.67189
3.65969
4.09194
3.0804
3.44719
3.50945
3.40024
3.58488
3.30557
3.20089
4.0052
3.66004
3.26705
3.22603
3.17778
3.15306
3.24415
3.04731
3.04188
3.02813
2.83251
2.61665
3.37036
2.91236
2.7423
2.68606
3.46402
2.94338
2.73742
3.11796
3.20619
2.4116
3.19724
2.99161
3.22688
3.10171
2.83252
2.71745
2.84831
3.0165
2.79338
2.68565
3.66649
3.20998
2.80658
3.21918
3.47418
3.50847
3.55282
3.11393
2.8006
3.58896
2.60357
2.89437
3.53646
3.23977
3.51091
2.95644
3.38404
3.58489
1.9067
2.60363
2.54246
2.30475
2.49127
2.70973
2.70096
2.87528
2.01822
3.12462
2.98857
3.03654
2.53256
3.01942
2.63265
2.34186
2.54424
3.25068
2.27065
2.86304
2.94843
2.41425
3.01856
3.20715
3.27097
3.62785
2.97197
3.26887
2.49234
2.94909
3.71183
3.33891
3.13246
3.38895
3.12823
2.29941
2.53413
2.93446
2.28467
3.4175
3.3511
2.48061
3.73306
3.22597
2.75668
2.18219
2.42897
2.48406
2.58231
2.4294
2.71701
2.563
2.25859
3.26612
3.00843
3.18515
3.57391
2.5391
3.48301
3.76257
3.65781
3.59771
3.91899
3.0827
3.46675
3.05574
3.16817
3.08321
3.57556
3.54183
2.97575
3.44754
3.20979
3.10287
3.27381
3.50289
3.28021
3.10031
3.29461
3.44395
3.32681
3.03149
3.2611
3.36391
2.97497
3.08003
3.22642
3.49228
3.15994
3.0714
3.28097
3.37672
2.7548
3.82642
2.55623
3.0597
3.06855
3.0406
3.28415
3.70131
3.73293
3.61068
3.04127
2.91306
3.2629
4.11964
3.72513
3.2426
3.34568
3.05668
3.8212
4.33206
3.69744
3.23787
3.18972
2.80946
2.74759
3.15722
2.15253
2.98065
3.13325
3.90166
4.21523
3.15334
3.58409
3.5965
3.34997
3.16971
3.36769
3.17738
3.89741
3.24039
3.36008
3.05128
3.16423
2.85121
3.02811
3.03988
2.963
3.049
2.84306
2.69015
2.85646
2.78834
2.89801
2.58698
3.49447
3.17093
2.8642
3.0929
3.17191
2.47664
3.37252
3.05557
3.36377
3.51193
3.05719
2.80193
2.87262
2.6059
3.02622
3.28839
3.26863
3.69241
3.40176
3.73669
3.49943
3.39865
3.41426
3.38868
3.01192
3.43288
3.47504
2.89827
3.40694
3.33693
3.57665
3.17176
3.78331
3.8064
