1.85995
2.8169
2.34783
2.00768
2.1715
2.56128
3.03361
2.80644
1.70794
3.04767
2.58242
3.03312
2.42399
2.66371
2.74678
2.15381
2.67993
3.30761
2.54546
2.7973
3.27072
2.95401
2.75365
2.66533
3.50137
3.29297
3.04495
2.9349
3.28977
3.32089
3.53777
3.60829
3.13578
3.72199
2.88884
2.12531
2.85422
2.99459
2.4547
2.94635
3.6503
2.39837
2.90986
2.96198
2.63846
2.9584
2.69398
2.1244
2.31332
2.73293
2.339
2.50021
1.96854
2.91167
2.98705
3.03693
3.72775
2.18144
3.68634
3.07788
3.66237
3.07477
3.10066
3.01115
2.38335
2.96198
2.92191
2.99611
3.19129
2.84087
2.89024
2.68881
3.00922
2.94084
2.90707
3.06668
3.548
2.82233
2.67986
2.87212
2.77313
2.59653
2.7611
2.88412
2.70577
2.78369
2.79601
2.98403
2.8623
3.14453
3.60043
3.54903
2.65204
3.51373
2.42828
2.92389
3.22096
2.84395
2.84356
2.66833
3.25041
2.77843
2.13212
2.61026
2.91115
3.9382
2.87929
3.10186
3.65795
3.65383
2.89238
4.68816
2.97609
2.75819
2.80315
3.0162
2.66572
3.54504
2.18827
2.92497
2.63632
4.05818
3.76835
2.5492
3.06608
3.36847
2.83508
2.84184
3.39575
3.4528
3.46471
3.59801
3.43502
3.32927
3.02654
3.12349
2.79924
3.18705
3.16403
2.91199
2.86742
2.60818
3.30797
2.48493
2.57131
2.67037
2.84878
2.86718
3.04359
2.95898
2.95729
2.29981
2.7128
2.46032
2.6876
2.68635
2.91439
3.08671
2.97177
2.36457
3.01221
3.37272
3.25298
4.05045
3.2588
3.62335
3.75198
3.24569
2.74863
2.59932
3.36344
3.5527
2.35793
2.53575
2.95795
3.02597
3.4472
2.4643
3.20761
3.51208
1.89962
2.85106
2.37897
2.00677
2.32622
2.54724
2.89367
2.80016
1.73477
3.25568
2.91207
3.2112
2.60231
2.79193
2.7523
2.49177
2.676
2.73962
2.61395
2.80105
3.19131
2.95889
2.85738
2.77326
2.75987
3.28444
2.9408
3.0741
2.65733
3.59645
3.26758
3.45181
3.2818
3.62205
3.13733
2.33941
2.39343
3.02769
2.50641
3.16888
2.81101
2.6854
2.92924
2.96401
2.59083
2.80792
2.73726
2.501
2.79513
2.64186
2.39383
2.48432
2.0388
2.88559
2.78474
3.12436
3.37837
2.99835
3.33353
2.96987
3.61948
3.28251
3.12164
3.14201
3.11641
3.09639
3.1055
3.08626
3.25208
3.17469
2.85097
2.99534
3.13087
2.71578
2.7643
2.7657
3.0219
2.61616
2.74847
2.52204
2.51657
2.81306
2.98588
3.14386
2.51767
2.8943
2.64982
3.19445
2.89496
2.88717
3.29704
3.30707
2.69387
3.44666
3.04332
2.9289
2.85078
3.07229
2.71862
2.76803
2.19693
3.32769
2.09391
2.57696
2.9245
3.87975
2.67112
3.13233
3.55541
4.02355
3.10852
4.42146
2.71908
2.63057
2.88411
2.95982
2.62894
3.21342
2.3744
2.55246
2.93795
3.71639
3.58946
2.37267
2.77904
3.12343
3.06211
2.84634
2.88667
3.02363
3.61567
3.11093
3.30655
3.06598
3.18012
3.05868
3.07569
2.98179
2.93136
2.82506
2.67084
2.40611
3.14329
2.5051
2.81124
3.0255
2.98028
2.78159
3.05223
2.87608
3.34468
2.75918
2.29843
2.73081
2.75256
2.86148
2.71472
2.95532
2.87643
2.702
3.029
3.08383
3.20282
3.85088
3.33146
3.70581
3.88432
3.39586
3.06577
2.75159
2.95032
3.3847
2.33983
2.35389
2.80016
3.04152
3.25106
2.59276
3.55845
3.77513
