1.77124
2.74337
2.20591
2.07223
2.26906
2.55701
3.05055
2.83649
1.58258
2.72428
3.02565
3.26092
2.36326
2.75668
2.90407
2.80666
2.76912
3.72948
2.64757
2.27712
2.73488
2.79283
2.56548
3.29956
3.16641
3.71133
3.30859
2.96993
3.61402
3.40065
3.50034
3.85541
3.41557
4.10126
3.17022
2.438
2.70716
3.02763
2.31456
3.35719
3.41328
2.97363
3.42098
3.54405
2.96443
2.60085
2.92068
2.40594
2.4764
3.26083
2.41628
2.53473
2.02786
2.87816
2.93306
3.78995
3.92887
3.16033
3.87413
3.24462
3.46759
3.69322
4.10146
3.26466
2.92694
3.04376
3.5648
3.33305
3.74066
3.945
3.20122
3.30905
3.25729
2.95564
3.39477
3.35572
3.30371
3.08422
3.07186
3.42965
2.75698
3.16235
3.30522
2.81499
2.88455
3.08366
3.5581
3.34626
2.79896
3.36907
3.58934
3.46811
2.43023
3.03283
2.66665
3.061
3.20252
4.03008
3.43594
3.24796
3.56041
3.08874
2.7166
2.90304
2.73877
4.46607
3.35595
3.35449
3.89959
2.62851
3.5168
2.98005
3.46142
2.97857
3.46769
3.18202
2.8872
3.48409
2.52002
3.3151
2.84755
4.09468
4.20064
2.77092
3.1558
3.96911
3.19825
3.13192
3.25804
3.5984
3.5632
4.12764
3.47092
3.61117
2.96702
3.16589
3.63608
2.76167
3.47448
3.08963
3.15524
2.70836
3.43909
3.05969
3.08947
3.21531
3.30931
3.04921
2.90985
3.44328
3.25336
2.2947
2.96278
2.92802
2.92873
2.96646
2.95757
2.96046
2.8888
2.60935
2.77773
4.11209
3.68368
2.85499
3.27435
2.87797
3.68655
3.4285
2.84883
3.08473
3.2006
3.80017
2.90656
3.15142
3.36386
3.48054
3.59526
2.96731
3.82612
3.38565
1.82794
3.03928
2.17838
2.10016
2.4269
2.53634
2.80553
2.9692
1.79104
2.99983
2.86587
3.3518
2.49388
3.22509
2.50191
2.59194
2.65639
2.85333
2.71606
2.71665
3.133
2.98661
2.85244
3.27222
3.49868
3.63639
3.29074
3.31704
2.98083
3.13058
3.43984
3.86966
3.75345
4.07634
3.01998
2.27907
2.61132
3.07001
2.44687
3.29827
3.59792
2.43518
3.76262
3.4414
3.03195
2.67745
2.5375
2.50329
2.45247
2.71397
2.52351
2.53099
2.09079
2.99443
3.14391
3.71624
3.42584
2.37632
3.62109
3.6051
3.57292
3.89158
4.46658
3.35757
3.11604
2.68576
3.59193
3.2957
4.01478
4.16674
3.55347
3.27878
3.26775
3.22116
3.25734
3.32081
3.43381
3.10188
3.25567
3.53688
2.93765
3.04144
3.21475
3.40689
3.5072
3.29417
3.34886
3.13706
2.90649
3.36519
3.30206
2.89397
2.76061
3.36545
2.62774
3.31186
3.06672
3.48428
3.09348
3.26794
3.61649
3.15036
2.43923
3.07981
3.15702
3.55719
3.12388
3.48851
3.69613
3.24159
3.8452
2.80364
3.80941
3.38783
3.32341
3.24342
2.98393
3.24165
2.50322
3.12682
2.98573
4.12437
3.98577
3.12156
3.55299
3.62375
3.65197
3.453
3.34241
3.37869
3.73251
3.82686
3.62476
3.75228
3.14403
3.05623
3.13581
2.8263
2.93808
3.12434
2.90061
2.63232
3.56832
2.93897
3.11295
2.92044
3.03808
2.96667
3.36803
3.20046
3.18577
2.14644
2.88339
2.99784
3.6429
2.56863
2.48913
2.87041
2.98041
2.94741
3.10492
4.09337
3.89781
3.53464
3.14524
3.02919
4.07057
3.04753
3.39037
3.15234
3.08821
3.64692
2.855
2.98984
3.55816
3.261
3.87388
3.30197
3.45869
3.7669
