1.65159
2.37591
1.99389
2.08936
2.25462
2.11771
2.96866
2.63862
1.37
2.95442
3.02291
2.8161
2.15089
2.86514
2.39691
2.32307
2.79916
3.17744
2.19941
1.91777
2.76194
2.96038
2.59848
3.00804
3.30096
3.3949
2.32559
2.96456
2.8383
2.60242
3.69662
3.71931
3.38211
3.63476
2.88069
2.39147
2.71258
3.10611
2.11552
3.0037
3.37656
2.20637
2.93956
2.91504
2.78576
2.20351
2.23732
2.05437
1.87108
2.22515
1.97939
2.04728
1.98436
2.73008
2.72212
3.2167
4.01176
1.89725
3.73795
3.61869
3.91274
3.1515
3.48954
3.5508
4.00175
2.81286
3.11051
2.89452
3.47103
3.34511
2.95145
3.40077
2.8166
3.42416
3.23501
2.97743
2.97504
3.07265
2.79896
2.98047
2.75411
2.71951
2.7334
2.8886
2.63341
2.85667
3.02688
3.35499
3.07009
3.2676
3.48764
3.58318
2.60283
3.63332
2.62516
2.77997
2.75793
2.84526
3.03129
2.96407
3.50759
3.45336
2.60402
2.73219
2.64427
4.3104
2.79627
3.41851
3.89052
2.59351
3.15569
3.31094
3.35807
2.9246
3.16066
2.6199
2.29487
3.17286
1.94404
3.45008
2.24217
3.53339
3.55561
2.73768
2.92649
3.18042
2.96655
2.98428
2.77925
2.93861
3.45387
3.30941
3.09543
3.2594
2.90607
2.8509
2.88141
2.21473
2.97192
3.18391
2.28147
2.29045
2.74473
2.54764
2.54106
2.52429
2.99845
2.94959
2.8466
3.35291
2.98939
2.19008
3.11659
2.74747
2.46519
2.40874
2.33845
2.11823
2.29469
2.41011
2.56444
2.52189
3.47348
3.31265
3.18717
2.63352
3.44545
3.19626
2.85991
2.87478
3.04483
3.24075
2.71619
2.80229
2.94816
2.8485
3.48746
2.84905
3.50181
3.3998
1.69672
2.82985
2.01367
2.14186
2.18803
2.46305
3.01129
2.75576
1.60588
2.78718
2.91917
2.95696
2.20603
2.6271
2.56586
2.64387
2.67833
3.44131
2.78955
3.10155
2.48948
2.87682
3.01852
3.22362
2.93437
3.35739
2.61003
3.1628
2.59881
2.61097
3.47266
3.69256
3.44931
3.71988
3.11147
2.26621
2.50422
2.9213
2.27191
3.20275
3.37793
2.10991
3.28926
2.90775
2.49152
2.39299
2.43676
1.92943
2.19978
2.22276
2.36371
2.2979
2.04269
2.74933
3.01214
3.32307
3.46914
2.33336
3.39837
3.13478
3.5832
3.67303
3.59758
3.59284
3.5259
2.93529
2.91269
2.85727
3.45788
3.27394
2.91236
3.26106
2.91139
2.94953
2.79708
2.9928
3.48084
2.80323
2.77132
2.98947
2.73345
2.59061
2.87781
3.02574
3.05909
2.95537
2.69416
3.3338
2.89308
3.40016
3.39087
3.63541
2.48555
3.44883
2.58788
2.79874
2.93329
2.97837
2.9866
3.11804
3.45115
2.91242
2.40177
2.92154
3.2553
4.51443
3.15158
3.35204
3.6255
3.20833
3.22454
3.51332
3.34915
3.17862
3.45876
3.04979
2.7457
3.44202
1.91631
3.35023
2.41116
3.34602
3.40574
2.86411
3.19724
3.3654
3.02439
2.88091
2.87391
2.99807
3.3821
3.2469
3.67124
3.84776
3.01846
3.29667
2.88772
2.86386
2.86915
3.3368
2.9705
2.42949
3.5126
2.58195
2.41759
2.77236
2.81093
3.02816
2.66187
3.13899
3.55912
2.66322
2.83946
2.89685
2.55935
3.18874
2.64041
2.69704
2.96251
2.72847
2.71628
3.52562
3.38155
3.82945
3.06307
3.09448
3.14916
3.30822
2.81073
2.71015
2.79387
3.57865
2.86555
2.58302
3.37508
3.25392
2.94282
2.80534
3.5936
3.96224
