2.09295
2.9995
2.85975
2.55666
2.59681
2.83112
3.48002
3.2225
2.21362
3.30894
3.20136
3.69109
2.5695
2.64185
3.00498
2.93996
2.96989
3.28813
2.92378
3.30991
3.31986
2.99553
3.22667
2.96944
3.2386
4.16688
3.05142
2.91737
2.97723
3.33248
3.49514
3.89775
3.78288
3.45891
2.916
2.88211
3.14469
3.338
2.95701
3.54567
3.88066
2.90523
4.08992
3.32639
3.19713
2.73396
3.1763
2.63078
2.92275
3.09542
2.96209
2.78834
2.45412
3.50364
3.38281
3.63857
3.5267
2.10464
3.50883
3.42876
3.37488
3.66144
4.00143
3.35869
3.19334
3.23241
3.36848
3.36347
3.63485
4.00049
3.68888
3.90594
3.43415
3.57977
3.49177
3.50703
3.30807
3.43181
3.56894
3.40988
3.00632
2.87261
3.25909
3.0201
3.21721
2.95908
3.63438
3.62833
3.2445
3.27624
3.8975
3.28435
2.74836
3.69322
2.61904
3.18286
3.41626
3.7848
3.52407
3.58713
4.01311
3.56707
3.12563
3.1995
3.30129
4.28491
3.17459
3.30456
4.12361
2.96707
3.57181
3.9495
3.21976
3.05666
3.46488
3.08294
3.0852
3.16706
2.60521
2.95197
3.08782
3.60398
4.33427
3.47401
3.92289
3.44386
2.976
3.77739
3.45896
3.42631
3.96106
3.86954
3.57014
3.29231
3.29104
3.11426
3.06546
3.29783
3.10236
3.29242
3.18015
2.76177
3.23319
3.19572
2.89294
3.3295
3.60282
3.1183
3.04207
3.45446
3.29944
2.66805
3.61105
3.34039
2.83792
3.19938
3.28278
3.79166
3.01652
3.13079
2.97508
3.47259
3.77638
3.59622
2.57179
2.96174
3.4278
3.79867
3.04006
3.13905
3.31608
3.93716
2.95378
2.76314
3.62402
3.38312
3.60297
2.79092
3.57056
3.62806
2.24127
3.13463
2.39221
2.41065
2.56021
2.84974
3.17998
3.12465
2.30425
3.24742
3.44575
3.05117
2.4711
2.84678
2.72382
2.53516
2.57116
3.38007
2.57676
2.95522
2.89901
3.05234
3.11514
2.70239
3.19468
3.91485
3.24754
3.73753
2.79069
3.52755
3.90511
3.56586
3.44247
4.18139
3.27012
3.09614
3.26725
3.5794
3.08181
3.4992
3.68195
2.8468
3.61098
3.63232
2.88185
2.95225
3.118
3.27011
3.07956
2.88495
3.05685
3.0165
2.41763
3.03053
3.36266
3.54941
3.61065
2.2951
2.8748
3.47811
3.654
3.4667
4.14973
3.73448
3.12387
3.39007
3.20104
3.06185
3.77136
3.71082
3.16152
3.45697
3.15607
3.52157
3.56872
3.25731
3.31655
3.2276
2.99288
3.18734
3.0824
2.88186
3.15749
3.24956
3.30362
3.15971
3.46262
3.31233
3.24166
3.61291
3.53929
3.4327
2.59351
3.5019
3.27754
3.0167
3.01807
3.87354
3.37973
3.49234
3.6709
3.44729
3.13051
3.08939
3.29783
4.09485
3.59538
3.55099
3.74499
3.37289
3.49083
3.79402
3.50737
3.04898
3.34325
2.94232
3.08161
3.21451
2.37346
3.01022
3.52869
3.64402
4.26689
2.95975
3.63208
3.68236
3.40302
3.67404
3.04806
3.3015
3.73164
3.71337
3.60962
3.27628
3.14014
3.82047
3.66672
3.56634
3.21021
3.21649
2.87345
2.90054
3.10038
3.16568
2.85075
2.97422
3.26479
3.32099
3.29159
3.33414
3.20531
2.8932
3.43832
3.143
3.30277
3.17266
3.24806
3.12005
2.86539
3.08643
3.13908
3.87138
3.8415
3.52424
3.23841
3.08032
3.78754
3.42723
3.0556
3.06687
3.26447
3.76615
3.07478
2.52982
3.71761
3.39549
3.35845
3.04096
3.72322
3.71855
