1.97507
2.57854
2.36811
2.14461
2.4094
2.64625
3.28681
2.98258
1.65841
3.08408
2.64597
3.10668
2.32449
2.01378
2.78382
2.74879
2.64193
3.22553
2.5379
2.81841
2.66679
2.72402
2.58945
2.76041
3.40017
3.65075
2.92099
2.70244
2.85602
3.28049
3.43123
3.54101
3.34903
3.37179
2.97057
2.48052
2.73069
3.10888
2.6156
2.9466
3.15497
3.16395
3.30912
3.11302
3.2004
2.87992
2.90867
2.26972
2.67119
2.68333
2.30335
2.38725
2.21246
3.25906
3.05764
3.38269
3.772
2.29691
3.57363
3.13145
3.22911
3.60004
3.5175
2.99931
3.45746
3.2389
2.98088
3.17685
3.58964
3.29013
3.2204
3.29635
3.06988
3.0877
3.2313
3.35556
3.33138
3.00627
2.58186
3.05443
2.56212
2.7071
2.79049
2.97323
3.00188
3.02629
3.18519
3.27317
3.18073
3.34282
3.65652
3.65543
2.90768
3.62738
2.55953
2.85497
3.34558
2.85089
3.29334
3.31287
3.64864
3.39975
2.75118
2.66168
2.93748
3.58248
3.41418
3.35266
3.77868
2.96039
3.41073
3.63063
3.69745
3.27091
3.25315
2.77801
2.69402
3.52388
2.3677
3.01489
2.9484
3.74291
3.93086
3.42823
3.36345
3.2854
2.44255
2.98798
3.04563
3.14774
3.92512
3.74438
3.25368
2.96376
3.23827
2.97786
2.95701
2.84794
2.87306
3.12951
2.89253
2.90889
3.35063
2.9141
2.98974
2.98767
2.67423
3.196
2.88448
2.98915
2.77779
2.8514
3.51191
3.06007
2.32236
2.93596
2.92511
3.14299
2.83315
2.90103
2.7439
3.12533
3.03481
3.4209
3.16371
3.07131
3.40665
3.28204
2.74722
2.78311
3.17692
4.01921
2.69866
2.98833
3.94234
2.86291
3.36732
2.92739
3.16236
3.29892
1.90669
2.5456
2.22253
2.12319
2.37892
2.50905
3.06962
3.06432
1.80132
3.06308
2.81176
3.19824
2.33942
1.99227
2.63594
2.58181
2.54507
3.19585
2.47975
2.57989
3.09453
2.71251
2.44421
2.74444
2.96548
3.76854
3.14553
3.05458
3.12729
3.07076
3.4077
3.60258
3.10879
3.91543
2.88866
2.4266
2.71273
2.9074
2.47267
3.30015
3.05955
2.68246
3.23347
3.13436
2.79224
2.85448
2.77392
2.62195
2.62984
2.41394
2.72282
2.47318
2.07207
2.93723
3.12663
3.62353
3.70987
2.56805
3.0909
3.24519
3.35005
3.75488
3.63485
3.21859
3.16491
3.41439
3.12357
3.05789
3.41925
3.05746
3.15522
3.25753
2.9084
3.28659
3.06865
3.31572
3.47111
3.01657
2.9558
2.89953
2.67659
2.68082
3.17608
3.07786
2.75982
3.08098
3.02951
3.31166
3.01806
3.07757
3.44115
3.63336
2.49248
3.22415
2.66708
2.96158
3.11024
3.28796
3.36586
3.12172
2.96049
3.18723
2.68531
2.92417
2.83081
4.07182
3.5748
3.33426
3.59572
2.89141
3.34569
3.47733
4.15668
3.22258
3.6912
3.00548
2.88926
2.91557
2.42054
2.98899
2.48757
3.36241
3.73784
3.2548
3.34872
2.82018
2.57808
3.51147
3.03225
3.09055
4.03503
3.46877
3.19183
2.93005
3.3877
3.48538
3.7658
3.29593
2.98072
2.77084
2.9312
2.79116
3.31838
2.71613
2.85891
2.59621
2.78043
2.93333
3.1045
2.86841
3.03916
2.75114
3.22734
2.80179
2.49526
2.85739
2.8575
2.77195
2.98005
2.99251
2.66999
3.01557
3.04634
3.48743
3.27847
3.32495
3.99369
3.23844
3.263
2.92533
2.78337
3.70089
3.52687
3.06241
3.81646
3.04441
3.43166
3.25635
3.29579
3.16189
