1.94523
2.57369
2.25655
2.09694
2.32211
2.66378
2.63851
2.63657
1.47765
2.34342
2.60541
2.7983
2.09939
2.93057
2.64496
2.39024
2.57403
3.18395
2.38234
2.44965
2.99108
3.23254
2.982
2.96053
3.17066
3.15804
2.92134
3.02274
2.32354
2.91977
3.22659
3.47271
3.28093
3.04591
2.71693
2.26004
2.35578
2.96076
2.37281
2.97998
2.80453
2.64398
3.11717
2.98712
2.65653
2.55647
2.59975
2.20571
2.41861
2.70815
2.06688
2.25535
1.85179
2.79244
2.53913
3.2033
3.2099
2.2459
3.21872
2.84767
3.36081
3.10804
3.36403
2.58671
2.84612
2.49243
2.61764
2.94834
3.24599
3.65694
2.59672
2.91634
2.57216
3.19786
2.92488
3.29862
2.91129
3.17391
2.54483
2.79053
2.43465
2.29886
2.58331
2.65561
2.89312
2.49955
2.74392
3.35394
2.25232
3.04529
3.10845
2.86047
2.91771
4.06966
2.44095
2.52785
2.44166
3.0637
2.89034
2.79741
3.34902
3.38488
3.19173
3.21173
3.11289
3.52359
3.30065
3.21722
3.56153
3.11984
3.41258
4.02501
3.2456
3.03045
3.0392
3.25038
2.52569
3.98355
2.52616
2.9293
2.22945
3.40862
3.23372
2.80886
3.5323
3.39122
2.64077
3.23251
3.02966
3.37801
3.97356
3.41333
3.10057
3.34057
3.19742
2.96627
3.21502
3.19375
2.9626
3.24089
2.62084
2.5104
2.86421
2.62066
2.80521
2.51141
2.91934
3.42758
3.04487
2.93261
3.14918
2.56743
2.60067
2.75234
2.57101
2.59839
2.46404
2.59251
2.60932
2.69591
2.53651
2.77078
3.10314
3.75186
2.92531
3.22534
3.6072
3.30351
2.58687
2.52336
2.34837
4.04806
3.10496
2.68731
3.36108
3.14716
3.72303
2.31539
3.2404
3.13199
1.90828
2.48166
2.42585
1.88193
2.22007
2.60437
2.88944
2.76682
1.62712
2.70786
2.29168
2.49673
2.10396
3.02798
2.54076
2.49315
2.62833
2.9998
2.47676
2.71639
2.85833
2.59838
2.41489
3.22838
2.97107
3.35988
3.05733
2.38359
2.452
2.96947
3.21633
3.60917
3.965
3.05097
2.67251
2.27806
2.41382
2.76074
2.46006
2.82881
3.08045
2.63262
3.37228
3.0113
2.50434
2.83776
2.58771
2.76899
2.76245
2.34284
2.51307
2.32943
1.90407
3.01573
2.89024
2.77886
2.95844
2.53468
3.23261
3.34682
3.71081
3.78832
3.83066
2.92782
2.67571
2.61966
3.04898
2.78784
3.40736
3.24927
3.05548
3.11456
2.79016
3.12477
3.20486
3.42743
3.20223
2.87021
2.47161
2.70872
2.54435
2.87455
2.80999
3.22253
2.88258
2.63666
2.80649
3.3987
3.00086
3.22328
2.93798
2.77522
2.89242
3.28155
2.83513
2.783
2.42256
3.41192
3.19399
3.41265
3.42888
3.23312
3.32842
3.30569
2.87978
3.4612
2.98137
3.11176
4.09727
3.33088
3.08797
4.31805
3.18425
3.02565
2.97938
2.82034
2.50534
3.81436
2.19084
2.66269
2.65717
3.59701
3.85809
3.04991
2.97094
3.54815
2.97149
3.13868
2.62457
2.87703
3.47652
3.5565
3.4328
3.50131
3.34135
3.27696
2.87846
3.4635
2.76663
3.01447
2.75056
2.60046
2.98112
2.67864
2.50989
2.49839
3.15177
2.9982
3.0878
2.97714
3.06889
2.70403
2.59605
2.21109
2.35721
2.76778
2.47997
2.6724
2.72341
2.69013
2.68477
2.63038
3.37625
3.56962
2.72722
3.34766
3.35862
3.18525
2.8549
2.85227
2.85375
3.70418
3.16763
3.07315
2.96477
3.20898
3.52812
3.01869
3.87489
3.63791
