2.07651
3.06646
2.31909
2.42157
2.57798
2.79781
3.40962
2.97737
1.70021
3.02674
3.0778
3.31116
2.5846
2.81811
2.82761
2.82163
2.65198
3.4944
2.59997
2.7855
2.97063
2.64758
2.83515
3.21588
3.73889
3.60384
3.0705
3.31429
2.73446
3.13821
3.71801
3.76558
3.63412
4.11597
3.29219
2.47999
2.6241
3.05575
2.30152
3.05556
2.7839
2.53942
3.56299
3.23301
2.79467
2.38129
2.50342
2.4282
2.59618
2.88791
2.3569
2.31796
2.01055
3.00949
3.07649
3.50897
3.41285
2.1842
3.12945
3.09515
3.56154
3.48536
4.10297
3.05579
3.21975
3.21363
3.56662
3.20591
3.56116
3.90068
3.18892
3.04014
3.2726
3.32632
3.70918
3.45204
3.25658
3.18043
3.26746
3.49443
3.18867
3.25984
2.99443
3.15638
3.1089
2.83383
3.01926
3.58269
2.69829
3.05957
3.65526
3.53024
2.67703
3.1173
2.7392
3.12507
3.22663
3.58702
3.52717
3.34288
3.06572
3.34307
3.1254
2.93369
3.20964
3.55831
3.73637
3.38986
3.78831
2.29458
3.39529
3.65841
3.34159
2.91964
3.19592
2.71398
2.9062
3.236
2.49507
2.95781
2.89506
3.74881
3.93313
3.27968
3.50546
3.2446
2.94199
3.24701
3.31576
3.672
3.70987
3.94284
3.38635
3.26971
3.0866
2.83559
3.53584
3.2765
3.31964
2.96096
2.95753
2.68642
3.16141
2.76585
2.9836
2.82884
3.20822
3.36254
2.96489
3.47133
3.35539
2.94889
2.57337
2.94424
2.76057
3.50081
2.91441
2.78289
2.86175
2.8821
2.84188
3.20541
3.56656
2.86482
3.34035
3.62274
3.83436
3.52588
3.31083
2.92832
3.18921
3.88793
3.19127
3.0263
3.43706
3.78883
3.58325
2.86741
3.12027
3.31152
2.30704
2.52287
2.52333
2.4955
2.57848
2.73166
3.727
3.04165
1.811
2.75367
2.87006
2.94111
2.73456
2.82818
3.10282
2.68662
2.77214
3.17697
2.56676
2.91273
2.98093
2.29974
2.79065
3.06989
3.31856
3.6707
3.01278
3.64464
2.8005
3.0434
3.39889
3.83781
3.35477
3.66952
3.17715
2.65284
2.78203
3.32903
2.39463
2.99832
3.02574
2.71657
3.04408
3.13429
2.78789
3.15067
2.66792
2.53025
2.79113
3.02263
2.6338
2.40501
2.20632
3.04851
3.01775
3.45269
2.99026
2.39443
2.76018
3.26034
3.32648
3.39346
3.91085
3.16022
3.23697
3.07889
3.1805
3.13578
3.46878
3.62255
3.12854
2.77778
3.12891
3.25921
3.19315
3.29841
3.01758
3.30644
3.14901
3.13215
3.03585
2.93362
2.9751
3.11704
3.23248
2.96457
3.04774
3.34562
2.84531
2.79497
3.20615
3.54669
2.721
3.45124
2.88569
2.88288
3.21581
3.05454
3.24027
3.62284
3.63096
3.71617
3.39486
3.23859
3.1374
3.19704
3.12706
3.43076
4.05928
2.51045
3.5291
3.03307
3.18978
2.87605
3.35075
2.62542
3.16938
2.89602
2.69006
2.60337
3.09743
3.51991
3.96045
3.0577
3.5119
3.32326
3.04448
3.18699
3.26116
3.28977
3.66112
3.3555
3.53446
3.19292
3.47726
3.21603
3.23739
2.99945
3.09583
3.20736
3.37571
2.81656
3.26474
3.06305
3.16065
2.92895
3.63689
2.9823
3.1938
3.18002
3.29901
2.99282
2.91276
3.37683
3.00996
3.04722
2.80855
2.74964
2.76056
2.7517
2.82989
3.18703
3.69664
3.32966
2.95914
2.80666
3.82487
3.45428
2.99525
2.77663
3.0512
3.31215
3.13456
2.88388
3.32821
3.40248
3.26367
3.42618
3.42199
2.72773
