2.14964
2.8276
2.41508
2.32448
2.49946
2.50374
3.33087
3.08467
1.70249
3.38201
3.26409
4.12104
2.4282
2.71243
2.7668
2.65296
2.49269
3.42041
2.43276
2.52366
3.40711
3.3223
2.64478
3.14094
3.29992
3.83243
3.2652
2.98416
2.92324
3.17373
3.07182
4.20143
3.61292
3.72576
3.07578
2.48923
2.76053
3.27871
2.74441
3.52212
3.22771
2.81836
3.73979
3.52581
2.74831
3.13928
3.0315
2.82155
2.88966
2.6059
2.74353
2.74642
2.22217
2.94556
3.14064
3.73961
3.37547
2.8447
3.77555
3.57403
3.27001
3.84859
3.88593
3.30881
2.98091
3.06524
3.42435
3.27793
3.29122
3.88421
3.30797
3.04286
3.20804
3.00398
3.18805
3.13062
3.32552
3.00752
3.14334
3.17664
3.30099
2.91868
3.03863
3.47848
3.12484
2.91042
3.24347
3.05105
2.71465
3.58835
3.23483
3.01048
2.51894
3.5433
2.78832
3.12984
3.49512
3.78366
3.49549
3.47609
3.73922
3.52282
2.33849
3.0555
3.28334
3.95111
3.52916
3.44457
3.99216
2.53944
3.48606
4.10858
3.43567
3.28897
3.55968
3.20366
2.86513
3.25785
2.48648
3.25205
2.19453
3.51335
4.25156
3.06626
3.73987
3.75264
2.67164
3.0324
3.31837
3.66071
3.70723
3.94061
3.29806
3.23834
3.28332
3.4802
3.63078
2.88679
3.55803
2.98161
3.07527
2.74148
2.95453
3.11604
2.8344
2.58034
3.61673
3.49372
2.99191
3.43887
3.34
2.67515
3.15386
2.92371
2.83174
2.71897
2.94939
2.66339
3.30245
2.86567
2.78651
3.68348
3.54318
3.32757
2.81577
3.1359
3.5275
3.62213
3.07792
2.78649
2.69806
3.9713
3.04748
2.67025
3.9466
3.21123
3.15413
3.02589
3.55522
3.54438
2.11219
2.85919
2.2128
2.30689
2.55235
2.86747
3.32232
3.15849
1.84451
3.27146
3.35538
3.54793
2.55395
2.89833
2.82865
2.63483
2.91338
3.69357
2.79221
3.1762
3.33313
2.92698
2.70895
3.37401
3.54317
3.72639
2.99421
3.80132
3.4667
3.49012
3.10253
3.7762
3.37938
3.5183
2.88924
2.81896
2.60918
2.97013
2.5853
3.48062
3.47022
2.90553
3.50044
3.79763
3.0222
3.05037
2.94362
2.87704
2.83938
2.94671
2.89399
2.64916
2.51348
3.28555
3.34209
3.71765
3.69925
3.11469
3.54141
3.20719
3.28041
3.32436
4.02936
3.12333
2.79896
2.27583
3.40071
3.10624
3.5446
3.80119
3.41521
2.99444
3.18503
3.59193
3.28527
2.88493
3.04775
3.39142
3.03216
3.29143
3.23269
2.88729
2.88312
2.87758
3.18189
2.92588
3.09514
3.04903
2.83791
2.80641
2.97619
2.94319
2.2463
3.31428
2.90983
3.22108
3.38354
3.30046
3.45373
3.90234
3.55015
3.29325
2.64789
3.02355
3.08767
4.23361
2.85951
3.60458
3.95627
3.05329
3.397
3.8188
3.65594
3.16338
3.33214
2.99977
2.95315
2.97442
2.26301
2.83154
2.10015
3.74281
3.66231
3.35063
3.67576
3.68156
2.91934
3.27188
3.19587
3.38871
3.68131
3.87124
3.21577
3.20173
3.17204
3.44035
3.3388
2.95863
3.4712
2.97578
3.14818
2.49544
3.33611
2.83642
2.67572
2.68603
3.79125
3.38266
3.10955
3.13459
3.15058
2.40177
2.84797
2.70172
2.87925
3.00268
2.95522
2.83845
2.75127
2.55973
2.63817
3.30233
3.19112
3.35571
2.65337
3.06549
3.28814
3.24566
3.16757
3.08352
2.90046
3.54878
3.22178
2.7497
3.74231
3.0014
3.75796
3.0199
3.19332
3.7287
