1.69534
2.94453
2.16842
1.96934
1.87411
2.15996
2.62657
2.61692
1.49173
2.79244
2.82858
3.3236
1.90956
2.24369
2.7935
2.1897
2.53462
3.17833
2.22889
2.18442
2.69568
2.87666
2.66539
2.72751
3.02861
3.87465
3.27817
2.89841
2.26825
3.51853
3.87295
3.41707
3.4165
3.93165
3.62534
2.47613
2.93091
3.21159
2.57554
3.41247
3.37792
2.68171
3.87258
3.24559
2.95151
2.72158
2.68887
2.41692
2.37748
2.43708
2.06331
2.36067
1.96581
2.7582
2.92105
3.23943
4.15939
2.39478
3.26371
3.32563
3.27901
3.23511
4.15253
2.95366
3.08354
2.52286
3.43594
2.99317
3.60086
3.72936
3.22794
2.9813
3.0909
3.07532
3.18257
3.14549
3.18171
2.82873
2.75498
2.96866
2.54718
2.76901
3.09424
3.0664
2.87258
2.81396
2.73097
3.4327
2.74828
3.49538
3.29088
3.03387
2.40803
3.02138
2.59193
3.04992
3.20535
3.76964
3.25776
3.0178
3.01331
2.98104
2.38954
2.27789
2.50023
4.11156
2.92139
3.45559
3.97722
3.21236
3.18293
3.69576
3.16117
3.07906
3.28874
2.55021
2.49371
3.26519
1.94326
2.5643
2.54834
3.10785
3.14912
2.86042
2.95757
2.48603
2.57047
3.13643
3.17995
3.30504
3.2103
3.71129
3.24685
3.21646
3.46197
3.22512
2.81565
3.20858
2.96172
2.73007
3.0052
2.96163
2.99611
2.9103
2.45055
2.71607
3.05067
3.12974
2.73276
3.07599
3.35737
2.06794
3.06144
2.91512
2.31363
2.59729
2.63548
2.70866
2.8775
2.4633
3.09387
3.48227
3.47446
2.96799
3.8679
2.23005
3.06171
3.31088
2.95806
2.81324
2.76497
3.24355
2.46422
2.74418
2.9023
3.30945
3.40945
2.72405
3.48136
3.40685
1.58567
1.94898
2.24925
1.99726
2.07505
2.32659
2.33811
2.88696
1.6979
2.7444
2.98244
3.32155
2.09319
2.53024
2.5067
2.43245
2.9077
2.95563
2.08349
2.23139
2.51298
2.59905
2.15212
3.00933
3.35008
3.99134
3.34389
3.47606
3.14214
3.29905
3.46448
3.69147
3.54811
3.99759
3.34921
2.59111
3.05519
3.42577
2.53259
3.32574
3.13373
2.80842
3.50169
3.57218
3.12775
3.29813
2.51942
2.53872
2.42723
2.49366
2.51996
2.37331
2.13775
3.19855
3.2274
3.6324
3.85538
2.66976
3.37326
3.3642
3.58086
3.52394
3.55629
2.82851
3.1374
3.08038
3.62422
3.24742
3.65131
3.64179
3.41187
3.12976
3.31655
3.21681
3.19465
3.45533
3.34882
3.00322
3.37232
3.13496
3.33665
3.0352
3.00604
3.15561
3.35614
3.0283
3.19458
3.15153
2.74164
3.43684
3.8479
3.27806
2.65593
3.58664
2.66497
3.28669
3.18785
3.45429
3.41883
3.12592
3.72391
3.13018
2.58933
2.86154
2.65833
4.31584
2.79558
3.2409
4.07477
4.10399
3.6573
4.22172
3.41224
2.98319
3.2977
2.70991
2.57963
3.3763
2.36715
2.9722
2.5532
3.48217
3.98421
2.90185
3.27003
3.53363
3.11621
2.95382
2.96028
3.24049
3.43798
3.52959
3.47993
2.86623
3.27325
3.17083
3.31685
2.5206
3.05436
2.71952
2.73213
2.91235
3.20079
2.69473
2.92914
2.4205
2.9554
3.29791
2.87468
2.74616
2.9769
2.7302
2.38668
2.9175
2.45712
2.77496
2.31334
3.04269
3.09881
3.05025
2.84483
4.04525
3.46278
3.42942
2.70728
2.80632
3.47627
3.20197
3.16456
2.98192
3.11141
3.49151
2.48941
3.08257
3.19746
2.96068
3.77756
2.70473
3.48295
3.74848
