1.93067
2.87195
2.46708
2.31187
2.48825
2.69808
2.79348
2.87221
1.86672
3.40536
2.7451
3.19839
2.65701
2.28323
2.97563
2.92458
2.77476
3.31171
2.94433
3.0098
2.76099
2.91584
3.14106
2.73799
3.35799
3.91743
2.89071
3.29435
3.51971
3.40409
3.62543
3.57463
3.49986
3.76877
3.17128
3.04765
2.70502
3.18863
2.90284
3.31392
3.1919
2.76371
3.02547
3.58579
2.83454
2.86782
3.10682
2.85844
2.81648
2.84606
2.71366
2.88556
2.31846
3.16874
3.2915
3.03009
3.27472
2.05026
3.16959
3.55912
2.63645
3.57636
3.32845
3.03765
3.12998
2.96256
3.07264
3.16525
3.66811
3.85649
3.26094
3.40312
3.25954
3.04981
3.30811
3.29486
3.10052
2.96191
3.03463
3.29396
2.7865
2.99712
2.97625
3.07274
3.00094
3.14355
3.27002
3.83722
2.91115
3.02623
3.30812
3.66051
2.6841
3.08437
2.6846
3.11443
3.58175
3.60936
3.15874
3.35269
3.292
2.90403
2.64863
2.82888
2.97395
4.42623
3.00162
3.13771
3.73326
3.6879
3.64273
4.59348
3.00791
3.34402
3.28552
3.40384
3.01782
3.40836
2.40006
3.09058
2.49934
3.87555
3.2922
3.44074
3.54568
2.99103
2.73894
3.33578
3.2848
3.74261
3.50573
3.60651
3.49701
3.15882
2.90698
3.12531
3.22829
3.2815
3.06439
2.73273
3.15635
2.78745
3.27674
2.95495
3.07625
3.0178
3.18371
3.1166
3.03928
3.16378
2.99126
2.67056
3.11508
2.5982
2.28621
2.99237
3.16991
3.03961
3.20015
2.47825
2.71382
3.14016
3.33772
3.50904
3.92642
2.93119
3.40575
3.49581
2.95214
3.16402
3.07279
4.01429
2.95624
2.50712
3.63595
2.9102
3.82157
2.64964
3.14935
3.22922
2.01583
3.55963
2.43438
2.44234
2.65091
2.93657
3.36841
3.05175
1.90627
3.09316
3.02713
3.23146
2.69324
2.75654
3.15479
2.90134
2.55958
3.65924
2.68266
2.89235
3.0743
2.82299
3.24426
2.81766
3.06425
3.75235
3.11198
3.07067
2.96989
3.25027
3.4189
3.91638
3.38001
3.40179
2.77915
2.43598
2.6616
3.06107
2.74468
3.49722
3.42467
2.68172
3.94934
2.98836
3.00307
2.8382
3.00748
2.60277
3.12234
3.11109
3.04377
2.79948
2.01936
3.28784
3.26439
3.41859
3.77642
3.07849
3.33287
3.28353
3.81036
3.97641
4.04013
3.39657
3.68873
3.16107
3.32037
3.25586
3.87908
3.8046
3.57439
3.29145
3.2344
2.86686
3.12116
3.26636
3.44914
2.85942
3.29395
3.0037
2.96743
2.98943
3.00973
3.20707
3.39982
3.14377
3.35281
3.53212
2.89921
3.1198
3.82005
3.59557
2.75641
4.1373
2.9604
3.04031
3.41313
3.49875
2.89815
3.18243
3.01152
2.78452
2.48096
2.55161
2.76165
3.85336
3.01507
3.48582
3.50342
3.49295
3.42377
4.45172
3.40532
3.22494
3.28911
2.97454
3.10048
3.13385
2.71964
3.15466
3.42257
3.68917
3.56821
2.69326
3.17741
3.38207
3.05907
3.10846
3.0311
3.32947
3.46627
3.54205
3.58065
3.87651
3.17002
3.44119
3.34479
3.38272
2.96849
2.77319
2.83425
2.67176
3.47472
2.99552
3.00902
3.10453
2.93969
3.04208
2.9484
2.89695
3.13682
2.9642
3.12107
3.10421
2.52907
3.23357
3.40438
3.1882
2.91958
2.95927
2.60622
2.92603
3.52273
3.91039
3.58753
3.32306
3.45825
2.92276
3.16999
3.29695
2.9943
3.45994
3.00037
2.54242
3.43514
3.36566
2.81646
2.738
3.5613
3.76455
