2.00869
2.57911
2.33019
2.30541
2.49192
2.49261
2.79805
2.8762
1.53031
2.94887
2.63796
2.6935
2.21731
2.82837
2.9289
2.55492
2.40383
3.37572
2.39174
2.76527
3.02426
2.59175
2.46957
3.01301
2.91255
3.44948
2.70985
2.86675
2.88612
3.20555
3.08885
3.70527
3.68881
3.8429
3.14555
2.15905
2.69972
3.14368
2.30341
3.10571
2.95373
2.29942
3.28878
3.27518
2.93624
2.8623
2.41025
2.699
2.46268
2.67169
2.36765
2.42188
2.04157
3.05045
3.26165
2.82435
3.41545
2.35573
3.06203
2.9782
3.47905
3.47568
3.48878
3.04579
3.03458
2.69773
2.87656
2.88956
3.46143
3.45816
3.22323
3.15989
2.72738
3.08437
2.98215
3.19884
3.14404
2.68959
2.93507
3.20461
2.65573
2.79708
2.79222
2.85401
3.01715
2.89636
2.96589
3.09106
3.08779
3.31284
3.35619
3.13833
2.36493
3.57463
2.87386
2.82487
3.1237
3.05251
3.25589
3.38308
3.65444
2.93531
2.65409
2.96568
2.73278
4.14736
2.82415
3.26245
3.64064
2.47488
3.57378
4.23493
3.39319
2.90707
3.12371
2.51213
2.68765
2.72116
2.02859
2.93228
2.43388
3.84435
3.59725
2.92068
3.15735
2.74546
2.55643
2.66127
3.10106
3.40502
3.51666
3.48472
3.13147
3.02649
3.03919
2.56219
2.80113
2.92483
2.83591
2.87805
2.81011
2.8959
3.08508
2.75155
3.05518
2.81332
3.37631
2.97508
2.8126
2.95918
2.98272
2.53855
2.70605
3.0662
1.93144
2.57438
2.97813
2.44179
2.52584
2.67836
2.66516
3.00424
3.26591
3.53422
3.94994
3.17782
3.46015
3.08859
3.00114
2.81373
2.78846
3.25949
2.68634
3.13462
3.11023
2.72195
3.23514
2.89891
2.84417
3.22981
1.91238
2.20167
2.35197
2.21507
2.50489
2.55599
2.94159
2.71499
1.64873
2.81228
2.74391
2.99731
2.41898
2.45253
2.81812
2.42774
2.66623
3.26588
2.23951
2.44177
2.54423
2.60278
2.34345
2.80599
2.98624
3.57173
2.74135
3.29181
3.3401
2.80397
3.14953
3.7959
3.39077
3.66708
2.91884
2.46993
2.78491
3.1849
2.18756
2.8976
2.98741
2.59679
2.9849
2.95932
2.93475
2.58143
2.72552
2.72501
2.39535
2.70944
2.49422
2.4043
1.98194
2.93318
3.01056
3.16216
2.98414
2.24194
2.81741
3.05894
3.41172
3.34066
3.271
2.68791
2.93586
3.1616
2.98198
3.00855
3.45053
3.45061
3.10592
3.16802
2.87093
2.67307
2.90518
3.09901
3.24863
2.74713
2.87075
2.99474
2.88477
2.79171
2.68937
2.68021
2.7191
2.71805
2.85502
3.53713
2.68859
2.93204
3.61156
3.31147
2.48514
3.32898
2.60004
2.88752
3.31728
2.95734
3.28731
2.79675
3.23588
3.65603
2.72323
2.80023
2.781
4.31343
2.66309
3.34668
3.48774
3.51315
3.55799
4.35874
3.34209
2.9444
3.15729
2.97577
2.56346
3.19088
1.80294
2.76515
2.95839
3.82913
3.84446
2.32543
2.90945
3.0958
3.00695
2.91439
2.73898
2.94274
3.51868
3.38874
2.81533
2.98626
2.90893
3.01376
3.08424
2.68048
2.84134
3.30357
2.89815
2.8618
2.93641
2.70038
3.01995
2.47319
3.06571
2.72313
3.06588
3.04975
3.09889
2.5976
2.86767
2.82118
2.68097
2.66943
2.49104
2.42159
2.75559
2.90515
2.74741
3.61276
3.56362
3.73292
3.20486
3.1657
3.35439
3.24176
2.99639
2.72323
2.77489
3.43658
2.72121
2.558
3.13552
3.03964
3.66289
2.90763
3.28526
2.80993
