1.88741
2.76401
2.44616
2.26232
2.36812
2.83132
3.15651
2.93008
1.64716
3.01844
2.72013
3.08926
2.22872
2.31868
2.87739
2.63786
2.43328
3.47866
2.84872
2.96704
2.96705
3.13776
2.65065
3.24568
3.18895
3.53616
3.07212
3.11082
2.99825
3.56545
3.29056
3.56306
3.80647
4.14176
3.11926
2.72085
2.54366
3.14055
2.46809
2.80017
3.81299
2.6184
3.76207
3.28246
2.88974
3.08231
2.7865
2.24529
2.98504
2.65461
2.62996
2.50585
2.05816
3.19041
3.23545
3.19031
3.5655
1.808
3.41378
3.21615
3.74738
3.66256
3.80081
3.04969
2.77332
3.5162
3.34709
3.00949
3.96839
2.97248
2.93666
3.55549
2.929
3.27617
3.16748
3.15008
3.16303
3.09036
2.74373
3.21912
2.81975
3.12919
3.10839
3.30831
2.67192
3.01809
2.92153
3.19482
3.09519
3.89512
3.42255
3.47799
2.6283
3.47775
2.92793
2.97281
3.24791
2.901
3.28224
3.52664
3.73894
3.57495
2.47159
2.87162
2.9767
3.74095
2.91908
3.45422
3.73808
2.48591
3.6229
4.39929
3.28579
2.97821
3.32384
2.81768
2.92064
2.50358
2.1441
2.82562
2.57759
3.3456
3.09713
2.75189
3.49064
3.35704
3.13611
3.17121
3.41747
3.37316
3.39174
3.26627
3.17702
3.57636
3.39065
3.34327
3.24645
3.03687
3.09568
3.11171
2.74837
3.04107
3.41375
2.83757
2.70152
2.91739
3.31149
2.97797
3.07681
3.18762
3.21456
2.38332
3.50939
2.78024
2.82342
2.80729
2.92217
2.85683
3.13352
3.76777
2.96663
3.15909
3.03392
3.68427
3.65597
3.56647
3.04576
3.46568
3.09132
3.29217
2.89719
3.53808
2.5657
3.23052
3.45128
3.20835
3.44046
2.57524
3.42008
3.26688
1.82864
2.6734
2.23765
2.36167
2.59339
2.66461
3.72235
2.94832
1.76741
2.89587
2.86908
3.3491
2.71023
2.43085
2.86497
2.8288
2.66528
3.43843
2.67463
2.95156
3.13147
2.44746
2.57194
3.00623
3.02481
3.59076
2.75713
3.33271
3.06637
3.40542
3.3052
3.6157
3.70818
3.98108
3.03984
2.60396
2.78151
3.22856
2.4738
3.27562
3.46936
2.97998
3.74104
3.08617
3.12483
3.27682
2.47114
2.40193
2.77934
2.93659
2.49191
2.50905
2.17161
3.15127
3.01599
3.21439
3.62421
2.33205
3.38294
3.34002
3.22456
3.69121
4.05035
3.10687
3.37854
3.21619
3.42959
2.9451
3.6022
2.74517
2.90629
3.26417
3.03373
3.2769
3.19973
3.14219
3.49406
3.04472
3.18758
2.99834
2.93683
2.6843
3.0195
2.89483
3.08129
3.00674
3.27343
3.10246
3.02874
3.48456
3.46176
3.71037
2.50635
3.63184
2.60087
2.98723
3.23059
3.02629
2.98267
3.07102
3.10005
3.44677
2.57043
2.75699
3.02429
3.7769
3.16032
3.36987
3.37823
3.03742
3.37382
3.62259
3.2319
2.72919
3.37819
2.67665
2.75389
2.39804
1.95014
3.02287
2.56332
3.52655
3.45123
2.55338
3.25866
2.96299
3.11234
2.93831
3.39284
3.25616
3.17347
3.13545
3.55709
3.22674
3.50457
3.00145
3.53089
3.43305
3.40185
3.11001
2.87789
2.57029
3.5605
2.93671
2.83551
2.62716
3.2002
2.95739
3.37356
3.08704
3.5037
2.68234
2.75189
2.94222
2.83953
2.61732
2.86766
3.12367
3.16131
2.8978
3.22159
3.06086
3.33293
3.62719
3.26179
3.68765
3.43231
3.6701
3.1665
3.09955
2.98107
3.25354
2.75378
2.79542
3.40136
2.91409
3.1462
2.54178
3.49864
3.14154
