2.00662
2.99633
2.47106
2.04662
2.42489
2.73719
2.66196
3.02913
1.8306
2.93595
3.10351
3.51715
2.50436
2.45452
3.07366
2.67044
2.97371
3.19262
2.75455
2.82967
3.05403
2.74057
2.76844
3.2097
3.27743
3.9439
3.01318
2.90773
2.95359
3.17933
3.56179
3.3855
3.42434
3.71094
3.08663
2.67326
2.82448
3.26261
2.48716
3.35751
3.16597
2.75754
3.36923
3.30039
3.18575
3.22628
2.91423
2.60468
2.8737
2.97011
2.6047
2.71104
2.22567
3.01325
3.22111
3.6116
3.15137
1.63473
3.22064
3.38262
3.32022
3.59692
4.01882
3.31087
3.09295
3.33843
3.60158
3.10902
3.65134
3.68758
3.50076
3.34454
3.30497
3.48319
3.33893
3.26507
3.32276
3.16708
3.20632
3.11703
2.92344
2.98014
3.23721
3.53287
3.54458
3.10734
3.28437
3.22976
3.06494
3.38401
3.91225
3.38121
2.69282
3.84238
2.87131
3.04367
3.34329
3.77244
3.25884
3.60183
3.61211
3.58803
3.1609
2.83475
3.3563
4.61363
3.66317
3.63214
4.05393
3.02262
3.26757
4.52506
4.03556
3.12107
3.42
3.07218
2.9369
3.10425
2.1795
3.21094
2.60079
3.41886
4.03197
3.20995
3.64948
3.07035
2.78503
3.48851
3.57401
3.87494
4.23273
3.98456
3.53047
3.05879
3.03416
3.06689
3.18487
3.37659
3.10788
3.08256
3.15993
2.76149
3.11101
2.79112
3.05284
3.10676
2.91674
3.18476
2.96427
3.11337
3.34554
2.87051
2.85459
3.25707
2.96719
2.85711
3.07991
3.1218
2.95843
3.07191
3.04518
3.08661
3.37184
3.51306
3.13155
3.12721
3.60135
3.73972
3.18707
3.37419
2.84476
3.69664
3.04652
3.22686
3.63495
3.30591
2.76511
2.68595
3.13949
3.53086
1.79546
2.92936
2.47405
2.1559
2.5674
2.67975
3.28181
3.07278
1.94176
3.23978
3.45069
3.25396
2.52253
2.551
2.93548
2.51837
2.59561
3.41191
2.7544
2.88
3.05237
2.83123
2.67318
2.86669
2.98114
3.7869
2.90064
3.38597
3.22492
3.00193
3.23323
3.79909
3.33296
3.6966
2.93659
2.56955
2.57108
2.90328
2.46867
2.88418
2.92958
2.87246
3.2656
3.26006
2.92848
2.80237
2.64491
2.65225
2.59393
2.76531
2.72541
2.6767
2.2005
3.49653
3.13576
3.75735
3.26801
2.73845
2.67958
3.4629
3.52381
3.81652
4.07027
3.03969
2.99568
3.10318
3.43931
3.22046
4.04628
3.55111
3.3991
3.4027
3.3501
3.00298
3.31193
3.18643
3.54188
3.29825
3.11969
3.02957
3.19081
3.04805
3.28438
3.51437
3.21205
2.89851
3.14543
3.3457
3.11489
3.03959
3.67628
3.1416
2.34812
3.72622
2.78294
3.27974
3.25331
3.60751
3.36806
3.61551
3.43275
3.48648
3.11674
2.72813
3.27196
4.20905
3.54729
3.40562
3.65987
3.75324
3.52176
4.3375
3.48327
3.12853
3.37939
3.14685
2.89094
2.89748
2.06549
3.07968
2.67555
3.91919
3.97982
3.03103
3.29001
3.4562
3.08423
3.40989
3.12893
3.32673
3.92787
3.62112
3.18593
2.9251
3.39696
3.06008
3.18736
3.05979
2.94466
2.88975
3.03985
2.65239
3.23264
2.85543
2.79571
2.64848
3.22421
2.9303
3.21148
3.02253
3.12218
2.69612
2.8048
2.86741
2.841
2.85685
2.68367
2.90067
3.11181
2.93155
2.55369
3.00407
3.78127
3.38376
2.50363
3.33867
3.78679
3.35951
2.99924
3.15232
3.10641
3.93338
3.16948
2.82232
3.57529
3.34657
3.10717
3.37109
3.37894
3.75148
