2.06923
2.9391
2.89001
2.3246
2.66893
2.94285
3.5211
3.05069
1.93549
2.92895
3.40382
3.3179
2.41417
2.37626
2.83296
3.44507
2.73737
3.0405
3.27002
3.12201
3.20492
3.14952
2.84855
3.2937
3.12188
4.1486
3.09642
2.68275
3.21257
2.98599
3.43415
4.01459
3.83277
3.4542
3.59177
2.40397
2.50746
3.0908
2.66514
3.26076
3.13294
2.68946
3.68744
3.78198
2.96195
2.89591
2.82982
2.72323
2.74141
2.95944
2.97138
2.67031
2.33394
3.40048
2.86462
3.90248
3.81768
2.36148
3.98646
3.20681
3.24404
3.67836
3.65645
3.19594
3.09965
2.93954
3.62446
3.16997
3.82564
3.93224
3.38154
3.80223
3.16332
3.47834
3.55892
3.54983
3.37005
3.46115
3.27533
2.76483
2.5743
2.90064
2.9653
3.17259
3.26213
3.1273
3.60555
3.47378
3.0708
3.77834
3.59263
3.02665
2.47586
3.86687
2.59716
3.00793
3.56526
2.75966
3.26883
3.39256
3.05771
3.15638
2.9794
3.10063
3.01896
3.02278
3.11173
3.66356
3.57256
2.40004
3.73353
3.66881
3.44855
3.18517
3.14573
2.99018
2.87635
3.58181
2.37338
3.17055
2.68047
3.60828
3.70978
3.41617
3.64545
3.68279
3.17846
3.80957
3.25104
3.46518
3.80488
3.85916
3.60822
3.37425
3.13241
2.99035
3.75878
3.10465
3.24674
3.55638
3.23526
2.79641
3.28221
3.14075
2.98318
3.04247
2.75347
3.64761
3.33306
3.48442
3.99931
2.82965
3.51492
2.86783
3.07119
2.42753
2.9338
2.67952
3.28226
3.60954
2.95099
3.25076
3.42461
2.90121
3.18554
2.69775
3.56292
3.46265
3.27599
2.97919
3.37063
3.75476
3.14664
3.21439
3.82794
3.40608
3.91904
3.30829
3.73739
3.27233
2.16856
2.81164
2.45587
2.20597
2.66208
2.7454
3.54724
3.00923
1.92565
3.04103
2.88883
3.34287
2.66658
2.63892
3.05943
2.77718
2.71387
3.17637
2.68946
2.2087
3.1855
2.79658
3.00756
3.15309
2.96726
4.02377
3.3455
3.71178
3.26772
3.22876
3.57017
3.79245
3.49372
3.70324
2.8778
2.55228
2.6448
2.88228
2.60014
3.34175
3.01318
2.70324
3.36821
3.75834
2.70329
2.86846
2.59684
2.24909
2.82863
2.8228
3.09648
2.60445
2.21241
3.32688
3.43947
3.65805
3.67217
2.60209
3.4221
3.16802
3.25254
3.66815
4.27178
3.23671
3.09747
3.02725
3.87098
3.27083
3.87712
3.85902
3.14856
3.48762
3.3896
3.6349
3.50625
3.37452
3.72447
3.4936
3.22355
3.43106
3.15461
2.91203
3.14308
3.5863
3.28742
3.02393
3.30734
3.50754
3.24961
3.93247
3.56078
3.37304
2.71663
3.33541
2.69611
3.29193
3.43891
3.76578
3.53614
3.55684
3.61733
3.45603
2.65974
2.94215
2.78697
3.75383
3.13032
3.31162
3.8181
2.75207
3.71955
3.54881
3.73579
3.08682
3.47221
3.13063
2.97047
2.92695
2.39849
2.86261
2.98872
3.45237
4.04407
3.47359
3.63157
3.47558
3.2078
3.68601
3.11637
3.35688
3.85764
3.78896
3.36431
3.6023
3.46975
3.16159
3.75895
2.89076
3.32321
3.15251
2.61869
2.91356
3.22964
2.95077
2.75493
3.0049
3.35226
3.43
3.30511
3.26243
3.24201
2.39756
2.51987
2.90203
3.13777
3.1723
3.09832
2.74477
2.76882
2.98747
2.78416
3.79596
3.79569
3.56705
2.85434
3.35056
3.19828
3.20539
3.26232
3.27203
2.97444
4.10487
3.30067
3.335
3.90765
3.45064
3.60834
2.89877
3.35284
3.34268
