2.05524
2.83701
2.88265
2.4226
2.60158
2.87041
3.35218
3.13218
1.99589
3.32212
3.15359
3.50687
2.85567
2.46881
3.23873
2.81714
2.82756
3.14754
3.04429
2.60925
3.40816
2.73913
2.71493
3.48787
3.52907
3.74558
3.02046
3.21153
3.15439
3.38159
3.43105
3.33219
3.14417
3.10712
3.12442
3.03828
2.98687
3.0647
2.75535
2.99333
3.15106
2.70633
3.64384
3.31658
2.75029
2.98842
2.80158
2.80305
2.84357
2.85032
2.72012
2.65904
2.23628
3.42066
3.28112
3.65712
3.5605
2.33931
3.46117
3.33386
3.04964
3.77567
3.78553
3.1649
2.61973
3.35702
3.47826
3.31307
3.6187
3.63448
3.22905
3.35572
3.06296
3.70952
3.56231
3.39927
3.44015
3.22349
3.14068
3.02248
2.98644
2.9994
3.12855
3.15411
3.05047
3.15188
3.13543
3.34753
3.05462
3.98018
3.73059
3.01377
2.62754
3.67622
2.79624
3.08299
3.119
3.48608
3.43421
3.4027
3.60257
4.58001
2.9358
3.02216
3.46752
4.30957
3.456
3.68315
3.7468
3.18427
3.77479
4.42224
3.67459
3.12827
3.86908
2.91052
2.9615
3.14647
1.94914
3.1753
2.74829
4.0379
3.46813
3.18737
3.44137
3.12787
3.04134
3.32334
3.18261
2.92496
3.75416
3.44683
3.18639
3.56158
3.11192
2.86505
3.6095
3.00787
3.16847
3.06644
2.79705
2.85895
3.21993
2.83083
2.95671
3.02009
3.41715
3.14802
2.91598
3.00886
3.48497
2.71544
3.0114
2.69914
2.96879
2.87687
3.03303
2.78403
3.13313
3.20168
2.84173
2.9703
3.261
3.12549
2.91466
2.86123
4.0094
3.96634
3.45984
3.13689
3.06233
3.83486
3.24117
2.88724
3.58355
3.46982
3.139
2.9815
3.3904
3.68087
2.00141
2.97395
2.68624
2.4827
2.64411
2.62066
3.61573
3.10996
2.0571
2.93046
3.27787
3.14255
2.47363
2.55026
2.98501
2.83889
2.77406
3.25177
3.08672
2.79292
3.0886
3.15719
3.00868
3.27156
3.36587
3.73455
3.17366
3.43709
3.10593
3.20534
3.39935
3.95475
3.26977
3.67274
3.05693
2.59857
2.74703
3.11736
2.62136
3.36201
2.89215
2.94739
3.87356
3.52746
3.06745
2.96523
3.02831
2.74463
2.82929
2.90296
2.9914
2.86677
2.32085
3.1957
3.25162
3.84833
3.56954
2.28414
4.00243
3.70862
3.55509
3.691
4.21879
3.06287
3.09874
3.18114
3.46879
3.39644
3.84396
3.42911
3.52614
3.4732
3.01909
3.08903
3.25273
3.31124
3.24486
3.18619
3.06203
3.04688
3.10926
3.32003
3.35706
3.00683
2.9804
3.11979
3.12054
3.80273
3.01107
3.36037
3.17902
3.03434
3.08475
3.42507
2.85004
3.28932
3.34006
3.73087
3.41425
3.66894
3.45492
3.92311
3.26871
3.01831
3.28854
4.65335
3.47258
3.41062
3.98447
3.51303
3.61225
4.381
3.10561
3.6476
4.05629
3.26628
2.9516
2.7433
2.15431
2.75842
2.59863
3.88323
3.67639
3.00741
3.54196
3.29123
3.10127
3.41503
3.37252
2.80004
3.69097
3.96262
3.50006
3.85876
3.34071
3.08827
3.0592
3.00953
2.98131
3.19275
3.13478
3.05371
3.39022
2.9217
2.83234
3.00141
3.23125
3.27912
3.03515
3.35275
3.2924
2.87365
2.74239
2.84866
2.84723
3.0683
2.69041
3.01637
3.46372
2.99773
3.33774
3.7327
3.55184
3.76035
2.87447
3.04175
3.9947
3.7383
3.2568
3.02101
3.00542
4.2537
3.49835
2.84932
3.36172
3.3099
3.80851
3.04799
3.6017
3.8099
