1.91926
2.60806
2.54621
2.29761
2.32722
2.67109
2.80444
2.99294
1.5255
2.82502
2.764
3.05408
2.60141
2.57066
2.79388
2.69428
2.68851
3.32189
2.56188
2.75043
2.7477
2.68866
2.41828
3.12309
2.89405
3.54575
2.82359
2.83716
2.93982
3.30327
3.4239
3.74878
3.49686
3.57654
3.13764
2.63579
2.83856
3.03412
2.65269
3.32798
3.17952
2.27094
3.35154
3.27366
2.79987
2.76199
2.49466
2.51017
2.61384
2.51987
2.06224
2.28551
2.23764
3.10531
2.78074
3.35935
3.79264
2.84393
3.46132
3.28701
3.21944
3.04381
3.55876
2.87668
2.86774
3.11599
3.12357
3.04861
3.35123
3.41275
3.13113
2.79853
3.03789
3.06951
2.879
3.1222
2.84522
2.96145
2.77307
2.94385
2.81718
2.76697
2.67358
2.67076
2.67907
2.73386
2.66222
3.09655
2.5725
2.69075
3.25007
3.16072
2.61859
3.27918
2.50084
3.02086
2.95694
2.92915
3.26519
3.45642
3.60998
3.18425
3.02616
2.99537
2.93238
4.19958
3.31215
3.45759
4.05169
3.83133
3.48131
4.34226
3.36599
3.07469
3.04819
2.54877
2.72214
4.00999
2.12732
3.57977
2.76296
3.97
3.47851
2.55405
3.31578
3.57662
3.03676
3.15859
3.13913
3.47431
3.55915
3.67812
3.52902
3.67633
3.26692
3.29739
3.08036
2.81593
2.94218
3.13086
2.90693
2.96619
3.08298
2.65453
2.4667
2.54843
3.18831
2.83849
3.07428
2.90411
2.87337
2.75627
3.07276
2.83858
2.76903
2.39711
2.82345
2.99103
2.74256
2.69366
2.87101
2.82054
3.41294
4.23825
3.669
3.1241
3.55025
3.29428
3.03621
2.61225
2.66785
3.84747
3.22025
2.39339
2.99491
3.18589
3.57503
2.8404
3.30892
3.54416
1.88544
2.57952
2.31594
2.22427
2.43695
2.64686
3.04315
2.93172
1.56399
2.74194
2.66102
3.24221
2.17338
3.35108
2.87235
2.41115
2.68038
3.37343
2.48565
2.4666
2.93366
3.21903
2.8519
2.69469
3.09093
3.39473
2.83763
3.73446
2.56734
2.84769
3.52573
3.74272
3.51192
3.72488
3.00463
2.11637
2.73034
3.05216
2.36507
3.22067
3.17562
2.49974
3.34127
3.21908
2.55
2.76578
2.53182
2.4744
2.32098
2.51724
2.35895
2.34562
2.16427
3.09028
2.76465
3.46048
3.72753
3.41317
3.42644
3.2038
3.37416
3.2069
3.37799
3.09246
2.35832
2.87519
3.24581
3.06664
3.23343
3.62175
3.03797
2.90221
3.07855
3.26988
2.92999
3.12823
2.70842
3.13775
3.21335
2.95207
2.90284
2.87812
2.93262
2.7678
2.67671
2.74824
2.62128
3.24836
2.72606
2.72093
3.06625
2.89331
2.70761
3.28902
2.51683
2.93925
3.15155
2.78975
3.16236
3.88568
3.19554
3.09844
2.59221
2.88218
3.18217
4.45033
2.95626
3.40499
4.08729
3.47027
3.77313
4.37192
3.53054
3.03926
3.41009
2.67288
2.70021
3.84459
2.33597
3.36745
3.13804
3.7883
3.95035
2.60026
3.28735
3.70397
3.30171
3.38057
3.08613
3.07768
3.58396
3.50472
3.49844
3.87079
3.04165
3.23842
3.60347
3.00462
3.09917
2.88908
2.85937
2.56435
3.0949
2.84848
2.69316
2.5124
2.96726
2.9802
3.10462
2.91658
2.81256
2.5616
3.17416
2.70845
3.11478
2.75973
2.8046
2.98917
2.86959
2.94443
2.97947
3.17879
3.22184
3.39017
3.73641
3.43719
3.64276
3.55143
3.28792
2.56495
2.59445
3.69334
2.55353
2.70577
3.19153
3.41687
3.39521
2.90794
3.01202
3.47904
