1.95112
2.42121
2.48242
2.14589
2.27152
2.71692
2.9843
2.75442
1.62643
2.78066
2.72872
3.13326
2.55941
2.58752
2.71368
2.82756
2.4679
2.93017
2.69888
2.8752
2.72089
2.58853
2.83979
2.87081
3.19774
3.71145
2.934
2.89427
2.99593
2.90936
3.06742
3.5402
3.16386
3.62999
2.91924
2.62805
2.67072
3.0945
2.29095
3.14589
3.05615
2.71072
3.56166
3.16834
2.77515
2.85338
2.47904
2.64355
2.73444
2.47894
2.53954
2.44101
1.89805
2.82665
2.94361
2.93187
3.48649
2.06088
3.35784
3.38574
2.90979
3.50274
3.92369
3.04161
3.19649
2.71447
2.9137
2.94022
3.26125
3.71186
3.16285
3.33615
2.84896
3.04843
2.97719
2.87825
2.87818
2.84672
2.95298
2.79603
2.83615
2.74553
2.77545
2.91458
2.98576
2.86657
3.00216
3.66846
3.01719
3.4155
3.39252
3.30143
2.47557
3.06614
2.94537
2.8947
3.60923
2.69449
3.10193
3.16267
3.07277
3.66764
2.55395
2.86863
2.75152
4.01611
3.27672
3.50224
4.01141
2.69496
3.30803
4.4516
2.90964
3.23854
3.33941
2.75919
2.71242
3.07492
2.36249
2.98916
2.95881
3.23269
3.65103
3.18996
3.4028
2.82468
3.02303
3.1479
3.21997
3.18958
3.51182
3.72814
3.17878
2.90068
3.34416
3.04202
3.03882
2.54537
2.94516
2.94434
2.80484
2.65898
3.14204
2.83383
2.76092
2.59711
3.00097
2.88638
2.7496
2.77292
2.88563
2.54227
2.7969
2.91489
2.67764
2.63618
2.51849
2.85359
2.79714
2.67024
2.6507
3.20756
3.38198
2.70736
2.34763
2.80136
3.84672
3.55054
2.64795
2.86157
3.03288
3.21374
2.93798
3.38028
3.1846
3.14968
3.37071
2.67105
3.21866
3.56374
1.84522
2.9167
2.52414
2.11407
2.36916
2.5622
2.95983
2.73665
1.90275
2.96548
3.00064
2.59107
2.51906
3.14416
2.62673
2.46483
2.58699
2.96503
2.37772
2.87606
2.99102
3.00275
2.95946
2.96654
2.66205
3.64854
3.04535
2.60339
2.89046
3.24948
2.94558
3.52159
3.01368
3.85747
2.95798
2.67231
2.60668
3.13209
2.73543
3.25472
3.16483
2.55218
3.33155
3.04389
2.90945
2.38656
2.84617
2.43427
2.75592
2.52758
2.67448
2.51661
1.9143
3.00289
2.95811
3.23686
3.35369
2.98799
2.90115
3.4544
3.23899
3.22561
3.44495
3.20189
2.80686
2.72824
3.02235
3.10532
3.33982
3.39886
2.83514
2.98701
3.11974
2.96884
2.94441
2.86648
3.08742
2.86029
3.10713
2.97703
2.72524
2.66351
3.06081
2.89471
2.82556
2.88055
2.87225
3.5025
3.02194
3.24156
3.08529
3.18221
2.52361
3.10249
2.94585
2.89239
3.17238
2.88359
3.21989
2.99752
2.99745
3.13144
3.30533
3.16812
2.87883
3.80902
2.95194
3.13789
3.33986
3.61725
3.21226
4.2598
3.59122
3.04967
3.0596
2.72742
2.69668
3.40032
2.15526
2.72339
2.4995
3.44155
3.74157
3.24425
3.07594
3.30198
2.89667
2.85956
2.98062
2.84993
3.60824
3.46352
3.21512
3.17568
3.12085
3.09696
3.2458
2.59552
2.6994
3.04542
2.83159
2.85305
3.05746
3.04338
2.75773
2.40389
2.7439
2.92556
3.04385
3.0407
2.87845
2.56972
2.71286
2.78825
2.80982
2.97664
2.60791
2.70462
2.88241
2.87507
2.92302
2.76885
3.42661
3.35926
3.34464
2.89838
3.8905
3.02196
2.86256
3.28255
2.63808
3.51864
2.81659
2.57322
3.19412
3.00466
3.53538
3.01512
3.34353
3.43246
