1.73143
2.62709
2.33736
2.11429
2.36247
2.57465
2.82206
2.7856
1.56276
2.90632
2.72894
3.18085
2.39921
2.444
2.68772
1.98954
2.40098
2.86456
2.48939
2.83339
3.01634
2.92124
2.90461
2.74887
3.38782
3.4373
2.74483
2.8024
2.94711
2.99877
3.34445
3.49775
3.57437
4.03511
3.02251
2.24936
2.66814
2.94822
2.02431
3.07339
3.08868
2.25763
3.42934
3.39773
2.77928
2.21525
2.48288
2.45634
2.79912
2.23721
2.28464
2.34867
2.09509
2.84933
2.90321
3.29905
3.04594
2.32522
3.13246
3.28724
3.35261
3.36288
3.64643
3.54671
3.21963
2.72546
3.18898
3.09887
3.7333
3.22863
3.13923
3.45752
2.95946
2.75988
3.27275
3.29801
3.38858
3.22449
2.97107
3.13855
3.15737
2.99446
3.15783
3.09815
2.73756
3.01259
2.84066
3.18037
2.45274
3.17557
3.63496
3.13956
2.60318
3.73625
2.19507
3.07509
2.98596
3.48815
2.93152
3.14897
3.01762
3.11293
2.61214
2.78799
2.96659
3.57883
2.9525
2.91719
3.09993
2.86735
3.32858
3.4816
2.90842
2.81493
2.90024
3.06467
2.62305
3.33304
2.37421
2.82102
2.62031
3.55935
3.71578
2.69846
3.4252
3.48697
3.15131
3.22716
3.02747
3.51364
3.48135
3.89161
3.46583
3.56654
3.12688
2.96069
3.31605
3.05209
3.0587
2.78116
2.66555
2.58572
3.1041
2.7987
2.71018
2.8938
3.56797
3.05772
2.93467
2.90126
2.78474
2.24058
2.62438
3.24511
2.70316
3.14687
3.01745
2.99835
3.05397
2.62546
2.49032
3.4038
3.41402
3.0247
3.19353
2.82209
2.98627
2.98654
3.18589
3.04505
3.07638
3.54419
2.84023
2.70504
3.24219
3.49335
4.20974
2.4624
3.26913
3.33907
1.63992
2.73363
2.2319
2.03935
2.30788
2.49675
3.0404
2.79126
1.49546
2.65587
2.51635
2.8572
1.9761
2.65629
2.66393
2.43544
2.35695
3.1848
2.54741
2.30486
2.75582
3.0606
2.51148
2.8681
3.02574
3.42603
2.71279
3.2518
3.00466
2.90686
3.3378
3.37529
3.29088
3.49469
2.71834
2.01252
2.30014
2.67342
2.29712
2.96742
3.32581
2.13184
2.94786
3.16404
2.51506
2.67061
2.26173
2.08312
2.63174
2.56978
2.53817
2.43057
2.04438
3.202
3.17671
3.26556
2.79689
2.57823
2.88883
3.08641
3.35357
3.52839
3.32731
2.99543
3.07119
2.5898
3.40483
2.98309
3.5229
3.8053
3.08941
3.33523
3.11111
3.12645
3.25932
3.12145
3.27765
2.86882
3.16661
3.2824
2.9546
3.09913
2.95138
3.082
2.81718
3.0154
3.32666
3.03387
2.7814
3.074
3.04753
2.85402
2.69978
3.09226
2.46357
2.91814
2.9516
3.21492
3.56255
2.94529
3.66462
3.09747
2.23342
3.30135
3.06856
3.35638
3.11061
3.30978
3.31335
2.94096
3.16176
3.30462
3.1334
3.14488
2.88222
3.01241
2.74978
3.4515
2.423
2.98278
2.47427
4.09141
3.91038
2.71285
3.14751
3.04803
3.19812
2.87493
2.8503
2.94859
3.51672
3.863
3.49982
3.71913
2.9672
3.71629
3.42278
2.59219
3.02952
3.20355
2.58181
2.44893
3.15271
2.66054
2.4804
2.74499
3.14316
2.78189
3.22534
3.17554
3.11967
2.21705
3.29062
2.67452
2.9013
2.9494
3.10583
2.65534
2.4075
2.63309
2.46017
3.27818
3.21724
2.82019
2.51891
3.0367
3.14495
3.418
2.99
2.84652
3.10628
3.42263
2.55132
2.85399
3.13552
3.11561
4.13768
2.12539
3.36567
2.99086
