1.94593
2.6934
2.37293
2.23039
2.47935
2.66652
3.08683
2.93642
1.81717
3.02911
2.88236
3.21511
2.77299
2.67788
2.68258
2.9715
2.69179
3.45126
2.60254
3.20152
2.95086
2.96405
2.85014
3.31101
3.31024
3.30814
3.15169
3.18
2.73019
3.07474
3.10582
3.63091
3.49022
4.14529
3.21407
2.51458
2.85766
2.98893
2.52678
3.34919
3.30128
2.57666
3.4718
3.39356
2.96885
2.59506
2.78655
2.67046
2.90703
2.76809
2.5102
2.60365
2.30323
2.94984
3.07025
3.19822
3.37719
2.26194
3.60672
3.19539
3.19658
3.25622
3.86436
2.99513
2.7852
2.94702
3.49221
3.17855
3.17784
3.57479
3.28858
3.20755
3.29678
2.90267
2.96315
3.43838
3.31311
3.21837
2.82883
3.04503
2.96515
3.20831
3.16862
3.12248
2.91365
3.0143
3.07533
3.00709
2.85795
2.83353
3.67715
3.37262
2.78107
3.47348
2.75801
2.94768
3.29113
3.39839
3.09041
3.90788
3.49898
3.26647
2.43546
2.72236
3.11058
3.86015
3.12988
3.37869
4.06307
2.77855
3.73054
4.6136
3.64568
3.23447
3.22194
2.86327
2.97879
2.85274
2.25328
3.03649
2.55765
3.23643
3.32242
3.29788
3.5039
2.87785
2.85602
3.21449
3.2628
3.72739
3.46783
3.60253
3.15882
3.18091
3.23585
3.2731
3.04241
3.28223
3.18807
2.89928
3.00557
2.63925
3.26183
3.20051
3.05899
2.9552
3.22865
3.20484
2.95546
2.99719
2.95269
2.78771
3.16683
2.95534
2.56474
2.80504
3.1779
2.85833
3.33122
3.17221
3.41323
3.62923
3.07202
3.5814
3.3674
3.22778
3.68302
3.2978
3.02196
2.93071
2.85658
3.81045
2.93384
2.71704
3.50507
2.99762
3.2546
2.71862
3.28519
3.41981
1.90145
2.72853
2.36579
2.32415
2.53763
2.72368
3.4107
2.8625
1.77499
3.12563
2.97967
2.98034
2.61572
2.67791
2.95046
2.56802
2.56656
3.18255
2.62109
3.0063
2.92503
3.32477
2.50876
2.81194
3.15526
3.65444
2.97833
3.28893
3.38311
2.81324
3.23509
3.48375
3.28566
4.02359
3.03776
2.41871
2.72359
2.95216
2.65363
3.09861
3.30385
2.7816
3.35553
3.53521
3.01123
2.66983
2.64185
2.56588
3.11509
2.59882
2.39258
2.6403
2.31479
2.98844
3.29433
3.33234
3.7205
2.45499
3.73887
2.99751
3.09042
3.75102
3.84475
2.8319
3.15984
3.46663
3.43542
3.208
3.53374
3.48339
3.05945
3.1523
3.04306
2.87365
3.19728
3.32081
3.25909
3.07003
3.0164
2.81598
2.7509
3.02624
3.07157
3.19364
3.01441
2.99561
3.19462
2.93126
2.64318
2.92404
3.43837
3.26358
2.65681
3.55101
2.89478
2.98215
3.22842
3.36223
3.04888
3.20274
3.26791
3.28753
2.44301
2.68398
2.78007
4.08778
3.12644
3.27856
3.58419
3.80938
3.5722
4.32232
3.15995
3.08667
3.31958
2.63068
2.78461
3.07478
2.13589
3.4682
2.63712
3.34544
3.32724
2.41178
3.07869
2.80232
2.94123
3.14399
2.96933
3.19019
3.5323
3.63263
3.33928
2.99774
3.63206
3.29335
3.01048
2.98603
2.7634
2.84735
3.03243
2.51598
3.04154
3.29089
2.80497
2.77573
3.28918
2.76804
3.18748
2.99068
3.10564
2.5044
2.76589
2.56932
2.71389
2.60814
2.91263
2.92496
2.8844
3.10172
2.85551
3.61847
3.06489
3.35556
2.57533
3.41875
3.13486
3.31827
3.22364
3.21432
2.92994
3.55843
3.01047
2.59707
3.19282
2.93634
3.33764
2.82029
3.18442
3.25895
