1.96234
3.14557
2.28135
2.25868
2.41406
2.6673
2.91453
3.06193
1.83273
3.24627
3.067
3.19384
2.34803
2.29822
2.86054
2.85065
2.6015
3.3686
2.93659
2.47129
2.91983
3.06652
3.08955
3.00949
3.70871
3.79157
2.76733
3.22226
2.73488
3.48684
3.30524
3.57701
3.16402
4.31974
3.52096
2.32062
2.69866
3.20496
2.69267
3.16239
3.16933
2.87219
3.62855
3.39247
3.13942
2.64361
2.78009
3.0584
2.87705
2.57758
2.6377
2.76634
2.29249
3.42614
3.60903
3.44219
3.432
2.24433
3.7153
3.14482
3.09973
3.43972
3.27914
3.24485
2.83609
2.84858
3.39804
3.22108
3.24949
3.48714
3.28535
3.10237
3.06056
2.86315
3.46719
3.16628
3.11686
3.0996
3.06432
3.08329
3.0595
3.19563
2.84785
2.9265
3.01284
2.8827
3.21382
2.94416
2.67892
3.42499
3.60005
3.33591
2.50152
3.53999
2.90583
3.04783
3.16424
3.50305
3.16968
3.39374
3.97401
3.37223
2.83558
3.05678
3.14106
3.44372
3.28198
3.31876
3.67861
2.5786
3.32352
4.12697
3.11242
3.35541
3.22584
3.09552
3.08282
3.43938
2.11706
3.3857
2.59756
4.0216
3.68677
2.96012
3.48618
3.17297
2.7404
3.10144
3.40572
3.57974
3.96634
4.13797
3.55225
3.2922
3.04885
3.09475
3.3115
3.17358
3.27436
3.27602
2.95874
2.74165
3.54026
3.13388
2.87999
3.018
2.81347
3.13239
3.23273
3.3316
3.34209
2.45103
3.07451
3.10106
2.63025
3.18969
3.32882
2.83542
2.73123
3.06596
2.8661
3.53741
3.39505
3.78069
2.95814
3.19895
3.66636
3.61389
3.43605
2.97603
2.77592
3.92345
3.02311
3.24961
3.49522
3.3292
3.73474
2.97243
3.50555
3.49199
1.8795
2.767
2.50836
2.20187
2.50258
2.75597
3.02745
3.01976
1.92347
2.86496
2.62306
2.97536
2.34822
2.4196
2.87763
2.82875
2.62411
3.59607
3.09457
2.82115
3.07415
3.08339
2.98656
3.2029
2.8048
3.65931
2.74048
3.17535
3.0766
3.12106
3.04097
3.31609
3.32899
4.06572
2.9605
2.45075
2.80774
3.15572
2.51553
3.22779
3.08698
2.71677
3.50965
3.39743
2.601
2.61076
2.77087
2.65644
3.12094
2.831
2.58173
2.77197
2.34845
3.05569
3.25092
3.1264
3.37031
2.28474
3.29663
3.49275
3.1396
3.46478
3.59992
3.04593
2.87499
3.07427
3.30958
3.11776
3.55402
3.66446
3.34011
3.05903
2.98964
2.98769
3.08366
3.40567
3.13473
2.97724
3.00017
2.93889
2.98585
3.20927
2.99569
3.0277
3.09316
3.02535
3.21045
3.37088
2.90206
3.07971
3.61947
3.33463
2.76899
3.90276
2.66717
3.12198
3.27954
3.46248
2.92182
3.12659
3.99372
3.29662
2.50364
3.26519
3.31187
3.74863
3.18373
3.35957
3.58728
3.2829
3.57282
3.32082
3.32258
3.16666
3.27506
3.29407
2.85841
3.2562
2.29791
2.91073
2.55698
3.70181
3.52188
3.05277
3.51377
3.37681
2.8519
3.17533
3.23343
3.58351
3.91369
3.91723
3.61198
3.1795
3.02024
3.12886
3.38193
3.32368
3.21454
3.24871
3.23604
2.63569
2.99749
2.81898
2.89915
2.85151
2.98917
3.20996
3.36511
3.14547
3.11006
2.5626
3.14944
2.92321
2.73409
3.07098
3.34376
2.97407
3.11625
3.23028
2.93178
3.63079
3.29906
3.53755
2.67665
3.14837
3.63134
3.51103
3.19111
2.8207
3.09483
3.70472
3.01153
3.16662
3.44444
3.23095
3.82953
3.1554
3.41906
3.37791
