1.9382
2.83664
2.44489
2.23995
2.4041
2.57352
2.73171
2.36551
2.67067
2.00621
2.18541
1.88489
2.20335
2.94283
2.78622
2.63897
2.60649
3.19155
2.45516
2.65321
3.4523
3.22509
2.79013
3.1381
3.39399
3.87132
3.09988
2.85726
3.40287
3.48111
3.57525
3.98146
3.48201
3.38384
2.8997
2.72921
3.02404
2.98305
3.09588
3.29827
3.02841
2.7133
3.80868
3.15199
3.52611
2.86962
2.62469
2.58254
2.75699
2.63721
2.94443
2.7159
2.54764
1.66514
2.43741
2.18659
3.2711
1.8844
3.89308
3.57739
3.41646
3.50061
3.8644
3.37084
2.89863
2.89305
3.01787
3.13314
3.69508
3.39223
3.09905
3.51651
3.24303
3.13404
3.19108
3.43747
3.24335
2.86374
3.09846
3.42376
3.14939
2.85921
3.11663
3.25889
2.9774
3.18147
3.15289
3.71422
2.84799
3.56529
3.42891
3.40774
3.06902
3.15171
2.65539
2.78511
3.01989
3.30922
3.1143
3.5026
3.72573
2.84385
2.59353
2.86417
3.0434
4.03147
3.31334
3.1933
3.54642
3.33119
3.15879
3.26055
3.24253
3.0605
3.08822
3.21514
2.84786
3.00183
2.2624
2.65404
3.05774
3.62752
3.64952
3.21918
3.21255
3.19688
2.75997
2.98789
3.03306
3.38243
3.66972
3.8993
3.01483
3.14592
3.07645
2.96554
3.21883
2.79094
3.05467
2.80224
2.9072
2.51477
2.93516
2.82262
2.79908
2.74463
3.11137
3.07103
2.98904
3.06289
3.13272
2.71065
2.43781
2.75928
2.41951
3.07789
3.24757
2.4474
3.13431
2.5965
2.6692
2.91511
3.3062
3.17974
3.40328
2.71566
3.53719
2.84309
2.85742
3.11047
2.78551
3.55266
3.13153
3.05639
3.53754
2.94881
3.27328
3.00881
3.08107
3.50377
1.86683
2.46158
2.48007
2.15189
2.28091
2.57888
2.88429
2.98697
1.81763
2.75425
3.38159
3.3439
2.30877
3.277
2.84621
2.4801
2.61566
3.08105
2.57351
2.46293
3.02589
2.29794
2.52677
3.09856
3.00445
3.9995
2.82596
3.64419
2.83785
3.12122
3.35986
3.77714
3.28651
3.52092
3.10279
2.92065
2.80782
2.97988
2.6338
3.18692
3.29838
2.7219
3.26871
3.40677
2.9227
2.84263
2.78138
2.43711
3.05789
2.48204
2.55527
2.50037
2.05892
3.02823
3.06333
3.61408
3.54587
2.48672
3.26234
3.19475
3.31881
3.15383
3.88334
3.41991
3.27681
3.51865
3.49578
2.9544
3.59392
3.73844
3.09482
3.32365
2.96905
2.96727
3.10164
2.96554
3.02119
2.93846
3.10869
3.2616
2.98852
2.8476
2.83707
3.1459
2.93751
2.9603
3.12399
3.43208
2.68986
3.06337
3.00503
3.12019
3.22986
2.63424
2.69634
2.93515
3.10402
3.17619
3.17555
3.42767
3.26452
3.21045
2.53276
2.79775
3.38253
3.74161
3.453
3.2281
3.43086
3.62052
3.19606
4.22349
2.92631
2.89122
3.05724
2.86322
2.53035
3.0377
2.5519
2.59645
3.18148
3.81201
3.46044
2.93498
3.32032
3.24282
2.90387
3.04124
2.92234
3.01855
3.59539
3.75691
3.1655
3.35298
3.03898
3.28709
3.19529
2.49129
2.86953
2.70814
2.81301
2.36407
3.00514
2.68131
2.80409
2.75518
3.253
3.27055
3.06737
2.8783
2.90632
2.60864
3.3182
2.80578
2.31801
2.90486
2.98362
2.64649
2.62304
2.33594
2.86693
2.7263
3.57352
3.81959
3.35781
2.44132
3.49515
3.05894
2.91681
2.79309
2.96941
3.33669
2.84042
2.6296
3.5089
2.78189
3.65775
2.95683
3.6225
3.86587
