2.01539
2.96742
2.23656
2.30735
2.50192
2.81637
3.43981
2.76777
1.70687
3.09119
2.93103
3.26682
2.46075
2.76119
2.90164
2.55935
2.52178
3.43917
2.72199
2.56014
3.17019
3.18885
2.77349
3.01654
3.44722
3.3225
2.49887
3.10064
2.54446
3.19068
3.34016
3.45481
3.88912
3.70637
3.22269
2.20753
2.43854
3.13474
2.25222
2.79583
3.32061
2.5018
2.69988
3.3067
2.56123
2.72763
2.9241
2.10144
2.51714
2.55396
2.50787
2.46281
1.99291
3.12946
2.89953
3.2306
3.59494
2.30546
2.90897
3.06643
3.90027
3.3174
2.89775
3.47416
2.70923
2.83422
3.31629
3.07041
3.21702
3.42363
2.98834
3.64113
2.9897
3.1996
3.36101
3.18966
3.00716
2.94604
3.00887
3.15518
3.15752
2.95602
2.98389
3.04251
2.89986
2.97238
3.19155
3.24401
2.73527
3.54282
3.70347
3.42283
2.65104
3.56909
2.64366
3.20481
3.3243
3.2661
3.59673
3.54661
2.98469
3.06461
2.89588
2.8493
2.91866
4.34049
3.43128
3.39839
4.5343
3.13125
3.66761
3.76065
3.48733
3.46496
3.20086
3.31485
2.56025
3.14067
2.94098
3.26787
2.88239
3.7901
4.41349
3.12871
3.63614
3.53653
2.83329
3.26424
3.48051
3.96914
3.71925
3.66004
3.3281
3.723
3.19866
3.21713
3.62955
2.73301
3.37128
3.05149
2.93584
2.71691
3.36067
2.75956
2.80368
2.76314
3.14732
3.55472
2.99016
3.31191
3.14969
2.57682
3.58532
2.88089
2.64319
3.51261
2.88242
3.04388
2.96055
2.81108
3.02887
3.23973
3.54612
3.58189
2.88126
3.39807
4.06556
3.23238
2.93141
2.92189
2.96471
3.54655
2.76513
2.95433
3.59256
3.45629
3.61409
3.12035
3.34776
3.50111
2.26229
3.02747
2.40492
2.45405
2.82877
2.81001
3.00248
2.96542
1.79766
2.98601
3.44504
3.24036
2.434
2.6595
2.94907
2.48339
2.57586
3.08663
2.66994
2.54742
2.90355
3.08275
2.3395
2.9262
3.06529
3.39096
3.37112
2.92198
3.34755
3.27362
3.68938
3.81211
3.96365
3.8135
3.18978
2.39415
2.79323
3.05915
2.36346
3.09255
3.09563
2.50481
3.06868
3.15889
3.11363
2.80814
2.60313
2.24456
2.53437
2.76669
2.51378
2.46614
2.16596
3.01176
2.98654
3.35846
3.4539
2.13425
2.84072
3.12653
3.47982
3.42125
3.40129
3.26227
3.27087
3.14455
3.11147
3.15581
3.6307
3.39319
3.17903
3.46916
3.07729
2.83789
2.838
3.0347
3.49628
2.95907
2.99386
3.21662
2.92192
2.99087
3.19986
3.11903
2.83561
3.01136
2.94283
3.55606
2.82395
3.24676
3.60507
3.73517
2.68324
3.49675
2.56879
3.06712
3.23425
3.59228
2.99525
3.34346
3.40369
3.36553
3.02885
2.78104
3.07175
3.7512
3.39668
3.22559
3.95489
3.68932
3.44277
4.09102
3.2167
3.05379
3.25005
2.80031
2.62759
3.25476
2.55367
3.44559
2.94861
3.46092
3.89282
2.72073
3.21375
3.82578
2.99241
3.34675
3.33095
3.3535
3.60274
3.83139
3.423
3.45495
3.33223
2.94486
3.33381
3.10401
2.97874
2.79776
2.91481
2.84357
3.03242
2.72126
2.73545
2.6052
2.9907
3.10284
2.69799
2.87423
2.91455
2.65055
2.85803
2.84719
2.72859
2.36662
2.64049
2.8127
2.67778
3.04602
3.23056
3.62802
3.6778
3.7851
3.08868
3.7162
3.95694
3.32868
2.90823
2.84661
2.83728
4.08291
2.8962
2.75103
3.27807
3.30613
3.36984
3.03393
3.40455
3.63995
