2.03184
2.86474
2.47585
2.32044
2.46481
2.65265
2.93791
2.81935
1.9431
2.93235
2.9046
3.18884
2.32109
2.85468
2.72304
2.84352
2.96981
2.98718
2.59893
2.51909
3.34472
2.87841
3.05278
3.13256
2.99532
4.08555
3.22987
2.99725
3.00886
3.34891
3.50032
4.25036
3.8225
3.16348
3.09788
2.80723
2.59248
3.31846
2.79567
2.93992
2.8941
2.70596
3.71302
3.06058
2.86983
3.19651
3.13957
3.00483
2.81229
2.88729
2.80622
2.69076
2.0863
2.93505
3.28224
3.63848
3.50322
2.47318
3.58185
3.51666
3.52218
3.57656
3.56689
3.32588
3.2623
3.1592
3.26629
3.33553
3.54
3.48567
3.55309
3.94656
3.36356
3.15114
3.79296
3.31773
3.35467
3.4119
3.01233
3.53945
2.77275
3.26006
3.1413
3.17068
3.4406
3.13975
3.42057
3.44637
2.87975
3.44925
3.60638
3.29979
2.86697
3.73996
3.03032
3.16753
3.61696
3.72429
3.18454
3.23307
3.25771
3.1677
2.77645
2.81199
3.08501
4.08571
2.88418
3.80964
4.26409
2.78501
4.19967
4.26676
3.4128
3.3746
3.23886
3.19565
2.7477
3.37899
2.41314
3.5965
2.84705
3.97781
3.90628
2.89871
3.37829
3.73647
3.34771
3.04612
3.45277
3.8626
4.00431
3.24577
3.07112
3.51776
2.96445
2.90813
3.59644
2.9883
3.2439
2.86855
2.98139
2.99318
3.2535
2.69763
2.82396
2.8065
3.27307
3.21624
3.13235
3.16591
3.31487
2.73457
2.79857
3.2127
3.27171
3.10998
2.61909
3.17732
3.03266
2.84963
2.91466
2.95447
3.78606
3.36381
3.53568
3.00903
3.52952
3.79676
3.63638
2.87558
3.42364
3.78156
3.03441
3.37573
3.33356
3.39073
3.57365
3.24031
3.45338
3.40836
2.15117
3.26302
2.77894
2.42884
2.55177
2.71475
3.03737
3.11201
2.00668
2.89108
3.22889
3.20596
2.67791
3.19307
2.81396
2.72172
2.73656
3.04348
2.94308
2.69598
2.99824
3.23821
3.38992
3.21193
2.81189
3.76998
3.1185
3.31024
3.07717
3.062
3.49588
3.83521
3.68955
3.66471
3.11179
2.65684
2.90755
2.94348
2.51824
3.27097
2.92811
2.68978
3.24892
3.56711
2.94351
2.79446
2.61889
2.73496
2.95178
2.47318
2.7685
2.58261
2.20267
3.08728
3.14228
3.54671
3.62414
3.1264
3.23471
3.23904
3.53465
3.66832
3.67251
3.72981
3.54433
3.26774
3.23345
3.52081
3.72835
3.84481
3.34607
3.63324
3.22108
3.10382
3.37031
3.56853
3.4987
3.48019
3.13193
3.22517
3.13722
3.44179
3.19412
3.23472
3.12217
3.0011
3.41994
3.44098
3.1716
3.50923
3.44344
3.07269
2.5356
3.62143
3.14256
3.18404
3.55022
3.2751
3.47833
3.38575
3.76582
3.31471
2.61994
2.92685
2.78772
4.15022
3.13011
3.16271
3.56739
3.33609
3.78635
4.36747
4.10675
2.86767
3.38402
2.83064
2.90779
3.21986
2.3919
3.64961
2.97976
4.01133
4.20628
2.38966
3.34191
4.07966
3.56051
3.42222
3.02274
3.22616
3.83059
3.88055
3.45626
3.59989
3.33769
3.55456
3.32356
2.9849
2.78619
3.23772
2.89458
3.01997
3.22933
2.81006
2.75998
2.83748
2.98574
3.04279
3.21108
2.94262
3.20105
2.81247
3.58464
2.83104
3.53767
2.95922
3.07487
3.34867
3.0901
2.76521
3.16985
3.33402
3.32311
3.83167
3.54313
3.70444
3.53764
3.72758
3.41379
3.03092
3.03343
4.01196
2.97998
2.85313
2.91291
3.36065
3.70298
3.01201
3.47804
3.07602
