1.61514
2.82824
2.33476
2.06817
1.98159
2.30841
2.89087
2.8006
1.73106
2.65752
2.97978
2.98116
2.0796
2.28609
2.54568
2.31917
2.37398
2.87147
2.55715
2.27838
2.63234
2.70467
3.13866
3.02065
3.08735
3.51292
2.80171
2.91938
2.78338
3.19685
3.38682
3.87188
3.32056
3.57966
3.20248
2.38189
2.8136
3.16091
2.4408
2.98743
2.85734
2.61425
3.27469
3.42293
2.92261
2.75488
2.69147
2.46608
2.70172
2.50194
2.6329
2.70584
1.68367
2.87342
3.29816
3.17965
3.37012
2.72659
3.57317
2.98426
3.77829
3.24617
3.51837
3.08784
3.47235
2.93172
3.11512
2.8334
3.19941
3.49971
3.09633
3.23218
2.97379
2.95928
3.10338
3.10004
3.17564
2.7648
2.97166
2.86803
2.96502
2.48929
2.8683
2.95332
2.81903
2.75712
3.19416
3.50009
2.77871
3.48799
3.43524
3.148
2.64989
3.42785
2.5772
2.8747
3.55834
3.40406
3.20258
2.96234
3.07299
3.32001
2.68327
3.00722
2.71139
4.16763
3.21874
3.27967
3.5599
3.32394
3.34799
4.23237
3.67559
3.16284
3.48061
3.08948
2.6119
2.87933
2.00989
3.01311
2.34206
3.33325
3.74797
3.13763
3.14466
3.54832
3.01414
3.00418
3.31501
3.44167
3.66512
3.58859
3.34132
3.37048
3.41418
3.0144
2.98497
2.80235
2.88096
2.9055
3.31918
2.59157
3.06344
2.66399
2.40568
2.61922
3.03871
2.96923
2.91253
2.98075
3.08041
2.31708
3.30814
2.98678
2.71248
3.11268
2.45895
2.70106
3.0159
2.69183
2.49642
3.08488
3.52668
3.38556
3.36238
2.71746
3.48213
3.46883
3.16083
2.79701
2.88411
3.71256
2.78935
3.15537
3.11681
3.23768
3.16581
3.17761
3.02809
3.52794
1.81811
2.61348
2.27322
2.04114
2.10741
2.3696
2.93499
2.77155
1.71721
2.76636
2.77797
3.04055
2.13385
2.34244
2.60521
2.44359
2.27134
3.1053
2.3988
2.51436
2.40988
2.59563
3.0354
3.01322
2.92346
3.61617
3.29839
3.00012
2.57144
2.90577
3.24976
3.3447
3.22366
3.54493
2.87631
2.33897
2.47683
3.13583
2.04721
3.30919
2.97251
2.46812
3.31532
3.32962
2.68583
2.48412
2.54678
2.53288
2.5486
2.51336
2.34374
2.48329
1.88903
2.82534
3.12282
3.08819
3.43822
2.75959
3.45504
3.02826
3.80407
3.31886
3.38553
3.05054
2.91069
3.22584
2.94786
2.97042
3.4341
3.47757
3.30164
3.20441
2.90495
2.85913
2.76101
3.31275
2.94546
2.71717
2.99853
2.83894
2.71842
2.65854
2.81217
2.96191
2.93615
2.96855
3.16427
3.16092
2.96559
3.22178
3.29536
3.11583
2.97193
3.39275
2.80185
2.75409
2.79
2.67221
2.87979
3.00808
3.25596
3.07202
2.39325
3.00251
2.92213
4.34642
3.23649
3.47571
4.32646
3.24095
3.42509
4.34255
3.84329
3.07474
3.18663
2.7235
2.72338
3.41725
2.39963
3.19221
2.35929
3.60829
3.74978
2.66486
3.20171
3.81604
3.12533
3.11495
3.14152
3.44774
3.47803
3.57643
3.06453
3.23631
3.27195
2.63309
3.05142
2.94912
2.82748
2.79445
2.59515
2.82557
3.05935
2.81656
2.55786
2.53892
2.71995
2.94876
2.84293
2.86335
2.72281
2.59837
3.54764
2.53917
2.71359
2.36885
2.38489
2.50949
2.67887
2.64813
2.68472
3.14958
3.5761
3.53005
2.93928
3.28613
3.39026
3.43418
3.11563
3.02559
2.69216
3.5174
2.93411
2.79709
3.04935
2.9847
3.11227
3.11585
3.36388
3.18665
