1.79659
2.95556
2.57481
2.31119
2.39494
2.55784
2.7518
2.79909
1.72592
3.23731
2.80895
3.01575
2.51799
2.40833
2.47075
2.36429
2.58484
3.33551
2.95645
2.7827
2.56243
2.98054
3.10789
2.40317
3.18016
3.91537
2.92448
2.95463
2.6471
3.20115
3.43175
3.77375
3.42694
4.25619
3.14937
2.33996
2.73591
2.98529
2.20261
3.36929
3.53067
2.17362
3.49253
3.34328
2.87314
2.4034
2.51682
2.43506
2.25758
2.50366
2.47418
2.57178
2.319
2.80958
3.10217
3.36407
3.3304
1.81608
3.46836
3.72449
3.44429
3.65019
4.04561
3.3231
3.31594
3.2171
3.35141
3.18478
3.52528
3.74087
3.23181
3.38692
2.88446
3.1564
3.13486
3.62226
3.68088
3.19858
2.65251
3.07165
3.00735
3.44394
2.91392
3.12222
3.71036
3.10668
3.45289
3.43334
2.7806
3.58534
3.65536
3.2852
3.05243
3.71684
2.70137
3.06795
3.52883
3.52834
3.21305
3.20166
3.12323
3.98656
2.91352
3.03723
2.80854
4.06226
3.14166
3.6299
4.0057
3.41832
3.74577
4.16382
3.08372
3.27474
3.39778
2.98071
2.74036
2.74824
2.46826
3.22287
2.78242
3.60889
3.15886
2.68564
3.40342
3.13343
2.95839
2.89194
2.9887
3.1146
3.52428
3.54987
3.47412
3.1145
3.2426
3.10346
3.26667
3.02972
2.94037
3.14285
2.80394
2.50392
2.86703
2.70484
3.01203
2.97655
3.45799
3.14021
2.87213
3.06916
3.11759
2.31274
2.93494
2.96555
2.36335
3.40514
2.74884
2.75198
2.77346
3.19448
2.81534
3.24189
3.27377
3.56693
3.85599
3.23934
3.37554
3.52904
3.25832
3.18546
3.20056
3.41358
2.95261
2.54967
3.35224
3.11539
2.87497
2.7825
3.44307
3.49058
1.8522
2.74475
2.4425
2.22658
2.51215
2.53141
2.67547
3.03182
1.81709
2.91804
3.29642
3.09317
2.19437
2.68523
2.71999
2.4765
2.77977
3.17213
2.98608
2.56236
2.40025
2.86704
2.92505
2.75592
3.23503
3.4239
2.93317
2.78348
3.05497
3.07646
3.66157
3.48976
3.53417
3.60817
2.96314
2.44772
2.68364
3.27839
2.34409
3.29989
3.37389
2.54254
3.13462
3.10881
2.73932
2.50613
2.41618
2.31026
2.83057
2.52592
2.50722
2.43609
2.1999
3.20358
3.01241
3.73603
3.46348
2.3002
3.51053
3.37492
3.59521
4.10881
3.49111
3.80809
2.994
3.39721
3.17962
3.11223
3.89114
3.39978
3.21742
3.45788
3.32378
3.01562
3.37528
3.67711
3.16787
3.10928
3.11653
3.47231
3.21828
2.98756
3.19104
3.09149
3.05708
3.14639
3.19645
3.51311
3.03866
2.98435
3.50053
3.12696
2.58861
3.52692
2.67529
2.90755
3.02064
3.24984
3.12754
3.42605
2.99225
3.4604
2.39272
2.70231
3.07723
4.18265
3.04522
3.22705
3.88835
3.92867
3.61184
4.68507
3.44509
3.05533
3.55487
3.0943
2.68522
2.56309
2.46758
3.81646
2.82726
3.23431
3.31786
2.95673
3.48401
2.62997
3.47725
3.05327
2.98504
3.21495
3.60229
3.11961
3.18727
3.10476
3.32139
3.21193
3.35111
2.81386
3.24394
3.08641
3.11323
2.61948
3.00684
2.79922
2.87766
3.14917
3.3346
2.91773
3.13976
2.96691
3.05757
2.40223
2.62025
2.91353
2.70602
2.4197
2.749
2.75266
2.45653
2.86299
2.88442
3.14379
3.59372
3.99325
2.55587
3.26481
3.57463
3.39937
3.55875
3.00353
2.95682
3.76421
2.73327
2.7518
3.36823
3.37391
2.66652
2.83635
3.46582
3.95032
