1.76037
2.70306
2.27952
2.08242
2.19583
2.42996
3.18908
2.9764
1.55748
3.00728
2.99443
2.91357
2.60509
2.4783
2.86152
2.51862
2.57521
3.02862
2.63356
2.93159
2.79703
2.64974
2.28846
2.86864
3.01755
3.42138
2.85052
3.34005
3.01266
3.05331
3.35112
3.24619
3.05588
3.84305
2.82741
2.33908
2.71064
2.90161
2.36711
2.96399
2.86367
2.46747
3.19112
3.31227
2.66553
2.23293
2.56003
2.42518
2.62491
2.48118
2.35698
2.33835
2.07779
3.31729
3.17411
3.20034
3.12992
2.06032
3.18797
3.28541
3.42061
3.53988
3.48296
3.19805
2.93581
2.89467
3.45977
3.02646
3.74364
3.85743
3.4138
3.43424
3.07009
3.21557
3.05773
3.34307
3.56151
2.88825
2.9739
3.00099
2.70951
2.83217
3.13389
3.17977
2.92486
3.05615
3.45201
3.6085
2.71498
3.46066
3.59034
3.58096
2.87619
3.78538
2.74157
2.98159
3.49329
3.18798
3.05072
3.41564
3.16056
3.21214
2.33738
2.58336
2.9587
3.66654
3.49777
3.60226
4.35029
2.61635
3.69625
4.28841
3.32467
3.09227
3.2516
2.77342
2.72001
3.26919
2.47577
3.22281
2.25345
3.98859
3.795
2.85426
3.37883
3.53209
2.67494
3.23187
3.18518
3.33678
4.00539
3.67497
3.34679
3.14482
2.98049
2.86334
3.3263
2.99799
3.22809
3.01234
2.96086
2.72243
3.0797
2.65685
2.94188
2.7585
2.82928
2.98386
3.0944
3.13607
3.10062
2.50377
3.25573
2.97965
2.66331
2.78149
2.76758
2.67324
2.95982
2.59341
3.03783
3.44997
3.26696
4.12394
2.89725
3.52275
3.56884
3.28006
2.97912
3.04448
3.28771
3.5849
2.76158
2.68305
3.32069
2.93214
3.55727
3.13197
3.40205
2.80716
1.84396
2.73222
2.17777
2.13652
2.22605
2.55182
2.92391
2.94109
1.54702
2.89351
2.53002
2.90883
2.42707
2.30914
2.55268
2.52468
2.64147
3.30661
2.66991
2.72867
2.97157
2.84444
2.63528
2.88289
3.20243
3.94356
3.18478
3.02383
2.89095
3.28659
3.14597
3.59824
3.44792
4.18607
3.0759
2.34056
2.59892
3.0467
2.42766
3.07394
3.29002
2.56355
3.27655
3.37075
2.60764
2.37703
2.59497
2.63635
2.62103
2.62917
2.33722
2.47117
1.92465
3.04212
2.94049
3.03693
3.65958
2.03119
3.79943
3.30661
3.53985
3.18142
4.00738
3.22753
3.06517
3.00611
3.34771
2.97169
3.55027
3.90023
3.30871
3.70621
3.05868
3.31638
3.01197
3.14979
3.27459
2.96958
3.08114
3.15249
2.87311
2.62886
2.96661
2.90742
2.99037
3.02623
3.06371
3.54289
2.73281
2.98173
3.63847
3.5724
3.01778
3.56967
2.83677
3.04826
3.34426
3.29054
3.02839
3.11782
3.48375
3.09974
2.55812
3.06917
3.09394
4.08628
3.2562
3.34727
3.82306
3.44667
3.58766
4.42927
3.45991
3.04668
3.3695
2.63216
2.94511
3.52059
2.21804
3.03674
2.21458
4.24169
3.2608
2.72286
3.18121
3.26353
3.04407
3.22139
2.98701
3.52716
3.79207
3.58018
3.36619
3.35412
2.92968
3.24187
3.17605
3.17735
3.19108
3.3667
2.74153
2.57842
3.0826
2.95997
2.85864
2.7047
2.924
2.9336
3.40791
3.13744
3.06009
2.35524
3.27408
3.17973
2.67376
2.91448
2.77185
2.89684
2.88126
2.72205
3.00309
3.98431
3.46253
3.86803
2.71652
3.49786
3.40075
3.35599
3.25467
2.95837
2.74476
3.47528
2.68282
2.51376
3.27087
3.05447
3.86587
3.27494
3.16219
3.88253
