1.80362
3.08228
2.49634
2.37759
2.50703
2.88509
3.27308
2.7301
1.48009
2.84963
3.05347
2.9268
2.43769
2.57852
2.69283
2.7557
3.17011
3.38105
2.59747
3.08183
3.40346
2.9142
2.94476
3.29112
3.3625
3.87167
3.30453
2.90915
3.09868
3.12166
3.53829
3.91511
3.27868
4.13941
3.06751
2.50382
2.685
3.25938
2.27373
3.30984
2.97314
1.95628
3.40427
3.19332
2.94281
2.43093
1.98535
2.51343
2.49035
2.53723
1.66979
2.48796
2.0723
1.84432
2.66669
3.52872
3.62998
2.2838
3.5816
3.38117
3.65655
3.43352
4.18956
3.26935
2.89237
2.87411
2.84727
2.99236
3.75383
3.52132
3.31294
3.26871
2.9639
3.49451
3.11919
3.26328
3.1662
3.03524
2.82107
3.29456
3.20731
2.86618
2.76467
3.13336
3.123
2.97251
2.98291
3.46353
3.07179
3.37405
3.35564
3.12058
2.6452
3.20069
3.02256
3.03822
2.37153
3.26348
3.40625
3.46537
3.875
3.68193
3.0189
3.10564
3.443
4.21495
3.02504
3.55675
3.86118
2.43471
3.6698
4.03647
3.38127
3.0339
3.56795
2.74981
2.78256
3.31814
2.73269
3.57499
2.84466
3.4448
3.90789
2.88854
3.43106
3.87303
2.90319
3.61706
3.26309
3.40153
3.67424
3.9605
3.36766
3.35368
3.02851
3.27278
3.53033
3.26678
3.11209
3.36841
3.05122
2.62819
3.06947
2.81163
2.91939
2.82982
3.28486
2.8248
3.03541
2.98715
3.18924
2.77587
3.45836
3.17061
3.14714
2.83522
3.08674
3.19544
3.27055
3.01494
2.69574
3.26454
3.53519
4.27624
3.52352
2.86722
3.49763
3.54826
3.41923
3.0443
3.12361
3.76788
3.29062
3.05675
3.10209
3.42512
3.42141
3.14875
3.54384
3.85565
1.61722
2.68331
2.51563
2.10341
2.4642
2.73289
2.96942
2.96553
1.75457
2.99092
3.44188
3.17659
2.51719
3.03389
2.86876
2.6235
2.82805
3.28939
2.48594
2.55753
3.0515
3.24979
3.22751
3.17108
2.89076
2.59841
2.82492
3.16535
2.90227
3.19955
3.23317
3.75241
3.32755
3.36784
3.06835
2.49776
2.6995
3.09361
2.05534
3.44835
3.50684
2.0051
3.22829
3.22205
2.54343
2.65681
2.16963
2.88562
2.61462
2.71017
2.49078
2.45479
2.08607
3.16893
3.09672
3.68778
3.15128
2.56422
3.55653
3.31978
3.27606
3.66529
4.0003
3.29392
3.38606
2.67285
3.37048
3.10234
3.52885
3.48769
3.31096
3.3151
3.04274
2.83189
3.10152
3.23591
3.03329
2.94243
3.30682
2.94938
3.12899
2.85907
3.08736
3.06692
3.03729
2.92269
2.97971
3.41682
2.80759
2.98492
3.1036
2.77674
2.41693
2.84041
2.80836
3.08353
2.83643
3.66675
3.28606
3.37191
3.65883
3.50936
3.11313
3.10858
2.88746
4.1799
3.88766
3.4133
3.72894
3.27218
3.26483
3.90866
3.41772
3.00045
3.13504
2.90291
3.04303
3.52363
2.61737
3.25674
2.73168
3.70243
3.95696
3.01027
3.64037
3.70463
3.7433
3.38086
3.2948
3.28639
3.64215
3.82965
3.27302
3.11788
3.05884
3.19451
3.42479
3.1189
3.16943
3.20536
2.90559
2.6902
3.1546
2.73248
2.68149
2.73177
3.27888
3.21464
2.99908
3.34421
3.1465
2.76008
2.30637
3.06516
3.22157
3.02155
2.65442
2.73998
2.78405
2.71281
3.01547
3.38699
3.44195
3.13863
2.72026
3.17575
3.29272
3.51845
3.09123
2.94342
3.37337
4.09639
2.99083
3.03894
3.53282
3.48914
3.56414
3.16396
3.50891
3.65991
