1.93613
3.05236
2.91385
2.36228
2.40832
2.61414
2.99096
2.97828
1.94787
3.01673
3.30659
3.46316
2.31299
2.69554
2.6311
2.43971
2.69938
3.15647
2.56237
2.42803
3.09455
2.79791
2.6435
2.62607
3.2125
3.80011
3.18336
2.93277
2.90174
3.5406
3.49876
3.28028
3.33619
3.54289
3.07127
2.8323
2.6476
3.19677
2.66614
3.16916
2.96872
2.77652
3.24441
3.4502
2.78747
2.76152
2.91569
3.01318
2.82136
2.6829
2.65317
2.74764
2.35344
3.20661
3.10181
3.36812
3.14762
3.19054
3.79202
3.33118
3.62856
3.72305
3.82811
3.35621
2.78019
3.21968
3.20521
3.07932
3.54837
3.51367
3.2809
2.8316
3.0832
3.19642
3.32934
3.3052
3.313
3.13234
2.95376
2.8614
3.08902
2.94503
2.81055
3.18065
3.17035
2.9411
2.98451
3.47293
2.64861
3.39557
3.81745
3.55381
2.68392
3.43137
2.8284
3.05989
2.8938
3.47279
3.5186
3.66854
3.05047
3.21886
2.43631
2.76058
2.92545
4.02739
3.00197
3.5615
4.07077
2.57292
3.75464
4.33974
3.68215
3.06545
3.46594
3.05243
3.06425
2.98641
2.17309
2.98886
2.6823
3.61236
3.1024
2.90086
3.08394
3.44388
2.69721
2.87719
3.18643
3.38088
3.27188
3.69224
3.27413
3.09103
3.04566
3.43598
3.22914
2.94239
3.19355
3.18294
2.87136
2.78947
2.93493
3.10813
2.95056
2.76329
2.96606
3.19117
3.1043
3.09507
3.00067
2.40155
3.2616
2.78499
2.45633
3.01899
3.01723
2.76523
2.99281
2.69688
3.045
3.08191
3.21665
3.77506
3.04173
2.97284
3.59355
3.70111
3.20495
2.89092
2.74264
3.36852
2.34846
2.38121
3.25874
2.79251
3.43159
2.9427
3.46383
3.79335
1.95615
2.76686
2.89014
2.43818
2.49019
2.73332
3.10758
2.91559
1.93559
3.07173
3.67535
3.08183
2.3578
2.734
2.7626
2.33651
2.83696
3.36204
2.34501
2.33756
3.04466
2.62368
3.21859
3.12241
3.00572
3.89353
3.28222
3.32264
2.89114
2.9885
3.2567
3.37065
3.47354
3.7137
2.9831
2.49983
2.66244
2.84108
2.56593
3.17609
2.98123
2.60008
3.74001
3.57953
3.07121
2.80564
2.9938
2.67546
3.14737
3.13364
2.93801
2.6632
2.13848
3.04384
3.36146
3.39177
3.33244
3.18548
3.35304
3.07972
3.11134
3.92441
3.69052
3.15608
2.81969
3.00298
3.41436
3.13246
3.51074
3.73722
3.14626
3.09807
3.27378
3.0609
3.12104
3.96415
3.42041
2.94314
2.8667
2.81973
2.77823
2.71007
2.87599
3.09308
2.92509
2.89631
2.97109
2.98866
2.91582
2.99908
3.60491
3.05818
2.64168
3.31649
2.87398
3.23542
3.10792
3.49644
2.97351
2.85432
3.217
3.03445
2.97432
2.90822
3.13302
4.30097
3.33534
3.58702
3.78863
3.19822
3.56314
4.25016
3.06386
2.86573
3.04309
2.70446
2.87472
2.75037
2.13026
3.17733
3.05246
3.89721
2.87828
2.68035
3.30476
3.41121
3.45073
3.04933
2.98305
3.01853
3.43117
3.42984
3.30452
3.11701
3.26275
3.03418
3.22315
2.94034
3.14287
3.16677
2.79291
2.72565
2.98685
3.22947
3.01022
2.79803
3.07186
3.09571
3.30089
3.17685
2.89773
2.86542
2.82863
2.6487
2.78161
2.9521
2.76424
2.53825
2.20806
2.8984
2.77598
3.51015
3.06375
4.02376
2.88311
3.15217
4.12691
3.51503
3.33923
2.85154
2.97408
3.34961
2.83873
2.67307
3.35039
3.08583
2.90979
2.65535
3.39698
3.37113
