1.97389
2.59507
2.5346
2.39727
2.60796
2.64832
3.00177
3.05593
1.70349
3.41955
2.88167
2.94436
2.50122
2.10757
2.74005
2.73755
2.72828
3.17116
2.58381
2.81461
3.35618
3.66244
2.48121
3.38118
3.27898
3.24137
3.32831
2.97048
2.9902
3.19132
3.43974
3.75309
3.55596
3.7997
3.1834
2.42005
2.84726
3.20066
3.0842
3.42283
3.67284
2.52259
3.46117
3.20786
2.97473
2.59417
2.65274
2.42314
2.55921
2.89378
2.58455
2.52346
2.33608
2.78887
3.47085
3.25134
3.64057
1.83266
3.76595
3.47701
3.86349
3.89709
3.94152
3.29105
2.95738
2.86514
3.48006
3.33239
3.73493
3.31329
3.26699
3.4991
3.36133
3.40671
3.34939
3.66089
3.44048
3.2889
3.14639
3.26197
3.08241
3.00818
3.44246
2.96993
2.86517
3.24907
3.15663
3.29827
2.67614
2.924
4.01432
3.45955
3.13799
3.83304
2.78131
3.17455
3.34376
3.07978
3.50569
4.11816
4.32713
3.61684
2.99255
3.14797
3.48535
4.27306
3.8702
3.43868
3.95159
3.00135
3.65179
4.37655
3.77611
3.29768
3.92342
2.86016
2.58286
3.35588
2.26618
2.72064
2.32559
3.53197
4.60714
3.3989
3.64747
3.26653
2.91982
3.53102
3.42894
3.22247
3.87735
4.26746
3.42243
3.1787
3.2641
3.30278
3.36634
3.08076
3.4356
3.07084
2.57805
2.94158
3.22622
2.55293
3.06103
2.98542
3.6631
3.69482
3.02983
2.8798
3.29589
2.87877
3.0469
2.93587
2.85867
2.88911
3.26541
2.74902
3.3124
3.33822
2.69781
3.79007
3.37748
3.41272
3.29511
3.50717
4.08199
3.67562
3.35399
2.9321
2.89762
3.90557
3.08411
3.18394
3.55302
3.33626
3.63204
3.34473
3.95774
3.85003
2.09587
2.68208
2.55017
2.24837
2.51379
2.68157
3.36712
2.95362
2.06155
3.57416
3.49004
2.97962
2.30003
2.83107
2.60872
2.48927
2.68359
3.29231
2.76995
2.8166
2.95897
2.83608
2.75803
3.43932
3.33514
3.75427
2.95546
3.44789
3.19959
3.20649
3.10518
3.45548
3.89235
3.48856
2.83305
2.76837
2.775
2.87885
2.53552
3.01484
3.90033
2.53314
3.40704
3.25855
2.7686
3.01509
2.59586
2.76192
2.77845
2.74873
2.56501
2.41687
2.27462
3.29668
2.78741
3.05864
3.75625
2.96064
3.94793
3.53408
3.83449
4.08177
3.72831
3.56355
3.47801
3.25539
3.13619
3.19152
3.55724
3.52388
3.15851
3.29904
3.26713
2.97617
3.57409
3.99539
3.59293
3.33671
3.1494
3.20772
3.24819
3.21099
3.20036
3.00298
3.18997
2.95498
2.99202
3.50279
3.13049
2.88886
3.28544
3.17619
3.18959
4.10201
2.33219
3.11095
3.33207
3.08692
3.446
3.73876
3.55862
3.81816
2.71286
2.7325
2.9659
4.29624
3.97309
3.30421
4.42019
3.26613
3.87637
4.23903
3.56692
3.66243
3.72101
2.96057
2.55106
3.45142
2.40818
3.37209
2.72717
3.33803
4.41415
3.08261
3.39474
3.3029
3.31706
3.77917
2.82861
3.18378
3.99786
3.92437
3.43606
3.18451
3.5537
3.42405
3.57029
3.28329
3.22531
3.42615
2.56528
2.88224
3.1599
2.36664
2.44627
2.71969
3.33799
3.18236
3.25994
3.22945
2.93501
2.31517
2.63042
3.12188
3.04933
2.96095
3.08958
3.08791
2.5177
3.22191
2.85928
3.7973
3.48679
4.04
3.86003
3.70118
3.76328
3.80879
3.02963
3.01559
2.93272
3.67064
3.14386
3.22213
3.61519
3.33478
3.65026
3.14803
4.14715
3.89874
