2.06033
2.76212
2.4795
2.23158
2.49279
2.54117
3.4603
2.81513
1.66407
2.87033
2.85977
3.2589
2.44058
2.48542
2.70016
2.4832
2.57314
2.94535
2.34795
2.78751
2.47231
2.86694
2.5926
3.13493
3.03326
3.55634
2.76732
2.77073
2.993
3.19992
3.13732
3.54751
3.78383
3.5564
2.87174
2.77291
2.86156
2.99094
2.63216
2.92326
3.01939
2.78955
3.22647
3.13605
2.63988
2.56057
2.90134
2.55436
2.89413
2.59204
2.52611
2.50981
2.11774
2.94365
3.17235
3.11787
3.48272
2.14252
3.52566
3.05565
3.0573
3.72433
3.57826
2.85238
2.60559
2.80351
3.0138
3.15762
3.50375
3.34545
3.10571
3.26424
3.03554
2.82772
3.0734
3.15395
3.19218
3.07743
3.00331
2.93774
2.94344
2.97891
3.01019
3.07379
3.25787
3.11099
3.0152
3.47384
2.97205
3.71542
3.77791
3.09669
3.00414
3.37744
2.30449
2.9367
3.08763
3.19615
2.97486
2.92632
3.20992
2.83347
2.79869
3.0704
3.22507
3.60796
3.10904
3.45071
3.4955
2.94322
3.68953
4.50289
3.40383
3.18702
3.23086
2.76799
2.71729
2.90604
2.06947
3.04947
3.16368
3.41862
3.73685
2.98441
3.51663
2.69731
3.00947
3.13812
3.29948
3.30115
3.72177
3.55125
3.51801
3.33127
3.42543
3.08672
3.20816
2.89763
3.24854
2.94664
2.98753
2.73727
3.06228
2.76441
2.70762
2.82935
2.96344
2.95919
2.82641
2.90047
2.95474
2.79754
2.28096
2.65353
2.798
2.55623
3.0883
2.64214
2.80093
3.0257
2.85387
2.70076
3.55694
3.9594
3.15564
3.4269
3.3264
2.95988
3.0927
2.90097
3.20578
3.50316
3.0138
2.8188
3.13461
3.20984
3.10927
2.88116
3.01631
3.55802
1.98503
2.49785
2.6492
2.21494
2.41697
2.50757
2.83513
2.72833
1.85582
2.85816
2.76972
2.75398
2.35554
2.37448
2.94232
2.68724
2.6523
3.3763
2.58194
2.33482
2.31544
2.55863
2.61979
2.58849
2.896
3.08949
2.86144
3.18926
2.95797
2.94038
2.99192
3.33396
3.37143
3.94269
3.41031
2.64028
3.18372
3.07471
2.35253
3.1149
2.89604
2.8269
3.58417
3.04274
2.68497
2.81026
2.6956
2.4432
2.65937
2.69135
2.71708
2.56736
2.12533
3.00583
3.06864
3.02415
3.18748
2.19227
3.46517
3.03883
2.77515
3.09537
3.30347
2.71919
2.67581
3.78069
3.29736
3.01405
3.2814
3.47189
3.12561
3.38062
2.94827
2.89218
3.08527
3.38418
3.27918
3.11513
2.87118
3.01585
3.11928
2.99516
3.0925
2.97987
2.8328
2.8363
3.0075
3.31914
2.97784
2.94601
3.94881
3.06636
2.79372
3.09711
2.7043
2.92258
3.05351
3.37178
3.00288
2.89904
3.25825
2.81815
2.78689
2.62967
2.78952
3.66642
3.1133
3.33707
3.80283
3.2349
3.33739
4.19802
2.99943
2.90574
3.1811
2.84466
2.67854
2.90521
1.88123
2.58387
2.69809
3.41001
3.30287
2.49376
3.15789
2.98837
2.95389
3.27088
3.04898
3.0637
3.63505
3.5001
3.38775
3.18881
3.43934
3.03533
3.41456
2.95271
3.00289
3.10077
2.84597
2.90758
2.88051
2.84715
2.64971
2.92074
2.86843
3.27977
2.94183
3.05021
3.10573
2.57662
2.35687
2.66893
2.59045
2.39877
2.88074
2.41027
2.79314
2.74567
2.9175
3.46154
3.0648
3.3312
2.4101
3.07535
3.54092
3.19545
3.0931
2.82401
3.25561
3.67723
2.9792
2.52566
3.04037
3.30346
3.46529
2.99471
3.31397
3.17422
