1.96909
2.92059
2.45129
2.27462
2.48077
2.89582
3.58768
3.08993
1.71677
3.23943
2.72876
3.34492
2.39557
2.72659
2.62762
2.63686
2.41198
3.44486
2.65872
2.58993
2.81544
2.53563
2.71487
2.94062
3.43514
3.72047
3.14834
3.01988
3.0857
3.31603
3.27162
3.61889
3.17244
4.02199
2.91678
2.70515
2.98059
2.93517
2.5105
3.26271
3.22984
2.52457
3.5332
3.62878
2.90522
2.4829
2.63536
2.58172
2.54118
2.62908
2.47387
2.45644
2.10125
3.12238
2.87833
3.26246
3.45549
2.39466
3.77157
3.47142
2.90842
3.54258
3.72585
2.95219
2.82491
3.59162
3.59103
3.14989
3.45759
3.72977
3.06298
3.35408
3.12886
3.23375
3.47791
3.22901
3.28545
3.10051
3.0341
3.16336
2.98211
3.10939
3.28765
3.28883
3.22802
3.12101
3.152
3.23856
3.37059
3.19006
3.74568
3.77494
2.46365
3.69784
2.45703
3.13169
3.2445
3.43153
3.31192
3.43135
3.57499
3.36747
2.56007
2.83011
2.86575
4.15939
3.1715
3.47785
4.29213
2.49202
3.43166
4.55262
3.46972
3.24704
3.43353
2.74963
2.78195
3.3226
2.1714
2.9862
2.75268
3.6162
4.14922
2.72949
3.26477
3.38754
2.84861
3.38803
3.17661
3.33244
3.87004
3.85508
3.22953
3.2199
3.18176
2.99203
3.31444
2.97034
3.02923
2.83145
2.82326
2.7065
3.35376
2.96599
2.94431
3.01947
3.08989
3.12149
3.0873
3.05141
3.19223
2.3595
3.01375
2.88889
2.67717
2.81596
3.08907
2.89789
3.14387
2.76962
2.71055
2.83346
3.69621
3.54852
2.81804
3.32617
3.34468
3.49604
3.02748
3.14004
3.33631
3.52552
2.72895
3.02274
3.44164
3.2682
3.11488
3.20942
3.36015
3.1886
2.00902
2.94765
2.66799
2.2863
2.53166
2.66719
2.91924
3.13676
1.90349
2.95718
3.03434
3.19075
2.28108
3.00095
2.90019
2.51716
2.55548
3.22629
2.69212
2.82118
2.89176
2.80002
2.7266
3.06143
3.57053
4.00725
2.74026
3.23013
3.02053
3.11024
3.50015
3.60403
3.28587
3.79682
3.18178
2.69955
2.80867
3.12777
2.77482
3.58768
3.2922
2.54464
3.44314
3.46813
3.05771
2.91794
2.66852
2.74902
2.74004
2.49144
2.57419
2.50801
2.23212
3.2986
3.32624
3.74564
3.75683
3.1226
3.74768
3.66851
3.45761
3.55178
3.77626
2.83543
3.36565
3.65538
3.45004
3.20173
3.5589
3.87808
3.4216
3.51372
3.05987
3.27614
3.35066
3.2839
3.46797
3.01177
3.22738
2.916
2.9678
2.91855
3.25027
3.16996
3.10572
3.03536
3.04253
3.67362
3.10765
3.31154
3.8279
3.81949
2.78602
3.19244
2.61459
3.20264
3.34537
3.86983
3.29667
3.29573
3.33275
3.60311
2.65267
3.18999
3.30538
4.03333
3.54075
3.51081
3.49438
3.52415
3.52285
4.32166
3.53644
3.27187
3.39134
3.03895
2.94362
3.4491
2.19263
2.81562
2.78717
3.86333
4.26751
3.04482
3.24294
3.05555
3.36712
3.19194
3.15233
3.38129
3.67152
3.60362
3.40371
3.17141
3.31428
3.44669
3.14162
3.09556
3.13609
2.8027
3.0772
2.68996
3.4638
2.76251
2.57103
2.99516
3.23517
3.18372
3.05301
3.03516
3.22676
2.55003
2.52344
2.9098
3.12074
2.92647
3.08792
3.13633
3.34175
3.30164
2.87658
2.80011
3.81904
3.98363
2.74662
3.1227
3.49135
3.66227
3.34613
2.88322
3.33173
3.52772
3.04914
2.77874
3.51534
3.14761
3.09805
3.14244
3.68979
3.86281
