1.97687
2.83849
2.23839
2.12831
2.29531
2.50961
2.73073
3.23272
1.89742
3.05499
3.09955
3.13435
2.49877
2.71346
2.91427
2.87097
2.84658
3.42401
2.77026
2.41727
3.14612
3.07991
2.97049
3.35773
3.49372
3.76098
3.38331
3.27616
3.30509
3.58523
3.50941
3.67791
3.71391
4.12489
3.35202
2.72755
2.98203
3.3191
2.72278
3.35341
3.63915
2.75145
3.55353
3.51974
2.87202
2.61742
2.8465
2.66395
3.37958
3.06626
2.92989
2.7177
2.18255
3.50015
3.07941
3.44754
3.63917
2.35715
3.7136
3.92802
3.73441
3.42696
4.09539
3.14065
2.76689
2.55185
3.45446
3.20716
3.47222
3.56861
3.13064
3.11999
3.13417
3.38711
3.39739
3.16383
3.12413
3.44895
3.19672
3.49828
2.8559
2.68252
3.08195
3.14294
3.13057
2.90292
3.32637
3.42466
2.6906
3.06521
3.6427
3.45304
2.84135
3.99884
2.72537
3.11535
2.62573
3.53431
3.54308
3.42832
3.61971
3.60198
2.6159
2.92354
3.08445
4.24276
2.78964
3.60096
3.94024
2.65393
3.41732
4.37721
3.43482
3.38028
3.23559
2.97144
2.92816
3.58783
2.52269
3.66083
2.31619
4.00193
3.76196
2.87661
3.76546
3.80789
2.96779
3.44281
3.46052
4.07409
3.73125
3.79978
3.77512
3.49651
3.19142
3.17727
3.74045
3.26921
3.76039
3.05733
2.79856
2.55378
3.07434
3.13089
3.14673
2.8682
3.463
3.20465
3.29211
3.2656
3.46625
2.77845
3.23327
2.77171
3.00403
3.44809
2.82516
2.51987
2.67964
2.67982
3.10852
3.51231
3.48991
4.11222
3.37114
3.37825
3.63491
3.53067
3.30874
3.04768
3.29533
4.24234
2.75821
3.11292
3.63991
3.20172
3.49257
2.64346
3.57026
3.7334
2.04572
2.53667
2.61231
2.21401
2.53563
2.72745
3.32162
3.32984
2.0892
3.16487
3.88756
3.08792
2.52541
3.04371
2.9106
2.56709
2.82781
3.83044
2.66735
2.91392
2.92322
2.66784
2.84
2.50146
3.16187
3.82921
3.23571
3.44737
3.06626
2.92058
3.2889
3.64821
3.47306
4.11578
3.2733
2.60516
2.99778
3.12107
2.58377
3.43013
3.49366
2.75875
3.69821
3.49237
2.80477
2.80806
3.00534
2.26688
3.04896
2.72762
3.12043
3.03162
2.38215
3.3809
3.39706
3.89043
3.52505
2.73759
3.38097
3.6235
3.89727
3.7443
4.27987
3.21237
2.91394
2.8645
3.48637
3.16174
3.73948
3.85918
3.35962
2.99063
3.57526
3.46329
3.05213
3.60843
3.05023
3.36317
3.48277
3.56261
3.14899
2.84799
3.39431
3.15522
3.202
3.13833
3.1303
3.30683
2.66062
3.25447
3.49231
3.13019
2.91581
3.56135
2.93128
3.4809
3.48486
3.25368
3.6692
3.58679
3.06891
3.39962
2.96525
3.37364
3.13815
4.01529
2.98882
3.58414
3.78913
3.68575
3.76827
4.55133
3.45335
2.93802
3.51357
3.49128
3.05178
3.73713
2.08258
3.19111
2.4241
3.81243
3.84319
2.84326
3.7455
3.3555
2.90101
3.01938
3.4216
3.01135
3.85826
3.89505
3.60203
3.31167
3.47872
3.13398
3.26071
3.1937
3.25783
3.19813
2.92223
2.5228
2.85976
3.17293
3.02736
2.76439
3.45707
3.33823
3.27571
3.18974
3.63142
2.76513
3.07781
2.84758
2.79422
3.32901
3.01262
2.73863
2.64148
2.68296
2.9948
3.39138
3.59264
3.33417
3.32972
2.89896
3.40365
3.74203
3.19481
2.56578
2.81568
4.1875
2.78732
2.87103
3.55305
3.21392
3.4797
3.01459
4.10043
4.56889
