2.02267
2.53857
2.48047
2.30836
2.50928
2.61312
2.8795
2.91539
1.87725
2.99078
2.94484
2.72853
2.49555
3.41572
2.78034
2.52662
2.47588
3.29572
2.51187
2.83584
3.25575
3.07823
2.55482
3.08015
3.44806
3.7936
3.20498
3.18161
3.02504
3.37689
3.73825
3.70966
3.79168
3.63647
3.2549
3.13424
2.85526
3.02312
2.58723
3.35416
3.4027
2.42478
3.8504
3.46003
3.04546
2.56119
2.8053
2.35033
2.5854
2.55231
2.38828
2.51203
2.12887
2.88707
3.13345
3.36014
3.48607
3.82441
3.94203
3.454
3.4032
3.61591
4.09475
3.12509
3.12182
2.74677
3.45957
3.06699
3.76285
3.6529
3.22806
3.56393
3.26733
3.64577
3.388
3.30096
3.22187
3.22106
3.50099
3.28614
2.97864
2.75091
2.79642
3.02786
3.27652
2.97768
3.11485
3.03363
3.12577
2.71434
3.43703
3.3311
2.92042
3.47611
2.91378
2.99451
3.26363
3.53269
3.70443
3.57751
3.41334
3.64862
2.9787
3.34904
3.00521
4.02183
2.93079
3.59104
4.20765
2.99359
3.66395
4.30736
3.6172
3.30295
3.40402
3.15527
2.77489
2.88599
2.24204
2.79914
2.88995
3.24683
3.50054
2.93868
3.47705
3.13544
2.85881
2.98178
3.73248
3.72124
3.51147
3.45095
3.13131
3.30931
3.36322
3.20717
2.8997
2.82974
3.29051
2.8734
2.92655
2.79087
3.19481
2.85491
3.02994
2.7093
2.95886
2.8781
2.90703
3.02777
3.30767
2.81498
3.34372
2.84759
2.64018
2.96198
2.88797
2.96888
2.60063
3.01237
2.99228
3.10622
3.44354
4.2987
3.0747
3.0337
3.51912
3.73996
3.03221
3.16975
2.72246
3.54987
3.19611
3.02607
3.27611
2.9765
3.33971
3.14397
3.29403
3.79584
1.82494
2.76166
2.74189
2.3248
2.65401
2.54355
3.0283
3.08942
1.72095
3.42629
3.02709
2.97987
2.32672
3.0205
2.79672
2.86607
2.44965
3.02117
2.75702
2.83223
2.58459
2.74308
2.67992
3.12735
2.7986
3.96442
2.89535
3.25736
3.33307
3.17519
3.53873
3.99653
4.1127
4.06771
3.0094
2.62627
3.19308
3.47602
2.50951
3.41823
3.38794
2.52008
3.42604
3.42001
3.19309
2.91787
2.42777
2.94137
2.67193
2.69916
2.21751
2.49321
2.29561
3.05366
3.44288
3.6573
3.17855
3.40872
2.8981
3.55783
3.57438
3.7136
3.703
3.29069
3.42392
3.6233
3.45619
3.25076
3.63696
3.6837
3.64271
3.17344
2.93176
3.47381
3.24395
2.87674
3.11102
3.09294
3.3074
3.26439
3.08764
3.0685
2.74964
3.26066
2.94178
2.9905
2.98284
3.12843
2.94496
2.98885
3.441
3.52727
2.94425
3.4658
2.83566
2.99665
3.41199
3.37441
3.11264
3.27538
3.45272
3.29971
2.96559
2.74812
3.02488
4.31877
3.35978
3.40175
3.86783
3.71439
3.80292
4.37847
3.56979
3.26963
3.77088
2.73875
2.57326
2.71301
1.98401
2.96275
2.69358
3.11706
3.87379
2.85916
3.45333
2.84564
3.02584
3.17743
3.14764
3.22676
3.25128
3.5715
3.30542
2.90429
3.46383
3.0566
3.41059
3.24072
3.26317
2.98267
3.11747
2.61698
3.41957
2.57346
2.67623
2.64678
3.07137
2.85788
2.96977
3.05553
3.07244
2.84796
2.31884
2.68116
2.68768
3.09905
3.27408
3.01841
2.66054
3.02881
2.97177
3.67756
3.34054
3.85004
3.31137
3.00391
3.7478
3.23568
3.122
2.88189
2.9471
3.29014
3.00616
2.97607
3.33412
3.15863
3.79972
2.8425
3.77769
3.13007
