1.98151
2.722
2.74616
2.38609
2.59799
2.85337
2.95722
3.09411
2.02347
3.17462
2.9679
3.2834
2.94952
2.58221
3.11591
2.70861
2.79114
3.79078
2.95485
3.09854
2.93088
3.41787
2.98385
3.27359
3.2595
3.87436
3.59713
3.06934
2.71278
3.07351
3.78676
3.91398
3.99285
3.98275
3.03263
2.836
3.18582
3.13295
2.88125
3.0982
3.57312
2.4929
3.32662
3.54738
2.84579
2.61614
2.59274
2.58183
2.41103
2.4708
2.85935
2.87131
1.97114
3.29057
3.49089
3.34034
3.90426
2.62943
4.19634
3.42529
3.36769
3.6609
3.95377
3.53416
3.53244
3.32318
3.45093
3.34548
3.62607
3.95303
3.3904
4.03826
3.20042
3.62715
3.48679
3.43125
3.46186
3.30085
3.44683
3.59126
3.10139
3.25537
3.10496
3.33258
3.2188
3.19517
3.8562
3.83454
3.20584
4.07778
3.68315
3.99724
3.1299
3.86716
2.57509
3.22032
3.66471
3.54491
3.44018
3.62342
3.75569
3.84593
2.73235
3.29288
3.32161
3.77677
3.58066
3.75763
4.02425
3.57677
3.6595
4.44412
3.51167
3.49848
3.43113
3.01448
2.89112
3.04804
2.13864
3.05352
2.92609
3.64435
4.28278
2.95261
3.84881
3.14818
3.1084
3.36212
3.39509
3.82457
3.94073
4.16586
3.58733
3.2057
3.78363
3.3594
3.0862
3.18587
3.52537
3.1446
2.83684
2.76991
3.6669
2.78269
2.9666
2.99417
3.3624
3.22603
3.2063
2.99034
3.29361
2.8693
3.066
3.43782
2.75105
2.7954
3.1954
3.04053
2.97244
3.33192
2.80824
3.77063
3.48619
3.49472
3.34228
3.89012
3.6915
3.52964
3.13942
3.09829
3.36743
4.00737
2.98233
2.74616
3.65325
3.89036
3.60131
2.83037
3.46217
3.85001
1.91692
2.90902
2.66466
2.49278
2.81878
2.79323
3.45961
3.01489
2.1565
3.24775
3.01117
3.32486
2.48747
2.79252
3.08133
2.84847
2.74768
3.44613
2.73592
2.87641
3.11374
2.58501
3.01558
3.33949
3.44841
3.69538
3.27704
3.24882
2.95346
3.21222
3.66299
3.91533
3.73908
4.29181
3.31255
2.53538
2.5643
2.99988
2.81362
3.45267
3.26432
2.55458
3.26476
3.47154
2.87209
2.72003
3.00914
2.48654
2.82268
2.67603
2.8678
2.77855
2.02434
3.49412
3.2678
3.52418
3.63864
3.02678
4.03789
3.94701
3.43371
3.60007
3.97024
3.27148
3.2736
3.06724
3.49293
3.22975
4.01958
3.69086
3.43745
4.05078
3.38753
3.44885
3.54785
3.43145
3.71925
3.1887
3.37931
3.26055
3.57816
3.45448
3.38748
3.3996
3.2854
3.42652
3.57463
3.71264
3.33952
3.58883
3.92078
3.84277
3.19489
4.0313
2.6461
3.45345
3.72971
3.37903
3.46711
3.59215
3.31705
3.86247
2.57337
3.34215
3.33826
3.90935
3.93303
3.53801
3.39908
3.87395
3.83127
4.69429
3.81395
3.10679
3.65959
3.02271
3.10073
2.96527
2.22583
2.81158
3.02933
3.61303
3.45219
3.1595
3.34436
3.20274
3.3093
3.07437
3.55662
3.2403
3.95128
3.04149
3.525
3.10991
3.85996
3.25517
3.49314
3.12905
2.94561
3.26252
3.14896
2.67945
3.2613
3.10623
2.97454
3.14448
3.65209
3.0747
3.061
3.35422
3.23226
2.74877
2.42087
3.2693
2.93642
3.18149
3.44676
3.12838
3.31333
3.55228
3.07507
3.59773
3.89472
3.97374
3.27678
3.85736
3.83847
3.63796
3.48726
3.26541
3.52622
3.75519
3.38372
3.14123
3.59001
3.1129
3.29317
3.039
3.77503
4.03208
