2.33518
2.93256
2.12278
2.4126
2.5674
2.95232
3.01493
3.02403
1.79035
2.93021
3.03693
3.29922
2.66415
2.71574
2.77487
2.77522
2.88649
3.0611
2.88081
2.63024
3.26687
2.92865
3.10572
3.31049
3.34389
3.27823
2.78977
3.26797
2.93955
3.24881
3.51509
3.65455
3.57597
3.76721
3.28628
2.68219
2.90807
3.06058
2.72814
3.56968
3.33107
2.67004
3.29911
3.02177
2.68628
2.47442
2.81845
2.62733
2.45491
2.5689
2.60439
2.54586
2.18558
3.23438
3.01815
3.0747
3.39514
2.22143
3.33834
3.38732
3.14596
3.28615
3.71512
3.13531
3.06741
3.11956
3.20802
3.02984
3.27135
3.35631
2.80141
2.9503
2.97047
3.22296
3.07998
3.37198
3.25495
3.02977
3.68213
3.04016
2.86683
2.86355
2.87294
3.03391
2.78824
3.17898
2.81675
3.4237
2.92098
3.27486
3.59575
3.50497
2.35635
3.40346
3.00878
3.07108
3.01275
3.36834
3.13294
3.18399
3.10983
2.92552
3.02121
2.96451
3.10866
3.54083
3.48163
3.55029
3.89741
1.94486
3.594
3.95446
3.21131
3.13429
3.11045
2.84313
2.68044
3.38232
2.49834
2.2045
2.74311
3.7984
4.22705
3.02322
3.44622
3.47099
2.96146
3.26868
3.25841
3.58249
4.04232
3.76673
3.40233
3.36712
3.52079
3.39774
3.52872
2.87785
3.27686
3.29199
2.82807
2.98129
3.32116
2.89177
2.90749
2.7579
2.97392
3.26709
2.99246
3.37198
3.48428
2.54121
3.28904
2.93728
2.75523
2.98085
3.12022
2.89932
2.62317
2.66694
3.23667
3.16962
3.66842
2.73588
3.2993
2.94146
3.32549
3.25345
3.15254
3.12958
3.1781
3.16154
3.44785
3.10565
3.54071
3.27866
3.48116
3.05847
3.28628
3.46214
2.2852
2.80078
2.44241
2.5811
2.75321
2.85715
3.13826
3.03787
1.85352
2.96487
3.05249
3.19485
2.66696
3.24403
2.75539
3.0427
2.86402
3.18623
2.64982
3.10442
3.15387
3.06838
2.93976
3.38953
2.98715
3.34915
3.08118
3.42893
2.60751
2.80353
3.3087
3.97176
3.42673
3.47049
3.16688
2.50748
2.49606
2.97168
2.39364
3.06915
3.06029
2.58571
3.36707
3.18076
2.61812
2.6927
2.69827
2.92033
2.45543
2.76505
2.6705
2.67106
2.20616
3.3806
3.19266
3.29541
3.43048
2.32583
3.2988
3.26024
3.15492
3.59045
3.92407
2.87396
3.00192
3.42287
3.1142
3.11802
3.41706
3.15955
2.89938
2.76465
3.18168
3.06106
3.03411
3.40923
3.04054
3.12019
2.93622
3.12929
2.9811
2.79702
2.90144
3.07286
2.82393
2.84377
2.91826
3.05658
3.06437
2.96487
3.66406
4.13257
2.38943
3.36505
3.49074
3.15325
3.40247
3.01773
3.25402
3.51096
3.36526
3.39751
2.74757
3.19121
3.18566
3.81757
3.34141
3.42487
3.49598
2.8211
3.3845
3.46604
3.99034
2.99751
3.40155
3.05527
3.20667
2.80784
2.02796
2.81003
3.26892
3.35979
3.88582
3.04013
3.67573
3.42943
2.96749
3.14624
3.17375
3.39758
3.87508
3.68426
3.45204
3.21764
3.34752
3.11801
3.47193
3.14744
3.10959
3.27167
2.88211
2.69519
3.21364
3.37588
2.79212
2.60347
3.06367
3.05522
3.27721
3.20796
3.20741
2.90746
2.53841
2.85088
3.06367
2.94225
2.87211
2.88172
3.18651
3.11456
2.94389
3.3805
3.50127
3.36619
2.92046
3.30065
3.3442
3.58941
3.217
2.9546
2.77915
3.57521
3.28301
2.89437
3.52418
3.17152
3.46316
2.87291
3.19611
3.50409
