1.91692
2.57345
2.58189
2.2957
2.61458
2.69355
3.19555
3.01492
1.73048
3.41528
3.0597
3.01929
2.49434
2.5985
2.87265
2.55402
2.87593
3.61616
2.58692
2.90829
3.03087
3.11496
2.65218
3.4812
3.69935
3.90408
3.02702
3.27598
3.03721
3.40196
3.39451
3.43806
3.91696
4.08686
3.35013
2.7936
2.90592
3.39268
2.50152
3.28374
3.22626
2.81397
3.31956
3.49771
3.20545
2.93266
2.89503
2.55869
2.66597
2.88449
2.46196
2.3354
2.21822
2.99456
3.24506
3.30869
3.29345
2.43941
3.18356
3.0385
3.60907
3.76353
4.15009
3.3954
3.47505
3.38601
3.25874
3.0625
3.91162
4.06026
3.48238
3.93411
3.36152
3.29826
3.1824
3.71278
3.27555
3.19339
3.18483
3.27007
3.2632
2.86191
3.06028
3.2688
3.16616
2.98207
3.70523
3.64554
3.10111
4.04053
3.90634
3.51654
2.6578
3.53158
2.65653
3.32891
3.32703
3.15874
3.23374
3.14697
3.63418
3.19824
2.94841
2.62452
3.38385
4.30843
3.87357
3.57588
3.88667
3.35178
3.60183
4.20287
3.51954
3.18404
3.352
2.97625
2.74795
2.4356
2.16475
2.97672
2.64093
3.37038
4.04746
3.06799
3.45423
3.46132
3.17729
3.07092
3.19533
3.36169
3.83902
3.29216
3.64377
3.34619
3.3205
3.37322
3.30874
3.15717
3.20082
2.87808
3.05192
2.62655
3.29476
2.97477
3.02749
2.88976
3.10345
3.37507
3.0485
3.21325
3.12528
2.63935
3.45282
2.94243
2.81529
2.77182
3.07489
3.07268
3.10565
3.39603
2.98039
3.30164
3.3884
3.12718
2.33841
3.22617
3.7018
3.63369
3.34565
3.25147
2.8142
3.92467
3.28738
3.20886
3.85462
2.67475
3.31846
3.47357
3.42602
3.49214
2.08474
2.96234
2.57415
2.37235
2.57368
2.72533
3.16941
3.02432
1.77197
3.39982
3.08458
3.05484
2.23679
2.89172
2.78564
2.56037
2.99405
3.43195
2.69349
3.26883
2.51327
2.61289
2.66406
3.39931
3.05959
4.07907
3.39791
3.48553
3.76765
3.40477
3.33674
3.48838
3.61054
4.07544
3.07602
2.69316
2.72278
3.18105
2.67523
3.02959
3.51773
3.0115
3.84794
3.62025
3.04043
3.0334
2.628
2.6487
2.9933
2.93242
2.56642
2.53124
2.30736
3.18647
3.96717
3.33935
3.59874
2.44271
3.1008
3.19942
3.50646
4.1905
3.55641
3.75021
3.5286
3.49375
3.50602
3.57963
3.80429
4.12258
3.45398
3.23314
3.46777
3.43264
3.26673
3.63317
3.58461
3.32276
3.3448
3.21388
3.77655
3.09435
3.19624
3.6214
3.16971
3.2387
3.41171
2.80502
2.99205
2.89181
3.93298
3.58979
2.36711
3.87849
2.89869
2.93694
3.69088
3.11595
3.32778
3.24668
3.61826
3.46162
2.93459
3.1825
3.15624
4.55219
3.62125
3.49702
3.58576
3.78646
3.84457
4.01037
3.8721
2.84748
3.61937
2.88504
2.7711
2.74946
2.08503
2.97133
2.69733
3.85478
3.53723
3.03492
3.44771
3.30091
3.03954
2.96996
3.10019
3.31679
3.8798
3.39896
3.65182
2.97936
3.3099
3.60232
3.66956
3.12641
3.03339
3.3723
3.46962
2.80152
3.57831
2.93563
2.89605
2.90092
3.08356
3.12837
2.98651
3.3404
3.37476
2.6687
3.38234
3.24234
2.79019
3.01589
3.50417
2.93748
3.8397
3.47196
3.06377
3.43251
3.46667
2.90394
3.39376
3.5823
3.88948
3.57515
3.61298
3.44971
3.02345
3.89301
3.56778
3.25702
3.61041
3.18124
3.17792
3.33075
3.50302
3.71817
