1.75182
2.68224
2.41725
2.04628
2.20487
2.61241
2.8167
2.88818
1.98725
2.96909
2.7016
3.29681
2.41437
2.55152
2.89436
2.31707
2.55988
2.94506
2.12767
2.96788
2.90615
2.8884
2.85721
2.70974
3.1996
4.00977
2.8373
3.06835
2.64622
2.92108
3.57197
3.76391
3.19554
3.58306
3.22033
2.48036
3.19549
3.3337
2.46294
2.99804
2.91188
2.51084
3.73351
3.21913
2.75127
2.45586
2.71022
2.34861
2.53469
2.62491
2.74569
2.74223
2.07119
3.22216
3.21446
3.40219
3.27233
2.0918
3.35368
3.1868
3.41438
3.32762
3.84782
3.23595
3.1487
3.2997
3.09265
3.31344
3.70815
3.45437
3.00875
3.47681
3.1899
2.92839
3.13466
3.06886
3.47805
2.94635
2.93583
3.03813
3.12385
3.00094
3.00174
3.08109
2.99344
2.90006
2.71721
3.37045
2.73736
3.5194
3.51543
3.10717
2.61272
3.76282
2.42588
2.96171
3.08269
3.00676
3.22413
3.4893
3.50158
3.70252
2.71782
2.95986
2.80529
4.00647
3.25993
3.51435
3.64447
3.02512
3.57635
4.14789
3.06301
3.08073
3.09397
3.12157
2.80974
3.13298
2.5556
2.66681
2.96114
3.49594
4.03956
2.82639
3.44806
2.97943
2.97869
3.19878
3.44929
3.23638
4.15353
3.67383
3.51838
3.33636
3.2188
2.72193
3.33758
3.2385
2.9666
3.06977
2.9532
3.025
2.77467
2.76952
2.86752
2.63738
2.99965
2.90922
2.85502
3.14551
3.14567
2.30086
2.61807
2.7983
2.37739
2.76297
2.76264
2.49885
2.62877
2.49681
2.65544
3.07307
3.44674
3.29866
2.99671
3.11926
3.77552
3.47071
3.07957
2.89566
3.33643
3.98554
2.54959
2.8164
3.57242
3.20891
3.40899
2.77967
3.4243
2.98518
1.80364
3.03891
2.62576
2.24143
2.5764
2.5222
2.81163
3.04936
1.80134
2.7472
2.92277
2.94046
2.28592
2.46322
2.57792
1.93128
2.46035
3.04984
2.73672
2.30059
3.06362
2.75406
2.63339
2.7778
3.13805
3.64495
3.13448
3.2096
2.80999
3.13853
3.51265
3.24446
3.16004
3.85704
3.08141
2.67811
2.72613
2.79117
2.56674
2.89859
2.64219
2.49526
3.76813
2.83995
2.60569
2.70061
2.88809
2.53413
2.75832
2.79188
2.58367
2.53842
2.11626
3.34837
3.07868
3.38196
3.35092
1.68053
3.01058
3.21629
3.62526
4.09233
3.82706
3.29417
3.04359
2.90398
3.1459
2.99861
3.66183
3.77833
3.0575
3.38731
2.92548
3.07236
2.90778
3.10086
3.4274
3.16122
2.82618
2.92295
2.87827
3.06293
2.89187
3.24918
2.97161
2.80903
3.00711
3.50886
3.2006
3.40392
4.04324
4.0301
2.67443
3.39669
2.71453
2.92495
2.97995
3.65924
3.03382
3.84122
3.6029
3.49078
2.89085
2.8305
2.8818
4.19087
3.10038
3.3062
3.79496
3.16121
3.57263
4.23521
3.24717
2.71692
3.29778
2.99648
2.7459
3.1256
2.26945
2.5823
2.8037
3.32637
4.10224
2.78676
3.24729
3.12965
3.08505
3.4516
3.29666
3.44366
4.0239
3.62363
3.41361
2.84151
3.32271
3.15246
3.36928
2.83974
3.21058
2.92445
2.73291
2.85121
2.615
2.74499
2.74061
2.77522
3.37831
3.32802
3.24056
3.04417
3.07442
2.25352
2.89166
2.92193
2.53857
2.91089
2.91819
2.60424
2.29934
3.13311
2.92492
3.41075
3.77194
3.53944
2.95626
3.35108
3.75463
3.45855
3.14964
2.97285
2.83312
3.63666
2.82757
2.94838
2.85009
3.86454
3.14132
3.56361
3.84027
3.59705
