1.91685
3.24055
2.64431
2.42117
2.58915
2.79271
3.22164
3.12149
1.85103
2.87719
3.2126
3.38609
2.37552
2.67317
3.0999
2.2598
2.63688
3.1597
2.88014
2.68259
3.20733
3.31384
2.85682
3.1393
3.2383
3.35536
3.13545
3.58084
2.84359
3.25285
3.18893
3.97986
3.43294
3.73367
2.90891
2.61286
2.95002
3.24118
2.63624
3.25328
3.34295
2.582
3.29699
3.17202
2.90389
2.39464
2.77259
2.68065
2.58039
2.79166
2.63159
2.67993
2.22342
3.06769
3.05896
3.20457
3.39294
1.9877
3.29065
3.42021
3.06496
3.19916
3.59867
3.17901
2.60415
3.24884
3.15983
3.03188
3.4682
3.48433
2.88722
3.22475
2.99373
3.29571
3.19627
3.04787
3.19104
2.98101
2.91503
3.01262
2.95378
3.14243
2.83004
3.05403
3.04516
2.89177
2.87481
3.17418
2.89965
2.92287
3.43936
3.51489
2.73653
3.55854
3.17561
3.06681
3.24243
3.34941
3.33104
3.21771
3.58853
3.57384
2.99739
3.01516
3.30232
4.02575
2.95187
3.458
3.90395
2.77244
3.58479
4.34615
3.8333
3.3086
3.66273
3.11451
2.98414
2.85332
2.3978
3.27716
2.84194
3.39732
3.56255
3.16883
3.34793
3.57543
2.8595
3.42683
3.32913
3.63463
3.78018
3.7729
3.11266
2.99339
3.02658
3.28853
3.20168
3.28172
3.1545
2.83749
2.99043
2.8271
3.3186
3.08751
2.82206
2.91983
3.07618
3.10418
3.11911
3.07963
3.29644
2.27015
3.08837
3.47905
2.5604
3.14457
3.26281
2.8776
2.91616
3.023
2.73397
3.04396
3.47033
3.31023
2.69653
2.37155
3.46856
3.79298
3.15444
2.78902
2.96844
3.68171
2.85529
3.10589
3.39624
3.10248
3.29025
2.98881
3.50357
3.27236
1.79269
2.90217
2.75179
2.19652
2.4809
2.61539
3.21826
2.96861
2.0019
3.01152
2.8692
3.21118
2.45084
3.04018
3.03567
2.98854
2.67971
3.41344
2.77169
2.92686
2.98337
2.684
2.7975
2.73948
3.00892
3.40494
2.73146
3.35445
2.94953
3.00369
3.61954
3.37721
3.62216
3.77048
3.18426
2.60182
2.6357
3.02403
2.60599
3.41975
3.07465
2.78056
3.32069
3.18441
2.68797
2.63822
2.87918
3.10525
2.87597
2.76699
2.72168
2.74119
2.07899
2.93469
3.03365
3.37334
3.29251
2.6595
2.99877
3.2916
3.4311
3.60357
3.38229
3.13634
3.02241
3.3911
3.34692
3.29863
3.30943
3.716
3.09795
3.11008
3.16485
3.04057
2.98341
3.27165
3.2934
3.08216
3.02229
3.27584
2.96482
3.0268
3.09971
3.23251
2.75226
2.80957
3.04833
3.32175
2.96995
3.2214
3.5583
3.59181
2.71213
3.46529
2.89105
2.95072
3.31237
3.44445
3.51865
3.38305
3.59664
3.69065
2.75517
3.09159
3.32519
3.96634
2.98627
3.33343
4.05604
3.20082
3.59484
4.32319
3.63675
3.17877
3.28453
3.08816
2.75956
2.61832
2.47786
3.54426
3.07982
3.39692
3.61837
2.68172
3.39583
3.40453
3.11506
3.23887
2.83334
3.34848
3.55995
3.31158
3.07299
3.16706
3.18851
2.79201
3.37364
3.03722
2.78068
2.92384
3.16619
2.60356
3.04333
3.0106
2.99173
2.90291
3.0704
3.31678
3.18248
3.07648
2.98797
2.75014
3.17964
2.80692
3.20029
2.84824
2.96179
2.74884
2.73843
3.184
3.07172
3.27221
3.4675
3.18484
3.09822
3.46165
3.88197
3.7579
3.31504
2.81792
3.23529
3.84518
2.88007
2.35559
3.21086
3.39801
3.51545
2.76561
3.37391
3.40539
