1.82798
2.48628
2.53882
2.11657
2.37085
2.42071
3.12342
2.71668
1.74972
2.70064
2.97079
3.14674
2.25994
2.8545
2.53053
2.49993
2.44067
2.97229
2.49696
2.58845
2.96236
2.74204
2.65518
2.85866
3.32046
3.26566
2.63413
2.675
2.96693
2.9466
3.1851
4.11938
3.64269
3.55344
2.90514
2.12347
2.43073
3.14266
2.17731
2.6085
3.08617
2.35718
2.84598
3.13624
2.68209
2.35126
2.33396
2.10246
2.42878
2.3642
2.6086
2.42751
2.15512
2.96747
2.70399
3.24521
3.63846
2.23711
3.87696
3.03585
3.16685
3.21522
3.52264
2.71285
3.16096
3.08492
3.01172
2.73402
3.26211
3.28639
2.633
3.31936
2.76537
3.30171
3.22953
3.22951
3.13465
2.84474
2.84322
2.87265
2.77316
2.81918
2.97876
2.89092
2.59807
2.77576
2.80993
3.28297
2.79299
3.50912
3.68259
3.24356
2.41552
3.16495
2.31095
2.95194
2.83036
3.11754
3.23349
3.17878
3.16773
3.03622
2.62702
2.70513
3.0755
3.43362
2.88818
3.22081
3.48315
2.5683
3.51218
3.47246
3.09651
3.11084
3.34935
2.6998
2.60758
3.18709
2.49068
3.34711
2.86563
3.25048
3.07179
2.68665
3.16481
3.86797
2.87716
3.08452
3.24085
3.23867
3.37556
3.48349
3.34125
3.14622
3.39755
3.05444
2.76229
2.61085
2.99253
2.64104
2.63652
2.64331
2.84098
2.65314
2.49891
2.92635
2.6958
3.22295
2.74757
3.08699
2.94437
2.54118
3.59182
2.82887
2.81057
3.11659
2.5674
2.59601
2.69756
3.02713
2.70465
3.08607
3.20862
2.97292
2.77663
2.53367
3.15737
3.10894
3.02376
2.83754
2.9011
3.34175
2.71477
2.76643
3.17128
3.07368
3.02948
2.75793
3.29911
3.43254
1.76844
2.30016
2.30774
2.21288
2.47823
2.55636
2.9656
2.71972
1.69099
2.74299
2.79997
2.64429
2.21195
2.76377
2.54628
2.33361
2.40534
3.41361
2.70052
2.50714
2.96174
2.88739
2.31594
2.69397
2.91634
3.6034
2.77582
2.93143
2.75715
3.28345
3.64089
3.6953
3.66716
3.43078
3.00226
2.06607
2.57396
3.31921
2.33604
2.98848
2.76838
2.41738
2.9121
2.8566
2.60039
2.51832
2.35307
2.16166
2.40208
2.54167
2.51715
2.45868
2.00007
2.59984
2.83869
3.15174
3.27499
2.17274
3.02795
3.15881
3.12313
3.32725
3.52547
2.95612
2.86471
3.22243
2.70185
2.93059
3.51808
3.32604
2.80631
2.98213
2.992
3.04137
3.18987
3.19566
3.15486
3.03367
2.8598
3.39432
2.70925
2.68842
2.70282
2.89175
2.78506
2.85893
2.83649
3.29785
2.87092
3.18946
3.38382
3.43516
2.76488
3.30422
2.2476
2.90847
3.03547
2.88611
3.25874
3.05335
2.97257
3.34886
2.72355
2.80983
2.70464
2.75371
2.80249
3.33341
3.1144
2.01074
3.61665
3.67246
3.60106
2.87902
2.95919
2.88084
2.60408
3.13715
2.80617
3.64365
2.93864
2.87206
3.87128
2.6283
3.16138
3.43021
3.02811
2.92544
2.98352
3.1243
3.50245
3.80185
3.11534
3.31932
3.40629
2.65269
3.33817
2.8575
3.07744
2.94848
2.41155
2.65637
2.47692
2.41941
2.68779
2.90663
3.19413
2.78046
2.84834
3.0316
2.84886
2.48855
2.46274
2.9508
2.86695
2.7486
2.70984
2.57587
2.91999
2.7369
2.72216
3.30987
3.72659
3.28751
2.44705
3.11902
3.14513
3.39923
3.26216
2.75057
2.63329
3.04259
2.4186
2.68838
3.03209
3.00674
2.94808
2.62679
3.32773
3.03804
