1.87496
3.14981
2.35107
2.17158
2.44008
2.89643
2.66136
2.84479
1.76213
2.39607
3.57661
3.09548
2.34912
2.66822
2.74773
2.74349
2.64023
3.09169
2.92618
3.43633
2.7706
3.49886
2.70735
3.15417
3.25875
3.29701
3.52687
3.21034
3.41788
3.11065
3.71887
3.71582
3.54274
3.99611
3.32856
2.33061
2.4283
3.20605
2.15932
3.31274
3.36115
2.15225
3.08285
2.92273
2.62302
2.48491
2.67957
2.05738
2.37054
2.25961
2.37745
2.49805
2.25282
2.85168
2.84834
3.68394
3.45548
2.44547
3.41185
3.22495
3.76524
3.38066
3.7736
3.17192
3.49932
3.29741
3.33882
3.08706
3.53819
3.56255
3.22026
2.96947
3.1123
3.185
3.82518
3.76116
3.51895
3.01122
3.12427
2.94555
2.84393
3.23292
2.99318
2.80392
3.01149
2.90729
3.26832
3.38955
3.12135
3.44722
3.67941
3.30786
2.7488
3.26013
2.09622
2.96999
2.8965
3.12214
3.5163
3.57106
3.35315
4.2683
2.90544
2.76736
3.21867
3.45768
3.47703
3.49505
3.40984
1.89712
3.49373
3.65507
3.67667
3.34149
3.6246
2.69224
2.80804
3.26311
2.49414
3.09654
2.52162
3.91572
4.0325
3.30603
3.77441
3.3334
3.00878
3.65292
3.32471
3.62329
3.57553
3.88932
3.22901
3.41513
3.3029
2.83456
3.51858
3.3035
3.23317
2.92263
3.03259
2.8222
3.07265
2.29128
2.55488
2.84239
3.37538
2.84839
2.88532
3.09794
2.93894
2.00612
3.13511
3.29362
2.51118
3.24049
3.01278
2.89796
3.45927
2.87748
2.84056
3.49331
3.67715
3.44573
3.557
2.76157
3.9765
3.72718
3.27916
2.80724
3.38181
3.78506
2.94805
2.84874
3.72895
3.02405
3.64319
2.86706
3.56137
3.26029
1.99711
2.29329
2.32918
2.33375
2.4846
2.88
3.34229
2.75962
1.84974
2.72841
2.89844
2.9243
2.21895
2.79448
2.77427
2.70726
2.53436
3.06838
2.85713
2.69988
3.09354
2.72676
2.61623
2.96277
2.60465
3.46143
3.13895
3.24142
3.1013
3.866
3.46661
3.61853
3.62051
3.87012
3.30455
2.32228
2.84952
3.31224
2.06675
3.58975
3.75335
2.24801
3.68997
3.16859
2.6164
2.3257
2.47916
2.52902
2.71364
2.56206
2.26614
2.29039
2.33856
2.86717
2.58061
3.92978
3.40768
2.08629
3.46514
3.9123
3.57264
3.55009
4.17242
3.04042
2.77605
3.9863
3.47402
3.494
3.7237
3.37557
3.36182
3.00307
3.32121
2.9518
3.20657
3.25782
3.01361
3.08035
3.12936
2.841
3.05295
3.09692
3.43512
3.48725
2.41625
2.96323
2.98072
3.18693
2.90581
3.09929
3.28337
3.15073
2.45852
3.60456
2.55967
3.03747
3.07821
3.30532
3.50124
3.63617
3.37007
3.56865
2.84113
3.10748
3.18311
3.84338
3.5262
3.37751
3.64469
2.60301
3.42729
4.06277
3.45755
3.34566
3.70623
2.84834
2.60275
3.21196
2.37498
3.04335
3.11966
4.13337
3.44822
3.15097
3.31772
3.43575
3.19258
3.21044
3.21655
3.68379
3.7387
3.72144
3.54772
3.24671
3.32644
2.68197
3.4279
2.97036
3.31697
2.87874
3.03824
2.5038
3.46024
2.6197
2.87775
2.9687
2.66477
2.53346
2.68689
2.72319
3.07657
1.82594
3.15083
2.88042
3.05402
3.09567
2.69541
2.93357
2.31908
2.43472
3.22035
4.21835
3.44955
3.79052
2.51279
3.22222
4.05676
3.87622
3.31629
3.18126
2.98938
3.67851
3.02399
2.86668
3.32981
3.48521
3.13307
3.12464
4.14761
3.77713
