2.05343
3.14646
2.55242
2.32395
2.52755
2.8219
3.42325
2.82665
1.44486
2.95926
2.92644
2.87476
2.62238
2.26958
2.94954
2.69045
2.77479
3.19043
2.74762
2.81571
2.86612
2.76286
3.27431
3.01773
3.60229
2.9781
3.00077
3.05121
2.50669
3.26505
3.63575
3.53989
3.35185
4.1048
3.39561
2.26522
2.98483
3.18202
2.23261
2.99323
3.12976
2.37747
3.0419
2.96293
2.64629
2.70133
2.47406
2.80175
2.43709
2.75789
1.91911
2.36734
2.02204
2.67041
3.09204
3.1525
3.88773
2.36438
3.83169
3.50179
3.17125
3.36297
3.60722
2.9424
2.91485
2.83101
3.28434
3.15901
3.50908
3.66783
3.29044
3.14374
2.81295
2.98161
3.14659
3.50107
2.82358
3.07592
3.04015
3.21906
3.04914
3.10418
3.04906
3.12703
2.90299
2.99083
3.41147
2.89955
2.83957
2.84571
3.22664
3.29561
2.44552
3.2809
2.5977
2.95267
3.00064
3.29907
3.03904
3.26349
3.79744
3.29768
2.46482
3.03252
3.4913
4.16739
3.31394
3.50623
3.53435
2.773
3.67746
4.08535
3.41417
3.08952
3.00399
2.94052
3.1455
3.46558
2.4648
3.37904
2.32147
3.51968
3.5275
2.92013
3.15708
3.761
2.80087
3.30368
3.14438
3.4461
3.47599
3.46042
3.30154
3.26593
3.3621
3.25052
3.3778
2.99265
2.95993
3.35163
3.47195
2.82621
3.27045
3.24398
3.00601
3.22779
3.0341
3.34414
3.0312
3.02613
3.16941
2.75524
2.75008
3.02804
2.85355
3.0752
3.2108
2.88938
3.20367
2.92983
3.09284
2.75618
3.40133
3.19571
2.56851
3.01912
3.4886
3.5113
3.00896
2.93518
3.07298
3.29477
2.89379
2.6226
3.1711
3.22496
3.8255
2.949
3.4862
3.39886
1.97254
2.54892
2.39123
2.2829
2.46778
2.73496
3.23285
2.74541
1.5094
2.91749
3.13821
2.65123
2.4978
2.47468
2.76464
2.70388
2.76432
2.94351
2.85235
2.78281
3.09921
3.05337
2.92006
2.56686
2.98884
3.03177
3.10574
2.88413
3.44958
2.99161
3.28075
3.42295
3.6897
3.76601
3.16241
2.41752
2.76615
3.09162
2.80074
3.27825
3.48753
2.74915
3.55651
3.40681
2.64478
3.22051
2.97163
2.47433
2.85238
2.94961
2.50033
2.64716
2.02106
3.1256
3.23359
3.42913
3.32784
2.12075
3.65373
3.49357
3.36508
3.44447
3.85992
2.92378
2.45746
2.7846
3.11823
3.02176
3.61897
3.57631
2.9602
3.01746
3.08799
2.90459
3.10668
3.31709
2.96608
3.13683
3.15403
3.12067
2.98668
3.33531
3.07215
2.75969
2.77879
2.95565
2.89926
2.90098
2.73808
2.78272
2.82673
3.3397
2.8106
2.9501
2.72536
3.13085
3.09487
3.54392
3.16151
3.49284
3.14661
3.53231
2.45198
2.83536
3.05591
3.98023
3.06249
3.34831
3.28376
3.3517
3.81796
3.62431
3.70828
2.92633
3.4141
3.00278
2.98325
3.23591
2.39698
3.13627
2.52172
3.52117
3.75987
2.5404
3.14124
3.50191
3.01576
3.23047
2.93735
3.12716
3.84056
3.74959
3.56012
3.48626
3.26694
3.27741
3.1146
2.90039
2.92597
3.47342
2.84657
2.87567
3.28324
3.05987
2.90584
3.0757
3.24668
3.30689
2.99498
3.13122
3.05692
2.45833
3.40759
2.9441
2.58422
2.99146
3.09393
2.71457
3.08044
2.95109
2.92531
3.5497
3.33898
3.31642
3.0224
3.02622
3.80589
3.58896
3.20232
2.75351
2.8517
3.53583
2.46385
2.41126
2.85802
3.12657
3.72144
2.94858
3.74971
3.76157
