1.76381
2.6302
2.43212
2.17232
2.39487
2.65191
2.93194
2.91669
1.82707
2.85871
3.39282
3.05532
2.00639
3.12375
2.62906
2.18926
2.32451
3.56595
2.57754
3.0575
3.02596
3.1622
2.695
3.13794
2.98315
3.9071
2.93091
2.93905
3.19736
2.98337
3.51801
3.5826
3.42682
3.51697
3.13795
2.60512
2.81665
3.24598
2.79072
3.06594
3.10236
3.00919
3.19126
3.33965
3.14302
2.56943
2.74294
2.64197
2.72548
2.75892
2.75729
2.64047
2.06004
3.16925
3.38609
3.37804
3.27021
2.39123
3.14206
3.84326
3.4217
3.47457
3.91023
3.17881
2.61685
2.75836
3.61753
3.21457
3.93152
3.84044
3.23886
3.61246
2.93729
2.98242
2.91911
3.60194
3.43845
3.39566
3.20565
2.73175
3.11154
2.83182
2.92454
3.29003
3.47793
3.25996
3.32569
3.70731
3.1927
3.79806
3.9885
3.50134
2.90885
3.59051
3.23875
3.1267
3.19411
3.61515
3.19923
2.85125
3.96354
3.46925
2.9395
2.75647
2.83057
4.31918
3.29916
3.23137
3.57903
2.95378
3.73293
4.16772
3.14313
3.0764
3.02899
2.931
2.98263
3.18499
2.54417
2.80835
2.50286
3.77199
3.55078
2.59175
3.33395
3.73205
2.99314
3.4918
3.18563
3.52658
3.65868
3.76797
3.14987
3.22346
3.04354
2.93742
3.36873
3.27506
3.20392
2.95427
3.09529
2.54436
3.14117
2.97794
2.95682
3.05554
3.22085
3.25264
3.0341
3.24502
3.39661
2.24253
3.35274
2.75368
2.53137
3.34249
2.80464
3.06868
2.82182
3.04204
2.94423
2.95359
3.08601
3.33056
3.86167
3.52392
3.73524
3.50867
3.07978
3.06426
3.39182
3.46802
2.907
3.38265
3.16449
2.92485
3.41605
2.64773
3.61545
3.57081
1.86717
2.83473
2.17618
2.20277
2.44796
2.54819
2.67702
3.0123
1.87909
3.03588
2.60602
3.27885
2.31388
2.81954
2.82307
2.53261
2.4818
3.22558
2.78557
2.91136
2.78227
2.86852
3.01643
3.02996
3.42137
3.58656
3.14293
3.05338
3.53044
3.2353
3.55427
3.63025
3.88824
3.74412
3.1309
2.51258
2.64531
3.09282
2.96756
3.18899
3.36651
2.69687
3.86359
3.43808
2.93642
2.89364
3.41983
2.90903
2.82634
2.45691
2.85106
2.73681
2.02315
3.44132
3.27298
3.47812
3.45137
2.34946
3.40624
3.07592
3.62126
3.70044
3.9122
3.2947
3.38006
2.99177
3.59951
3.20622
4.08798
3.77214
3.42322
3.90853
3.22837
3.05583
3.2185
3.11409
3.25401
2.71914
2.89079
3.12753
3.01565
3.2911
3.14094
3.30926
3.16462
3.19787
3.45647
3.72124
2.80543
3.58254
3.72697
3.55562
2.82212
3.26392
3.0189
3.13475
3.82552
2.9757
3.29081
3.2728
3.42986
3.23857
2.47413
2.80794
2.92984
4.32147
3.11168
3.38682
3.8323
2.83141
3.50649
3.5592
3.09141
2.97668
3.15077
2.8369
2.96141
3.1833
2.41909
2.82267
2.84031
3.92433
3.84762
2.90851
3.31118
3.2335
3.25575
3.13704
3.12613
3.46977
3.77618
3.57285
3.15419
3.04918
3.04521
3.2114
3.48903
3.07083
3.0813
2.99816
2.81918
2.81891
3.07759
3.13442
2.82984
2.97761
3.12815
3.4276
3.22817
3.07451
3.14622
2.45638
3.24984
2.88201
2.85596
2.79965
2.81542
2.92437
3.40436
2.98008
3.35886
4.1402
3.22208
3.46532
3.01245
3.25653
3.26399
3.38203
3.23132
3.33975
3.10128
3.90968
2.81633
3.28064
3.36318
3.03292
3.6558
2.70687
3.54376
3.67123
