2.29345
2.67683
2.56917
2.5039
2.72295
2.98955
3.45409
3.20537
1.83348
3.15917
3.05337
3.32507
2.42284
3.16021
2.92352
2.77566
2.69459
3.44599
2.71604
3.01996
3.50504
2.96256
3.24356
2.86469
3.38029
3.79431
2.69384
3.37285
3.20043
3.45691
3.55798
3.61909
3.36177
3.43176
3.22209
2.34988
2.93521
2.93063
3.00698
3.16971
3.17386
2.81877
3.76938
3.60603
3.05154
3.50549
2.94947
2.57634
3.0888
2.68531
2.51547
2.53303
2.40118
3.26366
3.50396
3.4859
3.51208
2.52378
3.22055
3.53719
3.37476
3.52953
3.85324
3.70153
2.66298
3.42549
3.29281
3.32676
3.5932
3.44801
3.07235
3.7226
3.0445
3.48072
3.44987
3.28476
3.25643
3.19514
2.83464
3.33496
2.91284
3.13388
3.37455
3.20504
3.00702
3.10738
3.21862
3.27448
3.0354
3.13223
3.75676
3.39259
2.80777
3.71828
2.48026
3.02089
3.60166
2.97316
3.56926
3.14659
3.76747
3.41545
2.93843
2.98629
3.07519
3.67738
3.04002
3.57202
3.95452
2.11434
3.72344
4.13814
3.50663
3.17568
3.51353
3.09405
2.8617
3.22918
2.19679
3.16242
2.98861
3.8383
3.90263
2.8905
3.34037
3.75794
3.06368
3.25819
3.53135
3.70939
3.51565
3.86816
3.65517
3.35439
3.2988
3.07865
3.43011
3.08765
3.15301
3.08364
3.14735
2.95169
3.11423
3.05037
2.85393
3.0133
3.12235
2.9963
3.12675
2.91601
2.97447
2.60164
2.54376
3.52626
3.04819
3.17106
2.82817
3.21094
3.20155
3.10273
3.32199
2.71227
3.5133
3.79079
3.39657
3.4168
3.92763
3.45838
3.40764
3.30001
3.04764
3.86787
3.08743
2.92453
3.3759
3.39288
3.40064
3.37429
3.33562
3.61563
2.22266
2.96606
2.49064
2.57713
2.75341
2.81222
3.49462
3.08373
1.86961
3.23809
3.17709
3.18756
2.43492
2.73667
3.06852
2.7582
2.54197
3.08918
2.81242
2.71737
3.20967
2.78371
3.1186
2.98239
3.15726
4.13443
3.02834
3.3638
3.3123
3.35135
3.37033
3.53249
3.65713
4.07559
3.28433
2.83025
2.92774
3.36677
2.82235
3.62671
3.51313
2.9078
3.81682
3.59492
3.64129
3.0361
2.8573
3.06719
2.73046
2.5133
2.66644
2.60279
2.29449
3.27896
3.48204
3.57624
4.0438
2.85993
3.88987
3.31397
3.25337
3.51698
4.1318
3.10029
3.04358
2.81381
3.3152
3.47971
3.86483
4.04737
3.29886
3.28551
3.08527
3.08095
3.26212
3.17235
3.34681
3.10129
2.99129
3.02317
2.86069
2.93962
3.00709
2.90271
3.11721
3.03505
3.37769
3.40229
3.08229
3.38806
3.52782
3.39046
2.78562
3.22767
2.39761
3.3051
3.71981
3.55217
3.3641
3.56084
3.96454
3.81723
2.88348
3.16312
3.0554
3.28694
3.38865
3.40661
3.55065
2.92829
3.54204
3.85897
3.98256
2.95856
3.26901
2.98751
2.93051
3.26851
2.4811
3.09477
2.73894
3.76582
3.84751
2.79931
3.37862
3.9906
3.5382
3.08899
3.22791
3.48016
3.69059
3.70147
3.48316
3.3733
3.26283
3.26903
3.25304
2.98722
3.1118
2.9736
2.82761
2.92546
3.49326
3.04236
2.98093
2.93934
3.04177
3.07288
3.24903
3.05422
3.13309
2.80599
2.69752
2.85105
3.513
3.06475
3.21568
3.12565
2.84125
3.0306
3.02742
3.63329
3.53405
3.69874
2.9303
3.34931
3.56064
3.63555
3.31175
3.10602
3.22803
3.54938
3.01271
2.79849
3.279
3.03244
3.82464
3.12758
3.41655
3.81176
