1.93731
3.08741
2.36307
2.04084
2.44344
2.8028
3.11501
2.9373
1.96664
2.84995
2.968
3.16595
2.35485
2.79051
2.51264
2.48012
2.36343
3.18851
2.50533
2.83927
2.68132
2.70074
2.97775
2.89994
3.05129
3.64978
3.13283
3.03529
2.41616
2.99741
3.30979
3.57451
3.13303
3.16224
3.26778
2.78962
2.8049
2.96169
2.5729
3.31182
3.46042
2.41531
3.62634
3.30788
2.65775
2.58063
2.6065
2.52254
2.42618
2.42921
2.64549
2.63901
2.268
3.00249
2.92188
3.31593
3.46285
2.37006
3.10847
3.51728
3.44054
3.35669
4.13912
3.09328
2.9504
2.67394
3.18411
3.13231
3.65479
3.69523
2.81901
3.19392
2.89497
2.73506
2.7822
3.06393
3.10637
3.08075
3.06924
3.12202
2.71052
2.86613
2.85132
2.87083
3.12693
3.01978
3.17055
3.46444
2.92633
3.04795
3.61717
3.23957
3.12224
3.76922
2.67233
2.98013
3.01785
3.46067
2.90705
3.42244
3.58683
3.65413
2.87752
2.91746
2.96603
4.03664
3.14316
3.64205
4.07913
3.35604
3.60473
4.3686
3.33621
3.21847
3.01185
3.10803
2.97983
3.91896
2.63085
3.44928
2.86355
3.80849
4.06978
3.15748
3.31867
3.2027
2.7039
3.21687
3.09524
3.30457
3.97734
3.67384
3.29056
3.40955
3.09072
3.06688
3.11021
2.71511
3.4503
2.7523
3.00177
2.80196
3.14841
2.92162
2.67943
2.53751
3.11543
3.02551
3.04669
2.93455
3.55207
2.44999
2.74936
3.07922
2.4178
2.96593
2.88877
2.51709
2.68508
2.56135
3.65581
3.05691
3.49202
3.555
3.13147
2.57091
3.89476
3.56589
3.02239
3.02373
3.16985
3.88343
2.67018
2.76511
3.46352
3.14362
3.58551
3.04108
3.56255
3.73579
1.96852
2.88642
2.36161
2.19109
2.42806
2.75793
3.11169
3.0042
1.85316
2.93839
2.685
3.29422
2.08871
2.64584
2.77586
2.49666
2.6014
3.37656
2.49736
2.57165
2.88665
3.00432
2.46915
3.19867
3.35014
3.671
2.96806
3.27036
2.86191
3.04622
3.20805
3.50905
3.35183
3.93099
3.23094
2.63744
2.75711
3.14768
2.55288
3.29774
3.19779
2.68821
3.45312
3.11811
2.54665
2.87971
2.9806
2.52939
2.79846
2.72389
2.65622
2.64392
2.28102
2.83525
2.97463
3.23915
3.67289
2.6105
3.74009
3.19987
3.7911
3.51311
3.97101
3.61797
3.04187
2.96162
3.22759
3.07501
3.36554
3.61227
3.08491
3.1946
3.08996
3.01265
2.91071
2.93424
3.27769
3.0303
3.15721
3.0932
2.77616
2.67701
3.05123
3.17813
3.05974
3.09887
3.10978
3.57841
2.88899
2.93366
3.58908
3.54767
2.70685
3.60313
2.88823
3.03671
2.87795
3.36732
3.26117
3.1999
3.43504
3.47822
2.86118
3.05324
3.45853
4.02764
3.52399
3.32778
3.95443
3.98487
3.50312
4.22099
3.47541
3.03209
3.40603
3.43299
2.93595
3.59443
2.68747
3.12928
2.67254
4.16948
4.14113
2.97961
3.07781
3.31971
3.27668
3.04032
2.77744
3.10748
3.88238
3.61444
3.58311
3.54585
3.06463
3.05956
3.41751
2.73284
3.04715
3.01728
3.02676
2.87813
3.137
3.132
2.77839
2.63845
3.14489
3.06612
3.38006
3.10672
3.14191
2.66582
2.48453
2.80004
2.91057
2.9983
3.10038
3.01163
2.63745
2.41018
3.03102
3.39557
3.30566
3.59994
2.4567
3.27958
3.26527
3.34853
3.17089
2.69172
2.80067
3.65306
3.27063
2.86004
3.26936
3.23536
3.78146
3.00044
3.39858
3.41362
