1.79133
3.02376
2.72255
2.31449
2.56562
2.79318
2.90826
3.17259
2.08814
3.53788
3.43389
3.56193
2.35195
2.70119
2.74693
3.00656
2.84824
3.33119
2.6596
2.58051
2.89993
3.51156
2.98997
3.02934
3.44206
3.69346
2.93195
2.86604
2.70062
3.18642
3.29795
4.06273
3.35018
3.67309
2.98768
2.59455
2.73497
3.08402
2.73513
3.28178
3.08339
2.58078
3.54757
3.52096
2.56752
2.6548
2.82628
2.27908
2.70757
2.51633
2.96985
2.68546
2.31785
3.13687
3.35842
3.87026
3.69553
2.50413
3.74214
3.33174
3.46748
3.18595
3.97572
3.09598
3.06937
3.05457
3.15939
2.95421
3.68923
3.49929
3.05497
3.09456
3.0635
3.00291
3.16481
3.33507
3.49375
3.48363
2.92725
3.09897
2.7397
2.89838
2.96802
3.08414
3.19574
3.19673
3.29341
3.33183
2.83987
3.10254
3.82072
3.31877
2.61991
3.6898
2.58568
3.14455
3.17985
3.34724
3.18986
3.1113
4.13184
3.50944
2.84866
3.10591
3.57217
3.16041
3.31056
3.26504
3.45172
2.57797
3.80444
3.0937
3.47561
2.93134
3.36427
3.15059
2.96252
3.12144
2.31047
3.07907
2.59353
3.48543
3.77936
3.09866
3.61249
3.56585
3.05479
3.17605
3.23897
3.38403
3.96286
3.83978
3.64419
3.35441
3.69024
3.2773
3.53386
3.2614
2.84918
2.88897
2.50498
2.59689
3.41297
3.29594
2.79948
3.07179
3.28351
3.51237
3.41069
2.98287
3.71649
2.67532
3.63127
2.99569
3.01943
2.76797
3.11262
3.03388
2.93306
3.4884
3.48852
2.73602
3.042
2.96775
3.68334
2.47497
3.59108
3.46389
3.22305
2.80169
3.22502
3.64246
2.8146
2.85384
3.29451
3.27522
3.45426
2.74183
3.58297
3.74011
1.8894
2.72643
2.59558
2.37353
2.43629
2.68276
2.67446
2.61118
2.7326
2.2608
2.61151
2.51743
2.20352
2.90701
2.36411
2.94586
2.67172
3.28325
2.70619
2.82338
2.8574
2.46906
3.09395
2.99452
3.16038
3.34973
2.93029
3.50265
2.77482
3.32284
2.86818
4.00573
3.65126
4.23613
3.50108
2.92608
2.83101
3.01238
2.71694
3.04982
3.3648
2.45136
3.33466
3.49804
2.66003
2.71054
2.52686
2.7742
2.58228
2.64541
3.19143
2.88326
2.6268
2.05807
2.43078
2.26763
3.32559
2.92095
2.9021
3.35849
4.11633
3.34311
3.50348
3.09992
2.66394
3.24748
3.09639
3.15908
3.71042
3.33607
3.38122
3.06706
3.02471
2.99628
3.31288
3.52764
3.36761
3.09836
3.03214
3.0505
2.93436
3.02811
3.21022
3.31513
2.91909
2.99104
3.26776
3.53577
2.99723
2.70497
3.51291
3.28308
2.74936
3.14396
2.73779
3.0685
3.1138
3.20933
3.03812
3.34044
3.47409
3.2722
2.70117
3.10725
3.44839
4.07009
3.07195
3.5403
3.59032
3.45115
3.79617
3.95924
3.7859
2.89503
3.05975
3.25079
2.89355
2.86626
2.13958
2.88186
2.99737
3.36073
3.43865
2.61392
3.10592
3.38536
2.91167
3.25531
3.00135
3.09749
3.78344
3.65748
3.31394
3.09969
3.53707
3.11674
3.40342
3.22079
3.04228
3.25452
2.80709
2.62294
3.09386
3.03537
2.84746
2.66617
3.47452
3.06631
3.30437
2.97228
3.18544
2.63487
3.04326
2.86741
2.55036
3.0848
2.98461
3.08264
2.6808
2.6831
3.15256
3.29859
3.2102
4.17909
3.49419
3.16784
3.745
3.19056
3.34018
2.8009
2.95765
3.9681
3.14103
2.67448
3.04539
3.32155
3.21134
2.83123
3.50815
3.86475
