1.99876
2.81669
2.52411
2.08972
2.39566
2.7027
2.7146
2.81258
1.69977
2.92679
2.33727
3.06627
2.52305
3.30957
2.9327
2.50543
2.50138
3.01058
2.28938
2.48207
3.35836
3.06545
2.73728
2.8679
3.41123
2.96905
2.91195
3.28957
2.71528
3.37755
3.56007
3.7974
3.5127
3.5367
3.0044
2.21773
2.40602
2.86522
2.28294
2.84654
3.02935
2.40448
2.94398
2.86913
2.38688
2.89645
2.35985
2.3929
2.4041
2.40099
2.53158
2.39118
1.96159
3.01139
2.89281
2.98307
3.18751
2.70094
3.36814
3.05935
3.30127
3.36633
3.3836
3.33251
3.77891
2.95059
3.04517
2.7311
3.26167
3.15257
3.02754
3.27103
2.92835
2.74903
3.05545
2.79152
2.78782
2.78413
2.59732
2.67747
2.66177
2.70154
2.80208
2.80887
2.68667
2.6739
2.96819
3.43004
3.04016
3.27333
3.29134
3.16538
2.70167
3.25392
2.80203
2.99527
3.05751
2.77747
3.25511
3.39205
3.75476
3.03634
2.70505
2.96837
3.49783
3.87873
3.20245
3.23468
3.02231
2.72034
3.01614
3.85165
3.29273
3.06736
3.39038
2.88273
2.73666
3.40812
2.24451
2.80291
2.91259
3.82222
3.72526
2.72907
3.09395
2.70473
2.80589
3.05354
2.76745
3.13141
3.79322
3.59965
2.91786
3.46486
2.98483
3.04434
3.4121
2.97122
3.09506
2.74749
2.92301
2.79129
3.09776
2.90316
2.57947
2.5637
3.35199
3.20145
2.81516
3.04992
3.26736
2.61051
2.75662
3.22608
2.30897
2.73283
3.09277
2.73715
2.8009
2.5688
2.69773
3.61117
3.43625
3.45044
3.22509
3.14961
3.40365
3.42423
2.64395
2.63287
2.80905
3.60129
2.68854
3.14404
3.55696
2.96578
3.17924
2.9468
3.26812
3.2288
1.8966
2.61903
2.16658
2.02342
2.36905
2.60271
2.57479
2.74746
1.80113
2.90266
2.66024
2.67005
2.51843
2.61271
2.96175
2.56252
2.3199
3.12519
2.62933
2.42406
2.63028
3.38727
2.50064
2.72347
2.68024
3.09098
2.60655
3.24079
2.59527
2.71101
3.27396
3.41669
3.43202
3.60961
2.80836
2.2385
2.39573
2.90848
2.41223
2.91835
2.9538
2.44198
3.20301
2.87168
2.52302
2.38724
2.37081
2.4119
2.37756
2.58518
2.37243
2.36054
1.95315
3.01907
2.91603
2.72597
3.44784
2.33679
3.07403
3.48024
3.25366
3.75329
3.46586
2.84829
3.0696
3.14191
3.05626
2.92423
3.56346
3.23031
2.72964
2.79991
2.94145
2.8915
2.59806
3.03044
3.35356
2.85163
2.94726
2.77457
2.70213
2.77928
2.98005
3.13089
2.64632
2.74227
2.78216
3.34788
2.79422
3.08924
3.17821
3.31756
2.47995
2.85465
2.46615
2.70914
2.84999
2.85934
3.0717
3.2552
2.90904
2.89361
2.3805
2.57031
3.05894
3.93284
3.17058
3.52963
3.58442
3.75658
3.40639
4.30141
3.66462
3.01136
3.11342
2.92565
2.50253
3.47634
2.58414
2.89374
2.52743
3.8619
3.14757
2.71486
3.05387
3.49393
3.04051
2.68914
3.15198
3.25624
3.79616
3.55639
2.95561
3.38872
3.36007
3.20544
2.75235
3.10774
3.03997
2.82582
2.70796
2.71436
2.96495
2.70341
2.64073
2.62446
3.17304
3.12901
3.03594
2.88326
2.84627
2.48801
3.07008
2.70083
3.40966
2.26493
2.97585
2.69461
2.60288
3.16024
2.5583
3.41163
2.99602
3.66189
2.71622
3.34577
3.42839
3.17277
2.85819
2.71502
2.31739
3.19007
2.69542
2.73039
2.9617
3.14524
3.10549
3.02735
3.55424
3.59154
