1.97067
2.94919
2.62096
2.35486
2.6913
2.83481
3.06008
2.98239
1.79522
3.1361
3.28736
2.84532
2.4711
3.08618
2.84909
2.66099
2.60349
3.54916
3.04331
2.67898
2.74214
3.1918
2.93048
3.40397
3.73377
4.08399
2.73201
3.13267
3.43996
3.26572
3.29132
3.79539
3.68502
3.96154
3.14624
2.68329
2.86313
3.0667
2.57815
3.06668
3.22606
2.5585
3.90821
3.48386
3.28941
2.8114
2.56142
2.38143
2.19872
2.57369
2.45505
2.38759
2.24704
3.08742
3.27883
3.2591
3.5841
2.96832
3.70976
3.22945
3.40207
3.83869
3.98121
2.94378
2.96565
3.08976
3.32477
3.22707
3.38701
3.49092
3.17333
3.5853
3.26251
3.69152
3.36203
3.23325
3.80475
3.33392
3.14992
3.13194
2.82768
3.01033
3.21287
3.16423
3.50606
2.84898
3.08882
3.41178
3.32926
2.96249
3.61778
3.4177
2.67772
3.07267
2.68353
3.16486
3.08411
3.43477
3.09474
3.22542
3.20219
2.98375
2.51184
3.08242
3.55965
3.44202
3.74425
3.50875
4.08442
2.95996
3.11913
3.96704
3.76901
2.97342
3.49414
2.85222
2.68873
3.06632
2.33712
2.97374
2.55826
3.80056
4.52591
3.08446
3.85284
3.71014
3.0619
3.41431
3.37251
3.4679
3.47455
3.99042
3.64422
3.37357
3.35867
3.14626
3.36673
3.53582
3.07058
3.15915
2.59524
2.89229
3.43461
2.81412
2.92937
3.00129
3.22453
3.16868
2.995
3.07703
3.14235
2.48474
3.26242
2.94144
2.86952
2.82944
2.94985
2.57644
2.69146
2.66319
2.70599
3.02469
3.9399
4.2138
3.79371
3.33652
3.07669
3.31997
3.13135
2.99884
2.90721
3.87469
2.87618
3.6211
3.67991
3.26243
3.32458
3.12208
3.48391
4.03225
2.13843
2.5834
2.38226
2.6456
2.666
2.75584
3.01261
3.13263
2.02633
2.87501
2.92839
3.12717
2.51327
2.63296
2.74025
2.74058
2.80348
3.58721
2.76668
2.55338
2.75815
2.71462
2.7001
3.28286
2.96638
3.87381
2.99208
3.40676
3.14651
3.3046
3.08778
3.73259
3.84444
4.34389
3.36491
2.46439
2.60196
3.07277
2.34839
3.54213
3.40294
2.24319
3.62037
3.54478
2.72807
3.04422
2.5069
2.77231
2.54212
3.03934
2.73007
2.57876
2.18676
3.30456
3.25931
3.17767
3.60396
3.36461
3.54365
3.61506
3.62191
3.62029
4.14757
3.37884
2.97878
3.15249
3.29174
3.13945
3.72582
3.68843
3.10565
3.10771
3.1016
3.26675
3.31499
3.42986
3.17996
3.31443
3.07175
3.26178
2.79471
2.98089
2.92195
2.8893
3.10136
3.00282
2.81812
3.63623
2.95864
3.27237
3.7089
3.16252
2.83196
3.12896
2.82386
2.99691
3.57039
3.37127
3.31911
3.01747
3.3496
3.2514
2.80318
2.74786
2.86797
4.30647
3.57043
3.50863
3.79682
4.03801
3.43507
4.42798
3.47511
3.29042
3.64292
3.10837
2.93878
3.27612
2.62661
3.15227
3.10877
3.60991
4.01593
3.11913
3.3688
3.50503
3.13116
2.89777
2.96659
3.1737
3.81516
3.45187
3.26066
3.33711
3.53154
3.05354
3.49764
3.22313
3.09591
2.99768
2.98159
2.95255
3.13855
2.91682
2.91733
2.92709
2.95531
2.9864
3.19518
2.87568
3.30387
2.92069
3.13839
2.9115
2.98481
3.11387
3.0692
2.74137
2.69709
3.36619
3.02177
3.73612
3.62734
3.69826
3.25156
3.08061
3.4483
3.57769
3.12291
2.84037
3.29646
3.32858
3.32976
3.21844
3.50889
3.14883
3.25384
3.29016
3.60222
4.09018
