1.85584
2.27066
2.56643
2.16875
2.3576
2.60001
2.85049
2.71836
1.68655
2.78521
2.80662
3.09022
2.50271
2.25716
3.07555
2.67962
2.49919
3.20694
2.40858
2.58589
2.45744
2.53636
2.81125
3.12301
3.19252
3.12576
2.96601
2.85367
3.03197
3.26828
3.67254
3.58057
3.32136
3.54947
3.00399
2.46574
2.64907
2.95691
2.47698
3.10035
3.05883
2.66409
3.27676
2.70606
2.93889
3.07466
2.84189
2.47945
3.13393
2.56273
2.46377
2.59348
1.95054
3.08946
3.06536
3.24344
3.36905
2.07269
3.38444
3.15263
3.0546
3.35067
3.51089
2.81204
2.57647
2.82196
2.78555
2.87204
3.25537
2.94602
2.86566
2.76668
2.73269
2.82129
2.9317
3.30978
2.99469
2.76756
2.64906
2.68994
2.77827
3.05393
2.61849
2.83331
2.64194
2.80108
3.0106
3.13962
2.68306
3.13599
3.384
3.03907
2.45214
3.18538
2.39671
2.91092
3.05061
3.06748
3.02136
2.86831
3.4521
3.37796
2.60193
2.82615
2.5827
3.60187
3.17762
3.33306
3.80634
3.17562
3.32465
3.46462
3.51681
3.20904
3.15367
2.88295
2.7739
2.5822
1.97324
3.23959
2.68096
3.61429
3.48927
3.00132
3.37426
3.38593
3.0286
3.02765
2.95658
3.15875
3.81603
3.81418
3.2046
3.39369
3.05007
2.97675
2.95053
2.64682
2.94181
2.97989
2.72711
2.91559
3.052
2.79138
2.75006
2.69001
2.78918
2.87865
2.85928
3.03707
2.89272
2.65278
3.30147
3.27283
2.67881
2.24732
2.43558
2.76545
2.74278
2.61969
3.18985
3.09294
3.10184
3.41465
2.51556
3.2084
3.76176
3.3562
2.94268
2.61141
3.1863
3.39641
3.09079
2.91923
3.16695
3.33543
3.48546
2.76232
3.37627
3.45756
1.94136
2.58177
2.39049
2.08588
2.31014
2.57817
3.07077
2.76152
1.92014
2.89811
2.7316
2.94502
2.3069
2.25003
2.59911
2.54665
2.49852
2.80331
2.51739
2.51148
2.53992
2.80763
2.81311
2.79542
2.84442
3.26128
2.73726
2.65976
3.19915
2.96605
3.44827
3.72133
3.56376
3.64469
2.81344
2.60859
2.72492
3.04781
2.89188
3.04173
3.00271
2.66508
3.60767
2.92987
2.79013
2.62384
2.51446
2.46223
2.77606
2.52795
2.6069
2.6868
1.99979
2.95178
3.06614
3.01757
3.3025
2.29943
3.71534
3.2009
3.26457
3.46371
3.50515
2.93739
2.95534
3.16817
3.07946
2.98035
3.31983
3.26777
3.08351
3.11513
2.75285
3.02232
2.92081
3.05852
2.93055
3.03483
2.78801
3.16794
2.81957
2.64796
2.92213
2.84354
2.81659
2.89292
3.03988
3.42433
2.90327
3.04972
3.20955
3.25977
2.71241
3.31551
2.60113
2.8713
2.95585
3.3573
3.09593
2.91625
3.19039
3.59667
2.68168
2.92952
2.85432
4.32584
3.04986
3.24883
3.55419
4.03356
3.306
4.12512
3.55714
3.03022
3.64662
2.65167
2.9249
3.3084
2.43415
3.46496
2.76491
3.46472
3.7421
2.67249
3.25165
3.57665
3.07824
3.0328
2.99883
2.79034
3.87376
3.47293
3.09834
3.12467
2.95067
2.82269
3.31653
3.14748
3.10927
2.6184
3.10868
2.50989
3.01454
2.66503
2.93973
2.62409
2.82875
2.68939
2.906
3.00381
2.865
2.51735
3.02741
2.85284
2.94743
2.31484
2.74702
3.00418
2.5229
2.6667
2.83829
2.79104
2.85558
3.19736
2.85744
3.03409
3.92984
3.24345
2.98796
2.81895
2.79655
3.19387
2.78115
2.69457
2.99035
3.1013
3.56129
3.07695
2.99827
3.83731
