1.69475
2.80767
2.1286
2.18341
2.16202
2.61029
2.5052
2.54336
1.50643
2.89742
3.04475
2.92814
2.33821
2.45253
2.79183
2.71529
2.49636
3.39447
2.63974
2.64434
2.55535
3.14733
2.55088
2.69978
2.93948
2.99086
2.69346
2.59528
2.56474
2.599
2.88776
3.55635
3.31912
3.57151
3.18311
2.14486
2.67585
2.76933
2.10238
2.80516
2.84045
2.29294
3.43865
2.86441
2.497
2.42413
2.57617
2.04562
2.42854
2.53581
2.09027
2.37051
1.99088
2.66189
2.86691
2.80583
3.20674
2.27073
3.31442
3.30784
3.20526
3.57336
3.44375
3.09566
3.00688
2.53833
2.70138
2.83907
3.24967
3.15232
2.92482
3.39215
2.65845
2.82927
3.26999
3.32756
3.15897
3.09453
3.02687
2.78971
2.81329
3.177
2.75127
2.76601
2.81299
2.62989
2.91626
3.18016
3.07601
3.35155
3.30595
3.26093
2.37566
3.20002
2.4077
2.78658
2.72991
2.83553
2.91608
3.06467
3.30927
3.19086
2.66964
2.6721
3.04035
3.8685
3.73108
3.11417
3.13152
3.50276
3.36454
3.81364
3.38978
2.98586
3.45691
2.61829
2.58044
2.78564
2.41998
3.29099
2.69369
3.10689
3.33757
2.57901
3.2834
3.08112
2.5526
3.13708
3.14502
3.25058
3.41455
3.64107
3.29197
3.05412
3.26057
2.66018
2.71858
2.7527
2.99291
2.70162
2.98992
2.58359
2.86507
2.63778
2.54808
2.6279
2.91772
2.59642
2.54195
2.5625
2.75993
2.4621
2.6716
3.05889
2.55396
2.56635
2.8398
2.51445
2.4701
2.41774
2.74211
2.66889
2.92845
3.40957
3.0172
3.10445
3.38937
3.33845
3.10287
2.99171
3.08094
3.37878
3.08958
3.09773
2.77588
3.1318
2.95448
3.24334
3.19843
3.19453
1.82488
2.36793
2.02183
2.16841
2.3425
2.42979
2.85615
2.71842
1.62858
3.11476
2.72103
3.05446
2.38955
2.6752
2.63415
2.76571
2.74879
3.16588
2.59723
2.9433
2.82842
2.64344
2.42776
2.55509
2.77228
3.38567
2.77852
3.23462
2.56214
2.49246
3.08891
3.41781
4.01556
3.53531
2.9575
2.04696
2.51408
2.93617
1.85329
2.75288
3.01088
2.35468
3.29497
2.92407
2.56126
2.68865
2.46908
2.43034
2.71945
2.47344
2.37948
2.42844
1.97334
2.78938
2.78427
3.18692
3.21415
2.62929
3.0071
3.05224
3.78307
3.70587
3.52266
3.02897
2.86124
2.80165
2.97349
2.75024
3.32145
3.19702
2.86818
3.09034
2.98243
3.10672
3.2114
3.15774
3.08222
2.92805
2.87475
3.00744
2.69558
3.07408
2.78463
2.83489
2.88134
2.84531
3.14543
3.35411
2.77977
3.40774
3.39419
3.30133
2.42574
3.2849
2.74147
2.85628
2.91059
2.84364
3.08802
3.16264
3.17587
3.04084
2.75366
2.81087
2.84628
4.15555
3.06063
3.29251
3.62172
3.72183
3.40956
3.72406
3.32979
3.08378
3.20721
3.20769
2.69259
2.66681
2.40782
2.87558
2.82374
3.04385
3.57057
2.78398
2.81642
3.42469
3.06869
2.72736
3.1251
3.11546
3.19429
3.49196
3.02167
2.88328
3.35853
2.88144
3.13532
2.91774
2.89983
2.8067
2.88472
2.89779
2.89227
2.73258
2.77925
2.50882
2.90786
2.89639
2.9039
2.94524
3.00898
2.52428
3.11071
2.76113
2.8251
2.97818
2.821
2.65668
2.98365
2.46638
2.45029
2.7978
3.43975
2.97885
2.75784
3.01357
3.67282
3.40089
3.1188
2.88993
2.97426
3.32808
3.11131
2.5696
2.9753
2.95275
2.93588
3.14568
3.39466
3.98451
