1.91457
2.80933
2.55001
2.32128
2.53966
2.84586
3.24417
2.83697
1.64902
3.12526
2.32965
3.11867
2.66735
2.93637
2.70631
3.02545
2.77111
3.26523
2.56688
3.12967
2.8145
2.74213
2.9005
3.2317
3.45929
3.95156
3.00335
2.68807
3.11796
2.83861
3.36189
3.93042
3.3516
3.1802
2.82125
2.56328
2.85232
2.99673
2.49188
3.38497
3.1412
2.58771
3.70672
3.1949
2.80173
2.93111
2.54784
2.4385
2.4795
2.27738
2.18074
2.46297
2.21194
2.85068
2.6844
3.29224
4.25002
2.17773
3.37536
3.31632
3.86524
3.6828
3.86366
2.70446
3.19046
2.99547
2.98907
2.99393
3.49383
3.75981
3.00238
3.56644
2.98288
3.31126
3.24704
3.42498
3.38759
2.93152
3.00369
3.15953
2.79163
3.04912
3.32299
3.35567
2.90027
2.92027
3.09144
3.44027
2.77865
2.88137
3.59726
3.69077
2.68693
3.39112
2.29064
2.91088
3.001
3.32006
3.42978
3.61727
3.5514
3.26277
2.5854
2.78937
2.9881
4.00616
3.48931
3.23971
3.43925
4.01016
3.4852
3.8299
3.53432
3.13594
3.19196
2.62831
2.68881
3.90654
2.51463
3.46034
3.25751
3.5799
3.95818
3.06678
3.44051
3.35235
2.49405
3.3272
3.22246
3.49756
3.82097
3.78517
3.32243
3.38625
3.39752
3.27042
3.36398
2.68276
2.82988
2.75411
3.08348
2.71934
3.18099
2.78567
2.89169
2.53207
2.9655
3.3888
3.00832
3.10749
3.22683
2.71111
3.22981
2.97046
2.79962
3.13624
3.00687
2.72823
2.43096
3.01327
2.59722
2.91058
3.46392
3.92576
3.39945
2.74918
3.37045
3.12755
3.02523
2.94158
3.43567
3.6813
2.89678
2.86009
3.66491
3.06023
3.16976
2.77445
3.30263
3.17162
1.80166
2.79622
2.56668
2.24912
2.50278
2.73817
3.43602
2.91865
1.76793
2.67171
3.23043
2.97203
2.85053
2.63533
2.9385
3.09471
3.14581
3.24915
3.01773
2.90574
2.93049
2.9943
2.76572
3.32255
3.25542
3.58844
3.13093
3.61914
3.08576
2.59965
3.2359
3.59491
3.19518
4.49634
3.05624
2.57245
2.45731
2.87561
2.12558
3.25413
2.89477
2.38586
3.26565
3.0202
2.60228
2.7476
2.73298
2.48476
2.73522
2.6354
2.36724
2.60424
2.00343
2.95999
2.95971
3.3329
3.29969
2.6568
3.78914
2.87659
3.01164
3.50005
3.64749
3.09857
2.71746
3.46389
2.93678
2.97601
3.20756
3.36097
3.06283
3.38521
3.16539
3.36897
3.54068
3.15747
3.45922
3.18073
3.2438
3.07089
3.20512
2.73669
3.25385
3.02957
3.15062
2.95745
3.0929
3.40487
3.00056
3.41469
3.59392
3.59067
2.67252
3.38924
2.63243
2.85363
2.9727
3.35748
3.46396
3.07934
3.69195
3.05321
2.48766
3.20548
3.20052
4.25126
3.15081
3.71687
3.93527
3.41258
3.42989
3.79965
3.56791
3.58517
3.62941
2.94317
2.6479
3.45934
2.50003
2.88322
2.77106
3.40272
4.35663
3.067
3.26411
3.00893
2.81441
3.26982
2.85449
3.03401
3.78535
3.16546
3.21476
3.32851
3.14654
3.01653
3.42677
2.96361
3.12986
3.00802
2.61477
2.73652
3.19251
2.84757
2.80585
3.17456
3.26308
3.34483
2.93408
3.10506
3.21848
2.67998
2.74449
2.69758
2.7905
2.87903
3.16608
2.9197
3.32856
3.05133
2.96458
3.41116
3.60666
2.72513
2.38654
3.1132
3.63181
3.53035
3.06977
2.9332
3.14278
3.73028
3.15779
2.97907
3.85836
2.98497
3.07943
3.22781
3.17035
3.68064
