1.91977
2.72562
2.4195
2.37618
2.50216
2.83838
3.50213
3.03259
2.17184
3.13478
3.5734
3.57748
2.52047
2.66807
3.09829
3.01925
2.76733
3.48441
3.14943
2.61265
2.84929
2.8486
2.70198
2.83485
3.32201
3.77784
3.03352
2.96218
2.60377
3.22848
3.11978
4.14545
3.3559
3.73877
2.9065
2.5105
2.76898
3.43053
2.87738
3.2945
3.34323
2.66523
3.58337
3.39802
2.79044
2.83481
2.83852
3.01549
2.81412
2.73171
2.92215
2.76933
2.14463
3.38994
2.98568
3.24969
3.8161
2.15093
3.68932
3.49767
3.54995
3.61693
3.72795
3.35011
3.53071
3.40995
3.16478
3.09351
3.56595
3.60774
3.09722
3.39886
2.95655
3.18339
3.18614
3.39182
3.32524
3.27328
3.2075
3.00064
3.0025
3.20637
3.07694
3.13944
3.11271
3.11647
3.15422
3.57218
3.01605
3.83337
4.13783
3.45712
2.66764
3.85191
2.85641
3.08589
2.87684
3.59361
3.06967
3.21483
3.63485
3.8198
2.72764
2.93512
3.10227
3.81723
3.42096
3.62408
4.07177
2.33465
3.75234
4.12551
3.23947
3.37905
3.0381
3.27844
2.96894
2.90494
2.33384
3.40592
3.05306
3.50954
3.5497
3.50467
3.43994
3.08859
2.91393
3.34122
3.62696
3.80595
3.70499
3.64629
3.496
3.07384
2.89391
2.80941
3.33049
3.32227
3.23528
3.38694
3.04566
3.03603
3.34085
3.05629
3.07865
3.22301
3.37233
3.14262
3.03251
3.27638
3.33673
2.66759
2.99109
3.21107
2.75296
2.94283
3.23608
2.9665
2.98737
2.72409
2.92578
2.99344
3.7088
3.68966
2.96733
2.46753
3.67387
3.46345
3.11705
3.17597
3.29667
3.64466
2.8579
2.9355
3.87914
3.26201
3.7833
2.90444
3.35924
3.57749
1.94882
2.37186
2.51467
2.31948
2.5257
2.94784
3.52889
2.95314
2.0932
3.10584
2.77305
2.96438
2.41564
3.47072
2.78198
2.89676
2.62457
3.4727
2.72825
2.28579
3.05222
3.0193
2.98271
3.09236
3.08835
3.55432
2.87408
3.44462
3.18473
3.35065
3.14262
3.908
3.54912
3.45806
2.69127
2.7564
2.7524
3.31309
2.93861
3.36826
3.48784
2.70048
3.35478
3.51049
3.09763
2.74032
2.74039
2.8907
2.57178
2.72253
2.89172
2.74264
2.21337
3.33508
3.17415
3.23176
3.78494
3.13828
2.99794
3.64323
3.66245
3.65094
3.58379
3.47476
3.24695
3.10741
3.44566
3.20782
3.68216
3.62678
2.92484
3.10573
3.41648
3.11534
2.91071
3.3587
3.68206
3.01355
2.83458
3.66785
3.16183
3.09173
3.068
3.23459
3.05093
3.01792
3.28661
3.49768
2.99305
3.16084
3.65262
3.54084
2.62032
3.54344
2.84092
3.10933
3.28629
3.32845
3.29821
3.39647
3.16008
3.60511
2.79639
2.85331
3.17181
4.30767
3.47864
3.60036
4.00376
3.60254
3.7042
4.43585
3.18923
3.61281
3.40767
3.07111
2.85154
2.87455
2.47725
3.02658
2.83088
3.87955
4.39779
2.86448
3.43107
3.29034
3.15022
3.31367
2.76397
3.16609
3.90627
3.6635
3.37614
3.22457
3.14678
3.04564
3.22306
2.96428
3.52628
3.07932
3.012
2.73296
3.28187
2.99225
2.86794
2.9959
3.07347
3.03601
3.31784
3.03899
3.10351
2.94649
2.95448
2.62629
2.80601
3.22622
3.03802
3.0652
2.76453
2.81423
2.74956
2.94452
3.52177
3.74578
2.86471
3.87447
4.11007
3.89868
3.35916
2.98549
3.17375
3.49971
3.00779
2.65111
3.07528
3.17525
3.84342
2.97986
3.74514
3.33102
