1.8961
2.95222
1.94132
2.18329
2.30714
2.4271
2.8576
2.7458
1.61018
2.58031
2.66115
3.01928
2.0006
2.35527
2.47766
2.51431
2.40244
2.98012
2.51565
2.66659
3.00623
2.93866
2.82345
2.88501
3.15148
3.42458
2.7596
3.32017
2.49298
3.1811
3.17307
3.73676
3.19669
4.06684
3.26883
2.4115
2.58085
3.03413
2.18279
2.78639
2.75898
2.24851
2.84123
3.01512
2.35521
2.33115
2.35738
2.35332
2.17213
2.38284
2.38203
2.3365
1.87711
2.90811
2.74118
2.97621
3.17966
1.70002
3.79663
3.05205
3.08614
3.23183
3.28969
2.83722
2.78991
3.00558
2.98544
2.90305
3.20872
3.16391
2.74817
2.71787
2.94836
3.09702
3.09946
3.34833
3.02519
2.95456
2.95634
3.09661
2.64447
2.76803
2.87471
2.94825
2.67777
3.15151
2.89871
2.93523
2.65357
2.47796
3.26577
2.93088
2.64039
3.73892
2.73818
2.77204
2.82907
3.09981
3.09956
3.28447
3.19042
3.39168
2.49902
2.82365
2.77959
4.26352
3.13698
3.52346
4.09304
2.88445
3.58634
4.28963
3.24605
3.15192
3.3271
2.66586
2.73617
3.40786
2.42973
3.1573
2.84198
3.74083
2.94425
2.87516
3.35372
3.79841
3.00981
3.2073
3.20266
3.49567
3.59486
3.76982
3.18651
2.97052
3.38931
3.24678
3.4937
3.15821
3.11939
2.8309
3.09261
2.46554
3.08018
2.80821
2.92786
2.82742
3.18881
3.12283
2.97434
2.94796
2.83137
2.26188
2.83228
3.06215
2.96563
3.14219
3.13943
2.70026
2.87204
2.83539
3.10809
2.78076
3.53636
3.83788
2.64396
3.73102
3.28178
3.50553
3.13988
2.77339
2.66581
3.72489
2.75365
2.72656
3.27836
3.21066
3.28198
2.51271
3.41055
3.4748
1.96413
2.50758
2.27414
2.11876
2.29508
2.61927
2.86365
2.66076
1.83434
2.77465
2.71551
2.80108
2.12509
2.59602
2.41429
2.51873
2.46663
3.13192
2.34971
2.69637
2.74304
2.78901
2.6917
2.58681
3.46798
3.11802
2.5426
3.56248
2.54898
2.84745
3.15868
3.44715
3.29643
4.00446
2.93543
2.36438
2.32593
2.70432
2.21908
2.97554
3.05802
2.2182
3.26481
2.85541
2.49489
2.66813
2.40788
1.90629
2.21078
2.54772
2.46316
2.41895
1.87215
2.79727
2.86051
3.23379
3.51982
2.47021
3.17646
3.25456
2.85816
3.41083
3.32687
2.57938
2.64937
2.64096
2.89728
2.89759
3.25296
3.28773
3.0634
2.80533
2.87111
3.23889
2.94823
3.50929
2.9198
3.09184
2.72148
3.06665
2.90443
2.77506
2.9284
2.77373
2.70991
2.81163
2.70761
2.64213
2.90142
2.69779
3.31394
2.94015
2.64128
3.4017
2.48888
2.76693
2.85671
3.14973
3.05832
3.41926
2.84196
3.32868
2.64398
2.96579
2.84396
4.1527
2.84138
3.27379
3.824
2.51008
3.62012
4.42665
3.45945
2.83028
3.29776
2.85338
2.66498
3.49742
2.40202
2.92682
3.13706
3.33764
3.82056
2.85626
3.26485
3.64728
3.01663
3.24923
3.20431
3.48114
3.50855
3.29122
3.38424
3.02144
3.34298
3.08471
3.06832
2.91988
3.13189
3.01693
3.01992
2.63737
2.95192
2.57352
2.61364
2.81067
3.17577
3.04109
3.12125
2.95345
2.66442
2.44741
3.07557
3.03581
2.80045
2.7585
2.88698
2.88267
2.70508
2.99
2.708
2.66361
3.65735
2.75576
2.19868
2.87142
3.0908
3.21793
3.05259
3.04746
2.83181
3.03562
2.93332
2.55686
3.53098
2.87138
3.17522
2.71407
3.36958
3.1579
