2.08136
2.74855
2.14833
2.57707
2.5903
2.94109
2.61627
3.01253
1.70904
3.16803
2.57854
3.17454
2.56591
2.82248
2.80128
2.93257
2.92382
3.31553
2.71048
3.02595
3.15264
3.48558
2.84904
2.91307
3.21756
3.60044
3.36137
3.04397
2.60846
3.13301
3.36432
3.4702
4.04937
3.62956
3.17051
2.39142
2.80802
3.08513
2.36349
3.36543
2.98504
2.45324
3.63981
3.13618
2.83643
2.50144
2.91622
2.37201
2.74532
2.84217
2.50094
2.54939
2.01709
3.42048
3.25049
3.19672
3.02794
2.54392
3.00743
3.6357
3.95628
3.66181
3.83709
3.0579
3.81833
2.3973
2.977
3.18812
3.46044
3.94663
3.00815
3.414
2.84639
3.12287
3.05916
3.4207
3.64987
2.89743
3.01352
3.32961
2.87167
3.05152
2.78624
2.93995
2.7611
2.95341
2.98143
3.08071
3.1165
3.47214
3.3687
3.08731
2.92628
3.82513
2.89044
3.06422
3.28404
3.38253
3.24867
3.23335
3.49648
3.50921
2.29931
2.89482
3.12649
3.68632
2.97763
3.43611
3.32366
2.92743
3.81955
3.84921
3.16464
2.87828
2.8053
3.35064
2.94767
2.92049
1.89437
3.01135
3.19038
4.07304
3.75211
2.76237
3.15846
3.60361
3.08869
3.35979
3.02416
3.24496
3.62435
3.68035
3.13299
3.34743
3.13944
3.24169
3.00453
3.05386
3.05648
2.84944
2.74945
2.42718
3.13867
2.84205
2.71918
2.95673
3.10538
3.09829
3.14486
3.18558
3.507
2.50342
3.02359
3.02895
2.80665
2.59581
2.86533
3.2902
2.83926
3.27806
2.81512
3.11871
3.55686
3.28062
3.9891
2.95526
3.04573
3.50402
3.01445
2.74806
3.10894
3.59821
2.55022
2.75984
3.17599
3.07587
3.81148
2.49182
3.40452
3.34891
2.00095
2.44089
2.21793
2.43302
2.54605
2.7565
2.68602
2.88333
1.71145
2.87707
2.64728
3.31648
2.54882
2.92694
2.90784
2.70257
2.92734
3.24579
2.51952
2.61292
2.97047
2.99581
2.78608
2.61725
3.37795
3.29638
3.14777
3.35883
2.65154
2.97776
3.32649
3.36371
3.57583
3.77557
3.08694
2.54184
2.81216
2.84782
2.6547
3.12133
3.57995
2.92759
3.60405
3.15393
2.95204
2.91227
3.04804
2.38628
2.91735
2.76466
2.63232
2.64556
1.99822
3.17212
3.26304
3.04153
3.24557
2.48531
3.68181
3.49715
3.8331
3.69375
3.96998
3.17118
3.60199
3.13158
3.30228
3.01997
3.67301
3.84392
3.04017
3.43844
3.01598
2.81189
3.21388
3.51906
3.0149
2.96045
3.02855
3.06136
2.83664
2.91075
2.95398
3.01983
2.803
2.8889
2.97479
3.58303
2.74104
3.32007
3.40346
3.41728
2.87183
3.64272
2.60363
3.26974
3.6954
3.48919
3.07149
3.40268
3.35835
3.85584
2.51106
2.69123
2.99341
3.97364
2.88
3.27307
3.46498
3.62487
3.40659
4.01735
3.13263
3.15982
3.3207
2.97903
3.0704
2.71647
2.0351
2.92805
2.71382
4.02536
3.59923
2.75023
3.23989
3.71427
3.41598
2.96262
3.01729
3.0637
3.59736
3.80993
3.19975
3.23446
3.04316
3.05637
2.9247
2.81275
2.84785
2.87817
2.85331
2.53891
2.85395
2.89514
2.95914
2.59741
3.77264
2.99801
3.12522
3.10664
3.34956
3.3432
3.2648
2.88642
3.46599
3.11824
2.37714
2.79609
2.65951
2.99287
2.84232
3.60787
3.44499
3.66785
4.2169
3.41483
3.24322
3.4057
3.23592
2.70109
3.2751
3.87559
2.61109
2.46725
3.13585
2.93781
3.25753
2.49773
3.40768
3.61433
