1.91904
2.77288
2.49044
2.05668
2.24566
2.65505
3.43424
2.91332
1.75829
3.08606
2.7633
3.0974
2.65908
2.50578
2.50494
2.41865
2.61484
2.90397
2.63489
2.31879
2.75075
2.59172
2.78271
3.46992
3.58187
3.63022
3.11541
3.01715
3.11637
3.02402
3.56301
3.8647
3.59933
4.31244
3.43122
2.39089
2.81515
3.00134
2.75634
3.19871
3.19336
2.66864
3.62375
3.29249
2.72751
2.94822
2.25848
2.38056
2.8121
2.63587
2.58026
2.46521
1.99505
3.1175
2.91933
3.41167
3.85588
1.85854
3.52519
3.28982
2.98598
3.64284
3.78603
3.03876
2.42174
2.80372
3.18218
3.06703
3.59389
3.1208
2.88172
3.05678
2.96394
2.72329
2.83442
2.93979
3.20455
3.03538
3.13317
3.35833
2.82451
2.90224
2.8368
3.10222
2.72288
2.83244
2.81373
2.97229
2.87271
3.43568
3.51115
3.41098
2.6943
3.75273
2.72642
3.13693
2.78629
3.05343
3.25238
3.00174
3.34107
3.08342
2.67375
3.1051
3.19656
3.96171
3.04299
3.30572
3.7357
2.91091
3.49965
3.59171
3.17454
2.95572
3.1167
2.79998
2.81887
3.60466
2.16263
3.53347
2.52134
3.80077
3.84413
3.13555
3.16861
3.12444
2.78124
2.63994
3.07098
3.2391
3.71378
3.51116
3.13375
3.45397
3.20516
3.16131
3.24038
2.85669
3.24115
2.99935
3.124
3.03604
3.08875
2.70005
2.84546
2.73819
3.05482
3.29266
3.12266
3.07235
3.18525
2.30794
3.03967
2.92314
2.3022
3.13012
2.82763
2.96887
2.86488
2.61229
3.09118
3.1695
3.22494
3.35686
3.05397
2.71638
3.79939
3.33477
3.02949
2.87882
2.88503
3.4482
3.12761
3.5609
3.20895
3.32457
3.36608
2.72275
3.27427
2.98025
1.72648
2.51757
2.03421
1.93237
2.21383
2.50152
2.65665
2.94918
1.88068
3.21561
2.61183
3.05096
2.00023
2.81098
2.39694
2.4634
2.45175
2.82042
2.7271
2.75903
2.82247
2.86155
2.82286
3.10877
2.88357
3.59671
2.93388
3.27664
3.09149
3.63074
3.40138
3.35209
3.77937
3.9538
2.79609
2.35533
2.7078
3.03534
2.42405
3.01662
2.96293
2.76682
3.61266
3.34818
2.70674
2.62074
2.61875
2.37248
2.70207
2.8449
2.5312
2.54817
2.00645
3.16831
3.17407
3.36466
3.31451
2.34649
3.32094
3.26994
2.81806
3.67063
3.6751
2.90618
2.60686
3.01805
3.12937
3.0369
3.44705
3.39987
3.13057
3.16487
3.15591
2.88305
2.91471
3.25359
3.04043
3.1617
3.09395
2.99699
2.76248
2.79934
3.00966
2.82859
2.64331
2.81564
2.9514
3.18085
2.76266
3.24847
3.18123
2.83154
2.7954
3.36833
2.72214
3.22614
3.35855
3.17659
3.01066
3.34846
3.64866
3.45452
2.59093
2.99661
2.96803
3.75671
2.75288
3.21341
3.66934
3.24562
2.89733
3.50389
3.43273
2.94999
3.54564
2.67099
2.85031
3.682
2.59456
3.39395
3.33105
3.67859
4.05583
2.78128
3.07672
3.87406
3.31938
2.7617
2.83444
2.96624
3.55568
3.54547
3.08186
3.42513
3.26261
3.22604
3.25585
2.73566
2.9275
3.20033
2.94252
2.97301
2.97315
3.0458
2.88065
2.67125
3.11311
3.02257
3.07253
3.12601
3.13657
2.4965
2.49342
3.18671
3.18008
2.74907
2.59225
2.76625
2.719
2.88403
3.02773
3.35334
3.48795
3.27418
2.72776
2.93683
3.50695
3.49684
3.23291
2.91057
2.83382
3.69214
2.83296
2.97178
2.99483
3.27669
2.96007
3.02286
3.32322
3.67272
