1.88937
2.76753
2.38945
2.16323
2.37118
2.73071
2.99701
2.89889
1.75539
3.12238
2.71037
3.58766
2.26213
2.58903
2.58794
2.40437
2.86628
3.52622
2.50756
3.19608
3.49543
3.58758
3.06528
2.78979
3.38488
3.63056
3.03273
3.37212
2.3511
3.43313
3.35168
3.86585
3.63305
3.99072
3.33382
2.53379
2.70621
3.1495
2.36789
3.21556
3.31839
2.34663
3.74196
3.20539
2.82096
2.94701
2.79378
2.23504
2.27489
2.53117
2.53621
2.61777
2.07164
3.0631
2.84338
3.45621
3.51128
2.89373
4.10796
3.12918
3.50714
3.91762
3.87936
3.63553
3.68994
3.01814
3.35563
3.13489
3.79566
3.74534
3.23901
3.33831
3.23241
3.23999
3.46075
3.59038
3.58416
3.05793
2.8685
3.33035
3.3666
3.08206
3.1586
3.24602
3.13195
3.04714
3.28671
3.13891
3.24953
3.02302
3.78236
3.08555
2.68907
3.33957
2.64643
3.10603
3.36137
3.28751
3.52846
3.17006
3.43021
3.57157
2.84982
3.07081
3.44322
4.16951
3.29821
3.62202
3.9807
2.80846
3.63411
4.17751
3.34274
3.23612
3.44699
3.06581
2.87151
3.00157
2.33241
3.04525
3.19705
3.55839
3.93063
2.82662
3.36248
3.3693
3.20459
3.32049
3.25377
3.62761
4.05244
4.11607
3.72465
3.61977
3.51793
3.41085
3.52708
3.28036
3.19916
3.11164
3.41023
2.35399
3.06813
3.35829
2.94687
3.01437
3.36304
3.45124
3.01414
3.04919
3.57723
2.345
3.35236
3.39622
3.07822
3.27852
3.39419
2.79523
3.34449
3.0537
2.86292
3.4425
3.80231
3.27974
3.46681
3.35526
3.2465
3.65478
3.29268
3.02529
3.34519
4.08109
2.59928
2.94511
3.51821
3.35255
3.5765
2.63272
3.40542
3.60049
1.89233
3.20534
2.22048
2.08929
2.36902
2.72649
3.01727
2.8885
1.75217
2.96307
3.04709
2.77705
2.28937
3.17307
3.0347
2.6261
2.5218
3.27611
2.51869
2.70028
3.35006
2.71069
3.15885
2.61409
2.88205
3.54743
2.86957
3.39584
2.51759
3.10043
3.50333
3.84605
3.9271
3.88691
3.16452
2.31628
2.42152
3.05454
2.50485
3.14826
3.14377
2.43659
3.37777
3.37205
2.46802
2.86235
2.74131
2.11816
2.36531
2.61782
2.62251
2.5882
2.01468
2.70724
3.33756
3.87125
3.5558
2.80327
3.58407
3.37951
3.94548
3.96081
3.8718
3.36546
2.86989
3.48968
3.17857
3.18928
3.94155
3.93528
3.42391
3.70926
3.21649
3.11014
3.18731
3.33483
3.61857
3.15691
3.11942
2.99527
3.02864
3.16211
3.4134
3.30269
3.10298
3.16979
2.9757
3.45911
3.01952
3.57332
3.70775
3.09151
2.77633
3.70392
2.88553
2.78046
3.17087
3.60879
3.35232
3.24362
3.32505
3.7295
2.7161
2.97623
2.84042
4.50017
3.27602
3.45878
3.92667
3.56498
3.59482
3.89999
3.60139
3.24156
3.55462
3.31926
2.79453
3.0813
2.29741
3.3867
3.49188
3.23861
3.92634
3.20846
3.56411
2.90674
3.14084
2.97748
3.00452
3.26248
4.07399
4.05691
3.50139
3.59523
3.85613
3.44366
3.64942
3.19682
3.08481
3.1789
2.69013
2.88799
3.12712
2.9109
2.73555
2.78013
3.16094
2.98919
2.92733
2.98198
3.29554
2.78842
2.60198
3.42356
2.76452
3.17937
3.42804
3.03825
2.90802
3.12026
3.08231
3.68098
3.83687
3.72974
2.82142
3.28189
3.85317
3.74186
3.14444
3.12835
3.45017
3.83231
3.08587
2.56994
3.66094
3.15737
3.70175
3.04068
3.58628
3.78849
