1.9359
2.56898
2.22325
2.08272
2.13502
2.57579
2.98907
3.03806
1.8595
3.09159
3.38166
3.23601
2.13249
2.50526
2.80603
2.60512
2.4139
3.40468
2.38274
2.49858
3.29934
2.79584
2.9029
3.48333
3.63958
3.94466
3.22137
3.43848
2.88016
2.88145
3.20137
3.75136
3.15287
4.15502
3.04642
2.47672
2.92547
3.02824
2.70971
3.14651
3.34591
2.41602
3.41053
3.32167
2.89608
2.80033
2.54582
2.43792
2.65897
2.75383
2.84275
2.54631
1.99747
3.2047
3.11783
3.54995
3.95574
2.40113
3.47903
3.23727
3.69947
3.56806
4.04967
3.42586
3.18046
2.50302
3.33484
2.8353
3.48029
3.96594
2.86472
3.645
3.12917
3.60785
3.28846
3.06437
3.04523
3.19917
3.47973
3.23657
2.9717
2.84873
3.12793
3.09486
3.07645
3.03795
3.09092
3.48408
2.89429
2.94093
3.01452
3.08531
2.27015
3.07662
2.62969
3.18749
3.4544
3.55264
3.06957
3.53945
3.52428
3.23505
3.018
3.04012
3.3377
4.0836
3.74451
3.27921
3.57653
3.00642
3.11662
4.40154
3.13144
2.94394
3.29171
3.13779
2.76403
3.16068
2.73885
3.19545
2.41658
3.63686
3.77086
3.41554
3.69924
3.45799
2.84103
3.37165
3.42593
3.81407
3.5467
3.99272
3.27073
3.05955
3.28101
3.59852
3.26357
2.99381
3.47231
3.27016
3.44421
2.61973
3.03378
2.86624
2.82452
2.58663
3.42989
3.28679
3.23213
3.12327
3.07193
2.64046
2.70651
2.66483
2.65723
3.08791
3.40109
2.50144
2.60389
2.37404
2.54176
3.03531
3.14178
3.41801
3.19196
2.70873
3.38053
3.42338
3.22871
2.79071
3.03402
3.43869
3.25542
3.25565
3.74944
3.8673
3.83644
3.22346
3.41574
3.26501
1.85144
2.58655
2.29059
2.22356
2.31645
2.51369
3.36274
3.04043
2.11365
3.2878
2.87336
3.30004
2.08921
2.69879
2.75815
2.47387
2.31768
3.27553
2.50409
2.20279
3.20096
2.61015
2.78258
3.25259
2.93442
3.54901
3.23283
3.08642
3.07809
3.21238
3.27025
3.83328
3.25084
3.28405
2.56201
2.58525
2.7344
3.031
2.77427
3.38239
3.07291
2.42816
3.8161
3.52445
2.71578
2.53283
2.59639
2.82313
2.68064
2.57107
2.93125
2.70171
2.06623
2.97501
3.00963
3.38624
3.02619
3.19215
3.4854
3.62421
3.34572
3.53997
3.75672
2.68643
2.89451
2.43858
3.3736
3.26079
3.6605
4.08336
3.30393
3.31301
3.09272
2.82295
2.92018
3.17025
3.2639
2.95444
3.11602
3.1181
2.9508
2.98245
2.95399
3.28683
2.93292
3.00295
2.95214
3.34375
2.80601
3.29216
3.10012
2.93825
2.34706
3.3033
2.86763
3.07834
3.30772
3.22432
3.01086
3.35129
3.50472
2.90398
2.96985
3.35308
3.12492
4.01225
3.34582
3.06634
3.68768
3.07914
3.26672
3.48376
3.04874
2.78222
3.07961
2.89695
2.57954
3.01252
2.47957
3.34756
2.59647
3.43956
4.1228
3.38572
3.49779
3.24358
3.27698
3.26612
3.16721
3.04833
3.59696
3.70284
3.59029
3.40245
2.85914
3.3467
3.47008
2.8677
2.83687
2.977
3.14124
2.69673
3.28413
3.13732
2.80158
2.66987
3.17145
3.39725
3.17513
3.11943
3.19806
2.39766
2.81674
2.86247
3.17652
3.28852
2.95318
3.0224
2.29362
2.53397
2.9543
2.64766
3.35695
3.00203
2.5241
2.83488
3.97266
3.30235
2.99793
2.88438
3.08104
3.53925
3.18515
3.24048
3.43333
3.23932
3.45406
3.10601
3.29923
3.58179
