2.10334
2.83184
2.37151
2.42986
2.7267
2.92493
3.3878
2.9784
1.95626
2.84174
3.0116
2.96638
2.67791
2.61781
2.94374
2.55016
2.79103
3.34067
2.81211
2.61322
2.94099
2.67513
2.90167
3.31964
3.30531
3.7104
2.82439
3.17294
2.97452
3.32774
3.52313
3.8917
3.62597
3.97718
3.60455
2.81033
2.62263
3.08386
2.30029
3.0341
3.19935
2.5326
2.9868
3.00097
2.73549
3.00708
2.55446
3.03842
2.4531
2.70216
2.55221
2.69375
2.32212
3.01117
3.09429
3.07306
3.19672
2.72435
3.64367
3.26969
3.91326
3.48133
3.98606
3.39354
3.00342
3.74255
3.04762
3.24255
3.39864
3.49255
3.28332
3.51513
3.11109
3.1329
3.33804
3.65233
3.62689
3.33269
3.12227
3.42141
3.07895
3.08934
2.93092
3.13804
3.09308
3.05123
3.50622
3.50607
3.38932
3.35475
3.7851
3.42784
3.01665
3.48358
2.71232
3.03557
3.05837
3.1638
3.07275
3.31032
3.58443
3.52239
2.93177
3.14803
3.17571
4.21825
3.35935
3.35424
3.60484
3.47261
3.57074
4.52608
3.65955
3.14929
3.33535
3.14365
2.81673
3.08991
2.46821
3.11276
3.36676
3.58148
3.97429
3.43337
3.76019
3.0364
2.90472
3.09394
3.44501
3.80309
3.76253
3.87795
3.73769
3.25662
3.50163
3.04542
3.22805
2.84868
3.49098
2.90661
3.00119
2.84429
3.45268
2.82743
2.96493
2.92911
3.50565
3.14385
2.88305
3.03519
3.20384
2.68545
2.63361
3.16136
2.77471
3.36965
2.78375
2.9864
2.92234
2.9633
2.97091
3.09967
3.67705
3.63605
2.70394
3.39213
3.79046
3.46587
3.38493
3.07466
3.13169
3.66321
2.93727
3.20576
3.40877
3.11697
3.25029
3.17752
3.50735
3.93377
2.18461
2.79731
2.81243
2.6208
2.73132
2.80622
2.99529
2.94203
1.80419
3.16682
3.04361
3.08473
2.43809
2.70983
2.94075
2.84406
2.65111
2.79541
2.793
2.96298
3.14425
2.75703
3.22509
2.83592
3.09296
3.43476
3.25522
3.05588
2.89207
2.95995
3.77851
3.2173
3.8026
3.97686
2.95308
2.51288
2.9675
3.07978
2.41644
3.40418
3.11128
2.4275
3.32819
3.30409
2.83309
2.76422
2.77751
2.59703
2.65589
2.71492
2.67556
2.75061
2.2083
2.91511
3.36681
2.99979
3.0881
2.89692
3.68615
3.43294
3.50151
3.25845
3.5784
3.67272
3.03276
3.75099
3.29143
3.01874
3.63206
3.46513
3.2338
3.72474
3.14985
3.33042
3.38937
3.14876
3.32194
2.98711
3.01639
3.26812
3.06158
3.1535
3.02636
2.89709
2.94781
3.12652
3.26015
3.47081
2.86988
3.49632
3.74563
3.36592
3.17759
3.20441
2.89197
3.09599
3.05109
3.29703
3.08723
3.43862
3.43352
3.2456
3.05906
3.16471
3.11544
4.1856
3.3763
3.19112
3.70842
3.35869
3.61663
4.14412
3.14901
3.03959
3.428
3.29604
2.92537
2.47554
2.63961
3.27479
3.71581
3.43406
3.50155
3.09756
3.51289
3.45358
3.04981
3.04288
3.13868
3.02482
3.81555
3.64398
3.25564
3.24396
3.72519
3.13476
3.39899
2.89989
3.14125
3.04044
2.84917
2.76072
3.3013
2.90688
2.99194
3.20442
3.22117
3.0831
3.35515
3.16201
3.23874
3.01298
2.68802
2.83699
2.74262
2.93816
3.09079
3.10069
3.33789
3.0875
3.01695
3.27124
3.25981
3.92592
3.07947
3.61307
3.86453
3.38106
3.57816
3.11126
3.03766
3.68984
3.08267
2.81794
3.1763
3.24754
3.57244
3.51375
3.30428
3.48836
