2.04875
3.11836
2.48515
2.39234
2.60212
2.87589
3.1489
3.10706
1.94409
3.25768
3.34276
2.9675
2.49027
3.39037
2.92462
2.76703
3.0703
3.17375
2.89867
2.8887
3.41647
3.03381
2.91561
3.3531
3.72129
3.94629
3.34057
2.95724
3.09621
3.40724
3.47305
3.7533
3.07558
3.54846
3.08333
2.75157
2.87908
3.4206
2.25442
3.29472
3.43431
2.65951
3.36416
3.43708
2.7202
2.87707
3.10309
2.91696
3.04187
2.8048
2.76311
2.67618
2.06581
3.35035
3.43688
3.44203
3.55316
2.87166
2.85791
3.37592
3.9369
3.59393
3.46485
3.28307
2.81131
3.78186
3.25693
3.47827
3.68193
3.49421
3.60243
3.43961
3.17642
3.47369
3.62401
3.66036
3.555
3.35939
3.36431
3.06934
2.89842
3.06446
2.96468
3.23006
3.35776
3.24818
3.4418
3.56144
3.49983
3.74106
3.93747
4.04541
2.72439
3.65898
3.0319
3.57034
3.59685
3.46482
3.15714
3.65836
3.42146
3.36129
3.51446
2.95735
3.41656
3.92395
3.13177
3.85388
4.2486
3.10961
3.31596
4.32647
3.58366
3.57091
3.49855
3.12825
3.26295
3.81506
2.69847
3.33102
3.11566
4.09567
3.80659
2.9651
3.5498
3.89827
3.31304
3.24761
3.4749
4.02711
3.95663
4.14325
3.57233
3.52958
3.12429
3.35177
3.95966
3.32223
3.37669
3.39049
3.19164
2.8394
3.47921
3.45526
3.26446
3.30702
3.65799
3.35821
3.40199
3.30983
3.64089
2.95734
3.00693
3.10947
3.01466
3.23711
2.77473
3.11004
2.8919
2.89905
2.77428
3.57748
3.61286
3.58331
2.736
3.50671
4.22241
3.45157
3.41249
3.15013
3.44214
3.95065
2.92435
3.07164
3.52078
3.17567
3.65615
3.11135
3.57774
4.04002
2.11023
3.08154
2.45767
2.27234
2.46808
2.77414
3.42899
3.11842
1.90539
2.84142
3.17807
3.23944
2.31186
3.23826
3.02476
2.82633
2.45979
3.4007
3.07826
2.66734
3.15008
3.20248
3.14374
3.02962
3.34411
3.57458
3.34626
3.79719
2.69833
3.29907
3.73183
3.61516
3.9888
3.78143
3.29085
2.90357
2.98604
3.46468
2.54365
3.3952
3.232
2.69276
3.77038
3.22527
2.83948
2.91097
2.64721
3.14372
3.07256
3.24928
2.67935
2.73141
2.00534
3.1233
3.04035
3.63256
3.96762
2.45008
3.48185
3.57126
3.60574
3.2684
3.8619
3.03507
2.87581
3.28937
3.4474
3.34464
3.53224
3.51771
3.47077
3.33259
3.3013
3.57738
3.41025
3.55242
3.81529
3.41706
3.30531
3.0639
3.23027
2.89816
3.22469
3.10472
2.96093
3.20427
3.53462
3.82269
2.91258
3.60986
4.10333
3.86786
2.80256
3.7365
3.21759
3.17366
3.44115
3.22043
3.57105
3.9927
3.21978
3.21101
3.10073
2.93235
3.15735
4.10992
3.27775
3.6415
3.8485
3.49587
3.77464
4.77645
3.75161
3.4922
3.6012
3.04268
3.16206
3.44297
2.89725
3.31561
2.95394
4.2718
3.87454
2.85596
3.6095
3.89959
3.25048
3.37938
3.07476
3.20253
3.93653
4.17912
4.10523
3.51492
3.3144
3.50245
3.66269
3.1511
3.17116
3.52384
2.98307
2.82847
3.43268
3.29687
2.94282
3.00656
3.50943
3.14553
3.41443
3.28504
3.54924
2.73854
3.63065
2.99382
3.17995
3.24865
3.35344
2.90207
2.67789
2.92922
3.10092
4.17667
3.75091
3.58024
2.91963
3.37506
3.3537
3.1418
3.3918
3.01096
2.99208
3.90436
3.25182
2.79577
3.66064
3.07132
3.44651
2.97158
3.47181
3.91071
