2.09809
2.65387
2.42643
2.37369
2.53514
2.51592
3.05414
2.70879
1.86663
2.74171
3.15411
2.95121
2.28395
2.6165
2.68974
2.82043
2.85045
3.01545
2.66103
2.64862
2.95959
2.80043
2.95953
3.07176
3.30944
3.50107
3.05518
3.0133
2.7526
3.39333
3.60561
3.51303
3.72949
3.52071
3.03243
2.75044
2.67915
2.90786
2.40466
2.88648
3.0871
2.55884
3.31427
2.90766
2.70224
2.79591
2.69116
2.34647
2.44632
2.8312
2.54607
2.59711
2.06007
3.05401
2.87409
3.27499
3.5261
2.13155
3.57338
3.48832
3.61928
3.47598
3.91286
3.01933
3.49078
2.92901
2.91426
3.12692
3.36307
3.26412
2.94881
3.79598
2.97246
2.88997
3.14052
3.26703
2.95191
2.98383
2.80098
3.16302
2.94169
3.14506
2.78711
2.86281
2.90969
2.88451
3.15384
3.71309
3.1463
3.25961
3.46039
3.40381
2.82542
3.39887
2.83923
3.04658
3.26941
2.94117
3.08585
2.74856
3.23141
3.23345
3.07548
2.72495
2.98647
3.95605
3.10401
3.09531
3.55082
2.33408
3.52798
3.77581
3.44411
3.22249
2.95585
2.91112
2.70947
3.13237
2.0318
2.91663
2.77715
3.93827
3.89755
2.99994
3.56905
3.83101
3.18023
3.27594
3.46343
3.7576
3.90258
3.77381
3.46657
3.48875
3.36926
3.05177
3.49668
3.03611
3.219
2.93621
2.37707
3.29104
3.15936
3.04563
2.69763
2.73456
2.72924
3.04618
3.13308
3.12599
3.44105
2.44018
3.06845
3.17659
3.75355
2.62287
2.55985
2.79789
2.81777
3.11537
3.18728
3.25431
3.76792
3.74973
3.54014
2.77636
3.26996
3.33531
2.99241
2.85091
2.89227
3.83816
3.00356
3.33015
3.50425
3.24845
3.25657
2.55105
3.36506
3.64173
2.09831
3.0741
2.51172
2.33354
2.51738
2.52143
2.259
2.64195
1.84138
2.70689
2.79178
2.77207
2.56389
2.55914
2.92844
2.82283
2.91679
2.92715
2.26831
2.71137
2.93448
2.47292
2.60996
2.66066
3.28826
3.45869
3.21418
3.02711
2.56333
3.05535
3.28122
3.47181
3.7543
3.66915
2.91329
2.65141
2.7126
2.78335
2.38008
3.13477
2.99375
2.30844
3.12144
3.15396
2.67641
2.45463
2.94626
2.55094
2.30939
2.72311
2.38032
2.80219
1.96664
2.93614
2.8545
2.9902
3.55801
2.25825
3.53807
3.36641
3.6564
3.56506
3.61054
3.07957
3.09547
2.77387
2.81771
3.08022
3.594
3.53212
3.16748
3.04421
3.03305
3.02511
2.85076
3.34111
3.0411
3.07312
2.90218
3.00341
2.71837
2.76848
3.05229
2.82913
2.92876
2.91326
3.23618
3.54395
2.95181
3.42758
3.53936
3.02273
2.63679
3.46885
2.79028
2.97587
3.08601
2.74021
3.19333
3.34428
3.29104
3.41931
2.59172
2.88002
2.98821
4.22408
2.95753
3.53269
3.92923
2.75598
3.30518
4.04164
3.78405
3.32112
3.12203
2.97707
3.01966
2.92766
1.90247
2.61626
2.93755
3.63799
4.17912
2.56389
3.45916
3.66482
3.36787
3.43696
2.96474
3.25032
3.8647
3.63837
3.22971
2.97949
3.14936
3.22381
3.17601
3.03857
3.06355
2.996
3.02148
2.88377
2.86384
2.84488
2.70145
2.62369
2.94514
3.06294
3.21574
2.95376
3.21534
3.11192
3.2458
3.06366
3.30156
3.04796
2.80441
2.71907
2.75233
3.01141
3.03527
3.20327
3.54422
4.10506
3.13413
3.33904
3.77399
3.18475
3.21786
2.81525
2.59373
3.49249
2.757
2.62564
2.97429
3.24306
3.3391
2.92757
3.60864
3.95677
