1.8213
2.7666
2.30515
2.21889
2.5222
2.83196
2.80233
2.91191
1.76692
2.87877
3.01588
3.03887
2.51162
2.65834
3.11518
2.88428
2.67089
3.17359
2.63361
2.77708
3.04248
3.48546
2.83
2.96953
3.23647
3.41054
3.08366
3.1768
2.9476
3.16131
3.29067
3.74882
3.08732
3.83825
3.29942
2.56281
2.79072
3.31467
2.63336
3.14532
2.988
2.65196
3.36899
3.03956
2.7532
2.97209
2.95923
2.27341
2.93923
2.79784
2.69231
2.53738
2.00257
2.98984
3.12514
3.36651
3.37318
2.48372
3.77804
3.51744
3.58334
3.5299
3.77132
3.17912
2.94575
3.16227
3.09612
3.31208
3.28983
3.58993
3.19984
3.18328
3.1217
2.95993
2.93606
3.26777
3.36601
2.8659
3.09426
3.29058
2.7695
3.06987
2.96848
3.32683
2.9577
3.08516
3.51545
3.15787
2.92521
3.01825
3.62089
3.59028
3.12271
4.05476
2.52476
2.93112
3.41553
3.74433
3.25213
3.41011
2.90505
3.3244
2.75981
2.71075
2.92894
3.43639
3.11859
3.08721
3.6633
2.89715
3.69126
4.41225
3.13478
3.09116
3.42772
2.62178
2.97416
3.44805
2.26001
3.10633
2.50039
3.69398
4.01312
3.45673
3.27298
3.43548
2.89348
3.08503
3.20465
3.52538
3.91289
3.45979
3.51005
3.34524
3.08009
2.82859
3.2069
3.38038
3.15884
3.14094
3.1734
2.83593
3.39694
2.87621
2.72095
2.90565
2.98625
3.10933
3.07016
3.10313
3.22886
2.47415
2.62033
2.90498
2.62482
2.61529
2.93443
3.11455
2.94924
2.47571
2.88751
3.07283
3.28074
3.39017
3.88434
3.61011
3.95949
3.37685
2.81369
2.86497
3.0126
4.01566
3.03484
2.90729
3.45278
2.96898
3.25852
2.66809
3.4709
3.55334
1.8368
2.50177
2.52934
2.33188
2.49122
2.68704
3.5417
2.98376
1.78448
2.72149
2.69811
3.13457
2.68852
2.86987
3.04629
2.80792
2.66404
3.17022
3.04524
2.85221
3.03965
3.07987
2.65328
3.0167
3.15598
3.80713
3.19536
3.06899
2.87289
2.87098
3.56961
3.79565
3.75767
3.87112
2.9593
2.57684
2.63173
3.11625
2.49224
3.31368
3.51757
3.16051
3.77332
3.17042
2.8635
2.8981
3.1541
3.00117
2.69332
2.73859
2.65836
2.61005
1.97729
3.21277
3.40073
3.24604
3.39985
2.45051
3.48308
3.41968
3.72339
3.64666
4.1001
3.14961
3.0091
3.09787
3.14101
3.14476
3.43833
3.62253
3.30896
3.1708
3.0105
3.08473
3.2087
3.4614
3.31743
2.8121
3.04382
2.62208
2.59028
3.03118
2.77956
3.36217
3.10751
3.07003
3.10162
3.04981
2.96026
2.76392
3.59725
3.43263
2.88167
3.61995
3.00611
3.029
3.19726
3.55317
3.22089
3.38
3.45813
3.3772
3.0566
2.91391
2.89451
3.90206
3.15897
3.25296
3.51312
3.77935
3.44135
4.43315
2.99096
3.44122
3.19762
2.92559
2.5859
3.32126
2.37286
3.1532
2.76696
4.03315
3.86677
3.07155
3.05475
3.72508
3.78879
3.60547
2.86039
3.22863
3.73875
3.73444
3.51191
3.76241
3.05174
3.07803
3.26463
2.9528
2.90053
3.12095
2.82502
3.27648
3.44337
2.83542
2.95517
2.85109
3.27581
2.77552
3.18739
3.18998
3.27924
3.0022
2.76659
2.76645
3.99891
2.8201
2.87219
3.3197
3.08614
2.47061
2.74901
3.91195
3.42695
4.3724
3.70178
3.75502
3.90398
3.3251
3.15094
2.946
3.07559
4.03691
3.04035
2.75738
3.08293
3.27493
3.23768
3.02141
3.40815
3.36393
