1.84661
2.5802
2.27196
2.3532
2.56832
2.71267
3.04025
3.01213
1.65537
2.89403
2.74299
3.11307
2.78406
2.36762
2.84543
2.74595
2.90519
3.50678
2.86285
2.77889
2.97231
3.09547
2.64535
3.13527
3.65009
4.03332
3.02268
3.56143
2.99097
2.84699
3.44619
3.78128
3.29631
3.87344
2.95418
2.5117
2.70404
3.4386
2.38426
3.0405
3.49949
2.63893
3.63077
3.47142
2.85091
2.96908
2.52749
2.43826
2.99037
2.85785
2.65726
2.59539
2.01953
2.92626
3.41084
3.86837
3.76164
2.13357
3.4665
3.3059
3.22268
3.58405
4.24767
3.60875
2.89487
3.1494
2.96286
3.14723
3.95681
3.73945
3.16141
2.88593
3.16793
3.29653
3.36366
3.47882
3.06235
3.33417
2.97998
2.93279
2.94852
2.9765
3.10645
3.2668
2.86896
2.93939
3.11448
3.2357
2.72323
3.43654
3.74828
3.69775
3.10413
3.88872
3.03575
3.06919
3.39507
2.97071
4.00043
3.74036
3.60673
3.82996
3.01269
3.04477
3.12457
3.99439
3.82168
3.57893
4.24378
3.16275
3.85828
4.33717
3.64403
3.09151
3.33315
3.01031
2.64017
3.46898
2.78007
3.13916
3.00886
4.04628
4.37533
3.13494
3.53845
3.52104
2.86719
3.25644
3.08575
3.18538
3.97674
3.41568
3.51725
3.66518
3.42846
3.3782
3.77004
3.37356
3.12085
3.14897
3.26363
2.91107
3.04079
3.02439
3.23437
3.08964
3.24237
3.42972
3.00182
3.23756
3.21628
3.05132
2.85304
3.2474
2.87615
3.19992
3.02756
2.70624
3.55847
3.33583
2.49626
3.00743
3.42156
3.49706
3.16885
2.88687
4.18811
3.8765
3.22871
2.85272
3.09449
3.97322
3.33723
3.1624
3.82151
3.07959
3.65085
3.51721
3.37889
3.65313
1.84004
2.64258
2.39108
2.15534
2.5539
2.62762
3.08602
2.98568
1.86773
3.21217
2.87088
3.29893
2.692
2.68055
2.92458
2.77683
2.64671
3.73477
2.87468
3.1647
2.8864
3.04417
2.47253
3.19252
3.00173
3.49236
3.29022
3.43365
2.44563
2.68538
3.43834
3.88078
3.26715
3.66857
2.9693
2.63931
2.63028
3.29225
2.01463
3.22028
3.17279
2.2339
3.6772
3.05606
2.62535
2.32731
2.74268
2.82869
2.45103
2.79589
2.48913
2.56791
2.26942
3.12027
3.32687
3.57599
3.77818
2.22426
3.54541
3.41876
3.54657
3.83441
4.08135
2.98062
3.16424
3.56479
3.20496
3.27445
3.39343
3.30503
3.14785
2.97845
3.28523
3.57317
3.26192
3.74027
3.35809
3.25605
3.26582
3.09732
3.11991
3.22018
3.22054
3.41167
3.10766
2.91597
2.91054
3.41577
2.91992
2.85315
3.59058
3.42833
2.71461
3.81217
2.92377
2.84295
3.18816
3.07609
3.50025
3.54963
3.37916
3.46971
2.96649
2.85399
3.16582
3.89675
3.63981
3.53232
3.66921
3.02624
4.00759
4.1069
3.77748
3.10452
3.51883
3.34142
2.76372
2.8465
2.15939
3.09463
3.15939
3.68994
4.3155
3.11046
3.89236
3.37301
3.01164
3.28773
3.18768
3.34981
3.52667
3.07552
3.10906
3.518
3.46721
3.4222
3.22967
3.15466
3.14826
3.21603
2.58555
2.74349
2.87865
3.13358
2.78029
2.67284
2.99116
3.40151
3.37553
3.26573
3.0107
2.65451
2.355
2.56148
2.8938
2.56634
2.80734
3.0919
3.34922
3.00224
3.01092
3.55594
3.40614
3.44403
2.51609
3.08648
3.69172
3.49696
3.44815
3.00372
2.89149
3.29387
3.40813
3.2586
3.60296
3.15124
3.13585
2.86362
3.57522
4.01563
