1.76053
2.81483
2.26427
2.07247
2.43974
2.59473
3.12513
2.77028
1.57923
3.28483
3.23485
3.07103
2.16419
2.34641
2.75091
2.66198
2.82696
3.25239
2.56315
2.74534
3.24551
3.23794
2.83938
2.86518
3.00747
3.61529
3.08646
3.01714
2.89301
2.9386
3.4059
3.91181
3.62
3.8891
3.11762
2.37307
2.92951
3.37586
2.56656
3.42762
3.40557
2.61253
3.3636
3.45512
2.93246
3.25985
2.21748
2.39328
2.79173
2.5976
1.94188
2.39667
2.24437
2.49759
2.97434
3.03088
3.52782
2.7795
2.91744
3.30869
3.17482
3.34093
3.6876
3.065
2.74482
3.29926
3.45755
3.27944
3.42806
3.54704
3.27038
3.38897
3.47602
3.41163
3.20063
3.00817
3.08269
3.01811
3.13891
3.46383
2.91607
2.94975
3.18014
3.25021
3.39832
2.9217
3.24662
3.59987
2.70444
3.20555
3.33414
3.824
2.60369
3.75049
2.25406
2.9275
3.38312
3.71845
3.01155
3.35665
2.96379
3.35455
2.78683
2.8692
3.05634
3.97736
3.59213
3.32168
3.58705
3.30477
3.57127
4.73651
3.42495
2.97119
2.93628
2.7469
2.66503
3.0655
2.49314
3.58874
3.07348
3.40572
3.61613
2.75921
3.31832
3.19543
3.38908
3.12868
3.20759
3.60084
3.62129
3.77469
3.32196
3.19192
3.29682
3.04607
3.12304
3.078
3.12889
2.91468
3.12415
2.64244
3.05375
2.75894
2.51562
2.89516
3.20904
3.14764
3.16226
3.17051
2.95244
2.54122
2.37103
2.90633
2.72475
2.88015
2.88118
2.90365
3.17347
2.99913
2.844
2.85845
3.47479
2.8779
2.34849
3.02799
3.82931
3.18995
3.06837
3.00365
3.31328
3.74309
2.9344
2.78042
3.32727
3.39949
3.46553
3.00708
3.5379
3.56942
1.77727
2.98054
2.35862
2.07819
2.29719
2.59574
3.00341
2.67824
1.67534
2.96656
2.79729
3.25084
2.16033
2.6454
2.68459
2.43046
2.55824
3.10145
2.36705
2.61206
3.02959
3.03818
2.89279
2.91845
2.82685
3.01051
2.94416
2.92877
2.5713
3.00878
3.39052
3.79163
3.17049
3.73432
3.03017
1.92633
3.18954
3.20421
2.36372
3.50951
3.57873
2.50951
3.38473
3.4305
2.80958
2.86223
2.26976
2.67207
2.81435
2.49461
2.34631
2.55829
2.10498
3.15278
2.95594
3.02675
3.59015
2.44426
3.52355
3.49011
3.6426
3.70793
3.93955
3.24046
2.96731
3.19842
3.52098
3.18615
3.54057
3.69315
3.18119
3.21332
3.22154
3.27511
3.13296
3.29576
3.16298
2.95942
3.18896
3.1097
3.06712
3.2485
3.2697
2.99357
2.94011
2.89116
3.08339
3.65741
2.93122
3.22198
3.36351
3.20255
2.82993
3.53897
2.31306
3.07995
3.30622
3.50997
2.95149
2.78275
3.46286
3.30202
2.77114
2.94603
3.05231
4.30167
3.31782
3.12672
3.85618
3.8374
3.61303
4.1713
3.08393
2.91119
3.01763
2.71726
2.59106
3.20457
2.48121
3.38178
2.94335
3.8251
3.91875
2.61829
3.14366
3.53187
3.28689
3.19542
3.12267
2.96434
3.55333
3.58374
3.27923
3.14732
3.30436
3.4526
3.36319
3.09376
3.24282
3.05335
2.95385
2.67937
2.99912
3.10405
2.78119
2.81534
3.11995
3.21881
3.20434
2.89036
3.02625
2.78318
2.78512
2.96686
2.91606
3.0544
3.15921
2.87735
2.83881
3.21079
2.67195
3.27767
3.6003
3.5357
2.61115
3.26762
3.69315
3.37504
3.03376
2.75322
2.9914
3.18227
2.99261
2.67247
2.93011
3.02963
3.06052
3.32965
3.39391
3.86999
