2.00883
2.68392
2.5949
2.24854
2.51003
2.80732
3.06237
3.08084
1.71762
3.14322
2.838
3.11561
2.62597
2.21292
2.79099
2.63271
3.10807
2.9821
2.4691
2.74685
3.19573
2.61944
2.83248
2.83736
3.56638
4.091
3.00901
3.16934
3.1651
3.14093
3.54772
3.88648
3.27221
3.86508
2.93754
2.59914
2.77055
3.39823
2.89637
3.07182
2.85935
2.66259
4.01558
3.6317
2.78758
3.04488
2.91717
2.65217
3.05465
2.7212
2.4256
2.64475
2.22912
3.27635
3.35046
3.21038
3.7004
2.30091
3.60771
3.56356
3.08799
3.57142
3.8789
3.17631
3.20203
3.04831
3.18456
2.98566
3.46987
3.70841
3.10347
3.64292
3.00981
3.30812
3.34154
3.46908
3.12006
3.15174
3.08246
3.15167
2.93444
3.01191
2.94774
2.98887
3.23862
2.99192
3.27644
3.78086
3.39829
3.72148
3.45312
3.39877
2.3585
3.67008
2.61557
3.30767
3.21013
3.90653
2.847
3.24648
2.95837
3.23619
2.81627
2.87456
2.96048
4.2471
3.35307
3.34918
4.0352
3.63031
3.50378
3.96132
3.38226
3.10089
3.19918
2.99847
2.92653
2.99419
2.50843
3.12793
2.70896
3.13687
3.8076
2.71842
3.38774
3.49226
2.80303
3.36052
3.13915
3.30175
3.41784
4.10299
3.29091
3.21049
2.99352
2.59107
3.04226
3.05539
3.33231
3.13209
2.83892
2.97629
3.19774
3.03198
2.99902
3.0242
3.31235
3.13019
3.2618
3.16094
3.31995
2.83048
3.13588
3.5169
2.62197
2.89151
3.35554
2.69406
2.6665
2.6057
2.9168
3.11438
3.53906
3.32155
2.86816
3.08068
3.40035
3.19229
3.07831
3.06631
2.81737
3.11628
2.66456
2.45485
3.2505
3.31776
3.54819
3.19087
3.40913
3.54922
2.03696
3.09471
2.5202
2.53141
2.4653
2.70652
2.90333
3.00762
1.77299
3.04401
3.04275
3.22797
2.48939
2.52301
3.09714
2.81086
2.62623
3.29486
2.80808
2.86363
2.29507
3.2195
2.91938
2.68188
3.09144
3.46237
3.41805
3.34002
2.63791
3.5512
3.46554
3.6314
3.54937
3.84806
3.07656
2.63495
2.70736
3.05303
2.83564
3.39287
2.88975
2.70276
3.48661
3.48555
2.80562
3.14986
3.1885
3.18918
2.86336
2.77398
2.63614
2.85625
2.26296
2.81317
3.41616
3.37109
3.66216
2.26861
3.20078
3.34513
3.056
3.53683
3.63841
3.22204
3.33864
2.87928
3.50765
3.27346
3.65804
3.44664
3.26649
3.35936
3.04935
3.17718
3.13139
3.42016
3.08181
3.0732
3.02982
3.33133
2.71283
3.15712
3.29585
3.31297
2.93066
2.96385
3.33002
3.06969
2.79234
3.39413
3.25122
3.08512
2.02693
3.80966
2.97882
3.19106
3.1435
3.55857
3.59158
3.21412
2.96486
3.39372
2.82366
2.88955
2.87518
4.22062
2.89636
3.38783
4.04009
3.79284
3.39365
4.40423
3.63813
3.09074
3.39739
3.03458
3.23405
2.90852
2.3985
2.68244
3.10999
3.50113
3.44601
2.61081
3.31356
3.39564
3.1535
3.06769
3.0435
3.47985
3.58177
3.3005
3.44401
3.75964
3.2586
3.2028
3.05084
3.05495
2.86224
3.40205
3.15668
2.69983
2.89139
3.33063
2.98008
2.85675
3.63498
3.41663
3.32451
3.13435
3.27307
2.63426
3.24138
3.04735
2.82188
2.67723
2.98655
2.65723
2.8787
2.94213
3.12367
3.64972
3.56868
3.3544
3.31398
2.54838
3.50252
3.14459
3.24927
2.94446
3.0023
3.65897
3.19728
2.47264
3.08471
3.14283
3.59475
3.2198
3.47278
3.7446
