1.70582
2.99345
2.61125
2.38875
2.41091
2.60297
2.65672
2.88646
1.56869
3.05845
2.93436
3.01066
2.26303
2.5298
2.5998
2.29608
2.83503
3.22676
2.63958
2.74371
3.24207
2.88997
2.94545
2.6605
3.37577
3.41339
3.04853
2.71142
2.42813
2.84313
3.6045
3.60627
3.75442
3.35596
2.89845
2.5305
2.83219
3.22527
2.45983
2.91544
3.41887
2.40163
3.32849
3.29924
2.91049
3.12809
2.63284
2.36348
2.33383
2.73756
2.29583
2.35264
2.08977
3.10334
3.01242
3.42873
3.2899
2.04224
3.1409
3.31318
3.43665
3.53996
3.87902
3.15598
2.76786
3.1128
3.22748
3.02605
3.64465
3.44642
3.23004
3.36694
2.82432
3.26736
3.24772
3.29416
3.34406
3.04834
2.93413
3.20253
2.96332
2.92599
2.86704
2.99459
3.08478
3.02407
3.17305
3.28402
3.37114
3.06158
3.64466
3.30678
2.53073
3.70571
2.74259
3.12776
3.06418
3.33539
3.58041
3.40021
3.341
3.08431
2.93596
2.90015
3.07657
4.20639
3.08949
3.49535
3.67193
2.98521
3.38674
4.59184
3.78289
3.36648
3.09501
2.83571
2.80332
3.41977
2.03313
3.21577
2.90912
3.7167
3.73417
2.91125
3.42703
3.77259
3.00711
3.10436
3.21379
3.44572
3.51368
3.48513
3.60977
3.23832
3.44014
2.91168
3.12998
3.22358
3.02808
3.20198
3.04452
2.88743
3.15671
2.70232
2.93856
2.70158
3.23287
3.13791
2.96388
2.93071
2.95828
2.53549
3.15834
3.03154
2.88466
3.0944
2.9989
2.65651
2.81188
2.74425
2.44154
3.03002
3.60844
3.7536
2.87922
3.17443
3.57675
3.64667
3.16424
2.89397
2.78893
3.43475
3.10973
2.58222
3.42681
3.10367
3.41878
2.56997
3.46114
3.32354
1.87392
2.48393
2.50305
2.37279
2.43662
2.61702
2.93385
2.88542
1.82771
2.85059
2.66466
3.18109
2.57243
2.76833
2.43634
2.3066
2.52809
2.74073
2.81965
2.45989
3.08692
2.77702
2.48868
2.98702
3.06549
3.49478
2.92794
3.2937
3.33401
2.92636
3.55592
3.93429
3.73644
3.53169
2.87725
2.3046
2.57998
3.08732
2.52349
3.01864
3.61829
2.74997
3.18021
3.10467
2.6114
3.04583
3.13616
2.45388
3.02818
2.93557
2.68615
2.56369
1.9292
3.17816
2.97983
2.96616
3.50104
2.05376
3.78473
3.57835
3.0835
3.66358
3.54945
3.17484
3.0193
3.35495
3.32395
3.15983
3.60809
3.25871
3.09021
3.46639
3.10123
3.14503
3.0949
3.42329
3.15718
3.0335
2.7839
3.19214
3.09774
2.73914
2.99657
3.27547
3.22552
3.20172
3.02341
3.42849
3.00911
3.35389
3.33162
3.33736
2.70559
3.7376
2.69208
3.12617
3.24127
3.31896
3.3238
3.2408
3.02173
3.10843
2.63027
2.57723
3.18933
4.15438
3.27362
3.4928
3.72396
3.77243
3.57218
4.22282
3.58368
3.10359
3.10721
2.9796
2.86823
3.06222
2.18713
3.06341
3.20979
3.81614
3.59296
2.78679
3.20937
3.90269
3.74847
3.07049
3.03945
3.43352
3.51177
3.79935
3.55422
3.1474
3.09511
3.2376
3.26718
3.30843
3.07498
2.85769
2.91364
2.76411
3.08095
2.7431
2.97941
3.09314
2.8359
2.88772
2.902
3.09915
3.2805
2.58929
3.25123
3.07343
3.69082
2.65615
2.70165
2.74411
3.00992
3.02641
3.28005
2.95198
3.22434
3.8102
2.55303
3.58269
3.51155
3.29769
3.04711
2.72969
2.7896
3.67895
2.72331
3.29262
3.4124
3.20013
3.05489
2.97751
3.30261
3.60712
