1.99167
2.78946
2.62938
2.44404
2.62317
2.94973
2.92799
2.89851
1.67488
2.67796
3.094
3.11413
2.6041
2.83622
2.75219
2.55276
2.67743
3.58312
2.61339
3.14946
3.52407
3.20191
3.00792
3.03153
3.43487
3.60266
2.98269
2.99127
2.97154
3.24586
3.43455
3.59517
3.72505
3.79899
3.07492
2.6063
2.79361
3.21271
2.44261
3.08482
3.06927
2.53853
3.32733
3.32599
3.01699
3.16468
2.76363
2.47663
2.73574
2.96244
2.34436
2.56999
2.20993
2.9493
3.04105
3.09288
3.36944
2.42923
3.33019
3.29931
3.3317
3.58591
3.79605
2.96666
3.2776
3.08868
3.10031
3.10721
3.57587
3.66045
3.50294
3.37063
3.03587
3.15662
3.147
3.20326
3.40465
3.23165
3.06967
2.88095
2.88815
3.03523
3.07722
2.97833
3.13077
2.98397
3.54611
3.56218
2.96129
3.61132
3.81927
3.26176
2.90886
3.48092
2.52443
2.93466
3.23218
3.44765
2.93878
3.28591
3.93565
3.28127
3.15102
3.09148
3.54592
4.00163
3.24109
3.41812
4.34142
2.51197
3.63994
3.94756
3.12982
3.49738
3.35377
2.86392
2.71812
3.01503
2.39083
3.43273
3.52195
3.70575
3.54601
3.02559
3.67395
3.20971
2.95429
3.18461
3.26295
3.88784
3.81748
3.92389
3.28982
3.46319
2.98879
3.09142
3.07596
3.12305
3.17464
2.98175
2.82959
2.72763
3.23749
3.01986
2.95401
2.78862
3.20907
3.00909
3.37819
3.12768
3.30966
2.79568
2.91266
2.88166
2.6099
3.34854
3.1263
2.99355
3.13261
2.75973
2.8619
3.1708
3.56332
3.37883
2.65921
2.40874
3.58152
3.56388
3.25738
2.95857
3.00924
3.33124
2.70913
2.89936
3.38889
3.33092
3.60207
2.77111
3.62817
3.68779
1.99006
2.94875
2.49761
2.26432
2.5995
2.82796
3.0894
2.92179
1.75018
2.74625
2.64922
3.26567
2.3666
2.76768
2.95495
2.60915
2.65065
3.54799
2.72342
2.44983
3.41175
3.46189
3.52223
2.87169
2.96894
3.66235
3.04039
3.38704
3.18227
3.03613
3.48845
3.87599
3.09336
3.79831
3.02185
2.42509
2.77079
2.87446
2.28033
3.09033
2.98644
2.4548
3.25888
3.03477
3.165
2.69326
2.9017
2.49001
2.64384
2.69192
2.47781
2.71675
2.16621
3.06232
3.07091
3.13104
3.55976
2.47593
3.53689
3.55655
3.07386
3.52292
3.71132
3.27605
2.88137
3.19052
3.18797
3.08928
3.52107
3.84611
3.16632
2.94974
2.88389
3.16511
3.17546
3.39066
3.07461
2.99249
3.03979
3.40748
2.64032
2.87524
2.83842
2.93396
2.77786
3.06527
3.32676
3.38273
2.81573
3.5402
3.24938
3.37643
2.72558
3.63563
2.96574
3.00291
3.17926
3.0112
2.94345
3.73419
3.70724
3.60033
2.83452
3.39602
3.49227
4.48571
3.47734
3.55004
3.70165
2.84383
3.66064
4.1791
3.60774
3.05547
3.63332
3.06054
2.9219
2.92473
2.4026
3.46271
3.44114
3.58668
3.72758
3.17945
3.43791
3.71199
3.28642
3.29985
3.24921
3.06971
3.86095
3.38327
3.62574
3.22088
3.11854
3.36226
3.50375
3.38216
3.38735
3.36048
3.19919
2.5426
3.33585
2.91776
2.73763
2.6793
3.37956
2.98934
3.15751
3.14722
3.52813
2.74807
2.7219
2.88292
2.71324
3.08527
3.0443
2.81761
3.03016
2.89438
3.00044
3.31736
3.5039
3.08602
2.35931
2.78439
4.04668
3.57683
3.44057
3.13586
2.87835
3.64258
2.89582
2.72552
3.42808
3.05496
3.37989
3.06965
3.64313
3.7802
