2.09075
3.00929
2.46261
2.3473
2.48233
2.91436
3.44685
2.8583
1.83563
2.89755
3.10197
3.20736
2.50129
2.43112
2.83946
3.00549
2.83463
3.24306
2.49217
2.52911
3.02957
3.01234
2.89076
3.19132
3.22213
3.57896
2.97846
2.8346
2.60315
3.24366
3.57584
3.65551
3.33623
3.69656
3.03721
2.60441
2.59155
3.08754
2.45244
3.15698
3.03368
2.46814
3.03218
3.28919
2.96288
2.68292
2.81627
2.49628
2.54448
2.65909
2.6447
2.64954
2.25135
3.03465
2.79718
3.07352
3.40543
2.30413
3.86597
3.29839
3.43496
3.34097
3.72266
3.12626
3.09652
2.89887
3.04975
3.07004
3.46787
3.7186
2.95731
3.40374
2.94099
3.12287
3.52533
3.34411
3.37763
3.12739
2.95059
3.30379
2.95204
3.1647
2.77483
3.04316
3.21436
3.07495
2.96841
3.11296
3.12092
3.1296
3.52379
3.55761
2.44925
3.58184
2.60712
2.81683
2.95016
3.1388
3.47969
3.32799
3.66038
3.75631
3.11445
2.85471
3.03663
3.76099
3.12807
3.28018
4.12028
3.57861
3.5528
4.08978
3.62219
3.24312
3.5969
3.02118
2.8042
2.94576
2.43773
3.21475
2.86328
3.64796
4.17667
3.56102
3.50792
3.20986
2.93088
3.33225
3.31282
3.54397
3.74197
4.14921
3.29002
2.96284
2.80344
3.09689
3.12463
2.73244
3.2298
3.14978
2.97024
2.87516
3.22024
2.88476
2.80326
2.60331
3.08949
3.00542
2.96302
3.2215
2.94657
2.75838
2.95701
2.84368
2.63468
3.02085
2.75997
3.02186
2.68906
3.01016
2.78674
3.3302
3.35673
3.65292
3.1784
3.31563
3.53145
3.61883
3.03757
2.74094
2.91296
3.35052
3.21204
3.14269
3.78651
3.41679
3.09574
2.7787
3.19325
3.65944
2.12245
2.42716
2.39929
2.39217
2.47025
2.74679
3.13434
2.98598
1.62142
2.88331
2.96756
3.11891
2.45189
2.52669
2.87645
2.74454
2.76657
3.31682
2.67766
2.91548
3.21423
3.35553
2.63615
2.91479
3.07276
3.3652
3.04163
2.9534
2.57257
3.0933
3.42362
3.71963
3.37884
3.79491
2.98559
2.52805
2.84091
3.09197
2.45219
3.14024
3.03149
2.69474
3.24671
3.45351
3.14846
3.04843
2.71218
2.64641
2.84532
2.79621
2.5602
2.54048
2.26304
2.87239
3.00227
3.30505
3.35201
2.81162
3.21406
3.19989
3.16972
3.7371
3.55736
3.10298
2.91891
2.87656
3.34802
2.98671
3.35903
3.59505
2.92625
3.07267
3.00602
3.16914
3.15883
3.27288
3.16279
3.01382
3.10235
2.91262
2.8223
2.8194
2.91587
2.94551
2.87134
2.82991
3.0439
3.05041
2.7074
2.85244
3.42327
3.54318
2.53364
3.50807
2.71627
3.02306
3.00918
3.13134
3.66261
3.2194
3.61253
3.44564
2.90661
3.07309
2.85949
4.06094
2.83285
3.2587
3.77393
3.26399
3.55464
4.20549
3.39921
2.90198
3.5131
2.80884
2.82911
2.81675
2.22627
2.90436
2.67079
3.62195
3.23348
2.97068
3.4123
3.33178
3.09998
3.55868
2.97229
3.16161
3.64372
3.3229
3.14544
2.92417
3.05572
3.00618
3.32956
2.98978
2.89903
2.7201
2.81193
2.51333
3.09416
2.79094
2.67191
2.77197
2.9049
3.14541
3.02297
3.02029
2.89489
2.71857
2.91645
2.61474
2.6346
2.96861
2.96386
3.03766
2.78467
2.96335
2.70636
3.77433
3.53123
3.54321
2.96106
3.18014
3.53354
3.49845
3.22459
2.73067
2.7164
3.5235
2.91282
2.6867
3.48312
3.10605
3.43246
2.79074
3.4138
3.52945
