1.83556
2.66402
2.09886
2.14534
2.32967
2.35584
3.09894
2.88362
1.69423
3.35611
2.88735
2.95441
2.52956
2.30549
2.98603
2.68989
2.88053
3.00297
2.63505
2.87856
3.37462
2.78419
2.66512
2.62401
3.27884
3.62536
2.90946
3.19963
2.95234
3.17359
2.97862
3.20191
3.37227
3.34519
3.10646
2.56843
2.82306
2.93906
2.37669
3.32841
3.21889
2.61607
3.41754
3.39176
2.91637
2.52689
2.84961
2.33814
2.72943
2.76932
2.28539
2.3412
2.12624
3.06074
3.51629
3.12972
3.4825
2.11106
3.30871
3.01028
3.27252
3.58406
3.72278
3.16763
2.93834
3.14729
3.27237
3.11624
3.52335
3.77705
3.16439
2.99732
2.94722
3.17932
3.48909
3.26357
3.10874
3.09183
2.97487
2.86802
2.89723
2.77851
2.84505
3.11543
3.0941
3.05564
3.07331
3.25667
2.72744
3.28261
3.34803
3.41268
3.21306
3.11344
2.72942
3.06184
3.15272
3.10422
3.22734
3.79288
3.26131
3.468
2.3767
2.7044
3.02595
4.22113
3.57779
3.67531
3.95822
3.22715
3.18718
3.96369
3.54834
2.96941
3.07759
2.96606
2.67146
2.58564
2.264
3.07749
2.23577
3.2863
4.20073
2.84215
3.71978
2.67655
2.90703
3.51081
3.11608
3.34769
3.71272
4.01845
3.61385
3.1164
3.12604
3.08317
3.48092
2.94412
2.97271
3.05742
2.74276
2.63402
3.24597
3.0328
2.95366
3.00276
3.35242
3.15475
3.31681
3.19216
3.43045
2.57911
2.55442
2.70633
2.70719
3.31243
2.79412
2.53061
2.70367
2.66623
2.91972
3.55489
3.18546
3.50724
3.63183
3.23991
3.18836
3.29965
3.24077
2.75103
3.1538
4.22721
2.59798
2.71085
3.6253
3.36528
3.34849
2.41011
3.12323
3.23315
1.74469
2.48762
2.12903
2.16014
2.17668
2.49319
2.38394
2.83089
1.77128
3.01982
2.98897
2.88786
2.26616
2.33282
2.77705
2.46842
2.67057
2.93434
2.60393
2.07611
3.19709
2.1755
2.68305
2.86617
2.94358
3.65849
2.80464
3.45772
3.33183
3.27183
3.36242
3.60539
3.68822
3.7371
3.26106
2.52838
2.54
2.80161
2.22748
3.22018
2.90146
2.2901
3.55411
3.35157
2.72404
2.52212
2.54238
2.48045
2.65462
2.46671
2.35752
2.36794
2.05138
3.15007
2.88624
3.58381
3.41758
2.5505
2.54956
3.0407
3.59792
3.72134
3.30204
3.19349
2.88559
3.10497
3.81774
3.4839
3.54474
4.11352
3.2834
3.41576
3.04953
3.34794
3.50047
3.45211
3.28815
3.28681
2.83437
2.77922
2.86186
3.01571
2.92111
3.1071
2.90338
3.13147
3.00076
3.25142
2.91812
3.37245
3.53685
3.30653
3.12058
3.56888
2.83736
2.96468
3.28017
3.19511
2.78888
3.38564
3.28382
2.73948
2.60031
2.74697
2.92394
3.55073
3.44891
3.35456
3.6855
3.23091
3.38973
4.06265
3.03247
3.11369
3.26827
2.74712
2.80792
2.76389
2.32115
2.93243
2.52489
3.40758
4.2557
2.44517
3.50107
3.28666
3.08251
3.48258
3.53064
3.53676
3.71675
3.44254
3.5021
2.83518
3.33873
3.19177
3.44778
2.59141
3.12154
2.92835
2.69195
2.69343
3.15135
2.9288
2.65239
2.98845
2.9976
3.25897
3.10242
3.07639
3.2134
2.86005
2.58804
2.70738
3.05391
2.67536
2.75449
2.40126
2.64637
2.49879
2.87766
2.72677
3.34919
3.45745
4.01004
3.43227
3.59732
3.15463
3.08859
2.60141
3.15516
3.60559
2.89573
2.21911
3.35116
3.03987
3.36566
3.01588
3.17531
2.45004
