2.1363
2.75028
2.36262
2.25048
2.40312
2.57293
2.96545
2.82082
1.7986
2.78121
2.93727
3.04836
2.60912
2.45923
2.74989
2.66285
2.71361
2.90806
2.74494
2.71648
2.94197
3.01339
2.92912
3.33869
3.15117
3.51171
3.06401
2.95214
3.07585
3.35887
3.30158
3.70506
3.38109
3.88103
3.35107
2.46517
2.6191
3.01343
2.21996
3.07403
3.4859
2.50597
3.2139
3.15196
2.6782
2.49844
2.67539
2.95098
2.70614
2.51883
2.66592
2.58586
2.14655
3.27243
2.98732
3.11897
3.77283
2.05116
2.93099
3.18316
3.34283
3.30427
3.32602
2.55919
2.6935
3.14336
2.84892
3.10391
3.48604
3.6758
2.93928
3.14616
2.90902
3.28675
2.95486
3.28158
3.28066
2.94761
2.99933
2.92053
2.56331
2.82656
2.97355
2.96506
2.87665
3.0308
2.95183
3.37316
3.0707
3.57902
3.77908
3.02697
2.56482
3.46621
3.27815
3.14459
3.12863
3.19271
3.10079
3.56051
3.76058
3.82319
3.19954
2.8118
3.23476
4.19396
3.43074
3.44402
4.29001
2.72287
3.76213
4.29512
3.53907
2.99316
2.75941
3.10606
2.78827
3.17106
2.11141
3.15589
2.60175
3.66986
3.6994
3.20964
3.35626
3.12602
2.73612
3.23285
2.97962
3.21819
3.7913
3.86262
3.10361
3.467
3.2257
3.24755
3.1884
2.90591
2.91883
2.91689
2.80993
2.72983
3.11275
2.67168
2.78317
2.65494
3.72965
3.32762
3.22513
2.86334
3.05223
2.42742
3.13759
3.11493
2.35512
2.70096
2.72631
2.7926
3.11963
2.78599
3.10346
3.24827
3.60615
3.56351
2.89447
3.48214
3.14515
3.3262
3.21213
3.0247
2.6775
3.37941
3.15849
3.18109
3.64653
3.41247
3.43454
2.60774
3.10701
3.03244
2.13674
2.7406
2.77799
2.20739
2.48697
2.6603
3.08324
2.83795
1.86579
2.90852
2.292
2.86057
2.60918
2.32747
2.64087
2.80103
2.6826
3.40104
2.85888
2.80241
2.69006
3.10848
2.23544
3.15458
2.87537
3.54678
3.11973
3.6538
2.9875
3.10055
3.20791
3.88889
3.40317
3.67614
2.89863
2.51784
2.75096
3.11059
2.19088
3.31521
3.1654
2.53561
3.33464
3.05072
2.77517
2.54776
2.57228
2.61343
2.54187
2.66772
2.72757
2.63092
1.98956
3.02193
3.0294
3.00407
3.37314
1.7706
3.43982
3.35841
3.27577
3.43526
3.5453
3.28912
2.93022
3.16899
3.02988
3.19321
3.60894
3.57097
3.20888
3.2226
3.0449
3.01874
2.96087
3.34031
3.26195
2.87001
2.90081
2.82006
2.96687
2.89514
2.98281
2.84365
3.03891
3.05139
3.30784
3.63086
3.05274
3.79057
3.24033
3.31886
2.49348
3.38485
2.53731
3.00636
2.9962
3.18888
3.16036
3.24703
3.53054
3.16273
2.95071
2.98821
3.28945
4.13999
3.12274
3.45231
4.036
3.35096
3.80111
4.52724
3.17456
3.15913
3.8011
3.25244
2.81937
2.91895
2.10274
2.86225
2.606
4.01019
3.88816
2.96034
3.08816
3.21632
3.14285
3.12123
2.74189
2.80808
3.86681
2.86754
3.1361
3.09254
3.26985
3.4765
3.4341
3.09906
2.88142
3.19951
2.98571
2.71176
3.33991
3.01392
2.8143
2.76115
3.22969
3.17898
3.14536
3.02562
2.937
2.62103
3.07407
2.86311
2.70356
2.8011
2.8511
2.75595
2.74833
2.7648
3.14115
3.45334
3.42638
4.10276
3.41474
3.10356
3.70857
3.33568
2.87847
2.88494
2.92027
3.65641
3.12662
3.01477
3.37329
2.88485
3.09491
3.04482
3.29864
3.67009
