2.00725
3.00727
2.76948
2.35121
2.5107
2.66873
2.73791
3.09797
1.63456
2.11653
2.96926
2.86308
2.48209
2.46225
2.82429
2.85116
2.84759
3.17437
2.70971
2.8571
2.99549
2.8934
2.63425
3.28017
2.97087
3.57509
3.18084
2.80394
2.98779
3.29182
3.09965
3.55502
3.56878
4.41901
3.03824
2.67608
3.17759
3.02022
2.85417
3.38554
3.37108
2.44404
3.71994
3.47862
2.79886
3.20489
2.40599
2.40606
2.58565
3.02354
2.1009
2.5036
2.23259
2.42364
3.45537
3.47508
3.8861
1.88721
3.78216
2.96197
3.39039
3.96331
3.79728
2.64425
2.72028
3.1384
3.26283
3.11225
3.32652
3.54177
3.13503
2.84699
3.18501
3.16752
3.46316
3.05799
3.19299
3.42817
3.14515
3.36735
2.87351
2.76348
3.04298
3.01616
3.15968
2.96127
3.05329
3.21533
2.7849
2.94916
3.63338
3.16621
2.57487
3.6596
2.94838
2.89721
2.53777
3.45523
2.87318
3.45965
3.72175
3.45557
2.53759
2.99058
3.32783
4.0624
3.83398
3.36402
3.6192
2.6706
3.51445
4.58453
3.56049
3.12734
3.26538
3.01009
2.64027
3.19386
2.4569
3.71284
2.84934
3.61777
3.53855
3.03275
3.34787
3.53272
2.85423
3.28264
3.1085
3.0995
3.51331
3.86668
3.20616
3.36536
3.17267
2.88956
3.23608
3.1199
3.13057
2.80053
2.94675
3.1707
3.17561
2.64409
2.9243
2.78893
3.02732
2.92666
2.81578
2.93671
2.91543
2.49247
2.45206
3.27221
2.77278
2.811
3.10566
2.8304
2.78705
2.79392
2.76271
3.09233
3.30628
4.16914
3.55171
3.04386
3.39755
3.46186
3.15691
3.09879
2.91439
3.61884
3.07974
2.90626
3.29627
3.62182
3.19558
3.02805
3.3779
3.77862
1.95892
2.88929
2.40216
2.37422
2.57641
2.80601
2.87216
3.08744
1.82049
2.87441
2.75227
3.01979
2.32373
2.66037
2.96365
2.54949
2.44432
3.08584
2.53052
2.87678
2.76328
2.77216
3.0916
3.23452
3.20656
3.58429
2.70959
3.34088
3.58943
3.12601
3.50786
3.60795
3.95046
4.18559
3.04002
2.87035
3.11228
3.23303
2.77313
3.24303
3.36574
2.52992
3.23613
3.30222
2.88319
2.8809
2.64899
2.46542
2.59573
2.428
2.53266
2.66466
2.36018
3.08372
3.50579
3.68906
3.26991
2.62438
2.91858
3.36891
3.29594
3.27481
3.55959
3.27095
3.07298
2.72218
3.45917
2.94972
3.54982
3.65989
3.03895
2.95761
3.05463
3.28188
3.33115
2.85247
2.85833
3.11542
3.1614
3.11854
2.89839
3.15655
3.15673
3.19104
2.91261
2.75051
2.62041
3.42137
2.69282
3.0992
3.13457
3.49414
2.42136
3.84577
2.69543
3.08957
3.04413
3.43394
3.66232
3.62936
3.43145
3.89732
2.63961
3.0954
3.58239
4.20478
3.38336
3.36346
3.79828
3.10992
3.43414
4.25457
3.49353
2.98331
3.23763
3.14649
2.9481
3.55564
2.6427
3.35921
2.55454
3.74274
3.83682
2.91232
3.26209
3.6334
3.34007
3.15078
2.82894
3.38928
3.44201
3.7187
3.1249
3.23077
2.92215
3.08116
3.2425
2.96893
2.94512
3.13135
3.1797
2.92355
3.15797
2.58948
2.76375
2.8025
3.31348
3.21318
2.91168
3.13301
2.87461
2.90682
2.27364
2.77287
3.28196
3.15557
2.8386
2.8062
2.80363
2.90752
3.04197
3.47139
3.2868
3.58011
2.92813
3.61047
3.6737
3.41296
3.13855
2.67724
2.81392
3.473
3.31329
2.61844
3.32777
3.44108
3.51343
2.94517
3.75718
3.1422
