1.85426
2.96874
2.13316
2.22754
2.37255
2.69703
2.94521
2.70191
1.60482
3.09545
2.62093
2.6087
2.57155
1.99878
2.47511
2.83262
2.71177
3.38465
2.69489
2.5211
3.21779
3.04119
2.85065
3.06969
2.97826
3.20298
2.3781
2.82133
2.9152
3.14914
3.32942
3.75649
3.45727
3.80645
3.08574
2.34337
2.38106
3.18478
2.26593
2.94093
3.27409
2.43273
2.97233
2.97969
2.498
2.66785
2.83228
2.18616
2.78165
2.28969
2.50786
2.35682
2.03785
2.89334
2.80953
2.93238
3.13338
2.48898
3.54553
3.14273
3.23872
3.22337
3.2867
2.75646
3.09279
2.90271
2.83982
3.17664
3.315
3.2457
2.77047
3.10868
2.79673
2.84226
2.87457
2.9359
3.06053
3.0298
2.80006
2.96137
2.602
2.65497
2.84809
2.81033
2.75967
2.72806
3.03242
3.20666
2.7818
3.21706
3.30334
3.08786
2.58054
3.46673
2.29063
2.89361
3.5803
2.98423
3.0775
2.92095
2.82298
3.22551
2.62638
2.8361
2.7712
3.69254
2.97836
3.35891
3.49555
3.35455
3.28081
4.49048
3.51189
2.99614
3.08384
2.75744
2.5704
3.39552
2.13862
3.15929
2.64163
3.55069
3.16241
2.84099
3.12744
3.32774
2.70414
2.87917
3.03579
3.01621
3.58912
3.47181
3.33695
3.19577
3.50263
3.11681
3.2917
2.68773
2.85151
2.781
2.74328
2.60849
3.0174
2.47614
2.44442
2.77038
3.0209
3.10305
2.76017
2.96021
2.98778
2.86907
3.18316
3.03244
2.5569
2.43902
2.9044
2.67732
2.75909
2.678
2.58173
3.4607
3.37373
3.81421
3.04525
3.64667
3.63069
3.3543
2.76987
2.95194
2.77065
3.52729
2.85903
2.53395
3.263
3.10051
3.39991
2.68584
3.18134
3.40812
1.86201
2.77573
2.4087
2.11489
2.32672
2.58512
3.07822
2.84409
1.77557
2.73956
2.65464
3.47594
2.54264
2.55304
2.73363
2.60013
2.57791
2.83395
2.89056
2.54576
2.95516
2.66801
2.87521
2.95045
3.45121
3.26835
2.89874
2.93006
3.03617
2.91903
3.40134
3.5892
3.50215
3.60584
2.8377
2.51348
2.36832
2.62217
2.27806
2.74742
2.88503
2.53152
3.14195
3.01164
2.43416
2.51793
2.45483
2.36895
2.69907
2.66819
2.43302
2.39986
1.98216
3.00647
2.84089
3.41298
3.2943
2.32346
3.28145
2.99075
3.06531
3.47571
3.41126
2.66385
2.84763
3.31279
3.10265
2.76964
3.19865
3.38939
2.97673
2.9763
3.26175
3.29011
2.87393
2.66841
2.97805
2.95033
2.99178
2.9486
2.95324
2.77434
3.04315
2.83168
2.97019
2.95919
2.9746
2.88943
2.65268
2.64093
2.8479
3.18949
2.48511
3.32288
2.85999
3.02923
3.03135
3.08405
3.17974
3.29969
3.23898
3.29592
2.42512
2.96365
2.928
4.18266
2.83623
3.06832
3.46188
3.47424
3.06982
4.17606
3.7237
2.8687
3.21885
2.58372
2.89001
2.91119
2.14643
3.06568
3.23387
3.35262
3.73876
2.65256
3.35327
3.4174
3.03436
3.08834
2.93624
3.09926
3.62612
3.52816
3.26112
3.18683
3.32438
3.46575
2.83129
2.79826
2.97191
2.88777
2.64625
2.57536
3.30711
2.83589
2.76148
2.79852
2.96239
2.95674
3.00672
2.92919
3.10308
2.51071
2.31634
3.32817
2.62873
2.69988
2.69114
2.72426
2.31914
2.68743
2.70872
3.69287
3.44388
3.02503
2.23995
3.18452
3.36277
3.29674
3.17586
2.72859
2.93618
3.51967
2.87808
2.47332
3.28148
3.29103
3.16603
2.61395
3.25313
3.58593
