1.70201
2.53112
2.4418
2.18099
2.38707
2.55383
2.79708
2.7633
1.65742
2.90041
2.57271
2.65593
2.33634
3.30663
3.02571
2.57226
2.43742
3.37648
2.70466
2.48052
2.3795
2.80965
2.29951
2.58206
3.26123
3.2886
2.91506
2.98817
2.61641
3.10603
3.49845
3.75825
3.32373
3.4253
2.69054
2.44412
2.68465
3.03333
2.35971
3.00277
3.1653
2.47488
3.11148
3.0153
2.81778
2.511
2.59832
2.41787
2.70238
2.94043
2.21385
2.24832
2.1034
2.92004
2.89396
3.08767
3.38752
2.63306
3.65503
3.49821
2.96713
3.50218
3.53614
2.66174
3.08685
2.56103
2.87125
2.81285
3.27838
3.10323
2.89032
2.89799
2.91631
2.82702
2.94954
3.02044
3.09826
2.81353
2.77243
3.0545
2.8276
2.799
2.72846
2.83134
2.72929
2.90035
2.96954
3.1721
2.64141
3.32813
3.30723
2.96918
2.45855
3.43577
2.95582
2.84669
2.7697
3.25522
2.91497
2.68184
3.17533
2.95881
2.357
2.77344
3.00204
3.79338
2.93372
3.57185
3.78707
3.14373
3.42105
4.47767
3.50033
2.94692
3.13405
2.96209
2.71321
2.51213
2.2007
3.14656
3.27882
3.10512
3.13931
2.99836
3.18598
3.34089
2.73737
3.24389
2.9987
3.1661
3.20054
3.3903
2.92866
3.10077
3.07005
3.31892
3.10845
2.80076
2.83129
2.7179
2.84979
2.79101
3.0193
2.80081
3.2162
3.19286
2.88479
2.88836
2.82392
2.80655
2.9188
2.5896
2.84084
2.9398
2.76131
2.82171
3.06958
2.67425
2.84887
2.75437
2.65338
3.03472
3.18903
3.22154
2.40638
3.29777
3.30143
3.14936
3.19976
2.82682
2.91543
3.15088
2.83262
2.40569
3.43064
3.00291
3.37684
2.67726
3.23724
3.35277
1.76901
2.47596
2.31217
2.14474
2.55008
2.64134
2.85617
2.92007
1.72485
2.76986
2.52699
3.01541
2.52179
2.79318
2.77757
2.47729
2.53365
3.05806
2.60305
2.43694
2.82613
2.86788
2.66684
2.99047
2.67175
3.18455
2.77465
3.2578
2.9095
3.16274
3.52949
3.87238
3.06589
3.63045
2.8671
2.37277
2.58348
2.9892
2.24846
2.97148
3.13935
2.55451
3.28852
3.10003
2.83444
2.47748
2.58609
2.54092
2.67856
2.76425
2.21804
2.34914
2.12076
2.81032
2.83411
2.86191
3.60212
2.4408
3.63125
3.37534
3.12478
3.4105
3.14828
2.92296
2.90951
2.65591
2.87581
2.86364
3.1815
3.07944
3.00977
2.69613
3.00988
2.57377
2.82575
3.16887
3.06084
2.87975
2.77925
2.91771
2.90987
2.59272
2.59245
2.7835
2.71196
2.91165
2.66152
3.22057
2.81522
3.22918
3.40166
2.91863
2.74579
3.05523
2.66562
2.8728
2.95469
2.85312
2.78574
2.94758
2.83278
2.95015
2.50723
3.06179
2.86273
3.98106
2.70575
3.18304
3.42066
3.5244
3.21904
4.08918
3.19734
3.02896
3.15393
2.79308
2.50171
3.11806
2.15463
3.33454
2.74521
3.34304
3.0209
2.93223
2.88492
3.40928
3.28519
2.75132
2.85458
3.03203
3.17752
3.24543
3.07541
2.75262
3.03357
3.10536
3.01077
2.9047
2.53685
2.8967
2.80737
3.00792
3.27742
2.75712
2.65976
2.8622
2.68558
2.76846
2.94982
2.90557
3.16865
2.72255
2.58769
2.86497
3.27603
2.8694
2.57378
2.6482
2.78417
2.61778
2.91224
2.96716
2.97486
3.60056
2.67232
3.26239
3.01826
3.05341
2.75423
2.83941
2.86449
3.18454
2.58288
2.96214
3.0197
2.87831
3.06005
2.60758
3.25985
3.47108
