1.8598
2.75464
2.35292
2.33226
2.64613
2.68745
3.00082
2.93135
1.82391
2.9253
3.31682
3.02699
2.51865
2.83584
2.75826
2.54036
2.58866
3.12873
2.64866
2.66695
3.02557
3.1225
2.75713
2.92934
2.89031
3.46017
2.71606
3.09703
3.287
3.00794
3.39297
3.49618
3.1113
3.27886
2.7325
2.67959
2.53269
3.21278
2.68276
3.18979
2.9955
2.58833
3.76052
3.37649
3.01669
2.47868
2.57786
2.60696
3.02863
2.75589
2.66241
2.6197
2.15048
3.45
3.28592
3.4943
3.38055
2.09816
3.15517
3.24676
3.50166
3.57051
3.58953
3.40232
3.49511
2.7212
3.46035
3.28725
3.75545
3.53883
3.19034
3.23978
2.935
3.24443
3.23773
3.46557
3.13782
2.86651
2.93291
2.88769
2.89301
2.92252
3.14979
3.23052
2.86922
3.12484
3.24285
3.20054
2.88146
3.23991
3.43462
3.27209
2.60704
3.60487
2.55668
2.96807
3.07929
3.38054
3.33485
3.08722
2.98417
3.09603
2.46465
2.81933
2.99377
4.04913
3.03338
3.49743
4.08795
2.63767
3.72125
4.26076
3.32857
2.8104
3.17348
3.13041
2.82236
2.63521
2.23548
3.25227
2.80452
3.62741
3.51194
3.23716
3.37798
2.87472
2.61797
3.00101
3.3097
3.88915
3.53127
3.50382
3.45185
3.62096
3.09931
3.07073
3.54989
3.12001
3.04161
3.0793
3.1221
2.33305
3.17712
2.97472
2.90137
2.78581
3.20664
3.05104
2.8425
3.09131
3.34235
2.33384
3.04679
2.73859
2.36512
2.70394
2.73699
2.87429
2.96146
2.79628
3.05086
3.76067
3.37808
3.88588
2.85747
3.50087
3.60063
3.06962
3.06461
2.76906
3.16101
3.48548
2.7007
3.11254
3.50307
3.12262
3.29172
2.7002
3.44604
3.50141
1.95199
2.74848
2.53582
2.30701
2.51378
2.58597
3.30665
2.83959
1.79346
2.87852
2.48462
3.05757
2.58365
2.83271
2.74502
2.5382
2.45534
3.38883
2.88328
2.31643
3.17747
2.74763
2.61712
2.9453
2.84099
3.42673
2.94991
3.25354
3.46836
3.27325
3.08694
3.20755
3.2971
3.62577
2.97948
2.75885
2.61309
2.90663
2.71556
3.25687
3.4081
2.86437
3.46521
3.15779
2.75955
2.77645
2.67543
2.7084
2.8639
2.73447
2.5504
2.77594
2.10215
3.08259
3.15643
3.37021
3.13654
2.46405
2.93988
3.32342
3.56392
3.37993
3.72183
3.22113
2.7855
3.11374
3.22663
3.45995
3.70691
3.49498
3.41568
3.09723
3.09876
2.92057
2.99842
3.44936
3.1083
2.90598
3.05501
3.34979
2.64727
2.92934
3.09949
3.31898
2.93172
2.84472
3.19389
2.99669
2.91379
2.95936
3.67756
3.3159
2.53424
3.61665
3.08099
3.02061
3.13964
3.18979
2.90064
2.84933
3.15357
3.07023
2.3476
2.74706
2.93006
4.48931
3.20654
3.3988
4.32594
3.456
3.24478
3.93611
3.52089
2.82756
3.05242
2.64966
2.79302
3.0149
2.29105
3.20642
3.21277
3.51401
3.95719
2.8108
3.34003
3.07549
2.99004
3.19161
3.12227
2.90271
3.64184
3.48147
3.00543
3.27972
2.97284
2.73877
3.19732
2.89614
3.03333
3.05053
2.84849
2.74593
3.2281
2.85618
2.99609
2.68622
3.30876
2.90548
3.38824
2.83485
2.91579
2.26541
2.64925
2.88666
2.45921
2.89878
3.19221
2.46044
2.89224
2.54958
3.16792
3.51548
3.58814
4.00669
2.45845
3.26907
3.67318
3.46486
3.14287
2.69854
2.72715
3.77585
2.56392
2.51091
2.99375
3.03704
2.61328
2.98386
3.29361
3.38899
