1.88305
2.49309
2.16344
2.16859
2.37882
2.60284
3.06702
2.88141
1.72141
2.92615
2.73667
3.16472
2.35229
2.7037
2.79273
2.66928
2.52094
3.34659
2.55575
2.64176
3.21585
3.00882
2.74571
3.03842
2.71982
3.58408
2.85439
3.1786
3.30485
3.08753
3.19709
3.49663
3.27528
3.78616
3.00327
2.64893
2.45999
3.09236
2.83412
3.34752
3.43538
2.61159
3.18541
3.18349
2.74782
2.62828
2.7626
2.21584
2.9132
2.55192
2.62466
2.54199
1.99468
3.09379
3.20986
3.00487
3.23462
2.2924
3.64953
3.28135
3.38479
3.46122
3.76232
2.8734
2.76951
2.8778
3.06236
3.07845
3.53953
3.44286
3.41817
3.37936
2.88026
3.44012
3.08625
3.01014
3.13095
2.95638
3.22338
2.9549
2.83969
2.96745
2.85169
2.93669
2.70394
2.85468
2.99198
3.45613
2.82375
3.27448
3.14103
3.03215
2.68738
2.86053
2.51111
2.91789
2.9455
3.35121
3.17816
3.24884
3.01485
2.67356
2.55746
2.76925
3.01682
3.76944
3.13519
3.35083
4.38261
2.00643
3.20946
3.66904
3.27422
3.17319
2.96631
2.83055
2.65659
2.68507
2.02189
3.16866
2.63786
3.35109
4.04269
3.16121
3.25934
3.02181
2.63452
3.02158
2.97455
3.36756
3.44475
3.80368
3.34516
3.10567
3.24866
3.06082
3.14362
3.02888
3.20888
3.16424
2.57713
2.54868
2.96991
2.77671
2.86704
2.7239
3.44685
3.12109
3.0117
2.97652
3.4202
2.56077
3.28509
2.91818
2.4406
3.23293
3.05122
2.65111
2.43492
2.83897
2.95272
2.94804
3.11182
3.91357
3.20187
3.03786
3.31149
2.99778
2.98454
2.66126
3.03081
3.45491
2.99933
2.43753
3.32402
2.88934
2.95051
2.79369
3.47807
3.50398
1.95789
2.65247
2.17192
2.31539
2.55552
2.64274
3.12694
2.84651
1.8116
2.96812
2.66981
2.842
2.34164
2.65465
2.8987
2.73288
2.64972
3.4167
2.57104
2.46672
3.26523
3.18083
2.82357
3.23987
3.30272
3.61875
2.92943
3.20845
2.56261
3.08622
3.22672
3.58656
3.01124
3.55876
3.19606
2.47376
2.88804
3.21891
3.04578
3.45524
3.13224
2.81472
3.35843
3.4472
2.83879
2.53628
2.83877
2.32986
2.62497
2.68086
2.70739
2.57004
2.04845
3.15108
3.34208
3.21515
3.57101
2.59406
3.73413
3.12044
3.53487
3.56986
3.66024
3.07378
3.00421
2.66996
3.21963
2.97209
3.54502
3.40871
3.12926
3.15486
2.86603
2.81287
3.18566
3.23729
3.19133
3.1523
2.79551
3.16231
2.7201
2.91024
2.90229
2.90738
2.75761
2.98907
3.02256
3.27998
2.81665
3.01114
3.29942
3.29718
2.34872
3.59528
2.78228
3.0899
3.03799
3.20643
3.23708
3.52293
3.22709
3.0525
2.62282
2.97307
3.27726
3.94689
3.10078
3.27769
3.84393
2.35268
3.58896
3.66611
3.56461
2.99964
3.26181
3.2435
2.97873
3.02547
2.17405
2.75201
2.62164
3.38824
3.73503
2.86742
3.38247
2.94302
2.78098
3.03438
3.00575
3.33115
3.38939
3.69554
3.29332
3.08565
3.1128
3.06645
3.27165
3.04736
3.30157
3.08669
2.71679
2.53179
3.46249
2.81318
2.67983
2.69818
3.08116
3.30119
3.1324
3.06337
3.19591
2.6502
3.03128
2.70637
2.41591
3.01111
3.15644
2.85607
2.98583
2.6017
2.8705
3.40825
3.36217
3.89784
3.34226
2.52104
3.38619
3.57502
3.04601
3.04759
3.0748
2.75638
3.1562
3.14603
3.77321
2.87951
3.25797
2.72667
3.19565
3.76543
