2.17004
2.80322
2.6199
2.51264
2.50997
2.67583
3.2446
3.07543
1.94302
3.0001
3.29036
3.49613
2.25866
2.89136
3.02505
2.5952
2.81113
2.88921
2.41375
2.91788
2.58161
2.73642
2.78732
3.34703
3.56295
3.81391
3.43741
2.94735
2.76913
3.27892
3.6241
4.01942
3.54844
3.79926
3.18833
2.80506
2.93477
3.37459
2.77364
3.00415
3.10653
2.71544
3.91319
3.46113
3.06432
2.3237
2.77064
2.69696
2.70624
2.60983
2.71863
2.54473
2.37063
3.37806
3.06846
3.77772
3.92008
2.24618
3.76776
3.49294
3.66717
3.38241
4.05539
3.52818
3.25153
3.33713
3.18316
2.72159
3.66126
3.35556
2.85926
3.89623
3.18951
3.36126
3.35429
3.87495
3.4889
3.11184
3.25063
2.88047
3.05618
2.94956
3.14528
2.99344
3.68337
2.99871
2.97814
3.70654
2.95682
3.60928
3.56847
3.20612
2.53862
3.46773
2.72689
3.1107
3.05621
3.58473
3.76687
3.81946
3.45267
3.66173
2.94971
3.01504
2.99887
3.15711
3.37917
3.44891
3.62917
2.99129
3.62412
4.41197
3.3754
3.18508
3.57912
2.58127
2.64881
3.41998
2.7833
3.62595
3.04127
3.55449
4.19727
2.99339
3.54395
3.11742
3.26158
3.23858
3.35866
3.65046
3.96035
3.77329
3.13954
3.30866
3.10342
2.94008
2.96878
2.91715
3.36405
3.01738
3.12967
2.89304
3.0049
2.80505
2.92502
2.67887
3.26012
3.08769
3.06466
3.10732
2.95896
2.44537
2.8791
3.13173
3.02335
3.03299
3.09457
2.61596
2.9443
3.00862
3.04211
3.14307
3.65069
3.50065
3.39852
3.36517
3.2557
3.509
3.34746
3.14027
3.08521
3.96235
3.25527
3.43015
3.15834
3.2631
3.54714
3.1459
3.73508
3.89049
2.08348
2.65773
2.79855
2.48621
2.61291
2.62539
3.554
3.05778
1.91557
3.17016
3.0035
3.04518
2.49884
2.78457
3.08047
2.78438
2.84756
2.89685
2.46681
2.69744
2.81281
3.08876
2.94551
3.1336
2.87131
3.85239
3.32573
2.9015
2.98304
3.37597
3.42404
3.84133
3.53629
3.9744
3.16575
2.64517
2.67875
3.41645
2.33081
3.50206
3.3143
2.53839
3.61895
3.45226
2.77342
2.39167
2.767
2.6779
2.63411
2.51391
2.73813
2.61105
2.36548
3.58466
3.25906
3.50094
3.33208
2.70354
3.38935
3.65171
3.4842
3.54276
3.93872
3.20717
3.56773
3.40672
3.52708
3.17671
3.38394
3.65503
3.24512
3.76019
3.0754
3.38729
3.06802
3.27642
3.37623
3.14068
3.1213
3.12013
2.88127
2.91458
3.52162
3.30519
3.2942
3.05754
3.53911
3.75842
3.30452
3.92669
3.67538
3.49887
2.75297
3.71044
2.81107
2.91863
2.9674
3.31253
3.34939
3.13998
3.86144
3.18818
2.69081
3.10721
2.97029
3.54369
3.53727
3.52395
3.87238
3.56303
3.8383
4.34209
3.30692
2.88155
3.45671
2.857
2.76937
3.52645
2.35485
3.26897
2.72553
3.85969
4.45888
2.8976
3.03442
3.33255
3.29514
3.10194
3.17358
3.08526
3.8678
3.5736
3.42663
3.32897
3.19216
3.18391
2.85046
2.56893
2.91076
3.09749
3.03032
2.8275
3.26734
2.56642
3.00222
2.84499
2.97813
3.02992
3.01591
3.00766
3.28281
2.2921
3.15953
3.13874
2.87181
3.05681
2.57774
2.89752
2.74229
3.12314
3.07644
3.30136
3.79439
3.57786
3.12569
2.92959
3.14901
3.43848
3.1275
3.07187
3.08979
3.48836
3.11911
3.22911
3.2344
2.99158
3.2998
3.1778
3.68006
3.21461
