1.68038
2.79827
2.44617
2.19704
2.3974
2.43824
2.79007
2.7381
1.588
2.82402
2.46794
2.80966
2.19047
2.20689
2.61739
2.39341
2.29215
2.96253
2.78062
2.5944
2.90632
2.95649
2.55749
3.20172
3.17092
2.97882
2.64575
2.88494
2.92565
3.1162
3.5174
3.45938
3.31629
3.81321
3.04757
1.97922
2.8736
3.06595
2.09953
3.26589
3.11659
2.1278
3.33923
2.76871
2.41553
2.67746
2.3323
2.37152
2.14838
2.53051
2.3822
2.40811
1.97418
2.65576
3.00926
2.99078
3.36694
1.87881
3.3626
3.09302
3.45536
3.2553
3.48079
3.16862
2.85136
3.1216
3.03062
3.11776
3.14627
3.36912
2.98619
2.76657
2.99053
2.94297
3.14002
3.37075
3.06441
2.90621
2.87369
3.23844
2.56707
2.84161
2.90149
2.91521
2.92875
2.87942
2.87403
3.2199
2.90075
2.97396
3.16933
3.19851
2.70139
3.47285
2.35648
2.97276
3.13057
2.84431
3.18146
3.09386
3.24025
3.09694
2.72135
2.82618
2.9919
3.67582
3.77897
3.16665
3.59241
2.34458
3.51626
4.19812
3.51063
2.90876
3.20847
2.72173
2.51398
2.76304
2.32721
2.77344
2.84788
3.3534
3.57086
2.87823
3.32075
2.89694
3.36602
3.31665
3.20602
3.35789
3.70431
3.78061
3.02987
2.88394
3.06305
2.85605
3.01007
2.80468
2.65419
2.66724
2.65706
2.81336
3.28856
2.7628
2.55211
2.69309
3.18925
3.01623
2.81525
2.77349
3.05779
2.56555
2.88787
2.82646
2.71705
2.83496
2.48143
2.65829
2.64769
2.86517
2.88142
3.04045
3.50954
4.09136
3.77192
3.10237
3.99082
3.6059
3.15084
3.00091
2.75154
3.38716
2.91536
2.95048
3.42748
3.4133
3.31031
3.27745
3.29953
3.72608
2.01626
2.28563
2.39497
2.26891
2.50444
2.32167
2.68927
2.50839
1.8506
2.48961
2.81567
2.63635
2.48406
2.12653
2.46544
2.39694
2.31126
2.76608
2.39338
2.53872
2.65966
2.90727
2.54723
2.69993
2.50398
3.15254
2.75569
2.66017
2.76176
3.12496
3.26247
3.21758
3.25384
3.84373
3.03441
2.0156
2.28171
2.62022
2.03938
2.77614
3.09245
2.09335
2.94702
2.87772
2.58999
2.89073
2.40294
2.21725
2.35536
2.30745
2.24593
2.29825
1.8479
2.61501
2.80682
3.07244
3.04257
2.7678
2.74314
2.93658
3.22274
3.18253
3.80062
3.04197
2.72094
3.12732
2.96144
2.88265
3.11798
3.26156
3.13824
2.83046
2.67513
2.95473
2.85977
3.20628
2.95129
2.76483
2.88826
2.73296
2.50723
2.51609
2.76744
2.83235
2.7081
2.91626
2.98233
3.20576
2.8516
2.94254
3.42423
2.87282
2.91275
3.48125
2.64584
2.73223
2.9161
2.87176
3.02701
2.98805
2.8325
2.87732
2.52682
2.44462
2.68657
3.22653
3.27652
3.01915
3.68301
2.92431
3.13189
4.14333
3.19454
2.72945
3.0091
2.53965
2.49433
2.77062
2.30242
2.60466
2.57997
3.26056
3.29828
2.57681
3.09755
2.91768
3.0024
3.03207
2.89878
2.9851
3.56346
3.42735
3.05893
2.8658
3.07088
2.82894
2.96384
2.73516
2.72508
2.98701
2.74354
2.76659
2.94271
2.59914
2.44449
2.38512
2.37824
2.48768
2.71417
2.71812
2.68422
2.50985
2.68959
2.56499
2.62324
2.84704
2.30332
2.81668
2.40494
2.7352
2.93382
2.8879
3.05319
3.76397
2.65913
3.2544
3.63083
3.6181
2.68142
2.71069
2.7877
3.63654
3.05305
2.44853
3.03213
3.23144
3.27821
3.08918
3.19552
3.40664
