1.80039
2.6974
2.32569
2.14801
2.41476
2.7682
3.09152
3.10155
1.82109
3.24903
2.9533
3.39796
2.82318
2.44926
2.70984
2.69009
2.69375
3.2314
2.84723
2.61099
3.07931
3.1526
2.86321
2.90535
3.14111
3.55857
2.92373
3.51276
3.66632
3.3108
3.22959
3.79388
3.52413
3.69975
3.36029
2.97615
2.6575
2.96521
2.89148
3.05982
3.105
2.67981
3.29444
3.47199
3.03697
2.97688
2.69547
2.69565
2.76874
2.64461
2.57347
2.49931
2.19594
3.27831
3.39699
3.3076
3.42072
2.34826
3.4812
3.37924
3.26296
3.52834
3.72025
3.3039
2.30896
3.37365
3.56178
3.43938
3.20706
3.61796
3.07412
2.77659
3.13907
3.14762
3.53354
3.60908
2.92975
3.17757
3.51987
3.36045
3.16743
3.38466
2.9724
3.32966
3.01621
3.11428
3.11233
3.12504
3.10207
3.27662
3.18729
3.52123
3.04938
3.12711
2.86884
3.17584
3.33882
3.77254
3.17609
3.31205
4.12338
3.6053
2.90827
3.23702
3.32716
4.13403
3.36877
3.42284
3.84427
2.2833
3.47103
4.01007
3.65379
3.26693
3.29376
2.85783
2.72379
3.28983
2.41842
3.33911
2.75949
3.61838
4.12594
3.15428
3.73707
3.49768
2.58727
3.10518
3.65644
3.90288
3.72626
3.86027
3.33426
3.23538
3.00302
2.99512
3.69155
3.00373
3.15003
3.39721
2.79667
2.69887
3.36646
2.84458
3.02966
2.76058
3.1795
3.46596
2.83168
3.34602
3.16116
2.63176
2.96944
3.21274
2.57767
2.66036
2.65048
2.55351
2.93379
2.68365
2.82163
3.18531
3.40476
3.71309
3.05679
2.67528
3.49717
3.61561
3.14207
2.98477
3.1873
3.84829
2.92725
2.84269
3.4689
3.30329
3.47491
2.81569
3.45216
3.53272
1.90975
2.75414
2.36934
2.08808
2.45466
2.72648
3.11812
3.08258
1.86432
3.2226
3.13473
3.28011
2.4759
2.31199
2.973
2.79949
2.62265
3.22399
2.78108
2.46117
3.20243
3.21499
2.53967
2.87225
2.88605
3.5402
2.66321
3.51034
3.06775
2.69265
3.30517
3.83156
3.25256
3.32167
3.09746
2.57471
2.76712
3.03227
2.61389
3.0624
2.98778
3.12697
3.40196
3.54817
2.64484
2.75338
2.96665
2.82686
2.55941
2.3467
2.72716
2.55663
2.23188
3.09362
3.36963
3.78233
3.37889
2.22834
3.3585
3.18503
3.2536
3.79328
3.73749
3.11053
3.37531
3.75412
3.50896
3.29344
3.41928
3.61469
3.25672
3.1792
3.27455
3.20519
3.16266
3.50204
3.6623
3.40282
3.02592
3.28233
3.02129
3.15126
3.20477
3.25081
3.02422
2.94563
3.11192
3.14197
2.66506
2.69597
3.12033
3.52213
2.88874
3.55783
2.81401
3.21846
2.9949
3.72619
3.3981
3.38126
3.03755
3.15177
3.35819
2.96022
2.85496
3.92805
3.4672
3.44683
3.93595
2.45166
3.35612
3.96471
3.45937
3.20496
3.57563
2.97094
2.72927
2.91868
2.45598
3.2098
2.82412
3.71041
4.04379
2.72365
3.6205
3.34146
3.10992
2.79272
3.1608
3.09049
3.74301
3.66986
3.45852
3.164
3.32425
2.61537
3.3174
2.94234
3.06412
2.97913
2.82139
2.71147
3.14543
2.87855
2.7423
2.77132
3.09902
3.05243
3.13877
3.27764
3.55184
3.04705
2.9065
3.12247
2.64325
2.86607
2.91126
2.69324
2.56468
3.05423
2.77454
3.57371
3.56269
3.23951
2.63613
2.98588
3.89306
3.47864
3.33214
3.0028
3.31032
3.42735
3.08315
2.59046
3.31832
2.83128
3.48979
3.13618
3.3411
3.90547
