2.31826
2.64853
2.68412
2.58375
2.7262
2.98344
3.21545
3.08703
1.96853
3.00263
3.00935
3.29226
2.53226
2.79657
2.86536
3.03517
2.76213
3.64386
3.05097
3.01866
3.42249
3.23073
3.02996
3.1212
3.48117
3.99644
3.10068
3.47438
3.16153
3.36787
3.50583
3.53946
3.15025
3.79412
2.97173
2.46874
2.82985
3.41728
2.87782
3.35478
3.40278
2.76116
3.59554
3.30912
2.88299
2.62145
2.70475
2.31851
2.62524
2.786
2.91545
2.78313
2.19438
3.19891
3.04519
3.16989
3.57827
2.82648
3.55832
3.31609
3.50137
3.53611
4.04474
3.41051
2.81316
3.33089
3.15782
3.35043
3.54974
3.79294
3.68307
3.52062
3.1863
3.11355
3.45464
3.56617
3.48984
2.85319
2.96482
3.18921
2.86359
3.33867
3.3441
3.22219
3.13812
3.11654
3.50183
3.52555
3.22222
3.58274
3.77206
3.47744
2.77982
3.76452
2.90151
3.25274
3.69218
3.84179
3.09975
3.8479
4.16154
3.50142
3.6563
3.49849
3.75984
3.9028
3.71379
3.50874
4.19555
2.48387
3.95815
4.17816
3.42136
3.3105
3.3131
3.27477
3.03565
2.97705
2.43558
2.82717
2.75945
4.14182
4.19026
3.42917
3.57718
3.09673
2.8236
3.18443
3.09511
3.69898
3.79543
3.87854
3.46096
3.11125
3.05417
3.34151
3.35793
2.83652
3.1371
3.13504
2.9761
2.82273
3.06281
2.94194
3.05877
2.92499
3.73016
3.33749
3.23893
3.26282
3.64096
3.05952
2.90912
2.76938
2.45819
3.46744
3.37626
2.98563
2.71642
2.81983
2.97542
2.78583
3.34826
3.3929
2.61367
3.23608
3.74132
3.1824
3.47036
3.12442
3.13703
3.75285
3.13482
3.13704
3.71181
3.58768
3.5828
3.44262
3.39732
3.5648
2.23494
2.87605
2.58351
2.42923
2.78173
3.0472
3.59599
3.0922
1.9534
2.95192
3.04936
3.22231
2.47966
3.4066
2.97873
2.75093
2.32234
3.38909
2.76108
2.68489
2.9721
3.55932
3.00311
3.00777
3.21751
3.69321
3.11596
3.58942
2.86987
3.42319
3.43363
3.68906
4.10715
3.50953
3.0085
2.74823
3.04379
3.18804
2.42768
3.48119
3.44494
2.67786
3.33439
3.22444
3.06611
2.45666
2.88534
2.98836
2.67596
2.85248
2.57912
2.73573
2.4557
3.26553
3.0534
3.18327
3.40319
3.13458
3.42241
3.5809
3.42964
3.45711
3.61318
3.0032
3.25367
3.17223
3.2469
3.23114
3.34892
3.87267
3.27614
3.44915
3.35929
3.03934
3.4789
3.34282
3.21666
3.16247
3.11112
3.0705
3.06924
3.35005
3.57717
3.08024
3.13413
3.06056
3.30738
3.42664
2.99533
3.30667
3.55187
3.35702
2.75461
3.73463
2.90087
3.37553
3.12621
3.47596
3.11929
3.67608
3.98501
3.76536
3.5755
3.26917
3.68112
3.71875
3.68474
3.77496
4.17875
2.77622
3.76146
4.00924
3.78037
3.56485
3.48189
3.08891
3.16441
2.84622
2.1898
2.89442
3.1282
3.65194
3.78069
3.1517
3.54164
3.43417
3.00641
3.65914
3.1042
3.66476
4.05942
3.79153
3.31548
2.90649
3.39736
2.95388
3.44055
3.09177
3.06131
3.25787
2.82219
2.75169
3.1606
3.40571
2.9193
2.98479
3.26302
3.19725
3.20806
3.0243
3.3064
2.5337
2.61185
2.98333
2.93832
2.52042
3.11055
3.36092
2.97859
3.0081
3.0347
3.47041
3.71818
3.48695
3.01463
3.44604
3.82079
3.38357
3.3947
3.22695
3.21374
3.38649
3.009
2.89811
3.16985
3.36189
3.24892
3.30356
3.72583
3.19612
