2.11201
3.01258
2.49422
2.30057
2.75087
2.7983
3.08974
3.1545
1.88283
3.13331
2.86572
3.43176
2.26427
2.52957
2.80747
2.79765
2.60995
3.22874
2.8518
2.44775
3.0533
3.00543
2.97259
3.29281
3.40875
3.64315
3.1234
2.98795
3.65824
3.10763
3.69925
3.64767
3.30838
3.93076
3.11874
2.79489
3.0153
3.10028
3.06145
2.86623
3.16177
2.67819
3.64863
3.4173
2.7368
3.12746
2.65245
2.77049
2.50328
2.55819
2.71519
2.58102
2.22099
3.18656
3.61605
3.58317
3.51511
2.05967
3.54676
3.39737
3.45873
3.63963
3.6266
2.94787
2.71075
3.47773
3.53033
3.24749
3.77049
3.8781
3.21359
3.41262
3.19807
3.26983
3.23381
3.36609
3.40749
3.19035
3.3419
3.04161
3.11162
2.89492
3.01355
3.11103
3.00303
3.06352
3.45538
3.17598
3.54014
3.14959
3.80344
3.61558
2.42315
4.03908
3.21244
3.18903
3.3062
3.64113
3.63147
3.45005
3.6221
3.47143
2.88125
2.8125
2.78268
3.63313
3.21627
3.72951
4.05166
1.82509
3.75487
4.18443
3.62347
3.28217
3.73609
2.99474
2.97159
2.79907
2.57852
2.19414
2.5238
3.81874
4.33852
2.97538
3.41443
3.20579
2.96829
3.51156
3.41973
3.56673
4.03433
4.05335
3.34345
3.61842
3.24039
3.6991
3.21343
3.22315
3.40735
3.37087
3.07069
2.71721
3.45081
3.12843
3.16016
2.7889
3.12884
3.29685
3.16062
3.25706
3.31003
2.36318
3.06322
2.84917
2.69862
2.8311
3.38713
2.92858
2.65844
2.51127
2.83569
3.31901
3.38329
3.12902
2.55005
2.90484
3.51722
3.82603
3.15794
3.29525
3.08956
3.77392
3.01941
3.18015
3.57949
3.27336
3.99581
3.1504
3.51684
3.71032
2.0003
3.27447
2.52951
2.2755
2.54712
2.74408
3.31456
3.10707
2.08363
3.12967
3.29367
3.93141
2.39468
2.62894
2.75912
2.8415
2.71752
3.44977
2.83246
2.7473
3.08447
3.50874
3.26337
2.99585
3.47709
4.03629
3.08472
3.02425
3.09884
3.0283
3.35502
3.44379
3.48294
3.90286
3.35724
2.90652
2.94735
3.08155
2.80212
2.99073
3.28557
3.01532
3.33367
3.54992
2.72983
3.04291
3.01698
2.58166
2.99435
2.71041
2.87919
2.73485
2.39893
3.48876
3.13486
3.584
3.4985
2.21284
3.55901
3.47985
3.21901
3.6128
3.57649
3.16035
3.04724
3.32869
3.13047
3.23542
3.80249
3.7185
3.21267
3.24961
3.31535
3.2882
3.23661
3.31811
3.12031
3.12761
3.32739
3.29235
3.60895
3.25621
3.53936
2.923
2.87941
3.02048
3.21324
3.32468
3.01188
3.14488
3.70933
3.35029
2.62766
3.84938
2.75878
3.0225
3.24054
3.55737
3.38405
3.52359
3.30614
4.26593
2.85592
2.8119
2.75468
3.80954
3.03629
3.40261
3.65112
2.79673
3.61022
4.32552
3.67478
3.14214
3.79624
3.02728
2.81527
3.48856
2.37217
2.13924
2.58457
3.93001
4.49656
2.76061
3.64206
3.40125
3.4014
3.77144
3.08897
3.34369
4.16235
3.91864
3.39975
3.47435
3.19312
3.09615
3.04156
3.34076
2.77983
3.32855
3.05611
2.88745
3.4778
3.06339
2.9781
2.91975
3.07662
2.97945
3.0909
3.25758
3.32068
2.81317
3.07549
2.65848
3.21173
3.10762
3.16619
2.92424
3.1617
3.09672
2.89535
3.33856
3.36002
3.33507
2.82616
3.16702
3.27125
4.18895
3.41222
3.01039
3.27969
4.06475
2.88085
2.58481
3.25458
3.40666
3.67412
3.17931
3.71003
3.83191
