1.91406
2.71841
2.50125
2.3734
2.74879
2.81732
2.77489
2.89827
1.77943
3.13483
3.00258
2.97508
2.69426
2.79781
2.92518
2.72223
2.73458
3.12458
2.69328
2.69597
2.9103
2.61624
3.12625
2.70739
3.04508
3.51127
3.09218
2.96481
3.56378
3.46999
3.25755
3.57893
3.54548
3.97825
3.43435
2.5544
2.88551
3.15248
2.7573
3.33032
3.25755
2.75627
3.36932
3.39417
3.02138
2.7892
2.75315
2.68133
2.95064
2.92855
2.4418
2.51297
2.27939
3.10408
3.44299
3.24707
3.44714
2.88658
3.47609
3.31933
3.40824
3.91029
3.78632
3.40848
2.598
2.90312
2.95824
3.15092
3.55675
3.37912
3.19458
3.21833
2.88076
3.46345
3.10658
3.28441
3.26756
3.18676
3.06488
3.14438
2.8445
2.79668
3.04386
2.97964
2.98608
2.94204
2.96659
3.55696
3.228
3.54267
3.94082
3.01324
2.86114
3.65399
2.9205
3.12181
3.24644
3.45351
3.32985
3.1977
3.56819
3.17935
2.59115
2.81499
2.6587
4.05181
2.92532
3.17615
3.7371
2.70486
3.45439
3.8148
3.3045
2.93715
2.97529
2.86889
2.89919
3.10894
2.56626
3.49128
2.75039
3.83793
3.22657
2.63997
3.31394
2.98908
3.20003
3.03775
3.11557
3.19004
3.25502
3.84471
3.50867
3.26546
3.15274
2.80029
2.97141
3.00513
3.18996
2.68157
3.24951
2.87886
3.20928
3.04783
3.00105
2.93167
2.92574
2.91797
3.00348
3.22553
3.03954
2.74419
2.81454
2.93582
2.72817
2.72375
2.70605
2.77267
2.96514
3.05066
2.92475
3.4613
3.66636
3.21962
2.46164
3.11275
3.21649
3.43794
3.23295
2.87252
2.78863
3.46437
2.50685
2.44132
3.10138
3.40493
3.50764
2.86111
3.37772
3.50658
1.98991
2.4804
2.5294
2.34447
2.7047
2.67625
2.87395
2.97296
1.76261
2.91633
2.75854
2.77817
2.76249
3.11871
2.92266
2.68865
2.73251
3.01152
2.99796
2.58696
3.02003
2.98277
2.4045
2.91109
2.58395
3.4474
2.94243
2.81863
3.02074
3.07438
3.26806
3.71787
3.90473
3.95331
3.18007
2.7165
3.0135
3.33224
2.84938
3.13765
3.15889
2.63853
3.26825
3.15555
2.89987
3.10403
2.59429
2.51546
2.6265
2.82931
2.49209
2.44174
2.16706
2.95844
3.42501
3.14046
3.41642
2.50403
3.27403
3.31693
3.31848
3.58255
3.71979
3.43999
3.17753
3.34189
2.82731
3.15821
3.49865
3.31178
3.08421
3.20191
3.17613
3.20505
2.94607
3.32419
3.25437
3.20295
3.01735
3.08658
2.90943
2.92787
2.71284
2.80797
2.89068
2.82348
3.05445
3.16972
2.9074
2.98424
3.3427
3.4015
2.59027
3.60576
2.92177
3.05879
2.89767
3.13801
3.0457
3.07498
3.2608
3.17094
2.82547
3.02658
2.92026
3.82976
2.96427
3.52
3.49979
2.74559
3.50136
3.71202
3.10293
3.05471
3.32664
2.93621
2.72762
2.65513
2.39932
2.36445
2.98713
3.74472
3.12954
2.40064
2.98915
3.49786
3.28636
2.98388
2.84668
3.36956
3.42528
3.69837
3.10322
3.22897
3.4453
3.11954
3.13487
3.09018
2.81951
3.03956
2.79596
2.80063
3.1244
2.92897
2.8322
2.83198
3.05834
2.77743
3.03561
2.94188
3.25028
2.57483
2.91225
3.21347
2.76627
3.33547
2.91788
2.95023
2.97245
3.01329
3.00869
3.4842
3.52228
3.45921
2.95907
2.90519
3.37398
3.41951
3.26562
2.75537
2.70329
3.65858
2.61532
2.53295
2.75957
3.33311
3.77857
2.65743
3.40119
3.37988
