1.83772
2.69387
2.57956
2.28351
2.46995
2.62383
2.89464
2.93751
1.78436
2.74467
2.57832
2.93946
2.29892
2.02381
2.5426
2.76826
2.88559
3.00187
2.75534
2.82082
2.89905
2.86374
2.71931
3.15099
3.45794
3.2091
2.82311
3.19541
2.70529
3.06319
3.3689
3.72684
3.43838
3.75613
3.14314
2.29314
2.90367
3.29085
2.52469
3.27644
2.84386
2.52945
3.22601
3.08127
2.63398
2.63995
2.58901
2.57979
2.77568
2.91763
2.61231
2.76011
2.06366
3.11112
3.07847
3.16906
3.44621
1.88466
3.11304
3.15977
3.3319
3.40071
3.43781
2.78189
3.4248
3.11233
3.03135
3.05803
3.39832
3.22338
3.25516
3.327
2.86228
2.89976
3.00227
3.39522
3.14809
3.07587
2.88583
3.06096
2.60804
2.80246
2.70183
2.91605
2.75362
3.02244
3.04176
3.05462
2.86132
2.93047
3.57657
3.10388
2.73778
3.64426
2.64362
2.98957
2.88066
3.37654
3.49436
3.7473
3.6318
3.34186
2.86174
3.1351
3.24732
3.10979
3.23543
3.37301
3.88158
1.57469
3.63976
3.19203
3.52069
3.21137
2.98043
3.13733
2.94119
3.14146
2.00944
3.44016
2.5519
3.2271
3.51924
3.05288
3.69118
3.42271
2.70889
3.43611
3.7526
3.85245
3.82386
3.83789
3.37576
3.18076
3.07979
3.23056
3.60944
2.811
3.65516
3.01377
2.71359
2.86867
3.17311
2.67629
2.78048
2.70215
2.92153
3.15522
3.04231
2.90791
2.87551
2.36466
3.20469
3.13577
2.50031
2.88903
2.88207
2.85532
2.99714
2.92867
2.78577
3.06151
3.27261
3.6219
3.06728
3.00461
3.16117
3.26253
3.12603
2.7398
3.03274
3.73973
2.9883
2.88416
3.50099
3.28515
3.75038
2.77274
3.51028
2.79772
1.87362
3.02259
2.4977
2.24135
2.37489
2.55567
2.95282
3.02771
1.8362
2.89678
3.09259
3.05395
2.30819
2.12353
2.74922
2.62478
2.67403
3.08131
2.50497
2.75516
2.67651
2.8322
2.75129
3.06528
3.02414
3.48732
3.16162
3.21287
2.75867
2.97115
3.23326
3.60651
3.56778
3.73591
2.96967
2.47321
2.66763
3.15635
2.57932
3.33144
3.23638
2.58325
3.51513
2.96317
2.69045
2.50612
2.56933
2.71413
2.51221
2.8456
2.68553
2.55316
2.12692
3.01393
3.05288
3.07321
3.2982
1.70256
3.26185
3.30812
3.07891
3.30057
3.87271
3.43535
3.06034
3.12732
3.24706
2.97677
3.43726
3.46537
2.96686
2.87546
3.05479
2.99174
2.79278
3.14908
3.22944
3.1473
2.91554
2.97532
2.78522
2.82724
2.8638
3.03161
2.64388
2.98089
2.93139
3.23421
3.09801
2.92967
3.58813
3.40851
2.3619
3.48506
2.6803
3.0211
3.01144
2.93735
3.0516
2.91325
3.62295
3.37879
2.65883
3.10162
2.7614
4.01471
3.14426
3.37236
3.57253
2.47264
3.79068
4.10619
3.0992
3.10204
3.23847
2.71751
2.74859
2.65822
1.93639
2.66601
3.03979
3.34702
3.65529
2.9438
3.09858
3.34665
2.83196
2.91521
2.87323
3.13475
3.5648
3.62014
3.19401
3.04754
3.45533
3.36943
3.36945
2.82842
3.12694
3.1165
2.9104
2.66416
2.87716
2.86678
2.95224
2.586
2.97853
3.01595
3.00813
3.02867
2.84872
2.56772
2.82239
2.85083
2.75633
2.82866
2.90588
2.73454
2.6424
3.08453
2.82663
3.50641
3.58705
2.78778
2.81745
3.34619
3.52975
3.39365
3.39361
2.73429
2.87877
3.69264
3.06374
3.49853
3.27239
3.00027
3.41583
2.87565
3.46986
3.50698
