1.8692
2.57859
2.73877
2.25541
2.40416
2.6377
3.1631
2.97316
1.75222
2.97478
2.98974
2.94236
2.43516
2.72784
2.60514
2.74638
2.83129
3.00711
2.42885
2.85452
3.68195
3.13598
2.55915
2.78488
3.10057
3.90313
2.95918
3.07724
3.17201
3.20027
3.19436
3.35117
3.36742
3.86424
2.90651
2.54227
2.46007
2.89317
2.43654
3.01515
3.22283
2.28907
3.3255
3.17343
2.79555
3.01543
2.4707
2.3422
2.7853
2.8277
2.65571
2.31945
2.1966
3.52512
3.02127
3.38185
3.4765
1.90892
3.15567
3.1948
3.17618
3.69868
3.69849
3.20327
3.73148
2.95066
3.35153
3.06955
3.46954
3.61921
3.33606
3.21733
2.96799
3.22251
3.2955
3.58296
3.10263
3.13099
2.71222
2.94846
2.62458
2.82218
2.95624
3.06841
2.8205
3.11005
3.53888
3.53215
2.69812
3.08145
3.59632
2.92496
2.93988
3.82951
2.81054
2.7536
3.11928
3.5436
3.08928
3.05003
3.60539
3.17611
2.57044
2.70988
2.98096
3.87259
3.51733
3.15269
3.76543
3.46365
3.36339
4.36731
3.2347
2.99558
3.15448
2.82626
2.49673
3.31997
2.13691
2.92341
2.53184
3.60445
4.03965
3.13586
3.48848
3.34829
2.95612
3.27691
2.99998
3.1756
3.93177
3.61287
3.45632
3.42506
3.1029
2.95716
3.21047
2.90753
2.87278
2.82984
2.48011
2.92619
3.11893
2.94819
2.54134
2.69446
3.20957
3.15453
3.24742
2.95425
2.96164
2.70155
3.32729
3.10671
2.99626
3.20718
2.86114
2.89836
3.0275
3.16409
2.45478
3.32751
3.36586
3.53583
3.30758
3.76611
3.24813
3.36908
2.88338
2.76579
3.0024
3.6708
2.90904
2.80599
3.48137
3.33718
3.45
2.98568
3.12991
3.37812
1.8415
2.69769
3.01785
2.11812
2.29589
2.69714
3.43692
3.04265
1.73193
2.94304
2.65449
3.5243
2.23088
2.81172
2.53191
2.75303
2.72356
3.24865
2.55818
2.57165
2.97109
3.43301
2.71942
2.98347
3.11332
3.56695
3.01878
3.27714
2.43293
3.10606
3.12771
3.38213
3.32715
3.89873
2.96346
2.58617
2.62531
2.87013
2.27647
3.25278
3.11899
2.5486
4.05029
3.21398
2.72338
2.55225
2.50944
2.06801
2.79211
2.62818
2.6
2.38037
2.15572
3.35017
3.35354
3.28156
3.15528
2.601
3.64736
3.45967
3.69825
3.30428
3.89276
3.15477
2.89086
2.92888
3.47664
3.12104
3.65512
3.68498
3.3855
2.98269
3.02301
3.21117
2.96076
3.16781
3.70016
3.12948
2.88494
3.14998
2.82408
3.21573
2.93798
3.11836
3.27013
2.95836
3.12667
3.33503
2.9731
3.1316
3.51841
3.16649
2.97329
3.75262
2.77901
2.95638
3.36926
3.10333
2.74908
3.07159
3.63804
2.99988
2.40186
2.58729
3.07142
4.45843
3.68709
3.11401
3.24135
3.26055
3.53318
4.20292
3.5522
2.95877
3.15108
2.91975
2.86894
3.26558
2.00344
2.82801
2.47402
3.67691
3.70953
3.06179
3.41367
3.18604
3.07004
3.00875
2.94637
3.01177
3.76954
3.08083
3.31428
3.25137
3.54055
3.03056
2.97421
2.84624
2.78076
3.01779
2.5203
2.94654
3.08977
2.89109
2.67757
2.60764
3.44399
3.11965
3.06563
2.93754
3.09351
2.67318
2.75908
2.88898
2.60868
2.6015
2.87605
2.65067
2.56313
2.84702
2.74099
3.74802
3.07697
3.87907
3.16449
3.58309
3.39768
3.21181
2.92346
2.80456
2.81267
3.73406
2.91693
3.02327
3.29386
3.18676
3.18395
2.85398
2.94523
3.95358
