2.16701
2.76214
2.61323
2.46075
2.4747
2.67148
3.08728
2.95408
1.76544
3.05906
3.07788
3.3098
2.72546
2.39932
2.83343
2.68834
2.47929
3.11649
2.72376
2.20623
3.04417
2.71034
2.58943
3.32977
3.26124
3.8414
3.16939
2.89577
2.53587
3.33923
3.35322
3.67026
3.58961
3.6014
3.28028
2.36969
2.54887
3.41197
2.33217
3.25687
3.33378
2.47862
3.67937
3.4279
2.93786
2.62792
3.19203
2.41036
2.95204
2.79723
2.56844
2.43813
2.14495
3.07513
3.2797
3.54398
3.51021
2.0037
3.99523
3.42551
3.472
3.65238
3.63126
3.97558
3.48246
3.08161
3.29425
3.17292
3.39876
3.61604
3.35457
3.94511
3.10278
2.9754
3.49887
3.49568
3.14474
3.06407
3.24792
3.18896
2.93349
2.94999
3.04583
2.87684
2.84967
3.03919
3.65132
3.67342
2.94726
3.24957
3.32818
3.09672
3.01623
3.48279
2.73034
3.15424
3.3256
3.02639
3.28905
3.27186
3.27419
3.30876
2.47281
3.27077
3.2103
3.99957
3.38706
3.08013
3.47716
3.06009
4.07812
4.45503
3.46638
2.88998
3.0819
2.91964
2.85461
2.98681
2.52342
3.34589
3.3092
3.59429
3.74162
3.01902
2.98333
3.45727
2.93649
3.12871
3.412
3.57958
3.53959
3.34432
3.21837
3.41491
3.13887
2.97148
3.04986
3.12146
3.18965
2.77533
2.64876
2.946
3.41804
2.86699
2.91576
2.69899
3.18379
3.29497
3.07476
3.23278
3.44905
2.70126
2.85802
2.84627
2.73903
3.02039
3.02105
2.62623
2.37326
3.17066
2.99492
3.64735
3.26325
3.02025
3.62851
2.73244
3.40605
3.42789
3.22204
3.04218
3.1841
3.54951
2.92846
2.93206
2.88717
3.08403
3.60328
2.79929
3.62687
3.65437
2.02565
2.56262
2.65997
2.30523
2.51261
2.60112
2.92174
3.03656
1.82605
3.0177
2.64865
3.11906
2.43765
2.80905
2.76896
2.81094
2.56395
2.90358
2.76841
2.61601
2.73004
2.54425
2.45573
3.28956
2.98359
3.66125
2.94724
3.16207
3.15134
3.16434
3.47784
3.43597
4.06036
4.00955
3.1977
2.35871
2.9591
3.09854
2.20252
3.18839
3.5351
2.52226
3.41368
3.52064
2.97975
2.58684
3.16128
2.52246
2.72637
2.75706
2.56531
2.47405
2.26401
3.12798
3.41808
3.27713
3.83666
2.57396
3.19728
3.46287
3.41462
3.40855
3.58219
3.28706
3.31958
3.01876
3.20251
3.26532
3.72054
3.48984
3.46264
3.62974
3.31535
3.51816
3.20445
3.5647
3.36079
3.2308
3.07789
3.18189
2.76929
2.8891
2.94032
3.02031
2.90206
2.85633
3.23253
3.31744
3.08274
2.98504
3.45668
2.93182
2.55745
3.21975
2.93831
3.00673
3.17362
3.0609
3.15342
3.0839
3.61281
3.33308
2.87457
3.12086
3.18559
3.5979
3.32484
3.31594
4.0469
2.96939
3.92068
4.04738
3.9261
3.06854
3.39737
2.91137
2.86907
2.85124
2.28525
3.36109
3.02194
3.16778
3.51631
2.8909
3.07549
3.45589
3.43794
3.31494
2.99837
3.26558
3.54818
3.77223
3.3272
3.32389
3.12505
2.8552
3.22016
2.50305
2.67359
3.09999
3.48474
2.9252
3.14199
2.88901
2.7374
2.93727
2.85299
3.02997
3.40104
3.51318
3.41073
2.5086
2.74538
3.05604
2.62551
2.25147
2.58912
2.99448
3.15115
2.64104
2.86699
3.39617
3.19385
3.66226
3.14716
3.1336
3.1502
3.8051
3.36114
3.30523
3.10789
3.52372
3.33889
3.30139
3.13044
3.51321
3.88749
2.74997
3.72675
4.11849
