1.70874
2.84545
2.1563
2.17606
2.34771
2.49255
2.40537
2.77473
1.48153
2.87065
3.01973
2.95968
2.08622
2.18859
3.11672
2.11483
2.51837
3.08041
2.44411
3.47244
3.29172
3.54407
2.83503
2.93334
3.01674
3.65693
3.07046
2.82789
3.48779
3.12269
3.68977
3.6553
3.1844
4.09431
3.06816
2.34316
2.45108
3.04533
2.47426
3.23621
3.02573
2.42311
3.86295
3.35726
3.38082
2.63941
2.50915
2.49579
2.85032
2.47119
1.91937
2.44243
1.8105
3.02444
3.01648
3.06683
3.72576
2.37176
3.93546
3.5926
3.53713
3.81658
3.87363
2.84863
3.55145
2.59928
3.21347
3.13169
3.62647
3.73099
2.92626
3.38492
3.05936
3.06869
3.3541
3.15601
3.25018
2.82358
2.69626
3.00536
2.68689
2.87233
2.90238
2.96821
2.94071
2.99857
3.29665
3.38373
2.88392
3.83714
3.88247
3.09767
2.46999
3.72073
2.83759
2.86357
3.45463
2.8766
3.36837
2.9892
2.88285
3.23444
2.17893
2.70581
2.86053
4.20283
2.90656
3.3098
4.38106
4.07405
3.73202
4.5705
3.57683
3.11105
3.6175
3.04044
2.50121
3.34169
2.13056
2.78191
2.33596
3.51577
3.76583
2.87259
3.12544
3.30444
2.76198
2.858
3.30926
3.31907
3.95721
3.9252
3.52951
3.10507
3.13512
3.96611
3.32926
3.19127
3.13821
2.93302
2.81198
2.67619
3.40876
2.69707
3.10051
2.8452
3.24715
2.77968
3.00617
3.11054
3.31644
2.2648
2.73511
3.07907
2.83855
2.86187
2.50227
2.91444
3.30374
2.47159
3.24032
2.71799
3.51139
3.54746
3.28991
3.84301
3.14481
3.57364
3.01798
2.79422
3.10835
4.07567
2.77317
2.33767
2.87316
2.9893
3.34721
2.93655
3.518
4.01347
1.86905
2.98511
2.14069
2.20398
2.35949
2.71032
2.56398
2.82788
1.62263
3.05732
2.41899
3.18039
2.11721
2.40828
3.06441
2.64883
2.44476
3.5479
2.6516
3.32854
2.8266
3.25752
2.84693
2.93155
2.76945
3.90243
3.30962
2.78538
2.99898
3.16284
3.38921
3.56297
3.5011
3.7408
3.67525
2.51837
2.77901
2.74479
2.41441
3.0711
3.01639
2.60861
3.62893
3.08914
3.36145
2.71519
2.58871
2.64254
2.75675
2.90231
2.46363
2.49422
1.92959
3.16399
2.77013
3.44542
3.46243
2.66196
3.40424
3.44945
3.34215
3.3994
3.88906
2.78743
3.42341
2.64727
3.16327
3.0949
3.74823
3.5968
3.12334
3.89209
3.1118
2.84811
3.09371
3.0737
3.41501
2.99925
2.91799
3.08126
2.85252
2.81092
3.03241
3.12479
2.89085
2.97781
3.02414
3.50707
2.7584
3.70182
3.48608
3.14153
2.3961
3.07443
2.30808
3.12898
3.03494
2.84549
3.37249
3.40134
3.3794
3.23348
2.18881
2.7945
2.82939
4.01129
3.07248
3.27355
3.66906
4.47237
3.16712
4.38673
3.37005
3.11846
3.23139
2.80371
2.71192
3.09417
2.32991
2.46937
2.70122
3.54402
3.73185
2.91806
2.75192
3.14014
2.78287
2.82
2.74635
2.83618
3.58973
3.93388
3.59074
3.44858
2.97976
3.61274
3.16782
3.25547
2.55914
2.99765
3.12255
2.65229
3.09848
2.88926
2.79223
2.87499
3.06036
2.93591
2.93179
2.81339
3.59669
2.3378
2.01817
2.93285
2.66483
2.77789
2.48236
2.72597
2.69947
2.00546
3.30659
3.53662
3.10483
3.30451
2.62836
3.53495
3.19889
3.47713
3.24231
3.41563
3.27266
3.77133
2.67242
2.61185
2.74196
2.80263
3.57714
2.8604
3.66064
3.9248
