2.08238
2.71699
2.70541
2.41242
2.58094
2.85826
2.65697
3.03551
1.86957
2.97811
3.1335
3.53027
2.37666
2.62413
3.13869
2.64098
2.70023
3.20672
2.37723
2.96907
2.93498
3.0535
2.98534
2.78435
3.33295
3.29498
3.01515
3.2606
2.71007
3.23964
3.54887
3.82444
3.37466
3.30201
2.95165
2.80963
2.79156
3.03857
2.67163
3.11385
3.25374
2.7605
3.61902
3.35726
2.79633
2.6952
2.66532
2.41164
2.58973
2.80004
2.78662
2.7802
2.15925
2.93431
3.36883
3.27654
3.43526
1.90607
3.48575
3.20778
3.5489
3.5759
3.59359
3.11893
3.11921
3.29631
3.11584
2.89031
3.58081
3.5804
3.15965
3.46677
3.22039
2.95611
3.25264
3.17746
3.38426
2.9951
3.03857
3.21678
2.77087
2.91146
3.04539
2.92379
3.08202
2.95941
3.25693
3.35774
3.13365
3.012
3.48496
3.33844
2.75385
3.11544
2.59134
2.81913
3.26721
3.39994
2.92118
3.59922
3.62463
3.35873
2.84434
2.98665
3.26968
3.34666
3.42166
3.22001
3.91424
2.1516
3.39582
3.85329
3.44898
3.2193
3.49731
3.05397
2.92066
3.43771
2.30943
3.00817
2.77576
3.72661
3.62559
3.1792
3.63784
3.17669
2.57142
3.38167
3.33211
3.88141
3.67515
3.6606
3.35007
3.29877
3.28998
3.02409
3.1789
2.90354
3.10435
3.39407
3.08074
2.94747
3.56317
2.62007
3.10448
3.10829
3.12589
3.00899
3.11722
3.07645
2.92167
2.80539
2.85632
3.37393
2.55881
2.80203
2.81752
2.99579
2.8868
2.85773
2.87116
2.97823
3.55243
3.38468
2.97443
2.91616
3.45194
3.31761
3.26835
2.98396
2.83866
3.65853
2.69773
3.0738
3.55533
3.17572
3.11633
2.88095
3.16069
3.18846
1.91136
2.78104
2.66447
2.3134
2.52117
2.86867
2.76314
3.03635
1.84618
2.87291
2.71799
2.97584
2.43316
2.85564
3.02105
2.71083
2.74095
3.24135
2.67446
2.52166
2.83809
3.03358
3.1084
2.97604
3.2185
3.38234
3.28695
3.37443
2.88854
3.17012
3.3835
3.45797
3.15018
4.02234
3.37848
2.65148
2.83834
3.13432
2.89961
3.56481
3.21273
2.93104
3.66892
3.4428
2.87626
3.0577
2.84176
2.37094
2.81968
2.61593
2.71691
2.76878
2.27032
3.16225
2.85241
3.70788
3.43565
2.28599
3.50057
3.47134
3.47407
3.58395
3.70948
3.1183
3.0866
3.63321
3.25177
3.10605
3.38781
3.43001
3.07145
3.71786
3.19036
2.85664
3.19709
3.84097
3.25267
3.03582
3.22524
3.29646
2.68348
3.12118
3.00017
3.01078
3.03522
2.9427
3.11095
3.47487
2.81666
3.16854
3.29383
3.16524
2.5633
3.53316
2.47697
3.15147
3.13279
3.2122
3.28637
3.38048
3.25321
3.25712
3.37442
2.90626
2.9761
3.54966
3.33584
3.27943
3.70334
3.44052
3.47934
4.17983
3.66686
3.11383
3.61467
3.00786
2.76953
3.3931
2.20973
2.99533
2.97781
3.75513
4.01978
2.9737
3.26624
3.27023
3.06181
3.26582
3.17622
3.09826
3.60991
3.4202
3.33504
3.25887
3.40149
3.29255
3.6484
3.1492
3.28571
3.20987
2.91502
2.85539
3.26328
2.80066
2.89606
2.8443
3.35853
2.83793
2.96408
3.1861
3.03673
2.63569
2.57267
3.22944
3.21347
2.68982
2.76662
3.02101
2.6131
2.92921
3.14027
3.5883
3.64057
3.36978
2.79001
3.57715
3.59692
3.46218
3.44826
2.99363
3.08228
3.58216
3.20236
2.9495
3.00295
3.21282
3.20499
3.55263
3.34666
3.52891
