1.97382
2.83861
2.02593
2.18129
2.44167
2.45431
2.69415
2.78553
1.65062
2.89019
2.82608
2.95687
2.24524
2.65528
2.456
2.20442
2.519
3.03784
2.66338
2.51382
2.97903
2.53158
2.87046
2.50705
3.28828
3.25364
2.59566
3.00771
2.89736
3.34081
3.11169
3.79631
3.68535
3.59112
2.78095
2.39292
2.63926
3.09805
2.40177
3.01423
2.84414
2.51178
3.10446
3.29991
2.55809
2.46093
2.53169
2.47172
2.47682
2.29462
2.37726
2.46238
2.01889
3.00313
3.10897
3.08425
3.15648
2.50732
3.32798
3.187
3.69017
3.34228
3.58484
2.82925
3.59638
2.73253
2.88462
3.19443
3.28522
3.39589
3.1623
2.75663
2.82309
3.17106
2.93994
2.96751
2.84352
3.03689
2.9382
3.20102
2.46446
2.76995
2.76913
2.76284
2.90204
2.78983
2.8421
2.91899
2.86911
3.08009
3.36834
3.21052
2.75018
3.3431
2.68267
3.14093
3.13548
3.36459
3.31207
3.43877
3.53203
2.79812
2.35489
2.81777
2.95063
4.19984
3.2727
3.08969
3.59099
3.44464
3.36069
4.27975
3.25559
2.86175
2.81202
2.8767
2.6246
3.31763
2.48436
2.94995
2.90735
3.35068
3.6799
2.76385
3.12697
3.11777
2.69488
3.078
3.06012
3.36239
3.60413
3.79675
3.06032
3.63235
3.28003
3.32822
2.87445
3.07522
2.93647
3.05718
2.96276
2.7855
2.97247
2.73635
2.79997
2.82337
3.05259
3.12331
2.90744
2.84101
3.02665
2.19326
2.21595
2.92504
2.28244
2.55661
2.92251
2.95641
2.33085
2.26695
2.63935
2.89342
3.17139
4.15317
3.0968
2.86768
3.65894
3.01796
2.9779
2.71914
2.9465
3.67804
2.58642
2.88208
3.31483
3.09506
2.64095
2.7639
3.14784
3.49357
1.90524
2.85922
2.32191
2.20383
2.50727
2.69023
3.02727
2.68492
1.75038
2.9788
3.04395
2.69247
1.96385
2.5565
2.89383
2.60816
2.74862
2.86635
2.59947
2.40168
2.88181
2.94457
2.77133
2.8525
2.87663
3.37919
2.64025
3.04861
2.56199
2.84894
3.21505
3.32607
3.42779
3.67126
2.87384
2.13573
2.65709
2.79848
2.22299
2.9576
3.06407
2.50502
2.98201
3.26062
2.56781
2.47701
2.88521
2.55353
2.42291
2.51372
2.38542
2.60965
2.10696
3.04186
2.9917
3.11826
3.41284
2.57618
3.49755
3.0079
3.32294
3.43796
3.60397
2.86581
2.93931
2.77176
3.08449
3.00063
3.14821
3.20162
2.99203
2.75445
3.27648
2.94205
3.07014
2.95787
3.00879
3.04736
3.10345
3.1861
3.0303
3.00568
2.88907
3.01249
2.82264
2.86766
2.98442
3.36264
2.64546
2.81591
3.10992
3.2051
2.56555
3.16607
2.59137
3.02448
3.30785
3.23284
3.05624
3.10249
3.0001
2.86179
2.58227
3.09233
2.89839
3.95541
3.29262
3.55823
3.92652
3.43013
3.66975
4.10436
3.80469
3.13476
3.13726
2.99253
2.93549
3.67109
2.99453
3.18906
2.94301
3.57304
3.64606
2.62805
3.08014
3.53913
3.1647
3.26762
2.80793
3.16297
3.49107
3.34554
3.32104
3.42655
3.09882
3.21845
3.17138
3.21098
3.17062
3.0912
2.57295
2.74888
2.95287
2.97223
2.57533
2.82823
3.05439
3.11227
2.92993
3.01057
2.78275
2.41772
2.58941
2.8868
2.57502
2.76652
2.66611
2.81218
2.61879
2.93331
2.71025
2.97118
3.4008
3.50839
2.49493
2.7409
4.00514
3.22288
3.36413
2.65929
2.85082
3.81378
2.61947
2.8894
2.98063
3.16098
2.69493
2.99985
3.38729
3.2278
