1.90843
2.9023
2.32003
2.2024
2.40709
2.6292
2.90262
2.89417
1.85183
2.82607
2.93004
3.32496
2.60674
2.72324
2.91803
2.97179
2.85562
3.16832
2.65533
3.02308
3.4736
3.13123
2.79909
3.32914
2.98176
3.21892
3.26803
3.20617
3.18939
3.36492
3.82221
3.86896
3.53541
3.44923
2.97105
2.72677
2.76471
3.19479
2.82948
3.10673
3.35345
2.76742
3.11182
3.38636
3.11546
2.926
2.70235
2.81607
2.78691
3.04872
2.92783
2.75696
2.11199
3.27137
3.34801
3.04146
3.28058
1.89905
3.24394
3.49462
4.12507
3.98952
3.68436
3.08183
2.88225
3.25461
3.33095
2.8815
3.68149
3.77974
3.28125
3.59144
3.35672
3.2107
3.29203
3.4225
3.2271
3.09867
3.10152
3.07041
3.11442
3.21495
3.14708
3.48559
3.13454
3.12409
3.40578
2.88693
2.88274
2.92162
3.92538
3.17746
2.57079
3.50026
3.26428
3.12181
3.1877
3.40967
3.31891
3.09055
3.26426
3.73552
3.06289
3.04222
2.81784
4.41921
3.27026
3.34546
4.25167
2.40383
3.70424
3.97954
3.73747
3.392
3.36494
3.28411
2.82376
3.01513
1.9129
2.83814
2.63994
3.69686
3.0798
3.38505
3.33906
3.10978
2.86418
3.12079
3.16213
3.31238
3.88658
3.97834
3.34198
3.16218
2.97208
3.10181
2.79669
3.28115
3.02154
3.12294
3.04582
2.8399
2.96181
3.29427
3.01873
2.71307
2.92254
3.55002
3.32485
3.33739
3.15573
2.47148
2.98638
2.84774
2.6836
2.9334
3.11214
2.71455
3.30764
2.62785
2.91216
3.4826
3.24589
3.54037
3.40569
2.6543
3.76216
3.62992
3.25977
2.79685
3.13403
3.54669
3.34171
3.36613
3.37571
3.88267
3.6785
2.79758
3.28295
3.54114
1.84202
2.93598
2.3145
2.22032
2.41882
2.63969
2.97071
2.91817
2.082
2.87715
2.91461
2.98835
2.55479
2.52692
2.93569
2.47644
2.64201
3.38842
2.5904
2.89278
2.98353
2.64897
3.0075
2.92889
3.23255
3.89223
2.84033
2.75464
2.61373
3.28262
2.98024
4.05843
3.3628
3.91203
3.09067
2.78072
2.65308
2.82167
2.62208
3.05523
2.9136
2.62933
3.85221
3.20328
2.64599
2.80889
2.73097
2.43054
2.73904
3.15274
3.03879
2.55888
2.01852
3.20583
3.22182
3.22098
3.48458
2.3639
3.7338
3.59434
3.7842
3.72226
3.99386
3.50832
2.72022
3.3954
3.23496
2.93738
4.05525
3.69937
3.25597
3.68466
3.05944
2.91648
3.34704
3.07815
3.13452
3.10771
3.25074
3.36627
3.00084
3.16291
3.3157
3.27124
3.06616
3.11763
3.36022
3.35623
2.63172
2.8727
3.27229
3.5038
2.46774
3.2586
2.70399
3.10372
3.15332
3.55017
2.9761
3.2143
3.39116
3.38902
2.71154
3.04515
3.15629
3.75606
3.50559
3.31959
3.55332
2.90798
3.77851
4.01084
3.32972
2.93165
3.2185
3.32422
2.82438
2.77933
2.28598
2.95779
2.40932
3.76321
3.27478
2.58475
3.30857
3.12823
2.99349
3.22746
2.82742
2.88979
3.60027
3.1947
3.38515
3.1388
3.36391
3.07262
3.16551
2.99907
2.67694
3.69363
2.91894
2.68795
3.01972
2.85152
2.8102
2.63665
3.25
3.11036
3.05127
3.11349
3.15524
2.6503
2.88136
2.94647
2.68011
2.95746
2.85494
2.59386
3.09686
2.63349
2.81827
3.52365
3.76677
3.47676
2.44987
3.36378
3.29293
3.13851
3.16274
2.9292
3.22273
3.41774
2.84989
2.60415
2.96215
3.12181
3.4485
3.07171
3.06512
4.05386
