1.86438
2.75752
2.39287
2.1628
2.38614
2.72102
3.12912
3.04144
1.72154
3.07989
2.88917
3.17375
2.41609
2.33579
2.75241
2.61354
2.9101
3.30419
2.74078
2.74737
3.29775
2.96097
2.71478
3.10456
3.26179
3.54126
3.17413
3.20753
2.86196
3.08001
3.1275
3.77888
3.42094
3.79793
2.88363
2.52238
2.85068
3.01822
2.36709
3.2309
3.18029
2.48025
3.3475
3.40163
3.25681
3.01026
2.81097
2.55509
2.66381
2.52301
2.47677
2.58547
2.15712
3.17895
3.04433
3.04993
3.59381
1.99789
2.98729
3.30082
3.32143
3.46876
3.79648
3.1797
3.346
3.1878
3.33213
3.1867
3.28416
3.46297
2.93241
3.04122
2.96017
2.80192
3.30053
3.52209
3.21064
2.85221
3.00109
2.99284
2.70687
2.76157
3.04715
3.07812
3.17554
2.89203
2.94067
3.22562
2.89952
3.27172
3.57444
3.01779
2.50054
3.51064
2.69118
3.23308
3.30665
3.34862
3.01045
3.22191
3.66158
3.78407
2.71823
2.75085
2.80536
4.37864
3.2632
3.26648
3.63009
3.05223
3.62043
4.41686
3.08798
3.04939
3.22748
2.60114
2.87652
3.42307
2.17615
3.36777
2.27213
3.75921
3.55827
2.89161
3.61324
3.70793
2.99636
3.51388
3.12264
3.6116
3.62097
3.77715
3.64671
3.39002
3.18466
3.36323
3.02008
2.92079
3.21147
2.85004
3.02378
2.49647
3.42888
3.03304
2.74962
2.96987
3.30078
3.01093
2.9921
3.12669
3.10817
2.72456
3.48529
3.11771
3.04002
3.19966
3.11025
2.89711
2.6864
3.31896
2.60316
2.93432
3.26664
3.07989
3.07297
3.01049
3.49942
3.77424
3.39883
2.69717
2.93481
3.65934
2.5826
2.73443
3.42832
3.17489
3.44365
2.80562
3.54236
3.22344
1.78192
2.70929
2.42839
2.28655
2.53064
2.71107
3.14214
3.08275
1.8269
3.13115
2.64167
3.03676
2.15206
2.41379
2.9039
2.64964
2.69919
3.30768
2.6571
2.46485
3.14898
3.48549
2.61135
2.60145
3.2871
3.84269
3.18235
2.85273
3.51703
3.24532
3.1593
3.55031
3.27936
3.73386
3.33567
2.43797
2.75908
3.2221
2.59966
3.24098
3.30185
2.66407
3.7753
3.49177
2.88969
3.13789
2.99049
2.78226
3.02241
2.71236
2.55605
2.54806
2.15406
3.0499
3.33777
3.19867
3.36026
2.2856
2.94129
3.3457
3.0497
3.63396
3.74988
2.68771
2.82577
2.98441
3.13202
3.03544
3.32591
3.63505
2.85248
2.92607
2.96776
2.77799
2.96989
3.36023
3.06548
2.70708
2.5983
2.81544
2.61078
2.78143
2.77504
2.99807
2.96735
2.97366
2.77445
3.19093
3.05255
3.04042
3.47098
3.10674
2.56648
3.70503
3.02835
3.05481
3.2585
2.85273
2.90872
3.27798
2.98591
3.86309
2.71589
2.7789
2.99174
3.70354
3.1547
3.39707
3.65558
3.65056
3.5739
4.42098
3.20206
3.1585
3.53777
2.72978
2.77038
3.08557
2.2696
3.13736
2.34733
3.64105
3.64724
2.78542
3.45893
3.3821
2.98571
3.2859
3.09674
3.46414
3.71137
3.5355
3.53876
3.20932
3.52918
2.89285
3.4891
3.13427
2.94585
3.09339
2.86999
2.70785
3.28133
2.82403
2.86843
2.85905
2.95245
2.88004
3.11569
2.93331
3.4153
2.79211
3.16522
2.94417
2.88428
3.09696
3.22923
2.79795
3.03195
3.18238
2.92881
3.19698
3.39078
3.20938
2.84338
3.28758
3.54629
3.71069
3.4435
2.66212
2.92631
4.33503
2.72269
2.51225
3.17491
3.08299
3.82324
3.05053
3.5779
3.34462
