1.39689
3.03393
2.61578
1.713
1.92972
2.33061
3.33812
2.48449
1.42166
2.76659
3.33485
3.2825
2.00829
2.1434
2.6371
2.59006
2.97192
3.32076
2.74167
2.68823
3.01648
3.22818
3.03037
2.93332
3.45709
3.0125
2.57176
3.12712
2.71499
2.81926
3.16572
3.92852
3.11129
3.64844
3.21598
1.86343
2.73139
2.96783
1.59525
2.89232
3.06006
2.22388
2.98979
3.12732
2.74629
2.41264
2.91641
2.75036
2.67632
2.62757
2.20866
2.55045
1.73318
2.98408
2.89186
3.39846
3.81886
2.05019
3.61869
3.19234
3.33384
3.59265
3.81464
2.98937
3.07379
3.08838
2.90485
3.08188
3.26734
3.35223
3.08503
2.96998
2.96943
2.80031
2.9297
3.29468
3.06474
2.95635
3.20065
2.97483
3.08206
2.99165
2.81364
2.9522
3.05639
2.87998
3.17699
2.97379
2.85791
3.10521
3.28523
3.34369
2.68323
2.99074
2.63959
2.89919
3.11458
2.88581
2.99307
3.05457
3.01147
2.77369
3.02984
2.81304
2.82314
4.07422
2.87602
3.37193
4.10292
2.58725
3.13735
3.9256
3.22972
3.18706
3.22437
2.91682
3.03569
2.93426
1.80448
2.83791
2.56953
3.16637
2.85108
2.96788
3.32836
3.29503
2.96518
2.9987
3.08477
3.28339
3.33526
3.55276
3.46465
3.31758
3.50094
2.78411
3.23637
2.94445
3.03391
2.78292
3.14628
2.83284
3.32068
2.82139
2.98845
3.02874
2.64298
3.08342
2.96301
3.38263
3.16577
2.64991
2.93996
3.09138
3.05243
2.89115
2.73127
2.61432
3.28772
3.25646
2.56598
3.28372
3.2877
3.81634
3.47595
2.90625
3.55007
3.39073
3.0594
2.84911
2.79732
3.68551
2.81217
2.5615
3.34381
2.71359
3.59818
2.64239
3.27486
3.22642
1.5303
2.40662
2.35229
1.84772
1.98065
2.24413
3.03274
2.16273
1.39682
2.68926
2.97694
3.06125
2.14134
1.91763
2.60857
2.51295
2.51454
3.16218
2.52933
2.23511
2.69512
2.45432
2.63185
2.25968
2.62861
2.90719
2.78801
2.74155
2.6519
2.77879
2.93985
3.44701
3.37317
3.4679
2.38058
1.98005
2.57517
2.80716
2.16313
2.62756
2.97995
2.2263
3.04955
2.57795
2.44929
2.59006
2.49498
2.64666
2.4499
2.45489
1.93281
2.28971
1.59916
2.53627
2.13046
2.90687
3.52984
2.20681
3.14827
3.0074
3.18962
3.57741
3.75907
3.22138
3.50847
2.62759
2.78598
2.88411
3.65036
3.51497
3.05741
3.15185
2.79512
2.93543
2.85166
2.84263
3.20164
2.73327
3.02955
2.67361
3.08882
2.85433
2.93096
3.20406
2.83221
3.05811
2.93535
3.0905
3.06258
3.6069
3.433
3.26649
2.94228
3.15842
2.89812
2.82948
2.70263
2.86002
2.94847
2.83574
2.72533
2.52326
2.37675
2.41477
2.96704
4.3344
2.4447
3.11894
3.72638
2.89933
3.55286
3.76667
3.34253
3.00853
2.99182
2.78829
2.55081
2.82589
1.78972
2.48261
1.81812
3.0891
2.80682
2.44114
2.9816
2.66507
2.65512
2.88622
2.65132
3.20127
3.14204
2.98746
3.43826
3.34951
3.19622
2.80875
2.92471
2.5332
2.46265
2.9006
2.54607
2.47491
3.09027
2.66167
2.87426
2.69284
2.50016
2.8253
2.8685
2.76086
3.08953
2.65279
2.30243
2.64137
2.45885
2.82628
2.29404
2.38738
2.4357
2.9387
2.42624
2.75463
3.13922
3.1043
2.94257
3.128
3.1506
3.35621
3.1559
3.15004
2.85448
3.04912
2.3131
2.10539
2.85553
2.77628
3.17926
2.61893
3.60802
3.15416
