1.9047
2.54267
2.61342
2.17548
2.14985
2.51989
2.74761
2.95087
1.8175
3.13185
2.82737
3.26233
2.10854
2.29404
2.87711
2.5416
2.5542
3.18309
2.32443
2.61324
2.731
2.43185
2.59271
3.00208
3.07813
3.47044
2.86059
2.77418
2.54934
2.99332
3.38271
3.28455
3.45995
3.37839
2.921
2.78362
2.76279
3.05133
2.38109
3.14194
3.04317
2.14675
3.34026
3.08495
2.55462
2.24963
2.55916
2.38871
2.32099
2.59167
2.68933
2.72098
1.96239
3.01311
2.99178
3.37967
3.47607
1.82425
3.63706
3.74707
3.14556
3.49532
3.93096
3.13681
2.50438
2.59652
3.10137
2.97059
3.72409
3.49497
2.95347
3.41826
3.06756
2.97684
3.15374
3.28735
3.35123
2.96044
2.5999
3.01212
2.82354
2.81454
2.93541
2.94846
3.0028
2.74246
3.08639
3.05026
2.69992
3.0648
3.59777
3.48146
2.82969
3.06615
3.05364
3.13512
3.13154
3.16506
3.37636
3.50265
3.76381
3.46731
2.84172
2.79645
3.09528
3.25241
3.57798
3.32591
3.34587
2.50737
3.48505
3.48034
3.59012
3.30466
3.08806
2.72441
2.80864
2.97629
2.35208
2.90861
2.91623
3.77472
3.87838
3.22697
3.27012
2.85855
2.58071
3.01395
2.97408
3.29561
3.59165
3.41715
3.19724
2.88675
3.01531
3.15639
2.99646
2.6504
3.14497
2.92879
3.00761
2.80042
2.89597
2.59483
2.928
2.61779
3.40072
3.40861
3.04158
2.96409
2.91356
2.57381
3.02833
2.62648
2.23971
3.13852
2.75574
2.44434
2.79387
2.89711
2.90321
3.24231
3.30877
3.42565
3.07783
3.04626
3.27838
3.31223
3.11395
2.74132
2.86859
3.58173
3.20786
3.34541
3.53063
3.15529
3.21031
2.69648
3.68868
3.24202
2.0303
2.51122
2.40967
2.27463
2.30528
2.44813
2.8024
2.82391
1.98811
3.06536
2.56611
3.36084
2.20811
2.73764
2.57411
2.55465
2.48344
3.1235
2.42303
2.57574
2.78666
2.46515
2.69308
2.95336
3.27088
3.48672
2.75206
3.12507
2.92706
3.20894
3.2954
3.70473
3.17414
3.84362
2.82268
2.66743
2.36082
2.8225
2.3225
3.01413
3.12246
2.37892
3.37942
3.2234
2.33577
2.59388
2.59524
2.58061
2.37191
2.64868
2.69993
2.50178
2.16128
3.2083
3.33821
3.4018
3.41815
2.45767
3.33763
3.26647
3.05424
3.77026
3.84853
2.9396
2.97293
3.50385
2.99668
3.26114
3.62574
3.27003
3.27232
3.05929
3.06322
3.21341
3.11823
3.01459
3.64316
3.34594
2.93229
2.78909
2.85976
2.98794
3.46888
2.96509
2.96178
2.92425
2.89595
3.26479
2.99361
3.14259
3.50073
3.33859
3.04814
3.1993
2.65756
2.97289
3.60646
2.74423
3.06393
3.29999
3.34461
3.27916
2.68873
3.00124
3.42368
3.29243
3.32659
3.29939
3.49888
2.91165
3.31387
3.39528
3.18742
2.8801
3.3574
2.90883
2.80896
3.22581
2.05718
3.04361
3.13771
3.83127
3.96864
2.90021
3.42325
3.68994
3.32147
3.28228
3.2777
3.02574
3.52086
3.18365
3.35963
2.97098
3.01875
3.01419
3.1872
2.67014
3.11621
2.87261
2.70316
2.93188
3.03956
2.73259
2.82618
2.6147
2.97407
3.1357
3.05135
2.93484
3.14013
2.62648
2.76017
3.17599
3.58673
2.61202
2.92598
2.34035
2.79032
2.7659
2.62303
3.5563
3.17565
3.27088
2.49924
3.53205
3.36163
2.87491
3.18469
3.01177
3.3222
3.27851
3.25112
3.17764
3.50676
2.79685
2.90517
2.85239
3.28966
3.79383
