2.07029
2.55743
2.51817
2.6032
2.62864
2.84779
2.88608
2.8176
1.82149
2.65812
2.5124
2.7382
2.63933
2.64839
2.9883
3.0674
3.08236
3.22276
3.31423
2.70671
2.92865
3.0391
2.81082
3.0481
3.24073
3.86072
3.06034
2.76278
2.9218
2.97987
3.68269
3.69409
3.21922
3.93247
3.47259
2.98709
2.86262
3.03021
3.05008
2.9966
3.20415
2.57214
3.24897
3.02936
3.0568
2.81336
2.84164
2.52596
2.85473
2.62841
2.5933
2.44115
2.21387
2.90001
2.84898
3.23793
3.40299
2.34497
3.42501
3.22952
3.5014
3.34849
3.61514
3.0312
2.80785
2.79304
3.04985
2.97545
3.46903
3.60464
3.09416
3.52669
2.80333
3.09179
3.12673
3.14919
3.1689
2.9271
2.64715
3.0128
2.72777
2.91443
2.77165
2.94685
2.85097
2.85061
3.07096
3.29619
2.86498
3.43499
3.64153
3.0474
2.70483
3.44329
2.77688
2.95649
2.92617
3.28525
3.35197
3.51193
3.48609
3.48318
2.80823
2.92173
2.9204
3.21144
3.51574
3.4873
3.65419
2.85464
3.35402
4.06911
3.08796
3.21408
3.3161
3.34693
2.65584
3.49536
2.82241
3.18691
2.85358
3.48496
4.25056
2.85688
3.60393
3.62917
3.03945
3.08477
3.34275
3.55974
3.78629
3.69079
3.32279
3.57436
3.18818
2.97186
3.4269
2.63242
3.1206
3.18613
2.74974
2.8834
3.04843
2.68829
2.6996
2.7664
3.25558
3.17387
3.08964
3.02236
3.04279
2.97398
3.21678
3.1165
2.84237
3.03899
2.408
3.08753
2.98552
3.20479
2.67622
2.97376
3.77503
3.65224
3.02785
2.90061
3.08367
3.28596
3.17177
2.73577
2.85558
3.77362
2.65924
3.06201
3.10843
3.04128
3.29107
2.67499
3.02497
3.42762
1.99413
2.48898
2.37809
2.58353
2.55218
2.74454
2.66572
2.94556
1.97645
3.09922
3.02494
2.68627
2.79328
2.74473
2.93497
2.56934
2.80807
3.15711
2.88441
2.1537
3.03691
3.29905
2.87811
3.22893
3.07088
3.51119
3.05487
3.19538
3.18122
3.39306
3.49301
3.51238
3.36506
4.015
3.09591
2.41971
2.84957
3.04165
2.59857
3.23733
2.96815
2.69673
3.37535
3.0656
2.76927
3.07836
2.64692
2.30455
2.80079
2.95861
2.79903
2.7532
2.27017
3.0399
3.22547
3.0747
3.08016
2.77174
3.49486
3.37562
2.94014
3.73597
3.6989
2.92816
2.60202
3.09232
3.13587
3.08049
3.46632
4.01449
3.11015
3.02815
2.98448
3.40268
3.04982
2.98698
3.18214
2.87827
3.15061
2.75877
2.7369
2.99222
3.03518
2.88374
2.82912
3.11292
3.35211
3.33308
2.92709
3.18835
3.52356
3.83057
2.44325
3.63293
2.8621
2.72669
2.88725
3.04802
3.39911
3.27429
3.2194
3.11181
3.04054
3.01483
3.29682
3.97428
3.27662
3.39921
3.95569
3.70043
3.53588
4.31898
3.4186
3.21487
3.96473
3.44099
2.82578
3.12395
2.29168
2.94477
2.97357
3.51802
4.23116
2.95105
3.34121
3.65729
3.39794
3.2764
3.2521
3.39831
3.64495
3.59285
3.66274
3.31695
3.08614
3.35077
3.46185
2.92416
3.30736
2.93508
3.02413
2.82528
3.3929
2.70778
2.99588
3.07563
3.51331
2.9516
3.16399
2.96338
3.15331
2.5922
3.18486
2.8761
3.07362
2.67413
2.54717
2.63147
2.81089
3.10692
2.88747
3.41661
3.35739
2.69282
2.4877
2.82634
2.92297
3.29408
2.85509
2.91538
2.85976
3.71685
3.32479
3.10692
3.50752
3.15399
3.67989
3.13269
3.15134
3.70643
