1.93741
2.604
2.20585
2.16232
2.24325
2.53455
2.67071
2.69712
1.69011
3.05937
2.79944
2.96462
2.26082
2.44778
2.63747
2.63354
2.62057
3.29647
2.54686
2.38496
3.15297
2.84699
2.63712
2.58523
2.73741
3.61558
2.76426
2.72821
2.67927
2.8562
3.33518
3.47623
3.22055
3.35852
2.86929
2.38196
2.58457
2.93779
2.37938
2.8556
2.98435
2.17572
3.25591
3.18153
2.49575
2.56124
2.5237
2.23571
2.26895
2.48948
2.55599
2.35818
2.07577
2.87642
3.04216
3.11741
3.6542
2.8118
3.57134
3.13957
2.9927
3.07878
3.66779
2.76538
2.71021
2.93291
3.06753
3.17655
3.18158
3.41547
3.02859
3.29473
3.11311
3.14808
2.96889
3.18233
3.30074
3.10978
3.56645
3.26698
2.74146
2.82834
2.89359
2.91444
3.12195
2.68389
3.01058
3.042
2.87206
3.07407
3.72511
3.28606
2.73448
3.34492
2.88987
2.95688
3.48402
3.13518
3.31092
3.15424
2.71879
2.91861
2.30668
2.76342
2.85886
3.80068
3.05949
3.14457
3.40761
2.53216
3.16068
3.16335
3.01772
2.86746
3.47394
2.67128
2.59325
3.18774
2.2492
3.39376
2.48867
3.49465
3.69926
2.6795
3.18466
3.15119
2.86525
2.81251
2.9382
3.35397
3.6594
3.39589
2.99505
3.16958
3.07591
3.14618
3.02324
2.73931
2.8128
2.90146
2.87912
2.66674
3.08575
2.5388
2.65593
2.64777
2.99618
2.98621
2.91168
2.87411
2.65549
2.46736
3.4454
2.8932
2.5295
2.52648
2.86851
2.78647
2.84606
3.00098
2.66681
2.27779
3.28397
3.32373
2.66645
2.60479
3.05032
3.14133
2.84297
2.72645
2.83697
3.36226
2.86532
2.48235
3.17249
3.05382
3.43769
2.52476
3.41063
3.3087
1.88787
2.5598
2.23197
2.11999
2.33908
2.47333
2.90453
2.8251
1.71612
2.81149
2.72282
3.37311
2.24109
3.22164
2.77346
2.68209
2.40732
2.99495
2.47358
2.48976
2.87091
2.47032
2.76741
2.72647
2.87392
3.45593
2.69159
2.9585
2.50234
2.55002
3.20244
3.465
3.26845
2.90864
2.69409
1.87269
2.64067
2.91085
2.4275
3.2203
3.50848
2.39708
3.26715
3.02824
2.4458
2.62928
2.50098
2.60076
2.52798
2.531
2.29565
2.23211
2.10479
2.94517
2.87011
3.29467
3.21822
2.79838
3.24809
3.47945
3.47463
3.09789
3.78106
2.5327
2.82758
3.17487
2.96267
3.30791
3.42351
3.50244
2.96034
2.9715
2.95993
3.24881
2.98317
3.42386
3.18142
3.24389
2.84866
2.89199
2.69964
2.82135
3.03695
2.87495
2.98399
3.00628
3.13691
3.39325
2.88627
3.06682
3.30646
3.11865
2.61221
3.40903
2.84999
2.74934
3.05091
3.03391
3.00149
3.19393
2.97992
3.08811
2.40804
2.85505
2.78266
3.43365
3.10399
3.28707
3.61069
2.65976
3.74072
3.71194
2.74112
2.85027
3.04182
2.64332
2.58462
3.25031
2.15205
2.84466
2.75474
3.11717
3.76986
2.78002
3.44616
3.06107
3.0835
3.51036
2.95166
3.05674
3.40369
3.23912
3.22303
3.02698
3.1005
2.80762
2.57875
3.03412
2.83856
2.95189
2.66835
2.6033
2.98457
2.57543
2.64383
2.67783
2.94697
2.91554
2.91673
2.87892
2.88778
2.57389
2.27094
2.8339
2.81655
2.69081
2.54934
2.76498
2.51191
3.03021
2.68514
2.56682
3.31032
3.20288
3.35127
2.90823
3.20785
3.07858
3.34552
2.50846
2.93647
3.83018
2.73662
2.5684
3.08989
3.1665
3.09483
2.78722
3.32284
3.58212
