1.7718
2.63074
2.66602
2.08501
2.31341
2.59782
2.88179
2.70302
1.66298
2.83573
3.07335
2.92976
2.34957
2.4265
2.6876
2.56778
2.58581
3.25051
2.54172
2.61508
2.94236
3.13569
2.67362
3.21103
2.79676
3.38981
2.83692
3.02885
2.87525
3.33003
3.30499
3.52674
3.37254
3.67084
3.36354
2.50981
2.79582
3.13991
2.56768
3.36968
3.09132
2.54423
3.49699
3.28626
3.07035
2.59067
2.54996
2.45954
2.68452
2.29051
2.49657
2.33238
1.89429
3.00647
3.05966
3.42239
3.44969
1.67316
3.49965
2.99949
3.19088
3.3464
3.63083
2.99905
2.60574
2.76241
2.90547
2.92058
3.37382
3.21847
2.94564
3.12282
2.99461
3.27701
3.01824
2.96844
3.07265
3.02274
2.91807
3.20286
2.89768
2.99185
2.69018
2.77105
2.91069
2.84686
2.86002
3.44672
2.98775
3.13664
3.54085
2.9729
2.58299
3.53157
2.57381
3.16588
3.04874
2.85679
3.21232
3.28749
3.25638
2.8686
2.49647
2.60314
2.69775
3.79341
3.77387
3.26536
4.01844
3.39868
3.29848
4.56603
3.19456
2.80208
3.01201
2.59677
2.79094
3.13387
2.34402
3.30684
2.32315
3.55067
3.67216
2.7717
3.46502
3.31441
2.64027
3.24042
3.39374
3.5096
3.63013
3.76738
3.26927
3.23649
3.47851
3.01161
3.16058
2.9707
3.35214
3.0229
2.85725
2.58989
3.03056
2.90346
2.57403
2.92722
3.12508
2.97172
3.0184
3.09992
2.88203
2.47421
3.06935
2.76314
2.7037
2.78632
2.80069
2.64273
2.65855
2.79128
2.86301
3.43202
3.52736
3.92276
3.28656
3.31819
3.47208
3.13877
3.08322
2.82254
2.83369
4.23177
2.93283
2.90919
3.25984
3.49957
2.98627
2.891
3.15949
3.25315
1.66241
3.01313
2.57828
1.94945
2.32586
2.49238
3.23903
2.86391
1.59584
2.89346
2.88337
2.97941
2.54338
2.514
2.54302
2.34145
2.78725
2.93923
2.66163
2.39565
3.05847
2.85246
2.69795
2.934
2.6897
3.3605
3.20466
3.03893
2.86781
2.96692
3.44599
3.80043
3.43325
3.4583
2.98346
2.35505
2.75773
3.16401
2.42893
3.27312
3.19988
2.44063
3.3927
3.24027
2.80012
3.18712
2.42321
2.87957
2.2469
2.35392
2.46191
2.49181
1.94918
3.08721
3.08835
3.13921
3.42468
2.16396
3.43887
3.16518
3.47712
3.55904
3.49677
3.1139
2.77576
3.2456
3.11414
3.23719
3.29604
3.10388
3.1594
3.25672
2.84644
2.94627
2.94586
2.91744
2.95724
2.95967
3.01174
3.39114
2.7443
2.84126
3.0118
2.93053
2.83258
2.85607
3.02141
3.34628
2.79435
3.88664
3.42352
3.3556
2.51983
3.35243
2.86369
3.10296
2.96688
3.09063
3.25826
2.91456
3.15294
3.11949
2.57182
2.68974
3.38261
4.15297
3.29427
3.21405
3.6519
4.07183
3.49265
4.37165
3.21847
2.79985
2.98339
2.71644
2.60408
3.25022
2.32257
3.13304
2.42602
3.48282
3.6228
2.71668
3.23069
3.47596
3.09021
3.1589
2.80336
3.34584
3.68756
3.60889
3.24345
3.40978
3.52173
3.47131
3.41391
2.66684
2.86691
3.04239
2.65714
2.79774
3.20605
2.71919
2.63189
2.84247
2.81528
2.9049
2.85428
2.9362
2.96595
2.89039
2.90677
2.54606
2.9232
2.9316
3.05159
2.4604
2.86942
2.46926
2.80883
2.96555
3.24885
3.69387
2.73287
3.20149
3.59299
3.46647
3.07647
2.94671
2.8936
4.1677
3.26668
2.76786
2.94295
3.18775
3.36835
2.90631
3.13585
3.46675
