1.76576
2.6724
2.33643
1.8934
2.12038
2.59772
2.60969
3.03902
1.6432
2.99281
2.77473
3.46846
2.06254
2.59321
2.82146
2.53345
2.41861
3.40726
2.65569
2.41524
3.03525
3.05466
2.68813
2.90387
3.11733
3.99083
2.84398
3.27083
2.70833
3.19584
3.02189
3.90083
3.3047
3.61023
3.06948
2.8097
2.68465
3.26673
2.78361
3.2518
3.35231
3.0332
3.62126
3.42561
2.64455
2.58461
2.63149
2.36728
2.96459
2.6417
2.50862
2.51656
1.95192
3.3253
3.14322
3.29244
3.33112
2.15639
3.53638
3.08998
3.27168
3.41502
3.79079
3.31281
2.51335
3.26833
3.25447
3.05841
3.38395
3.63101
2.8862
2.96991
3.00346
2.80419
3.09254
3.21478
3.35523
2.9873
2.91894
3.37204
2.74461
2.73176
2.95585
3.03424
2.69207
2.85199
2.89055
3.09752
3.25941
3.11261
3.34759
3.21601
2.50991
3.66682
2.76874
2.98002
3.41357
3.57165
2.94013
3.07899
3.09427
3.33131
2.20623
2.90041
3.432
4.29609
3.67717
3.09667
3.32416
2.74241
3.40205
4.3654
3.6562
2.87296
3.09689
2.87977
2.56009
3.55099
2.22616
3.33926
2.09112
3.42516
3.93293
3.07205
3.48113
3.28953
2.61363
3.23128
3.04509
3.19808
3.58804
3.81833
3.25895
3.24936
3.15945
2.95252
3.22749
3.26746
3.15976
2.83434
2.57229
2.56901
3.23261
2.70607
2.64446
3.12417
3.55134
3.15496
2.90207
2.88487
2.98002
2.29494
3.04877
2.93918
2.40167
2.85257
2.71813
2.36222
2.66366
2.76334
2.76966
3.1981
3.39065
3.72857
2.55676
3.41676
3.57994
3.49453
2.76577
2.80532
2.92251
3.58414
2.89706
2.93833
3.46149
3.05627
3.69463
2.97446
3.15935
3.3532
1.77762
2.35928
2.41011
1.96959
2.25341
2.56077
2.86628
3.16588
1.7625
3.00557
3.06131
3.22436
2.40077
2.8182
2.91183
2.66076
2.64848
3.33933
2.8367
2.32719
3.04115
2.8792
2.36298
2.89169
3.3061
3.71546
2.91211
3.55818
2.91194
3.17349
3.35175
3.59468
3.0541
3.8699
2.89435
2.60384
2.615
2.97405
2.55149
3.19916
3.01629
2.63631
4.05133
3.24721
2.66659
2.93605
2.89582
2.37597
2.94431
2.8057
2.57128
2.60391
2.17639
3.16231
3.24674
3.45093
3.49266
2.5275
3.18393
3.13292
3.34292
3.35189
4.11943
2.97101
2.66056
2.9191
3.3227
2.98734
3.49507
3.74962
2.86991
3.08273
3.06084
3.06774
3.15796
3.23758
3.02636
3.03541
2.97728
2.76983
2.81263
2.71885
2.81943
3.05016
3.08973
2.93608
2.87191
3.06264
2.73578
2.574
3.01568
2.90866
2.41056
3.32054
2.81018
3.14605
3.40178
3.43266
3.11194
3.38169
3.26477
3.0366
2.43752
2.86849
3.19494
4.10304
3.5333
3.34265
3.7671
3.79894
3.33705
3.89812
3.18916
2.93342
3.30961
2.88702
2.83148
3.44071
2.40755
3.5425
2.17287
3.52646
3.38218
2.88325
3.20944
3.55999
3.03176
3.03502
3.04367
3.03019
3.36557
3.75213
3.29261
3.18851
3.23987
3.28606
3.48491
2.98469
2.95794
3.0948
2.61107
2.41197
2.96901
2.8412
2.49098
2.73794
3.04755
3.16371
3.05184
3.20481
3.19333
2.0575
2.66713
3.29211
2.85591
2.55562
2.8027
2.5037
2.06796
2.4912
2.81413
3.09276
3.04691
3.00106
2.68594
3.03659
3.34715
2.86361
3.0539
2.62192
2.84063
3.51003
2.91127
2.71184
3.32313
2.91621
3.33084
3.23066
3.63088
3.20984
