1.72152
2.46094
2.08554
2.06275
2.27112
2.74115
3.09678
2.98702
1.53794
3.09668
3.29515
3.45965
2.25394
3.12433
2.8621
2.49288
2.61739
3.21081
2.53561
2.39955
2.73801
3.41585
2.99362
2.89422
3.37764
3.29758
3.14826
2.86377
3.01286
2.96051
3.566
3.92397
3.58527
4.12869
3.38924
2.36494
2.56746
2.95759
2.5495
3.29726
3.26264
2.37911
3.67818
3.70538
2.85948
2.32152
2.80713
2.23988
2.45231
2.75896
2.26017
2.40392
1.85031
3.26936
3.27456
3.62841
3.54496
2.90736
2.76805
3.37683
3.51418
3.54138
4.14664
3.15277
2.92831
3.30886
3.26912
3.31756
3.48753
3.76116
3.12716
3.85459
3.04296
3.36439
3.47527
3.37566
3.38251
2.97471
3.06354
3.00843
3.03374
2.99029
3.32165
3.35422
3.19446
3.19593
3.31964
3.62775
2.95328
3.91836
3.5405
3.58464
2.94498
3.43038
2.61223
3.03399
3.39397
3.45276
3.31677
3.60214
3.73697
3.12489
2.07679
2.53535
3.27211
4.18568
3.41325
3.29576
3.70157
3.46277
3.68672
4.66866
3.52507
3.0787
3.16086
3.03054
2.79598
3.1631
2.40194
2.79254
2.48735
4.04104
4.22329
2.87115
3.39187
3.57239
3.11227
2.8509
3.24986
3.4467
3.75523
3.82313
3.33713
3.20334
3.02686
3.18762
3.55712
3.08742
3.16069
3.02228
2.85692
2.44235
3.58025
2.8322
2.93428
2.82186
2.94221
3.39986
3.05072
3.02226
3.00948
2.39802
2.47018
3.64887
2.46037
2.52206
2.83943
3.07711
2.96667
2.57882
3.11178
3.32704
3.36537
4.03224
3.2992
3.32061
3.5699
3.38092
3.11692
2.87812
3.2384
3.77927
2.58124
2.58096
3.12615
3.06098
3.46371
2.67498
3.52487
3.35469
1.84397
2.70348
2.17171
2.21842
2.4973
2.74742
2.77333
2.96984
1.6456
2.53264
2.7786
3.1706
2.34313
3.16101
2.81205
2.53014
2.7204
3.32902
2.64667
2.34695
2.78696
3.36387
2.68998
2.80875
2.93344
4.04554
3.02482
2.99977
3.04246
2.89032
3.2218
3.2977
3.38545
3.75528
3.01009
2.73303
2.72086
2.90686
2.51872
3.50233
3.10902
2.30983
3.46721
3.41757
2.74643
2.67693
2.51615
2.53999
2.46228
2.2987
2.47853
2.44809
2.03531
3.03168
3.08501
3.46822
3.0705
2.90679
2.68475
3.8713
3.64185
3.58781
4.02589
3.01194
2.79343
3.1829
3.61092
3.35152
3.43342
3.59265
3.39752
3.77117
3.19406
3.40292
3.3982
3.51066
3.74748
3.07748
3.1676
3.20937
2.93967
3.03288
3.15539
3.22212
3.32848
3.2577
3.15615
3.43485
2.84786
3.50275
3.61663
3.41259
2.9
3.60399
2.83708
2.91302
3.29071
3.46535
3.20795
3.74774
3.2458
3.3715
2.66077
2.93515
3.03417
4.64239
3.61966
3.41358
3.7265
3.47367
3.83967
4.23197
3.17312
2.88264
3.36236
2.81732
2.54649
3.30794
2.43465
2.83745
3.04524
3.62867
3.56071
2.92467
3.29565
3.63939
3.08009
3.04727
3.15895
3.21628
3.63229
3.74543
3.09494
3.37353
3.41749
3.30683
3.152
3.07932
2.86248
3.13801
2.85547
2.4715
3.27887
2.4841
2.72515
3.01294
3.33205
3.13494
3.18276
3.1791
3.03184
2.53477
2.64803
3.28898
2.47889
2.64821
2.82865
3.03593
2.57058
2.19419
2.80906
3.39707
3.18564
3.92
2.94166
3.70938
3.59668
3.46947
3.22813
2.89062
3.32176
3.69316
3.07774
2.36001
3.17928
2.91652
3.1479
2.8918
3.72792
3.37123
