1.98098
2.76661
2.33207
2.42955
2.50231
2.72331
2.83489
3.10623
1.91132
3.13872
3.2989
3.48336
2.37666
2.87266
2.84735
2.59806
2.70264
3.18046
2.42172
2.85645
3.00557
3.47385
2.26401
3.15568
3.49259
3.78531
3.04347
3.33548
3.2304
3.64818
3.85944
3.47031
3.51117
4.26661
3.15309
2.87855
2.87694
3.18683
2.72453
3.05344
3.0225
2.79949
3.87729
3.66528
2.99707
2.54289
3.13074
2.95107
2.7028
2.69481
2.79395
2.7968
2.06657
3.19687
3.37543
3.51966
3.43036
2.20121
3.81371
3.16617
3.78299
3.80474
4.05958
3.54837
3.45277
3.14657
3.54758
3.29019
3.63093
3.97903
3.28573
3.18305
3.23115
3.20432
3.30271
3.55244
3.14917
3.15256
3.09215
3.06286
2.95799
3.0052
3.17227
3.1339
3.15391
3.0304
3.10009
3.02546
3.02706
3.44439
3.82577
3.57948
3.11468
3.69053
2.93496
3.0988
3.49662
3.29849
3.1908
3.40081
3.85107
3.53419
3.45333
2.91572
3.1542
3.98963
2.94591
3.41177
3.58806
2.94927
3.53319
3.99684
3.3673
2.89262
3.15207
3.19632
2.93567
2.93482
2.26692
3.13921
2.95481
3.81003
4.06607
2.99798
3.47358
4.25586
3.23173
3.10325
3.06176
3.6142
3.65142
3.60771
3.44856
3.29895
3.39384
3.10559
3.56418
3.1151
3.39239
2.79544
2.69881
2.54999
3.23866
3.17383
2.95511
3.09648
2.74898
3.51103
3.15542
3.33047
3.2092
2.3412
3.07512
2.63198
3.38609
2.93674
2.75132
2.65479
2.96326
3.11887
2.982
3.28266
3.36486
4.0703
2.95162
3.65625
4.01484
3.55064
3.16431
2.81809
3.11433
3.65092
3.12217
2.61463
3.36661
3.38559
3.35899
2.82987
3.25716
4.01713
1.83692
2.71286
2.73597
2.44339
2.41779
2.60302
2.84152
3.19828
1.95224
3.1062
3.71932
3.57594
2.63515
3.01048
2.92868
2.5983
2.51308
3.26515
2.73624
2.65674
2.97074
2.95166
2.89308
3.17132
3.20318
3.8891
3.04158
2.75816
2.70013
3.10812
3.35674
3.27024
3.23932
3.85224
3.27308
2.972
2.65034
3.02323
2.72926
3.41921
3.33293
2.80637
3.5016
3.34082
2.65445
2.71214
2.92137
2.69914
2.92618
2.80329
2.72563
2.55775
2.15141
3.21402
3.36509
3.33487
3.43254
2.74411
3.67404
3.04195
3.42003
3.64658
3.94888
3.07628
3.29712
3.58518
3.42742
3.14818
3.52051
3.66149
3.34129
3.12909
3.13134
3.43666
3.01477
3.39519
3.38302
3.08681
3.37687
3.16834
3.22336
3.16074
2.94839
3.18446
2.882
2.96598
3.09503
3.57895
2.77289
2.8843
3.74323
3.59882
3.14545
3.65547
3.01048
3.07334
2.98008
3.20249
3.30794
3.37273
3.80895
3.6594
3.25226
3.21881
2.78752
4.16553
3.22112
3.49912
3.81456
3.66372
3.41631
4.06461
3.4822
3.169
3.44155
2.8974
2.93896
2.9818
2.309
3.15094
3.0339
3.94675
3.62485
3.39825
3.01119
3.20461
2.91242
2.67958
2.86507
2.95113
3.60707
3.70394
3.10219
3.03995
3.55353
3.06601
3.25327
3.05405
2.84327
2.56917
2.82877
2.59409
3.06062
3.12614
3.20919
3.08831
3.15968
3.11755
3.38132
2.94961
3.28923
2.6499
3.14599
2.98088
2.9415
2.46642
2.74256
2.67534
2.53811
2.74148
3.06774
3.88461
3.31368
3.43882
3.04062
3.70124
3.99406
3.04645
2.97119
2.92754
2.96207
3.31824
3.15062
3.16515
3.10206
3.0875
2.98103
2.91825
3.50184
3.39995
