2.23966
3.16701
2.58292
2.39491
2.73499
3.08987
3.577
3.07606
1.92704
3.13473
2.80869
3.35235
2.77737
2.38253
2.78844
2.78918
2.72089
3.39868
2.54261
3.21835
3.22063
3.73478
3.29264
3.52764
3.57345
3.85525
3.37689
3.14026
3.03835
3.40764
3.70657
3.68359
3.46296
3.78679
3.10472
2.70981
2.82818
3.46455
2.73675
3.18633
3.83833
2.49479
3.61677
3.48775
3.03093
2.90097
2.6595
2.50111
2.60816
2.63337
2.43235
2.63272
2.17723
3.31892
3.8811
3.31081
3.70758
2.33784
3.83815
3.87845
3.58707
3.81751
4.00729
3.11645
2.90916
3.34444
3.39365
3.12829
3.42799
3.7975
3.73321
3.68054
3.1878
3.08459
3.373
3.62497
3.60533
3.12821
2.81106
2.85215
2.97293
3.28123
3.22469
3.10383
2.96536
3.49342
3.43334
3.21736
2.99126
2.59463
3.758
3.3241
3.21246
3.52689
2.71504
3.05349
3.31834
3.06821
3.2915
3.3195
3.51375
3.48728
2.79301
3.35022
3.40269
3.92697
3.30014
3.50828
3.69221
2.42849
3.70827
3.8647
3.43388
3.24935
3.6851
2.9657
2.85363
3.10273
2.5752
2.95531
3.54266
3.68369
3.54342
3.39454
3.87971
3.29439
2.98139
3.09031
3.74132
4.05655
3.98042
3.7668
3.4269
3.27409
3.74498
3.26347
3.45292
3.08279
3.7513
3.34289
3.23738
2.81803
3.18106
2.92818
2.95423
3.14284
3.40365
3.13469
3.26167
3.37967
3.45614
2.76952
3.39113
3.15559
2.69534
2.94904
3.40943
2.89455
3.06313
3.16062
3.02032
3.56936
3.38505
2.99711
3.48115
3.07932
3.37519
3.65634
3.12036
3.41014
3.33445
3.82804
3.04201
3.5436
3.81211
3.29225
3.25696
2.86526
3.55444
3.56759
2.03034
2.87787
2.48981
2.27815
2.61427
2.81862
2.98068
3.18753
1.74487
2.97631
2.9111
3.35565
2.67601
2.61312
3.1662
2.52291
2.50381
3.12664
2.67372
3.2704
2.76599
3.20344
3.02683
3.03982
3.53231
3.4344
2.8863
3.2718
2.83485
3.35999
3.16274
3.70233
3.60508
3.67258
3.19916
2.4601
2.64203
3.10277
2.39803
3.51811
3.69338
2.3875
3.28857
3.48307
2.56825
3.10344
2.94539
2.41872
2.91886
2.80977
2.40937
2.57147
2.3752
3.14585
2.93799
3.68343
3.44453
2.61192
2.964
3.48631
3.38914
3.45814
3.658
3.25108
2.87699
3.13725
3.37039
3.22514
3.83689
3.75987
3.47506
3.34069
3.19294
3.10272
3.22245
3.51894
3.89538
3.17716
3.21682
3.19902
3.10167
3.54172
3.1758
3.17197
3.57151
3.08006
3.28424
3.24835
3.31124
3.42337
3.59246
3.64224
3.0854
3.70236
2.83597
3.03774
2.8115
3.31622
3.92657
3.55846
3.80317
3.39732
3.07034
3.12286
3.01181
3.90896
3.4188
3.38396
4.13955
2.74909
3.89723
4.4047
3.85286
3.04323
3.58288
3.06439
2.97121
2.91667
1.97593
2.73454
3.53054
3.55472
3.43808
3.07385
3.40158
3.34033
3.02776
3.21997
3.07861
3.55838
3.85897
3.88499
3.45648
3.35167
3.7874
2.99605
3.7919
3.42277
3.40894
3.39377
3.07969
2.77036
3.19476
2.79069
3.16921
2.96987
3.37685
3.24227
3.30855
3.40171
3.22587
2.75186
3.16438
2.78901
2.96463
2.71025
3.26453
3.22893
2.9324
3.46415
3.18019
3.72548
3.5174
3.48445
2.83677
2.9795
3.66019
3.64135
3.54861
3.09589
3.13065
3.95737
2.96216
2.76157
3.41215
3.19181
3.60807
3.03185
3.45067
3.81392
