1.82801
2.90955
2.47683
2.03808
2.31215
2.80624
3.1903
2.58941
2.74339
2.01293
2.73095
2.45079
2.42085
2.61895
2.67035
2.51735
2.58838
3.41885
2.59599
2.72706
2.3707
2.91432
3.17475
2.67037
3.44049
3.34292
3.10173
2.75313
3.08756
3.01914
3.32307
3.57384
3.18612
3.48772
2.86195
2.78352
3.19909
3.19977
2.29325
2.72174
2.91572
2.44273
3.39528
3.33821
2.93826
2.48659
2.63301
2.37243
2.65269
2.53795
3.16195
3.05977
2.73589
2.05654
2.2651
2.17813
3.38094
2.03162
3.60445
3.66997
3.83526
3.49721
3.24939
3.18193
3.56628
3.06508
2.77294
3.26711
3.42763
3.22901
3.14727
3.42089
2.98674
3.57213
3.49925
3.27701
3.16903
3.3307
3.16766
2.81795
2.76985
2.86557
2.87743
2.90859
3.03328
3.03904
2.97897
4.03768
3.16588
3.39092
3.93423
3.75545
3.30862
3.7216
2.57275
2.69576
2.81239
2.95859
3.11682
3.47975
3.45553
2.91477
2.76669
2.52624
3.10111
4.24877
3.12652
3.24416
3.91271
3.71579
3.52231
3.73014
3.55759
3.42401
3.24255
3.59736
2.85721
3.10153
2.37752
2.90452
2.74262
3.96199
3.96756
2.94715
3.17278
3.6858
2.76156
3.24459
3.09831
3.3774
3.75451
3.83596
3.20323
3.43062
3.33569
3.31502
3.1291
3.43036
2.93717
3.41695
2.96374
2.42107
2.99818
2.98482
3.12514
2.67069
2.8338
3.51583
2.91418
2.86777
2.81926
2.88306
3.05896
3.18075
2.59358
2.70876
2.86501
2.61731
2.90359
2.90225
2.66656
3.11394
3.71844
3.70693
4.12133
3.74877
3.3807
3.29371
2.78923
2.68656
2.86479
3.7911
2.53177
3.06054
3.1694
2.9441
3.25946
2.52201
3.21517
3.36687
1.93405
2.96639
2.36778
2.10481
2.45974
2.59426
2.7314
2.75451
2.13682
2.83266
2.69382
3.05987
2.30063
2.73311
2.91687
2.58993
2.31421
3.58533
2.58996
2.52269
2.98219
3.21384
2.71911
2.67756
2.75992
3.83878
2.68304
2.99594
3.19822
2.86449
3.14305
3.632
2.82263
3.7639
3.33424
2.77093
3.02949
3.22217
2.51149
3.22439
3.46509
2.34049
3.60192
3.06561
2.58802
3.08576
2.64669
2.42763
2.72697
3.1159
2.59097
2.45132
1.98677
2.58634
2.66577
3.14209
3.59896
2.12999
3.39719
3.13002
3.55797
3.87944
3.52081
3.2184
3.41109
3.05177
3.19706
3.15333
3.63112
3.61387
3.00396
3.29935
2.87942
3.4019
3.19845
3.26678
3.34712
2.94688
3.21519
2.99131
2.99119
2.54245
2.80584
3.04552
2.79568
3.36866
2.95489
3.34765
2.91051
3.0577
3.27797
3.3828
3.06754
4.27035
2.24713
2.75
3.3896
3.24786
3.1919
3.11525
3.12607
3.2839
2.54667
2.68676
3.08723
4.1603
3.41219
3.45783
4.09469
3.20033
3.65558
3.75799
3.30637
3.24157
3.40513
3.30601
2.68147
3.1801
2.29239
3.22795
2.59009
3.77767
3.68953
3.12632
3.68625
4.38736
3.30736
3.14993
3.12706
3.22454
4.1487
3.6806
3.51455
3.43442
3.1033
3.3702
2.97159
3.16579
2.94957
2.53856
2.54456
2.36995
3.01892
2.6845
2.90473
2.66137
3.19503
3.2481
3.14634
3.05378
3.03163
2.5329
2.80727
2.73017
3.69519
2.99288
2.58656
2.90048
2.7116
2.58762
3.29811
3.69443
3.55055
3.5703
3.87636
4.06578
3.33174
3.29285
3.18742
2.86601
2.86449
3.87412
2.74315
2.99815
3.2314
3.32093
3.25507
2.80243
3.3511
3.70095
