1.69793
2.71988
2.39219
2.01094
2.1238
2.38615
2.5905
2.73481
1.7417
2.76047
2.75296
3.02879
2.04269
2.52045
2.70561
2.5509
2.61945
2.90552
2.15977
2.3493
2.71449
2.80444
2.57136
2.93685
3.14373
4.17572
2.77941
2.56875
2.57667
2.94637
3.51156
3.98138
3.72556
3.30929
2.61677
2.21907
2.67984
3.01697
2.66068
3.20297
2.94708
2.62037
3.68715
3.27201
2.74407
2.57848
2.70374
2.38031
2.57978
2.59629
2.3103
2.45045
1.91356
2.87669
3.22733
3.28597
3.67117
2.28112
3.7025
3.40247
2.9328
3.36534
4.00074
3.13769
2.92402
2.5886
3.27096
3.00264
3.38463
3.61343
2.91228
2.96563
2.83801
3.28496
3.25827
3.05067
2.96301
2.94842
3.14512
3.05823
2.92678
2.80665
2.93544
2.98701
3.14559
2.92621
2.89272
3.45244
2.76163
2.96575
3.6451
3.51139
2.64092
3.09216
2.60754
2.93359
3.15001
3.11814
2.78449
2.93095
2.95355
2.66453
2.40044
2.6971
2.75209
3.39707
3.44212
3.4571
3.71044
3.08061
3.47401
3.69539
3.01319
2.85421
3.04201
2.9084
2.77897
3.71796
2.51842
3.5082
2.65006
3.51731
4.11784
3.111
3.10063
3.06495
2.91265
3.28021
2.98234
3.34055
3.65524
3.72396
2.84246
3.22985
3.13942
3.34104
2.80937
3.08482
2.67045
2.56902
2.74768
2.87658
3.01754
2.71511
2.97308
2.57253
3.03129
2.9402
2.86794
2.73903
2.99928
2.05337
2.6816
2.76347
2.55827
2.93368
2.83315
2.43969
2.3667
2.62918
2.71494
2.84631
3.31595
3.0758
2.68836
2.80996
3.47193
3.23862
2.92952
2.77435
2.90131
3.10688
3.08235
2.73228
3.24115
3.44062
3.39044
3.08815
3.31426
3.54129
1.88151
2.38854
2.45774
2.09738
2.16338
2.24185
2.7336
2.78644
1.73275
2.73661
2.52568
2.63135
2.23827
3.24592
2.99735
2.41581
2.54286
3.07414
2.08682
2.53322
2.76879
2.7621
2.55404
2.75545
2.90374
3.57796
2.70901
2.63566
2.35692
3.05061
3.33736
3.69472
3.38133
3.43029
2.66504
2.34039
2.72742
2.9766
2.30133
3.05842
3.18629
2.71915
3.09403
3.10969
2.64752
2.72625
2.42954
2.39162
2.43733
2.41733
2.42447
2.606
2.07941
3.05795
2.61886
3.43551
2.92932
2.70056
3.40967
3.45355
2.98404
3.40157
3.8919
3.00349
2.90966
3.11038
3.32404
2.92783
3.41988
3.59688
3.31506
3.30905
3.01366
3.08963
2.86836
3.28838
3.02302
2.99545
2.95578
3.06013
2.79749
2.69634
3.0008
3.03531
2.78469
3.04826
2.90941
2.9852
2.68661
2.96673
3.52219
3.17477
2.45343
2.96327
2.64681
2.83236
3.03874
2.60826
3.28505
3.10249
3.06024
3.50699
2.53948
2.86039
3.10723
3.74897
3.19411
3.29868
3.82598
3.15005
3.09266
3.406
3.93329
3.01467
3.36618
2.8981
2.72144
3.25642
2.57392
3.36221
2.7323
3.6728
3.69098
2.9618
3.40025
3.92511
3.24911
3.25675
2.75223
3.07131
3.3972
3.44435
3.21368
3.44652
2.84414
3.05165
3.07681
2.86446
2.447
2.3123
2.3136
2.6206
3.08135
2.4728
2.54161
2.64594
3.04194
3.09247
2.94835
2.8942
2.92344
2.50123
2.58573
2.55368
3.39546
2.76078
2.58406
2.59851
2.71624
2.88013
2.84544
3.08518
3.52712
2.70626
3.02819
2.89464
3.40838
3.58942
3.05796
2.90825
2.64905
3.61107
2.52247
2.59433
3.0437
3.0616
3.22502
3.25672
3.3629
3.52314
