1.75178
2.8046
2.70017
2.26492
2.52904
2.71863
2.98858
3.09654
1.60626
3.24601
3.03
3.13527
2.38061
2.52749
2.96595
2.57363
2.80053
3.25987
2.36466
2.65053
3.47446
3.08879
2.9909
3.096
3.55467
4.10686
2.93749
3.09697
3.01107
3.2058
3.22395
3.55706
3.28142
3.89034
3.11395
2.84785
2.68415
3.01907
2.836
3.34519
3.53587
2.8578
3.25707
3.2868
2.89562
2.81714
2.77376
2.52047
2.60312
2.5276
2.40056
2.5551
2.10163
3.20884
3.72266
3.8538
3.21996
2.20558
2.94455
3.10236
3.58187
3.55362
4.06417
3.88522
2.76539
3.01123
3.17808
3.65423
3.48486
3.67841
3.3993
3.51037
3.36839
3.30431
3.26408
3.06718
3.49095
3.28866
2.97633
3.24903
3.48559
2.9363
3.12924
3.05114
3.23785
3.17993
3.56043
3.21209
3.19822
3.54818
3.55133
3.53627
2.63191
3.54011
3.03031
3.23812
3.32177
3.92872
3.53003
3.04892
3.76444
2.76561
2.6291
2.89246
3.51325
3.66428
3.19507
3.36822
3.99477
3.39662
3.39447
4.36883
3.27688
3.193
3.28351
2.88076
2.61272
2.92884
2.4988
3.10141
2.42313
3.95559
3.60149
2.96613
3.58456
3.01607
2.69859
3.4996
3.48929
3.78423
3.76509
3.54934
3.43186
3.48657
3.34236
3.04791
3.78861
2.97022
3.4224
3.04765
2.8734
2.57673
3.21982
3.03823
2.90356
2.77233
3.14603
3.31226
3.10878
3.15769
3.43182
2.67369
2.80534
3.04862
2.39546
3.04309
3.23316
2.90465
3.07418
2.68416
2.82745
2.80597
3.76112
3.72063
3.32831
3.33247
3.52961
3.50896
2.76088
3.07314
3.03095
3.85961
2.85777
3.30338
3.57612
3.05939
3.029
2.89511
3.71014
3.61596
1.9634
2.70857
2.52014
2.37101
2.40948
2.62872
3.1184
2.9505
1.92021
2.87766
2.82106
3.18343
2.57243
2.78462
2.98244
2.85989
2.52259
2.99227
2.708
2.68128
3.18902
2.73974
3.1823
2.56464
3.42391
3.85547
3.28429
3.66532
3.15504
3.35727
3.27941
3.80962
3.56169
4.01181
3.13153
2.67573
2.69758
2.97258
2.76758
3.04674
3.4009
2.48237
3.58547
3.40913
2.78233
2.73872
2.64389
2.65379
2.39254
2.4898
2.5896
2.63176
2.04803
3.29095
3.45776
3.55449
3.56391
2.63706
3.74099
3.12503
3.82305
3.72588
4.11168
3.25119
3.25681
3.38254
3.29845
3.5295
3.92489
3.54802
3.35671
3.8283
3.35674
3.55373
3.11142
3.26819
3.38132
3.30873
3.29254
3.07036
3.03229
2.857
3.24902
2.99969
3.09844
3.15772
3.18462
3.17519
3.27859
3.32382
3.1371
3.19887
2.40205
3.07079
2.26783
3.32551
3.56491
3.36966
3.18461
3.40281
3.50459
3.54919
2.83215
2.67718
2.67197
3.8877
3.59009
3.46743
4.11556
3.59364
3.42023
3.76179
3.39926
3.03478
3.14481
2.80243
2.78651
3.10467
2.07698
2.64577
2.57309
3.69453
4.25957
3.22332
3.47772
3.03294
2.98624
3.24237
3.162
3.55875
4.09049
3.42136
3.12048
3.48768
3.55489
3.24273
3.35033
2.93836
3.32794
3.23359
3.08494
2.80216
3.10869
2.88576
2.65059
2.5582
3.40749
2.87468
3.18799
3.10824
3.37581
2.96365
2.67675
2.93994
2.87082
2.82237
2.9651
2.56801
2.67852
2.32935
3.08496
4.02373
3.49586
3.42644
2.92372
3.2987
3.62448
3.2399
3.09543
3.0081
3.24293
3.69712
3.06914
2.91587
3.5797
3.36554
3.79886
3.30501
3.5987
3.36374
