1.95276
2.6649
2.76806
2.45346
2.61816
2.8067
3.12918
3.05892
1.98029
3.05677
2.92075
2.93362
2.69501
2.34579
2.87005
2.76288
2.74688
3.44974
2.86766
2.62049
3.32125
3.39825
3.03871
3.00759
3.23549
4.11044
2.67036
3.16602
3.38775
3.26314
3.62421
3.75542
3.88362
3.76789
3.20134
2.40033
2.61881
3.16515
2.56168
3.26873
3.19018
2.67481
3.8026
3.70604
2.89835
3.14093
2.8994
2.58114
3.07211
2.70368
2.70169
2.64251
2.45451
3.35486
3.33455
3.07433
3.34354
1.72377
3.25818
3.28238
3.76226
3.55645
4.18762
3.1743
2.76156
3.0189
3.1778
3.18136
3.74767
3.91068
3.29608
3.4636
2.87858
3.32402
3.25768
3.33605
3.53931
3.23027
2.80739
2.99184
2.94722
2.99133
3.32372
2.94368
3.12058
2.97808
3.01537
3.35421
3.44951
3.24841
3.63645
2.88656
3.0152
3.5001
2.64763
2.9975
3.25655
3.84772
3.5811
3.42518
3.74535
3.90744
2.6965
2.75903
3.03586
4.31123
3.44067
3.51401
4.00034
2.84914
3.8774
4.34401
3.49348
2.87979
3.37546
2.78379
2.77083
2.62889
1.96489
3.14034
3.12022
3.62341
4.41123
3.2102
3.62528
2.93679
2.69043
3.34308
3.15559
3.5794
3.83911
3.68599
3.56209
3.02063
2.98516
3.09347
3.12534
3.24933
3.05031
3.02057
2.6036
2.93222
3.08982
2.90508
2.98918
2.80898
3.05749
2.99168
2.96513
3.10826
3.19923
2.96437
3.24878
3.01507
2.36335
3.03132
2.89448
2.7781
2.80331
2.97602
3.00866
3.32128
3.21715
3.19212
3.19835
2.55303
3.75458
3.96298
3.21248
3.17625
2.97527
3.56404
2.92112
2.81876
3.57704
2.96037
3.20603
3.29739
3.34108
3.58374
1.91634
2.64702
2.85442
2.35683
2.63543
2.67873
2.80743
2.94858
2.01989
2.90566
3.00621
3.4766
2.6231
2.25594
3.10694
2.74612
2.78392
3.37324
2.61245
2.93979
2.66465
2.78317
2.66927
3.23278
3.14127
4.00697
3.18726
3.21103
2.98891
2.9888
3.66783
3.94664
3.92244
4.03003
3.32414
2.49321
3.16373
3.37711
3.06663
3.36467
3.43635
3.03271
3.47284
3.56145
3.0627
2.48402
2.99507
2.20535
2.86416
2.69942
2.68257
2.71718
2.18124
3.34283
3.28669
3.43223
3.67436
2.2617
3.2156
3.28369
3.699
3.45848
3.75839
3.08306
3.01336
3.06286
3.26488
3.27585
3.6785
3.63529
3.29867
3.32868
3.19287
3.03325
3.19432
3.44751
3.29957
3.49072
2.95694
3.03038
2.79981
2.77033
3.04176
3.09921
2.88199
3.01163
3.20359
3.44892
3.15998
3.04171
3.76108
3.46247
2.78132
3.37916
2.81564
3.11345
3.22413
3.6362
3.57648
3.52498
3.49286
3.38476
3.04972
3.19565
2.83446
3.8005
3.51022
3.41687
3.83675
3.2464
3.49375
4.18143
3.67905
2.76533
3.37164
2.92682
2.81767
2.98109
2.00869
3.23437
3.30749
3.46385
4.43537
3.20423
3.39447
3.07895
3.19968
3.14857
3.07065
3.37564
3.50602
3.48767
3.2185
2.85911
3.39426
3.32044
3.25805
3.15109
2.95728
2.66695
3.02641
2.9756
3.03867
2.6628
2.68074
2.82154
3.14209
2.75685
3.04431
2.9775
3.03654
3.23411
3.04874
2.77494
2.79798
2.7752
3.03331
3.06613
3.03757
3.09602
2.94014
3.23904
3.27787
3.5039
2.48328
3.23761
3.45194
3.24634
3.21168
3.18676
2.92482
3.48451
3.33372
2.93717
3.43917
3.1096
3.37319
3.27699
3.6611
3.71133
