1.89309
3.22535
2.31846
2.15317
2.37844
2.66571
2.60188
2.89338
1.65225
2.907
3.01464
2.86393
2.2256
3.17738
2.76392
2.56267
2.46067
3.2547
2.49931
2.82888
3.31559
3.16122
3.14134
2.76888
2.96644
3.23007
3.17444
2.75634
2.61328
3.06027
3.36426
4.19268
3.12886
3.66756
3.00604
2.50754
2.92784
3.16687
2.53189
3.25206
3.42222
2.47048
3.79316
3.29118
2.95378
2.84043
2.74029
2.36197
2.72359
2.8208
2.14046
2.63137
2.24179
3.06069
3.23931
3.36378
3.62583
2.73314
3.6589
3.4234
3.58504
3.68683
3.77014
3.10332
2.87803
3.05926
2.99624
3.28018
3.36642
3.2379
3.17499
2.94664
3.07411
3.19081
3.16245
3.13125
3.10461
3.06305
3.37741
3.17041
3.03799
2.93368
3.08979
3.10514
2.91579
2.92489
2.89547
3.43495
3.04424
3.28021
3.5026
3.06332
2.77373
3.41271
2.6771
3.24704
3.05244
3.48259
3.52785
2.85743
3.32241
3.17917
2.64541
3.06675
3.31541
3.81225
3.1764
3.30889
4.18683
3.10424
3.81079
4.36312
3.52786
3.34126
3.278
2.97188
3.04175
3.4018
2.46339
3.37655
3.13866
3.3112
3.13069
3.47891
3.51228
3.15779
2.85168
3.19748
3.51728
3.68825
3.57642
3.8163
3.47883
3.22185
3.0161
2.74108
3.53419
3.02751
3.07058
2.94057
2.89145
2.79934
3.04782
2.86548
2.69259
3.02954
3.23855
3.3103
3.00261
2.91626
3.09405
2.14616
2.96107
2.90202
2.51343
2.98765
3.20649
2.88236
2.75287
3.21793
2.65986
2.94714
3.29034
3.86585
2.74001
2.33697
3.50908
3.39074
3.41226
2.91098
3.37482
3.60931
2.90443
3.30019
3.65488
3.39277
3.72068
2.97111
3.60449
3.57119
1.83384
2.46677
2.45527
2.19505
2.38025
2.64386
3.16237
2.93725
1.75451
2.88457
2.66171
3.22204
2.32696
3.04449
2.87719
2.52199
2.51642
3.35316
2.54976
2.43381
2.47426
2.9601
2.85213
2.71633
3.16843
3.77284
2.96845
3.2929
2.75287
3.10288
3.17817
3.91609
3.71891
3.79825
3.19041
2.71051
2.79695
3.1471
2.2983
3.08203
3.60198
2.3508
3.41546
3.12219
2.77973
2.75356
2.52095
2.66091
2.83497
2.66364
2.59101
2.65231
2.04891
3.16244
3.26026
3.2875
3.42708
2.87898
3.42228
3.61598
3.29418
3.26741
3.80957
2.97808
3.41504
2.99355
3.03457
3.10874
3.56118
3.58155
3.12999
3.10219
3.11627
3.05695
2.99697
3.17473
3.12678
2.92337
3.15375
3.25744
3.07673
2.93828
3.06427
2.9105
2.81008
3.04916
2.8035
3.39652
2.91948
3.1584
3.31375
3.15314
2.87166
3.33342
2.70996
3.04829
2.92797
3.41276
2.81568
3.71056
3.04709
3.11453
2.68088
2.97583
3.00483
4.33658
2.89561
3.3041
4.19103
3.06008
3.57305
3.61488
3.72958
3.04142
3.37596
3.25194
2.98442
3.09679
2.65904
3.06927
3.03827
3.08472
3.10315
2.87108
2.96194
3.6797
2.99847
2.78264
2.93648
3.41782
3.65368
3.60036
3.21964
3.2157
2.83704
2.96826
3.24174
2.82965
2.9528
2.98454
2.59359
2.71344
3.13932
3.02661
2.68376
2.89446
3.4036
3.33611
3.04115
2.68186
3.10159
2.49917
3.40759
2.9956
2.49832
2.86345
2.94319
2.85057
2.97114
2.80266
2.95806
3.31029
3.39863
2.97305
3.19999
3.12101
3.1899
3.17742
3.31568
2.70856
2.965
3.30845
2.77892
2.51191
3.30698
2.88565
3.43089
2.80285
3.53994
3.51873
