2.18737
3.20034
2.72102
2.4289
2.54954
2.90266
3.33644
2.99019
1.70011
2.96415
3.42986
3.37315
2.89307
2.46013
2.742
2.78804
2.79476
3.37571
2.85397
3.00232
3.1393
3.69336
3.06427
3.11524
3.32988
3.69442
3.04147
3.27745
2.85045
3.49317
3.4747
3.48059
4.0856
3.57475
3.36493
2.31823
2.80936
2.86496
2.67756
3.1535
3.26635
2.69378
3.31997
3.60746
3.10554
2.88596
2.86053
3.12496
2.32801
2.8851
2.47665
2.70303
2.03364
3.39094
3.23977
3.60559
3.49637
2.11295
3.54064
3.34413
3.4309
3.73987
4.08559
3.15173
2.84126
3.04718
3.44448
3.09413
3.69039
3.92424
2.86872
3.59027
3.20851
3.35881
3.28512
3.77981
3.3848
3.18366
3.2178
2.97369
3.04084
3.27835
2.943
3.07753
3.02027
2.92801
2.87265
3.57227
3.21864
3.77781
3.89147
3.15115
2.82822
3.6594
3.29172
3.27296
3.3799
3.42599
3.03892
3.27189
3.48742
2.96255
2.85989
3.06091
2.95569
2.87068
3.72078
3.43949
3.1763
2.46767
3.71616
3.51208
3.5255
3.07234
3.37511
2.84843
2.74709
3.10749
2.23632
3.14167
3.00586
3.81636
4.08971
2.91524
3.41582
3.20891
2.98039
3.47117
3.06853
3.5611
3.91023
4.13321
3.59209
3.43677
3.48293
3.40869
3.70349
3.37864
3.28617
3.16083
3.37617
3.08897
3.37561
2.96675
3.19601
2.82221
3.34437
3.04102
3.33509
3.18329
3.09076
2.90003
2.73322
2.75612
2.60355
2.69829
3.21532
2.84882
2.91737
3.0512
3.22956
2.952
3.5314
3.13097
2.84471
2.77542
3.45533
3.46358
3.02627
2.9402
3.0805
4.05076
2.88721
2.87095
3.53669
3.15396
3.13365
2.90184
3.90112
3.31448
2.19519
2.99777
2.58691
2.45782
2.71594
2.94738
3.40558
2.95087
1.871
3.24225
3.33748
2.89488
2.66302
2.59684
3.01621
2.92607
2.91794
3.04254
2.58941
2.7667
2.92235
3.64378
3.02442
3.20148
2.79242
3.67184
2.98668
3.31183
2.86825
3.40597
3.37959
3.41082
3.56703
3.50553
3.26852
3.14041
2.82132
2.88121
2.91393
3.23496
3.11586
2.72752
4.15506
3.21347
3.09821
2.66291
2.75696
2.58486
2.90101
2.80623
2.62304
2.66069
2.09797
3.05429
3.27562
3.25625
3.62342
2.30139
3.57204
3.54202
3.15225
4.10058
3.93224
3.91732
2.95196
2.97748
3.27578
3.03555
3.57239
3.5278
3.33376
2.98246
3.07441
3.39758
3.47265
3.64687
3.22019
3.08368
3.17684
2.99327
3.10511
2.95014
2.9954
3.24872
3.00796
2.92209
2.81852
3.23867
2.85847
3.43129
3.65948
3.39018
3.02402
3.61052
2.52804
3.11636
3.23858
3.13413
2.87216
3.32728
3.55494
3.15144
3.00087
3.05399
2.84643
3.25575
3.44059
3.42717
3.67725
2.5865
3.5966
3.22583
3.27977
2.91739
3.17
2.95952
2.72952
2.79991
2.27907
2.95904
2.99784
3.83141
3.94944
2.67224
3.58875
3.0271
3.10867
3.23256
3.06991
3.30758
4.09056
4.04881
3.65155
3.48544
3.4069
3.23003
3.50213
3.03038
3.25507
3.04649
2.8836
2.94356
3.48562
2.74339
2.69411
2.88472
3.17388
3.29585
3.34134
3.2673
3.38205
3.20615
2.69917
3.06093
2.73704
3.37692
3.14088
2.79256
3.23748
2.80968
2.80947
2.68603
3.54092
2.84244
3.17508
2.921
3.12369
3.34517
3.53072
2.60933
2.78287
3.61712
3.12976
2.96614
3.53173
3.20433
3.65765
3.26185
3.63942
3.80228
