1.74301
2.68299
2.02092
1.97496
2.04666
2.3729
2.44514
2.7358
1.55001
2.64407
2.66889
2.91321
2.02887
2.7484
2.61495
2.41973
2.39133
2.65588
2.58346
2.45163
2.82122
2.35565
2.41219
2.88234
2.99739
3.77165
3.19661
2.53912
2.99449
3.03164
3.16757
3.6252
3.84342
3.91071
3.07044
2.622
2.74009
2.99875
2.81439
3.10972
3.09305
2.39041
3.64231
3.29768
2.86446
2.85787
2.44558
2.21745
2.68879
2.49365
2.48795
2.40181
1.89421
2.92088
3.12512
3.65754
3.19567
2.42564
3.40885
3.19016
3.31026
3.53897
4.00188
2.83546
2.80263
2.58236
3.23812
3.02719
3.66038
4.0096
3.06822
3.41556
3.00607
3.58102
3.66995
3.16908
3.37113
3.19629
3.20842
3.06888
3.18096
3.2491
3.17424
3.26985
2.81698
3.27065
3.41948
3.04292
2.80158
3.67466
3.59819
3.138
2.89724
3.96022
2.78201
3.11987
3.04672
3.19316
3.45907
3.35617
3.50255
2.62094
2.4502
2.37129
2.86694
3.95893
2.99203
3.51725
3.8282
2.9446
3.60967
4.41736
3.15115
2.92731
2.94744
2.87133
2.66054
3.42391
2.47935
3.16816
2.16875
3.63511
3.96798
2.92999
3.39861
3.78579
2.82063
3.39985
3.15841
3.50902
3.71029
3.68703
3.64353
3.30399
2.92653
2.81387
3.45744
2.95211
2.98762
2.97316
2.75751
2.37596
3.36524
2.86777
2.85486
2.48522
3.06434
3.01362
3.05733
2.98444
3.26065
2.52254
3.0602
3.38944
2.86988
2.63414
2.88517
2.57786
2.80397
2.35382
2.61791
3.66816
3.38673
3.37679
3.18969
2.99067
3.11552
3.24894
3.54766
2.96299
2.89347
3.98978
2.66686
2.96686
3.25868
2.97467
3.72351
2.50662
3.42695
3.72514
1.66331
3.02073
2.39664
2.05229
2.2729
2.39837
2.81366
2.96942
1.53733
3.07066
2.98327
3.11091
2.12994
2.63002
2.58923
2.61329
2.51515
3.25208
2.60759
2.56986
2.97914
2.75593
2.89051
2.86388
2.97727
3.9823
3.22542
3.28475
3.02983
2.95138
3.18986
3.67793
3.94192
4.17507
3.07402
2.60578
2.42178
3.01805
2.80667
3.29452
3.18511
2.48306
3.80024
2.98243
2.6054
2.33276
2.32123
2.18316
2.55997
2.34446
2.29747
2.22651
2.14088
3.23848
3.2133
3.5636
3.23636
2.48687
3.50955
3.19464
3.40573
3.63958
4.05584
3.37189
3.28686
2.91554
3.22201
3.17057
3.8532
3.72029
3.57922
3.51512
2.84201
3.35682
2.9791
3.62087
3.59515
3.04559
3.03155
3.09944
3.0878
2.91679
3.29211
3.07685
3.12974
3.14691
3.34518
3.5096
2.96145
3.1216
3.58603
3.2896
2.68746
3.98259
2.45487
2.9759
3.15579
3.17561
3.48656
3.58359
3.64852
3.0371
2.52859
2.56648
2.54955
4.11208
3.32086
3.26398
3.64393
3.61109
3.62692
4.38314
2.99126
2.87101
3.33848
2.74372
2.68791
3.33496
2.44675
3.02364
2.49653
3.30303
3.50429
2.93348
3.36245
3.61289
3.09962
3.16305
3.044
3.31583
3.79086
3.80519
3.60739
3.29266
3.72515
3.05384
3.17447
3.12941
3.15882
3.04617
2.7705
2.40935
3.18864
2.87824
2.87509
2.63726
2.90116
2.94275
3.03023
3.15771
2.9814
2.35361
3.20715
3.08294
3.01147
2.45456
2.85112
2.81515
2.50417
3.37908
2.70598
3.68554
3.05096
3.40825
2.58918
2.5884
3.28112
2.97683
3.17134
2.92697
3.03973
3.52808
2.83569
3.01784
3.12401
3.32215
3.69149
3.27263
3.51733
3.85627
