1.76523
2.7261
1.86445
2.27648
2.44937
2.68644
2.87718
2.55974
1.69664
2.95427
3.03727
3.33495
2.50918
2.45581
2.64467
2.18239
2.72588
3.11643
2.86153
2.55159
2.89687
3.4982
2.87899
2.98333
3.27224
3.48406
2.57058
2.96175
2.68862
3.19817
3.48463
3.7296
3.20753
3.41062
3.31597
2.11671
2.77704
3.17642
2.18236
2.88316
2.95835
2.26324
3.27633
3.20754
2.8986
2.40812
2.46339
2.18105
2.24596
2.45432
2.413
2.42293
1.97249
2.79168
2.9774
3.28477
3.59118
2.34712
3.48862
3.32695
4.2315
3.33232
3.1676
3.591
3.58352
2.95553
3.1804
3.00046
3.54926
3.5737
3.00339
3.86237
2.85497
3.2088
3.44234
3.46627
3.39385
2.93942
3.1356
3.24889
2.84144
2.69914
2.89623
2.97386
2.72833
2.89405
3.01175
3.43533
3.0605
2.93918
3.79721
2.44122
3.07551
2.94348
2.18629
2.95051
3.35065
3.02419
3.12213
3.21719
3.10576
3.09592
3.11913
2.87867
3.17323
3.94036
3.09804
3.46656
4.45982
3.05715
3.62978
4.194
3.32359
3.12552
3.0707
3.04759
2.84368
3.29014
1.99038
2.80606
2.48042
3.23938
3.68693
3.09226
3.33982
3.14264
2.5767
3.34655
3.25601
3.63954
3.68345
3.70419
3.28857
3.525
3.30353
3.17267
3.10062
3.42429
2.84175
3.245
2.60211
2.75708
3.55491
2.85759
2.78656
2.97961
3.40712
3.05559
2.91944
2.99853
3.01632
2.14631
3.41646
3.21988
2.40632
2.99944
2.97796
3.11193
2.97701
2.61058
2.95926
2.98816
3.36003
4.03251
3.3503
2.46964
3.19138
3.35698
3.15375
3.14272
3.26597
3.23098
3.23058
2.97034
3.65188
3.08675
3.82863
3.26508
3.27001
3.67175
1.85092
2.12715
2.35585
2.34003
2.40844
2.72639
2.94847
2.60147
1.82874
2.97827
2.94961
3.18367
2.28719
2.82068
2.53989
2.26276
2.99765
3.20103
2.5139
2.31871
3.4047
2.99563
2.51961
2.59159
3.1224
3.18073
2.925
3.43911
3.35344
2.88443
3.24551
3.91903
3.57029
3.4487
2.95764
2.83182
2.67284
3.19856
3.08583
3.34624
3.55607
2.61451
3.41339
3.30634
2.68812
3.12231
2.48942
2.36893
2.46994
2.71075
2.43343
2.41499
1.92702
2.69299
2.95164
3.53474
3.57282
2.87521
3.10123
3.11584
3.55103
3.43165
3.49571
3.01632
3.49236
3.71147
3.00498
2.92825
3.58448
3.14431
3.09889
3.73052
3.15027
3.23386
2.8897
3.30967
3.38393
2.94807
2.73148
3.35775
2.8645
2.84222
3.12213
3.11643
2.90615
3.11344
3.09103
3.84587
2.96788
3.59753
3.67833
3.19782
2.75255
3.62653
2.7401
3.05356
3.0887
3.30795
3.41743
3.07096
3.05511
3.46176
2.84488
2.8518
3.11692
4.19681
3.2949
3.55944
4.80839
3.19422
4.0353
4.51375
3.05488
3.19879
3.50746
2.8347
2.5551
2.62914
2.08744
3.4703
2.69079
2.73535
3.82009
2.69141
3.41931
3.27247
2.93768
3.43615
3.24745
3.31959
3.4952
3.57969
3.35652
3.36024
3.32699
3.27942
3.0773
3.05114
3.05728
2.96075
2.94265
2.75704
2.80564
2.66455
2.65604
2.80557
2.94452
2.9354
3.12426
2.94467
2.84442
2.6748
2.79989
2.988
2.68996
3.4271
2.59371
2.68209
2.6727
2.60471
2.8338
3.1877
3.47245
4.1976
3.86247
2.70243
3.52389
3.64046
3.26521
2.97879
3.18213
3.66101
2.96183
2.74837
3.54439
3.11803
3.71544
3.29714
3.26195
3.25298
