1.99766
2.99695
2.55961
2.30377
2.48085
2.83236
3.53085
2.91342
1.7259
2.99199
3.09063
2.85164
2.71981
3.18261
2.89033
2.62536
2.75752
3.496
2.69568
2.82692
3.16975
2.54217
2.51421
3.31006
3.13469
3.81296
3.0508
3.18305
3.51568
3.54302
3.80764
4.01139
3.78357
3.5577
3.22884
2.68961
2.60945
3.32653
2.54801
3.41343
3.43852
3.10899
3.61101
3.22806
2.98436
2.48371
2.88319
2.5048
2.46365
2.76761
2.71204
2.66411
1.99626
3.16781
3.25092
2.98079
3.59599
2.81412
3.21434
3.05674
3.31897
3.5707
3.7074
3.3391
3.76483
2.66589
3.32343
3.05729
3.73125
3.60083
3.10861
3.25244
2.94239
3.24116
3.09719
3.10892
2.95065
3.11526
2.799
3.15669
2.96734
2.99116
3.18373
2.92149
2.86976
2.82688
2.92313
3.42308
2.79797
3.02261
3.41101
3.18482
2.66077
3.80711
2.80121
3.0971
3.03261
3.18392
2.8942
3.51859
3.68747
3.35788
2.96636
3.18041
3.10921
4.49358
3.00712
3.44151
3.78494
3.40995
3.53777
4.23445
3.40881
3.62176
3.47678
3.24493
2.85883
3.19931
2.94816
3.18768
3.09604
3.36995
3.67436
3.14576
3.5401
3.59908
3.13854
3.11504
3.56322
3.97422
3.84257
3.43498
3.61143
3.50762
3.33045
3.17266
3.22602
3.16243
3.55428
3.27263
3.20635
2.76253
3.23994
2.89065
2.83959
2.71626
2.87702
3.36502
2.98461
3.35326
3.27648
2.23017
3.38154
3.0403
3.10483
2.91468
3.33219
2.82359
2.91698
2.90715
3.1668
3.6777
3.8105
2.77769
3.36431
3.1125
3.50738
3.36275
3.0322
2.90669
3.06307
3.87706
2.76078
2.98527
3.12552
3.18298
3.68032
3.11688
3.5901
3.60328
2.01329
2.64766
2.65778
2.43378
2.72313
2.91174
3.36665
2.98725
1.88803
3.03717
2.63788
2.94638
2.48578
3.27657
2.80572
2.7989
2.82913
3.4337
2.87138
2.78213
3.24139
2.51884
2.4786
2.99412
3.1581
3.77254
2.97698
2.99972
3.3937
3.12459
3.335
3.80168
4.12516
3.83667
2.95356
2.5897
2.72039
3.25248
2.56467
3.04869
3.30655
2.88325
3.38332
3.54055
2.78457
2.76638
2.61382
2.26721
2.83447
2.4438
2.83954
2.50746
2.17189
3.21759
3.00793
3.57419
3.96353
2.3943
3.06669
3.26315
3.54394
3.72281
3.74934
3.40621
3.45381
2.94085
3.30196
3.19833
3.53952
2.99077
2.94927
3.20523
3.32783
3.15551
3.31394
3.25626
3.35542
2.91146
2.87882
3.00887
3.07576
3.01327
3.08288
3.07802
2.92166
2.91867
3.26636
3.36001
2.76488
2.80872
3.32479
3.07289
2.59802
3.92287
2.93603
3.12242
2.97036
3.39345
2.90833
3.55147
3.1229
3.21021
3.08087
2.96503
3.21147
4.09913
3.28429
3.2638
3.57877
2.91014
3.56282
3.93552
3.02296
2.96746
3.34694
2.85193
2.86612
2.84609
2.72157
3.28366
3.3844
3.05501
4.03203
2.90106
3.4002
3.10298
3.34355
3.64862
3.33353
3.31457
3.87163
3.92704
3.90934
3.6872
3.46962
3.4679
3.48323
3.13411
3.1649
3.49927
3.1154
2.74013
3.0171
2.98378
3.07792
3.19726
3.71953
3.22118
3.41762
2.97423
3.10695
2.89695
2.69926
2.93595
2.88912
2.66065
2.85471
2.88735
3.03589
2.79353
3.15944
3.4494
3.36122
2.99795
3.23159
2.73719
3.1856
3.44046
3.29572
2.63332
3.38798
3.73148
2.82983
3.17968
3.43349
3.1559
3.40734
2.79414
3.41154
3.45462
