2.05538
2.59133
2.46968
2.43217
2.44559
2.54112
3.18838
2.87727
1.70736
2.93826
2.90642
2.62486
2.4579
2.56901
2.79693
2.63291
2.54516
2.93129
2.67328
2.59744
2.67795
2.12126
2.92125
2.89331
3.19286
3.64935
2.67327
2.98404
2.7205
2.93573
3.48505
3.76429
3.46834
4.21136
3.1217
2.95333
2.91563
3.42493
2.61574
3.02865
3.22736
2.4623
3.12159
3.31672
3.11989
2.70923
2.73337
2.30452
2.80296
2.60275
2.52378
2.35142
2.23782
2.97116
3.22814
3.2792
3.37783
1.76315
3.34191
3.11385
3.18186
3.40084
3.82945
3.04401
2.45161
3.17657
3.34756
3.02955
3.49758
3.48294
2.96908
3.0948
2.88242
3.51364
3.12092
3.3835
3.27805
3.14842
3.06601
2.95594
2.89152
2.8008
2.96211
2.89366
3.00899
2.95763
3.03224
3.27475
2.88796
3.3719
3.36706
3.44936
2.82627
3.35479
2.82721
2.97426
3.24286
3.00381
3.21622
3.32219
3.11071
2.77018
2.63259
3.13677
3.38745
4.35122
3.27697
3.60891
4.13243
3.23091
3.29754
4.44476
3.31044
3.03081
3.35498
2.80259
2.75094
3.04978
2.43771
3.31902
2.54754
3.68126
4.24895
2.81598
3.36455
3.24385
2.76823
3.43884
3.37933
3.75561
3.60428
3.75249
3.66292
3.14358
3.06388
3.08866
3.12516
2.91569
2.9044
3.05207
3.12224
2.98787
2.98864
3.16675
2.70458
2.89374
3.34609
3.02675
2.95307
2.99887
3.12554
2.55128
3.02713
3.02741
2.42337
2.85157
2.81859
2.99225
2.75296
3.02928
2.5497
2.84233
3.48761
3.89262
2.96724
2.93526
3.49192
3.68256
3.00865
3.18563
3.03691
3.75878
2.90309
2.65622
3.33003
3.06249
3.52341
2.75922
3.42755
3.34953
2.06426
2.56726
2.15793
2.31247
2.46697
2.50397
2.83524
2.78478
1.94161
2.99354
2.94398
3.07998
2.54976
2.54025
3.04529
2.59955
2.6241
2.86172
2.654
2.66151
2.60757
2.61579
2.86314
2.53975
2.87277
3.85233
2.93001
3.38248
3.41293
3.29775
3.18778
3.86718
3.47356
3.69411
2.97301
2.51057
2.85342
3.20311
2.51875
3.22627
3.05003
2.59492
3.61157
3.12692
2.97826
2.74448
2.71516
2.70881
2.67439
2.78382
2.83756
2.78894
2.01766
2.92915
3.10448
2.92983
3.18748
2.24382
3.58458
3.12417
3.38667
3.538
3.83118
3.12752
2.8997
3.3424
3.0847
3.01258
3.32345
3.61034
3.16118
3.30925
2.90473
3.39869
3.02345
3.41835
3.24922
3.00113
2.90069
2.81988
3.18441
2.92559
2.8963
2.98023
3.18351
2.98316
3.07266
3.552
3.15136
3.63322
3.37512
3.30922
2.65348
3.09896
2.86263
3.02699
3.12144
3.12928
3.08649
3.48015
3.33467
3.38701
2.59286
2.86782
2.98629
4.41127
2.92644
3.31703
3.88255
3.65658
3.62585
4.41424
3.56707
3.07563
3.18525
2.80175
2.8624
2.99803
2.44988
3.06285
2.49775
3.30068
3.94276
2.36172
3.33264
2.98399
2.76493
3.10109
2.678
2.9337
3.44358
3.47371
3.39742
3.4841
3.34479
3.00448
2.96826
2.75983
2.98888
2.58176
2.43221
2.60546
3.30535
2.83507
3.13501
2.9312
2.96122
3.10283
2.95952
3.00084
2.74503
2.5615
3.03342
2.80734
2.50317
2.41368
2.57196
3.02704
2.66948
2.91783
3.02156
3.46652
3.68346
3.73492
2.68438
3.05339
3.27553
3.33189
3.23502
2.94645
2.78478
3.68975
2.52257
2.50049
2.81762
3.07713
3.70209
3.03541
3.55522
3.60187
