2.03637
3.21409
2.59337
2.47876
2.75861
2.79387
2.86573
3.01167
1.79393
2.91492
3.09996
3.22881
2.626
3.11708
2.75852
2.66733
2.96973
3.61903
2.89301
2.92076
3.12266
3.04129
3.39463
3.16699
3.68152
3.54764
3.21416
3.01437
3.02369
3.10191
4.03645
3.6135
3.15862
3.44896
2.94636
2.57414
2.59749
3.16161
2.47745
3.63121
3.38857
2.62248
3.2601
3.40005
2.63769
2.90464
2.91612
2.90214
2.70206
2.67924
2.66809
2.6344
2.26159
2.98388
2.93028
3.57884
3.58565
3.17991
3.4139
3.58632
3.59618
3.63498
4.08205
3.47004
3.48182
3.62377
3.18561
3.19301
3.49689
3.53377
3.41102
3.37329
3.06083
3.49132
3.50549
3.39211
3.29855
3.48807
3.44024
3.33786
2.78576
3.19063
3.31519
2.96392
2.8872
3.26373
3.57976
3.57271
3.04964
3.08755
3.72146
3.3852
3.25485
4.00947
3.04719
3.07409
3.06905
3.37864
3.5656
3.63623
3.59523
3.08851
3.43305
3.01872
3.3296
4.09516
3.6643
3.45483
3.85397
2.5108
3.35756
4.02621
3.5156
3.45489
3.62522
3.0976
2.89457
3.41775
2.07887
3.27563
3.27877
3.99561
4.14828
3.41639
3.44798
3.11029
2.74372
3.63007
3.27728
3.25342
3.70567
3.79322
3.39107
3.416
3.15338
3.36034
3.43315
3.2698
3.05604
3.11463
3.21345
3.1073
3.04859
2.88551
2.96497
2.96505
3.80845
3.1741
3.23308
3.09451
3.16077
2.81574
3.25998
2.98258
2.4065
3.19265
3.18529
2.69687
2.90774
3.07793
2.89371
3.09905
3.56448
3.64751
2.88881
3.1016
4.08639
3.59268
3.11573
3.05747
3.11068
3.67242
3.48794
3.55777
3.46638
3.4255
3.35351
3.18147
3.68842
3.255
1.90085
3.14272
2.50618
2.57566
2.79329
2.64256
3.11036
2.97572
1.88375
3.09956
2.93706
3.0766
2.73989
2.80363
3.06828
3.41041
2.92234
3.14571
2.88849
2.72572
3.14365
3.12652
3.16788
3.15849
2.91144
3.53615
2.60896
2.71836
2.98733
3.4837
3.92283
3.58688
3.21598
4.11394
3.22905
2.76995
2.63753
3.09081
2.62848
3.36427
3.12227
2.87894
3.90547
3.2639
3.12981
2.65959
3.02026
2.78673
2.61783
3.01634
2.54276
2.65766
2.15749
2.89473
3.2255
3.19036
3.46946
2.48362
3.3868
3.43821
3.50949
3.71858
3.9782
3.40226
3.19941
2.7967
3.44946
3.14379
3.75199
3.68099
3.254
3.89638
3.15643
3.14295
3.28653
3.60167
3.57736
3.15242
3.23031
2.87491
3.02491
3.14426
3.07072
3.13172
3.36242
3.09251
3.1866
3.80032
3.26952
3.40841
4.18573
3.14
3.02644
3.81852
2.92763
3.00436
3.11002
3.64088
3.12994
3.552
4.43829
3.50838
3.51688
3.14691
3.21364
4.29211
3.66374
3.32686
3.76365
3.35646
3.93261
4.75756
3.27453
3.15988
4.0114
2.97861
2.97302
3.20601
1.98838
3.03837
3.17548
3.64172
4.30463
3.20737
3.58891
3.74191
3.38925
3.74848
3.10225
3.14242
3.76658
3.65512
3.59816
3.49966
3.10596
3.586
3.48326
3.32478
2.78707
3.29837
3.20342
2.85029
3.48476
3.1514
2.8329
2.73821
3.22454
3.00899
3.22205
3.16686
3.25815
2.88612
3.62867
3.15757
3.42747
3.3378
3.45432
2.78303
2.97186
2.96169
2.7565
3.95116
3.41134
3.22732
2.54119
3.46933
4.01886
3.68669
3.37481
3.0513
3.22396
3.85863
3.49559
2.9322
3.50085
3.56544
3.36552
2.82115
3.29199
4.37784
