1.82142
2.79163
2.32003
2.08405
2.37553
2.49946
2.77737
2.92407
1.81428
2.96136
2.82179
3.2503
2.30167
2.69957
2.76331
2.74189
2.86511
2.98924
2.65487
2.73844
2.94916
2.72526
2.6304
3.25293
3.11723
3.46634
2.85522
2.89094
2.61246
2.9512
3.48596
3.70996
3.16493
3.59195
2.94681
2.43595
2.58669
2.96122
2.51383
3.13999
3.16308
2.4573
3.03279
3.25436
2.71245
2.98029
2.57421
2.46944
2.69786
2.67667
2.47144
2.5852
2.22889
2.99325
3.19691
3.19525
3.56441
2.37083
3.60595
3.32009
3.11003
3.15778
3.50526
2.87983
2.78419
3.35162
2.95838
3.14257
3.21236
3.30969
3.10953
3.14116
3.10179
2.9159
3.04458
3.05629
3.47921
2.96542
2.87623
2.99243
2.74045
3.00708
2.93954
3.06438
2.95734
2.95145
2.98577
3.17964
2.949
3.05058
3.36169
3.36981
2.63012
3.26462
3.02989
2.88913
2.98948
3.49219
3.03627
3.07732
3.399
3.52553
2.87474
2.79704
3.08038
4.18372
2.80679
3.27444
3.98498
2.76858
3.41156
3.97626
3.40272
3.16582
3.1896
2.48908
2.76922
3.17986
2.29461
2.74758
2.88503
3.438
3.1802
2.85436
3.04084
2.99005
2.59804
2.77103
2.97582
3.23807
3.62827
3.72589
3.14039
3.25343
2.8966
3.06387
3.12809
2.7046
2.91885
2.91716
2.82741
2.75951
3.02345
2.77914
2.85364
2.76411
2.77264
3.00341
3.00303
2.9304
3.14631
2.58171
2.71475
2.76484
2.49398
2.37907
2.68926
2.81245
2.67551
2.38232
2.70265
2.71311
2.89721
3.13047
2.52046
3.09547
3.34395
3.48854
2.99666
2.97374
2.94978
3.41452
2.88651
2.89391
3.13733
3.1658
3.36864
2.63828
3.37074
3.32303
1.98678
2.56906
2.38497
2.13459
2.4989
2.75664
2.94768
2.90082
1.83399
2.77904
3.0157
3.09041
2.24356
2.9307
3.0283
2.60551
2.50365
2.96377
2.72645
3.06457
3.05316
2.77717
2.63085
2.71455
3.34228
3.63998
2.9074
3.40649
2.76102
2.98941
3.51659
3.36631
3.39304
3.32962
3.04746
2.73789
2.70178
2.9098
2.6113
3.13195
3.11745
2.68572
3.33349
3.13599
2.58147
2.66006
2.61125
2.7895
2.52874
2.78712
2.52894
2.48452
2.0588
3.27097
3.21069
3.11169
3.26916
2.68002
3.28992
3.34932
3.17472
3.35856
3.70213
3.00617
2.79521
3.46236
3.15447
3.06997
3.28091
3.35648
3.03992
3.01345
2.89268
2.85105
2.83442
3.35532
2.98799
2.86408
2.86122
2.98568
2.51584
2.76193
2.75786
2.86802
2.86319
2.8547
3.07008
3.39066
2.76048
3.01862
3.36271
3.26941
2.64684
3.56182
3.17587
3.14964
3.16079
3.27643
3.06676
3.38713
3.17906
3.94871
2.92399
2.76863
2.71506
4.08133
2.77782
3.27361
3.90269
3.12084
3.52245
4.22259
3.56539
2.99181
3.25553
2.86287
2.81925
3.18542
2.0775
2.83545
2.4417
3.12578
3.19934
2.33043
3.06546
2.72751
2.77129
3.29167
3.00002
3.28963
3.44644
3.50147
3.18149
3.0594
3.13524
3.02099
3.14264
2.77502
2.86648
3.2793
2.83815
2.65555
3.0464
2.95363
2.9999
2.80819
2.95786
3.11189
3.1373
2.93809
3.24397
2.63745
3.10728
2.69989
2.59792
2.93792
2.73412
2.95929
2.7023
2.82171
2.81049
3.34618
3.57379
3.46828
2.8355
2.76989
3.26317
3.83059
2.97368
2.97888
2.58352
3.46976
2.53941
2.3596
3.09458
3.62359
3.68945
2.82708
3.53398
3.53651
