1.81288
2.52216
2.24375
2.20783
2.36353
2.71855
3.07523
2.98667
1.78626
2.92364
2.39924
2.99814
2.45733
2.59505
2.65864
2.65167
2.5068
3.55712
2.66988
2.56792
3.69162
3.2111
2.33558
3.19149
3.39999
3.70197
2.94923
3.29744
2.50947
3.26469
3.4887
3.84186
3.23818
4.17441
3.39397
2.85566
2.94283
2.99127
2.59229
3.17682
3.50909
2.5054
3.73448
4.14538
3.3992
2.89951
3.11833
2.56197
2.8761
2.54609
2.5783
2.46559
2.21528
3.10553
3.46935
3.45283
3.94004
2.0389
3.3171
3.45681
3.60209
3.53207
4.13252
3.25311
3.17716
3.26125
3.47623
3.07867
3.82126
3.7889
2.96139
3.81276
2.84537
3.16304
3.10097
3.46533
3.20758
2.9364
3.18173
2.77657
2.77752
3.21595
2.94631
3.16595
2.88021
3.21155
2.93998
3.37966
3.1949
3.23925
3.78032
3.15232
2.71296
3.09208
2.5218
3.14175
3.29678
3.50029
3.2273
3.64617
3.84069
2.98472
2.40098
2.64816
2.93306
4.28457
3.49656
3.18495
3.80112
3.46916
3.3971
4.4155
3.47409
3.35366
3.40189
2.65654
2.704
3.23177
2.42828
3.35581
3.15027
3.60284
3.69731
3.20853
3.40232
3.64578
2.86475
3.23173
3.15108
3.69669
4.10438
3.38355
3.21188
2.97184
3.12538
3.35091
3.37096
3.25106
3.08883
2.98785
2.63021
2.46616
3.14215
2.72699
2.81795
2.72548
3.18283
3.08963
2.96888
2.88192
3.48501
2.47744
2.82154
2.90359
3.20932
2.81916
2.83666
2.99315
2.47975
3.19075
3.19038
3.70099
3.34602
3.71193
2.96001
3.07434
3.73758
3.15727
2.86774
3.44761
3.36277
3.65281
3.00829
2.80208
3.46093
2.86459
3.2367
3.3475
3.43366
3.66081
1.83239
2.57438
2.52116
2.33245
2.49105
2.59073
3.07082
2.96885
1.83461
3.17159
3.21421
3.40512
2.17609
2.58375
2.88605
2.70009
2.72305
3.48988
2.54448
2.81388
2.91181
2.56956
2.56837
2.92962
3.16906
3.87431
2.97843
3.37848
3.24537
3.6567
3.15448
3.36036
3.61891
4.26054
3.24224
2.62276
3.00955
2.93358
2.55698
3.34596
3.1285
2.62023
3.56434
3.41817
3.05895
2.75999
2.87095
2.83514
3.21287
2.47808
2.71595
2.76347
2.22495
3.29888
2.89394
3.73156
3.16592
2.09763
3.43233
3.18819
3.59532
3.62017
4.05203
3.01218
3.21982
3.32372
3.50154
3.0327
3.61997
3.72125
3.25089
3.23351
3.17708
3.28458
3.10687
2.96939
3.15848
2.98637
2.80454
2.88343
3.37605
2.86396
3.10046
2.84186
3.1713
3.11746
2.86779
3.68504
2.76697
3.29973
3.20382
3.47249
2.66349
3.28685
2.57921
3.07658
2.98317
3.52783
3.32431
3.35216
3.64242
3.19266
2.66788
2.82518
3.16892
4.38186
3.41263
3.35176
3.79416
3.93609
3.31266
4.32777
3.3359
3.16615
3.29829
3.11697
2.77039
2.79987
2.47294
3.1099
2.94501
3.60896
3.61569
2.95791
3.4109
3.47962
3.09715
3.01887
3.46859
3.37481
3.81889
3.29606
3.62723
3.12581
3.776
3.12876
3.49661
3.21027
3.11742
3.01119
2.70367
2.50639
3.31813
2.89
2.70773
2.58755
3.42591
3.06946
3.27884
2.99936
3.26747
2.66471
2.99571
2.96542
3.03546
2.45439
2.43538
3.31577
2.98809
3.42353
3.0698
3.99001
3.77598
3.62271
2.7147
2.96927
4.04092
3.48252
3.07487
3.07139
3.28514
3.46148
3.05509
2.66451
3.25637
2.88767
2.86431
3.61568
3.54733
3.85061
