1.93581
3.02632
2.78934
2.3111
2.52851
2.50751
2.85308
2.83968
1.80008
2.95808
2.69767
2.95568
2.46225
2.93286
2.99662
2.85304
3.08184
3.46402
2.88145
2.39179
2.69622
3.04323
2.89976
3.1977
2.98788
4.0146
3.10418
3.04492
3.51578
3.49626
3.26542
3.90473
3.09549
3.91419
2.87343
2.84523
2.95503
3.06728
3.16477
3.31632
3.34396
2.90099
3.84771
4.03429
3.70465
2.87185
3.05388
2.97484
2.94454
2.94017
2.54352
2.74478
1.83492
2.96564
3.43488
3.09634
3.50097
2.47019
3.56328
3.35129
3.55887
3.65422
3.72003
2.99
3.20381
2.84874
3.22186
3.13129
3.97543
3.62169
3.13928
3.14733
3.36418
3.47324
3.0012
3.37362
3.24765
3.09964
3.24907
3.09092
2.89225
2.84757
2.77106
2.9331
3.06381
2.84876
3.3119
3.954
2.92928
3.58873
3.74405
3.52649
2.70063
4.05531
3.05097
2.98219
3.30444
3.37947
3.29065
3.51246
3.54042
3.38665
2.56043
2.60391
3.07019
4.10528
3.51239
3.24277
3.74577
2.98738
3.67785
4.374
3.11875
2.98742
3.33123
2.85075
2.83712
3.57902
2.03644
3.06908
2.45499
3.37625
4.25188
2.9897
3.2091
3.54802
2.89297
3.36261
3.16372
3.22199
3.74928
3.83225
3.48936
3.40061
3.14584
3.25417
3.39385
3.39186
3.04392
2.81694
2.90653
2.94117
3.34397
2.75345
2.91516
2.96894
2.75522
3.10844
3.00704
3.16996
3.65876
2.48048
3.4197
2.79699
2.93303
2.69223
2.86324
2.68487
3.30956
2.92962
2.98925
3.70316
3.27916
3.5791
3.53848
3.49361
3.26394
3.32621
3.15325
2.80755
2.95766
3.61954
3.11653
2.62228
3.23811
3.1959
3.6483
2.94583
3.34789
3.74953
1.99046
3.30435
2.526
2.32382
2.5265
2.68368
3.25623
2.79393
1.78418
3.27564
2.77193
3.38514
2.47955
2.62157
2.80097
2.82771
2.79616
3.37641
2.74557
2.58888
2.91302
3.00185
2.90586
3.08994
2.7753
3.70691
3.03103
2.86931
3.39765
3.26418
3.26002
3.46951
3.43148
3.78215
3.01321
2.73463
2.59746
2.96707
2.67345
3.24785
3.21417
2.70951
3.53842
3.84661
2.82373
3.0072
3.07197
2.91708
3.18726
3.04938
2.72072
2.59283
1.89783
3.19232
3.27816
3.10914
3.36167
2.52622
3.65986
3.12077
3.65801
3.20463
3.7405
3.02722
3.03392
3.0908
3.39589
3.18321
3.72615
3.30217
3.53174
3.19021
3.32818
3.16268
3.29078
3.65209
3.52531
3.21852
3.29106
3.03795
2.89341
3.0679
3.12411
3.26792
3.12654
2.96581
3.45289
3.47699
3.04759
3.46447
3.40382
3.21801
2.83522
4.30509
2.79012
3.15856
3.42465
3.88326
2.90741
3.31587
3.43589
3.20913
2.82932
3.08779
2.91117
4.04792
3.39777
3.46196
3.8801
3.78794
3.56359
4.12321
3.50439
3.18987
3.30002
2.80262
3.05327
3.58068
2.54954
2.91538
2.71896
3.61804
4.07704
2.99973
3.41652
3.45116
2.96937
3.36434
3.07684
3.48079
3.92436
3.45112
3.49944
3.44288
3.11758
2.96427
3.10802
3.10147
3.19635
3.18516
2.79069
2.89165
3.08844
3.04921
2.81358
3.22046
2.74878
3.13375
3.10358
3.22718
3.19953
2.37036
3.2435
2.87432
2.81578
2.43147
2.76252
2.68886
2.60334
3.0052
2.85544
3.52958
3.77382
3.95443
2.79284
3.48571
3.4359
3.26854
3.13255
2.96519
3.0635
3.47735
3.31539
2.63838
3.56088
3.1002
3.23897
2.70522
3.00001
3.57684
