1.9718
2.66971
2.72897
2.50455
2.80236
2.81522
2.94124
2.97426
1.907
2.83672
3.06356
3.12777
2.70872
2.41563
2.99577
2.72831
2.71557
3.07323
3.12527
2.99529
3.15158
2.77782
2.61849
2.90329
3.24986
3.50425
2.98872
3.55285
3.24605
3.15414
3.64225
3.47035
3.15914
3.4811
2.87826
2.41609
2.79061
3.08196
2.78432
3.14029
3.26589
2.91832
3.30257
3.19358
3.3405
3.00557
2.8875
2.70528
2.51978
3.03656
2.49282
2.35985
2.39712
3.53032
3.03767
3.56891
3.51449
2.35513
3.51231
3.25066
3.5804
3.93937
3.54391
2.97686
3.37318
3.29766
3.40333
3.14721
3.63287
3.82327
3.38837
3.31264
2.9389
3.45659
3.26794
3.32961
3.25161
3.123
3.14094
3.11161
2.75729
2.85073
2.96942
3.08808
3.17297
2.96261
3.94968
3.29644
2.82908
3.46863
3.44356
3.34789
2.68156
3.86543
2.68675
3.00771
2.95671
3.47972
3.42741
3.34324
3.61815
3.17609
3.01344
3.10091
3.0323
3.5249
3.29155
3.49343
3.97155
2.28223
3.32629
3.75028
3.43681
3.14945
3.2159
3.27136
2.77672
3.33925
2.49373
3.03764
2.88646
3.82163
4.30917
3.82582
3.51951
2.85157
2.73494
3.09667
3.23243
3.32142
4.02873
3.45208
3.31894
3.45987
3.19069
2.8626
3.51726
3.22312
2.93837
2.70281
2.75396
2.92125
3.19106
3.08211
3.08819
3.06195
3.27851
3.06803
2.94794
3.04593
3.12646
2.70508
3.10156
3.44127
2.54996
3.26165
3.00213
3.02325
3.06597
2.83303
2.77687
3.09971
3.43789
3.72591
3.182
3.18246
3.70214
3.1381
3.20064
2.9375
3.09332
3.31768
3.01197
3.08648
3.83916
3.14772
3.57646
3.39666
3.2974
3.52517
2.06276
2.4986
2.63033
2.48312
2.90572
3.03368
2.731
2.98217
2.02285
3.23957
2.83413
3.10228
2.60168
2.71009
2.92141
2.40817
2.70311
3.28877
3.00545
3.1621
3.16744
2.59392
3.10591
3.23576
3.25921
3.81267
3.07178
3.22407
3.1256
3.12086
3.38177
3.65863
3.71407
3.6768
3.0727
2.52475
2.98399
3.04902
2.75165
3.1867
3.00285
3.00453
3.32479
3.46462
2.70349
3.04286
2.90784
2.4663
2.47047
2.84734
2.45456
2.64459
2.61606
3.08527
3.0621
3.76285
3.52597
2.95576
3.40189
3.42285
3.51458
3.35186
3.71541
3.53318
3.02573
3.56542
3.25444
3.16118
3.77107
3.50611
3.3218
3.58981
3.30403
3.31879
2.99332
3.45734
3.68538
3.13966
3.06284
3.346
3.01122
3.00967
3.47229
3.36524
3.00924
2.96024
3.39593
3.19962
3.04558
3.50201
3.69773
3.08776
2.816
3.45304
2.93999
3.0778
3.03958
3.41598
3.4822
3.17693
3.35643
3.1796
2.98327
3.05781
3.18991
4.06013
3.43721
3.31966
4.18621
2.65799
3.63993
3.97888
3.63638
3.09718
3.1433
3.09952
3.03998
3.16819
2.38883
2.996
3.12701
3.92713
3.97712
3.06712
3.25731
3.70503
3.45259
2.89998
2.86251
3.31662
3.84441
3.70671
3.15841
3.34886
3.16274
3.23637
3.35646
2.8742
3.0281
2.9071
2.77333
2.77995
3.28653
3.03097
2.95507
3.01304
2.9081
3.23629
2.95485
3.02558
2.81419
2.60041
2.57737
3.01834
2.8668
3.16071
2.47112
3.38062
2.95025
3.1403
2.81413
3.52662
3.69983
3.51991
3.22682
3.28848
3.83725
3.08285
3.18527
3.03157
3.13355
3.61877
3.55567
3.11015
3.17025
3.27809
2.86324
3.1703
3.5831
3.83624
