1.76058
2.77438
2.60558
2.03435
2.50503
2.66569
2.96325
2.93419
1.67451
2.95599
2.9451
3.28894
2.40259
2.82199
2.98124
2.38692
2.48939
3.14058
2.44366
2.91089
3.14857
2.99068
2.67321
3.23464
3.21077
3.80162
2.82615
3.17202
3.02831
3.15524
2.86859
3.56004
3.81792
3.80257
3.32761
2.48
2.55653
3.05801
2.35682
3.17205
3.1604
2.73553
3.506
3.42968
2.50935
2.83563
2.82768
2.94128
2.97342
2.57977
2.43873
2.51715
2.08655
3.07982
3.12092
3.36265
3.39503
2.36929
3.97739
3.42614
3.42261
3.97418
4.06448
3.11776
3.06559
2.75174
2.96851
3.28545
3.38387
3.9733
3.09309
3.25488
2.98517
3.26618
2.93958
3.19457
3.09528
2.84885
2.74916
2.7517
2.7523
3.00642
3.07524
3.35823
3.07947
2.91982
3.17594
3.31318
3.15704
3.03325
3.67613
3.34186
2.58993
3.99356
3.08954
2.99824
2.98608
3.57587
3.44434
3.55415
3.80686
3.50023
3.04635
2.83978
2.94419
3.83454
2.99906
3.11949
3.83711
3.1223
4.22105
4.69956
3.50406
2.72187
3.14941
2.73776
2.79915
3.24304
2.28545
3.33538
2.65845
3.85788
4.02708
2.93758
3.56002
3.68455
2.91826
3.27091
3.33163
3.79902
3.84964
3.877
3.64456
3.42381
3.13029
2.9305
3.72123
3.1181
3.33192
3.15115
3.08803
2.67852
3.11449
3.0056
2.99786
2.65843
3.03051
3.22739
3.19897
3.15691
3.3597
2.74563
3.0412
2.90458
2.98707
3.34395
3.12815
2.67326
2.91568
2.75432
2.74795
3.78293
3.64639
3.95408
3.36542
3.29199
3.6928
3.43211
3.09158
2.95209
2.89164
3.53961
2.79252
2.77863
3.74047
3.1132
3.252
2.71874
3.69831
4.00523
1.8356
2.65612
2.38965
2.26053
2.58453
2.47572
2.69469
2.98557
1.91883
2.99322
3.19241
3.33711
2.5457
2.7401
2.80801
2.67896
2.70924
3.142
2.37312
2.68409
2.77376
3.18439
2.66355
2.91366
3.28005
3.69012
2.97016
3.40293
3.32886
3.46364
3.19189
3.77429
3.17079
4.07496
3.04396
2.23256
2.52934
2.7897
2.26429
3.20257
3.18337
2.71118
3.28684
3.3822
2.70148
2.98239
2.83872
2.66932
2.60642
2.70302
2.57981
2.60394
2.38711
2.88378
3.12568
3.26865
3.70208
2.80621
3.53015
3.27642
3.55938
3.79769
4.01195
2.96738
3.37382
3.04037
3.37124
2.89347
3.76506
3.93303
2.98913
3.83652
2.94842
3.02666
2.90163
3.34467
3.22646
2.80077
3.16467
2.68364
2.77447
3.00346
2.93582
2.9964
3.10078
2.83662
3.13445
3.42487
2.90649
3.45305
3.90902
3.37263
2.48835
3.44908
2.73367
3.04011
2.73424
3.41429
3.05277
3.15262
3.44385
3.3555
2.98186
3.03501
3.21195
4.16035
2.97392
3.20071
3.99448
3.35998
3.58129
4.43377
3.55739
3.01225
3.04391
3.10872
2.54167
3.38434
2.31224
3.63647
2.54808
4.11483
3.84378
2.69921
3.38745
3.67845
3.39816
3.63018
3.24933
3.39013
3.86171
3.42396
3.27253
3.50458
3.24322
2.97672
3.24042
3.1168
3.24951
2.91981
3.04267
2.68407
2.95818
2.96319
2.75351
2.71056
3.54545
3.15596
3.32526
3.07739
3.37034
2.66264
3.27838
2.83529
3.31622
2.89301
3.01022
2.64509
2.86361
3.26892
2.96652
3.24131
3.78819
4.00127
2.83412
2.84866
3.3497
3.48975
3.29717
3.14559
2.91277
3.78526
2.96483
2.44308
3.45208
3.23896
3.29037
2.76532
3.77594
3.18426
