2.03198
2.78334
2.43794
2.30723
2.60127
2.80715
3.01959
2.96382
1.68014
3.08855
3.28685
3.25147
2.57533
3.18201
2.78365
2.76156
2.6952
3.12249
2.62336
2.77327
2.6963
3.16981
3.16282
3.13716
3.55969
3.41649
3.01433
2.81742
2.87949
3.26795
3.51543
3.4532
3.57492
3.60937
3.1634
2.56126
2.89572
3.00179
2.57319
3.07951
3.37197
2.54393
3.16156
3.37823
2.62098
2.77662
2.6052
2.52871
2.36016
2.92395
2.52397
2.47963
2.12373
3.05394
3.03939
3.30639
3.70913
2.90133
3.70425
3.32793
3.31008
3.55331
3.5968
2.90545
2.68328
3.04772
3.28061
3.00662
3.08918
3.39015
2.83843
2.60899
2.89595
3.16112
2.78964
3.1792
3.13083
3.02713
2.73645
3.15754
2.6253
2.72781
2.9143
2.84629
2.59569
2.73915
2.52434
3.02866
2.76847
2.83258
3.64933
3.21236
2.92247
3.57822
2.82021
3.04159
3.02461
3.25417
3.24787
3.25882
3.44199
3.2993
2.77581
3.13839
2.8335
4.06394
2.68146
3.48296
4.11931
2.57111
3.44035
4.36365
3.6113
3.31735
3.49874
2.90047
2.75238
2.44894
2.58245
2.83606
3.08518
3.51282
2.99984
2.90817
3.52693
2.98638
3.15371
2.99429
3.3177
3.50006
3.60106
3.62007
3.47753
3.27225
3.34683
2.89124
3.31124
3.26115
3.3306
3.0548
2.99672
2.50949
2.94697
2.98972
3.3928
3.00066
3.24914
2.93991
3.16715
3.0459
3.11272
2.74049
2.35675
2.67624
2.56996
2.63601
2.75324
2.84051
2.75076
2.72201
2.84476
3.40685
3.69389
3.65011
3.18659
3.39681
3.6479
3.45125
3.0622
2.85472
2.88211
3.40546
2.90433
3.42658
3.24611
2.88764
3.92252
2.57792
3.22339
3.68415
2.01866
2.5695
2.4478
2.26916
2.54364
2.62763
3.21898
3.03263
1.76891
2.94691
2.80702
3.18712
2.52791
2.93386
2.88478
2.50361
2.68106
3.1411
2.48032
2.71443
3.05215
2.93409
2.84472
3.022
3.16538
3.65991
2.74838
3.14935
2.80123
3.12503
3.50589
3.53774
2.99165
4.04655
3.1
2.64274
2.50281
2.99808
2.35022
3.14989
3.3032
2.56226
3.48508
3.26834
2.60921
2.6872
2.65774
2.37629
2.89874
2.63872
2.57794
2.61418
2.0857
3.06216
2.95643
3.25703
3.78553
2.97176
3.59963
3.52381
3.52036
3.16128
3.61958
2.89012
2.59716
3.25475
3.10931
3.08107
3.29197
3.21568
2.89143
2.69052
3.02429
3.23475
2.9537
3.14469
2.86644
3.09087
3.02206
3.25037
2.94615
2.85066
2.87099
2.84556
2.74066
2.975
2.73042
3.07252
2.8974
2.88229
3.31882
3.13948
2.70241
3.63561
2.69708
3.00715
3.30241
2.83137
2.7827
2.95185
2.72227
3.22536
2.94867
2.71564
2.97962
4.31539
3.1761
3.06773
3.52223
3.38178
3.66425
4.54591
3.46608
3.08489
3.28741
2.88248
2.85944
2.52408
2.32091
2.75245
3.14035
3.8925
3.59229
2.78449
2.96081
3.03222
3.49848
2.8531
3.11481
3.2439
3.67047
3.56803
3.57887
3.37339
3.32438
3.02626
3.66756
2.87254
2.89632
2.98312
2.57598
2.98012
3.09001
2.59135
2.90412
2.77267
3.17843
3.00216
2.89651
3.00222
3.18969
2.74538
3.12149
2.74811
3.36873
2.97451
2.70453
2.90075
2.8838
2.53521
3.05464
3.38858
3.84267
3.59294
2.29655
3.77567
3.43923
3.23664
3.06846
2.73743
2.67944
3.47953
3.11882
2.86121
3.2825
3.08664
3.5176
3.04975
3.46289
3.51127
