2.05938
2.70923
2.09309
2.29139
2.43565
2.74762
2.77082
2.81094
1.78465
3.04977
2.68719
2.80977
2.40657
2.85803
2.6241
2.54069
2.65388
2.94069
2.81711
2.76333
3.40757
2.81187
2.5853
2.87582
3.25395
3.49473
2.72058
2.78829
2.60765
3.00288
3.33452
4.16287
3.20561
3.67439
3.20281
2.39915
2.56978
3.12776
2.42992
3.05106
3.02207
2.64954
3.2274
3.15544
2.60618
2.48179
2.46753
2.34626
2.4926
2.49448
2.40659
2.31559
2.10643
2.82722
3.0683
3.11894
3.92184
2.80426
3.69319
3.14878
3.20605
3.46386
3.58008
3.08481
2.88878
3.53892
2.95522
3.11652
3.61583
3.50231
3.30514
3.40804
3.174
3.25057
3.21415
3.33946
3.05747
2.9666
3.20475
3.17326
2.94589
3.05657
2.99267
2.92068
2.92192
3.21055
3.31636
3.30224
2.95092
3.49886
3.41444
3.45415
2.91958
3.29685
2.62079
2.90666
3.1931
2.59339
2.97114
3.24052
3.38034
2.86357
2.61001
2.88083
2.77768
3.13569
3.05306
3.24524
3.60573
3.06708
3.54128
3.99752
3.00167
3.19195
3.10157
2.83974
2.63686
2.81061
1.97076
3.40335
2.65286
3.46878
3.78739
2.83798
3.161
2.76932
3.08039
3.13115
3.11496
3.44052
3.48547
3.73152
3.29433
3.28024
2.97675
3.07093
3.14298
3.05397
3.17528
3.04379
2.61388
2.59893
2.95724
2.73591
2.89859
2.81773
2.99119
3.14461
3.01501
2.99188
3.05022
2.43004
3.18628
3.37621
2.4568
3.45748
3.35511
2.53436
2.76275
3.13762
2.7843
2.82936
3.40563
3.64768
2.81208
2.90178
3.03924
3.06307
3.26281
2.91085
3.10303
3.63204
2.4797
2.60037
3.39008
3.30133
3.48487
2.57844
3.29317
3.38173
2.02608
2.91262
2.23879
2.32988
2.59038
2.62667
2.90081
2.72713
1.82758
2.79303
2.69874
3.13916
2.29046
3.17708
2.74453
2.34077
2.49872
3.35766
2.78283
3.01963
2.85064
2.63333
2.9509
2.84465
2.5285
3.24299
3.16175
2.93863
2.96865
3.1131
3.16332
3.90876
2.96937
3.73178
3.03218
2.46988
2.48845
2.76
2.36217
3.08889
3.20936
2.44407
3.19825
3.26451
2.95825
2.29186
2.43022
2.88666
2.39831
2.65277
2.28857
2.37192
2.08689
2.90472
3.07105
3.16713
3.7386
2.69245
3.29233
3.50508
3.64966
3.26485
3.41642
2.98954
3.10287
3.5427
3.16961
2.88792
3.68103
3.72152
3.21295
2.93732
2.97207
2.69469
3.02339
3.05865
3.3762
2.74109
3.03397
3.22298
2.71334
2.73882
2.83551
3.01174
2.76789
2.90492
3.34408
3.24159
2.6745
3.19982
3.48011
3.30284
2.84992
3.4345
2.54546
2.95236
2.71233
3.12209
3.09876
2.94393
3.35718
3.01958
2.391
2.73841
3.15093
4.174
2.97284
3.38501
3.70667
4.41153
3.66619
4.52466
2.7456
2.97976
3.01794
2.95662
2.42889
3.03918
2.23828
3.31282
2.681
3.48932
3.51276
2.79658
2.9597
3.36341
2.86763
2.88804
2.90945
3.4133
3.46785
3.45828
2.93637
3.12177
3.35417
3.20215
2.95498
3.07344
2.71054
2.51704
2.82605
2.60517
3.02467
2.53251
2.6119
2.66496
2.89659
3.11874
2.97335
2.9113
3.06744
2.99856
3.17311
3.1095
2.78612
2.9713
2.92705
2.90924
3.37194
3.06414
3.08481
3.46334
3.68631
3.35157
2.9335
3.85017
3.32778
3.34433
3.21358
3.04771
2.83791
3.72689
2.84842
2.6372
3.13697
2.74581
3.14419
2.46498
3.22116
3.43233
