1.88874
2.9687
2.49071
2.16751
2.46798
2.72262
2.96735
3.05595
1.93697
2.83686
3.32871
3.2919
2.72495
2.60424
2.94178
2.97773
2.9025
3.42485
2.66186
3.136
2.94233
3.06406
2.97596
3.35063
3.28619
3.59232
2.96695
2.67657
2.67429
3.12061
3.51663
4.09826
3.64992
3.86536
3.33816
2.5329
2.95641
3.47313
2.94484
3.35006
3.61334
2.63335
3.65049
3.41208
2.69837
2.55429
2.87696
2.7268
2.82551
3.0155
2.90675
2.80686
2.11883
3.17908
3.25232
3.39879
3.7225
2.1699
3.8576
3.46367
4.01077
3.80535
3.79729
3.44544
3.31383
3.50746
3.25858
3.22949
3.78634
3.63286
3.23859
3.39235
3.25406
3.16657
3.21302
3.58452
3.26406
3.21132
3.00371
3.20382
3.0011
3.12
3.17733
3.00359
2.81232
2.98068
3.27084
3.58081
3.82833
3.36709
3.46927
3.36952
2.77305
3.90121
2.72416
2.81128
3.27915
3.35962
3.12857
3.63863
3.50754
3.40868
3.07037
3.0404
3.26521
3.92263
3.81717
3.55088
3.97553
2.94887
3.56868
3.90862
3.39445
3.35044
3.33986
3.54256
2.94659
3.48238
1.88338
3.38547
2.56196
4.08322
3.44259
3.80469
4.00698
3.6229
3.13738
3.71476
3.31329
3.56803
3.8805
4.03316
3.62931
3.68481
3.32869
3.04152
3.40047
3.24804
3.22981
3.0336
2.97718
2.56145
3.29171
2.65189
3.04818
3.10211
3.29611
3.35787
3.07197
3.49039
3.42954
2.95597
3.21401
2.96138
3.50314
3.32993
2.89849
2.8347
2.98076
2.80406
3.00297
2.96589
3.62811
3.76502
3.10399
3.21167
4.04662
3.60818
3.13043
3.05193
3.25804
4.02873
3.3158
2.97594
4.13713
3.20629
4.0433
3.1682
3.61545
3.5744
1.77791
2.60453
2.74182
2.21449
2.60769
2.74276
3.1105
3.10328
1.985
3.2677
2.81961
3.33125
2.53231
3.47557
3.1044
2.82939
2.86513
3.43632
2.70426
2.59767
3.4021
2.77209
2.94879
3.21992
3.08019
3.56792
3.20183
3.82942
3.15144
3.39293
3.67015
3.96584
4.01477
3.39133
2.9217
2.68986
2.63523
2.91308
2.59321
3.45379
3.32796
2.68323
3.87552
3.19519
2.70579
2.61075
3.04108
2.56599
2.76271
2.92544
2.90575
2.79707
2.16586
3.13519
3.0667
3.41951
3.99201
3.20297
3.54233
3.72882
4.3181
4.2638
4.17431
3.46711
3.31719
3.16806
3.47645
3.18669
3.7861
3.37975
3.28675
3.41526
3.23792
3.58241
3.34112
3.33016
3.39131
3.0901
2.82295
3.09238
2.93741
3.35426
3.23579
3.14239
3.09698
3.19874
3.14866
3.33676
2.86706
3.35387
3.45386
3.31134
2.79009
3.66365
3.11293
3.18707
3.21114
2.82801
3.24429
3.6366
3.64341
3.49852
2.86892
3.2308
3.58878
4.39186
3.46827
3.61798
3.85361
3.06174
3.73144
4.0593
3.6474
2.98465
3.17657
3.15105
3.18326
3.30361
2.01396
2.90082
3.20162
3.85612
3.83583
3.16922
3.61604
3.77669
3.15832
3.44318
3.22369
3.23871
3.87989
3.94301
3.45681
3.64205
3.24793
3.55809
3.16124
3.136
3.36281
3.14883
2.84169
2.83382
3.10123
2.82456
3.31496
3.14257
3.08776
3.21077
3.55129
3.22298
3.37684
3.15923
3.09248
2.98653
3.50911
3.60873
2.9822
2.89305
2.47004
2.67416
3.4559
4.01731
3.29226
3.85192
3.65705
3.0554
4.00015
3.5098
3.36758
3.0454
3.01668
3.90483
3.04183
2.97381
4.13573
3.35753
3.76464
3.27289
3.99629
4.17408
