1.9573
3.18664
2.42701
2.38292
2.37568
2.70127
3.09963
3.14768
1.86645
2.9159
2.50675
3.28869
2.56749
2.70996
2.81879
2.30912
2.41658
3.44952
2.39433
2.85388
3.00331
3.29581
3.05629
3.12115
3.38302
3.63082
3.05985
3.29683
2.93635
3.15294
3.48558
3.47871
3.13593
3.74506
3.31755
2.27994
2.50048
2.91814
2.434
2.99871
3.09575
2.29195
3.07417
3.11067
2.87743
2.31015
2.58827
2.32519
2.17294
2.39001
2.73262
2.47924
2.22876
3.07553
3.20515
3.55641
3.40712
2.60965
2.74304
3.1716
3.59596
3.68488
3.62878
3.28422
3.16138
3.08183
3.25304
3.31227
3.36695
3.98736
3.2837
3.67056
3.1977
3.46518
3.54282
3.62064
3.82697
3.29639
2.97477
3.24796
2.84791
3.13576
3.46024
3.16861
3.30678
2.91716
3.30248
3.32677
2.98182
3.77606
3.76867
3.66196
3.03627
3.04044
2.73983
3.05605
3.15146
3.31563
3.72731
3.81692
3.6771
3.51624
3.46997
2.95312
3.36969
4.40123
3.09163
3.64074
3.98913
3.49537
3.28217
3.65172
3.41845
3.04801
3.02734
3.00327
2.72384
3.13469
2.06013
3.01473
2.84693
3.4962
3.13768
2.87474
3.42626
3.5735
2.8989
3.16542
3.12045
3.45542
3.6206
3.84848
3.43878
3.03943
3.38213
3.40284
3.70203
3.05954
2.98654
3.12273
3.48898
2.86317
3.14021
2.99076
2.7475
2.85086
3.49784
3.246
3.04948
3.36725
3.27903
2.507
2.93977
3.23069
2.98996
2.8832
3.09486
2.73127
3.02653
2.76784
3.17646
3.16885
3.68834
3.32203
3.33423
3.21636
4.01408
3.99753
3.16923
2.90757
3.13655
3.79277
2.92227
3.04034
3.34224
3.35827
3.33075
2.94991
3.41244
3.64952
1.92689
2.84442
2.49533
2.311
2.55274
2.71247
2.85083
2.92193
1.92291
2.9274
3.01885
3.31965
2.45051
3.51719
2.60421
2.53386
2.33936
3.20576
2.87144
3.05206
2.77981
2.89892
2.47361
3.24507
2.99999
3.79003
2.82363
2.8647
2.99573
3.73701
3.97355
3.94107
3.67726
3.71695
3.45242
2.4136
2.85891
3.3877
2.69574
3.44639
2.79229
2.62501
3.7528
3.88095
2.63467
2.70406
2.50846
2.66634
2.32755
2.43684
2.62174
2.50144
2.12121
3.07879
3.16271
3.25117
3.29401
2.89639
4.08733
3.24892
3.4809
3.88364
4.0267
3.49662
3.29012
3.35944
3.37996
3.08092
3.69409
3.3808
3.1108
3.48725
3.30589
3.09733
3.30784
3.03379
3.5575
3.33914
3.00346
3.2966
2.87428
3.05752
3.22874
3.43122
3.01411
3.07346
3.61557
3.32295
3.1161
3.49257
3.75202
3.33892
2.72972
3.28706
3.29996
3.29708
2.93781
3.38171
3.50299
3.34535
3.78906
3.82258
3.44613
3.0515
3.42235
4.41876
3.71351
3.5824
4.12709
3.46831
3.2823
4.07187
3.49517
3.18737
3.67304
2.74655
2.68202
3.28801
2.1888
2.59105
3.03554
3.98895
3.99427
2.89469
3.54004
3.08073
2.85132
3.3974
3.3474
2.91507
3.96351
3.97419
3.76343
3.52136
3.57943
3.32954
3.41684
3.09364
2.8526
2.80632
3.15061
2.99523
3.52165
3.17082
2.96852
3.01579
3.19258
3.10901
2.91496
3.17344
3.37057
2.59133
2.6646
3.11794
2.53972
2.60179
3.15611
2.83283
2.8101
2.63266
3.0304
3.35993
3.41556
3.34435
2.57588
2.88186
4.25747
3.56635
3.32268
3.32082
3.21707
3.6442
3.23735
2.91147
3.17408
3.31099
3.44782
3.26039
3.4807
4.17566
