1.96208
2.83341
2.42145
2.18097
2.46457
2.66599
3.34494
3.03462
1.77878
3.20319
3.36319
3.19985
2.16603
2.39242
2.78634
2.81932
2.80445
3.30815
2.62497
2.41905
2.80509
2.66565
2.65501
3.21968
3.48697
3.49244
2.803
3.09526
3.16242
3.15035
3.3412
3.67085
3.54007
3.26855
3.03376
2.3982
2.5777
2.98601
2.44365
3.10152
3.20982
2.56349
3.0962
3.38722
2.62605
2.49971
2.61771
2.36702
2.74441
2.66786
2.57495
2.45112
2.07699
3.13458
3.15526
3.02201
3.48398
2.12871
3.68958
3.42764
3.24079
3.28535
3.54917
3.36752
3.11868
3.13941
2.93573
3.19842
3.39007
3.39922
3.31064
3.3427
3.03029
3.2092
3.19014
3.19027
3.44934
2.99708
3.02554
3.15505
2.98002
3.07473
2.962
3.02996
3.2936
2.99749
3.29394
3.56871
3.1576
3.3359
3.67744
3.42139
2.62591
4.01332
2.57306
2.9842
3.01146
3.30943
3.55006
3.15854
3.79031
3.42802
2.44747
3.10172
3.44489
3.87153
3.03534
3.43543
3.56761
2.75969
3.86215
4.22229
3.77001
3.21762
3.62217
3.15224
2.7342
3.52721
2.55183
3.18238
2.78807
3.9879
4.26028
3.2077
3.37479
3.32621
2.7225
3.29825
3.0377
3.5464
3.85037
3.55358
3.43344
3.31053
2.94981
2.69269
3.15396
2.78685
3.03857
3.05893
2.84889
2.89941
3.07755
2.8256
2.88321
2.86646
3.32064
3.16898
3.19424
3.37027
3.35145
2.6947
3.14555
3.32546
2.54748
2.75433
2.78938
2.59359
2.46421
2.78781
2.86244
3.30595
3.29025
4.13628
3.33911
3.63301
3.3645
3.14824
3.04521
2.96739
3.00734
3.47759
2.75521
3.24408
3.56979
2.87721
3.63255
2.84948
3.4852
3.70097
1.9135
2.66739
2.0791
2.32802
2.48307
2.71829
2.48996
2.88979
1.81506
2.9603
2.62476
3.00069
2.48763
2.45051
3.00277
2.55914
2.7559
3.22678
2.70614
2.8712
3.25654
2.74411
3.03589
2.93465
3.29276
3.75889
3.08346
2.79709
3.00979
3.10547
3.13729
3.42273
3.38819
3.86093
3.02919
2.5604
2.75624
3.02348
2.49831
3.05158
3.46992
2.73476
3.75617
3.15512
3.11286
2.51482
2.75617
2.43964
2.81485
2.83715
2.44174
2.57815
2.04316
2.65503
3.25565
3.11533
3.60329
2.70664
3.28562
3.43406
3.58172
3.33948
3.98241
3.64676
3.23132
2.60864
2.99198
3.26212
3.6085
3.7539
3.33003
3.32784
2.95055
3.38575
2.97258
3.08313
3.58098
2.75213
3.11669
2.80238
2.79513
2.81367
2.82845
2.88663
2.95194
2.86752
2.94403
3.30884
3.3252
3.4549
3.29125
3.81664
2.60053
3.8365
2.64959
2.9922
3.20918
3.42183
3.04737
3.09217
3.71446
3.1827
3.01279
2.97872
3.16426
3.66933
3.24995
3.34663
3.54778
3.06495
3.70174
4.19185
3.12085
3.19854
3.27993
3.0935
3.14918
2.82236
2.14857
3.0152
2.74085
3.99308
3.67588
2.92599
3.09604
3.74286
3.00148
3.25505
2.91456
3.07987
3.83721
3.39956
3.33783
3.24094
3.23707
3.00244
3.32625
2.96178
2.94386
3.04094
2.99156
2.90099
3.31566
2.93308
2.97388
2.75799
2.93729
3.39737
3.31787
2.98186
3.11677
3.02216
3.28806
2.73565
2.66577
2.95171
3.12711
3.2004
2.77421
2.94682
2.86408
3.77561
3.81733
3.83803
3.10072
3.44552
3.60645
3.24415
3.07237
3.08602
2.64277
3.48591
2.86471
2.86047
3.30576
3.08749
3.19029
3.29071
3.53963
3.91632
