1.90664
3.00974
2.52285
2.33279
2.57762
2.7206
3.11344
3.0103
2.00623
3.03794
2.76749
3.35829
2.43595
2.37304
2.90974
2.74017
2.86721
3.30756
2.87438
3.28207
3.03532
2.76844
3.02692
3.31407
3.23995
3.68408
2.89045
2.94101
2.76945
2.99052
3.62862
3.64885
3.45931
3.86439
3.03897
2.42546
2.881
2.87343
2.40154
3.28727
3.23769
2.38551
3.51902
3.42571
2.73619
3.14754
2.65841
2.55695
2.73781
2.98544
2.68466
2.73769
2.09986
3.09968
3.02305
3.14291
3.88114
1.87589
3.96824
3.48892
3.57714
3.80288
4.05079
3.10089
3.12567
2.86222
3.26985
2.95904
3.68134
3.84505
3.30847
3.62351
3.19877
3.01525
3.41599
3.33417
3.5242
3.11028
3.02319
3.0835
2.59352
2.85419
2.91193
3.27047
3.16869
2.95058
3.1738
3.38329
2.90082
3.08318
3.8167
3.17496
2.71347
3.87775
2.77357
2.94506
3.32711
3.44466
3.26045
3.60113
3.53942
3.59063
2.87907
3.15881
3.30174
4.41615
3.55001
3.46091
3.5693
2.37726
3.80379
4.66233
3.65088
3.00255
3.2352
3.22891
2.8888
3.47294
1.99694
3.03941
2.19419
4.07355
3.29559
3.26049
3.51933
3.56008
3.02064
3.26624
3.22024
3.50435
3.6492
3.12063
3.00256
3.19734
3.22877
3.00974
2.8904
2.72628
3.2169
2.90964
3.13777
2.87096
3.38144
3.00853
2.90337
2.69494
3.37211
3.2588
3.08636
3.25157
3.26046
2.95716
3.00179
3.52444
2.70438
2.80817
3.35472
3.21939
2.86576
3.39882
2.82024
3.52466
3.5208
4.18126
3.419
3.6211
3.54798
3.42761
3.02968
2.97798
3.29274
3.55165
3.40344
3.30995
3.60656
3.34785
3.51093
3.49366
3.40948
3.63479
2.00134
2.73605
2.52667
2.37889
2.56148
2.89741
3.42172
3.07227
1.95303
2.97339
2.61397
2.77981
2.23742
2.52652
3.03677
2.35973
2.48082
3.09936
2.76972
2.36981
3.00295
2.84124
2.76221
2.94374
3.6178
3.56597
2.91679
3.59653
3.03968
3.12657
3.35918
3.90167
4.13296
3.53969
3.00966
2.47931
2.51148
3.00359
2.35484
3.66203
3.41621
2.28031
3.62538
3.29629
2.71436
2.73885
2.9175
2.38397
2.65036
2.91737
2.77846
2.82302
2.12709
3.27524
3.07862
3.47164
3.42572
2.85514
3.01315
3.42421
3.39471
3.72624
3.91641
2.90676
3.14243
2.95387
3.31831
3.03605
3.60912
4.20882
3.3119
3.62709
3.15885
3.00884
3.17165
3.21584
3.44705
2.98785
2.96456
3.22386
3.13449
2.80289
3.3774
3.4479
3.09943
3.18432
3.31456
3.28835
3.10505
3.05512
3.69518
3.17633
2.63375
3.42046
2.88837
3.02447
3.23946
3.52132
3.52381
3.54034
3.5954
3.28606
2.81855
2.61233
3.5651
3.60376
3.55207
3.37867
3.65186
3.29765
3.63151
4.12214
3.74836
3.37265
3.23677
3.05202
2.9994
3.47022
2.27014
3.04697
2.56569
4.06786
4.04842
3.13512
3.71775
3.85832
3.32128
3.56353
3.13242
3.25005
3.6177
3.66601
3.22889
3.01164
3.13178
2.95906
3.13756
3.13695
3.37279
3.16404
2.75969
2.73996
3.46676
3.12986
2.84073
2.78538
3.37341
3.02004
3.21189
2.99898
3.36452
2.29126
2.93005
3.08229
3.02604
3.0456
2.59268
2.9926
2.78721
3.02459
2.80897
3.26917
3.7479
4.0491
4.12415
3.41608
3.68367
3.1084
3.45709
2.89465
2.89053
3.9156
3.65687
2.66424
3.59012
3.26538
3.18352
3.23941
3.41884
2.86768
